Phi	Psi	maxSA	population
-180	-180	0	0
-180	-175	0	0
-180	-170	0	0
-180	-165	0	0
-180	-160	0	0
-180	-155	0	0
-180	-150	0	0
-180	-145	0	0
-180	-140	0	0
-180	-135	0	0
-180	-130	0	0
-180	-125	0	0
-180	-120	0	0
-180	-115	0	0
-180	-110	0	0
-180	-105	0	0
-180	-100	0	0
-180	-95	0	0
-180	-90	0	0
-180	-85	0	0
-180	-80	0	0
-180	-75	0	0
-180	-70	0	0
-180	-65	0	0
-180	-60	0	0
-180	-55	0	0
-180	-50	0	1
-180	-45	0	0
-180	-40	0	0
-180	-35	0	0
-180	-30	0	0
-180	-25	0	0
-180	-20	0	0
-180	-15	0	0
-180	-10	0	0
-180	-5	0	0
-180	0	0	0
-180	5	0	0
-180	10	0	0
-180	15	0	0
-180	20	0	0
-180	25	0	0
-180	30	0	0
-180	35	0	0
-180	40	0	0
-180	45	0	0
-180	50	0	0
-180	55	0	0
-180	60	0	0
-180	65	0	0
-180	70	0	0
-180	75	0	0
-180	80	0	0
-180	85	0	0
-180	90	0	0
-180	95	0	0
-180	100	0	0
-180	105	0	0
-180	110	0	0
-180	115	0	0
-180	120	0	0
-180	125	0	0
-180	130	0	0
-180	135	0	1
-180	140	0	1
-180	145	0	0
-180	150	0	0
-180	155	0	0
-180	160	0	1
-180	165	0	2
-180	170	0	0
-180	175	0	0
-175	-180	0	1
-175	-175	0	0
-175	-170	0	0
-175	-165	0	0
-175	-160	0	0
-175	-155	0	0
-175	-150	0	0
-175	-145	0	0
-175	-140	0	0
-175	-135	0	0
-175	-130	0	0
-175	-125	0	0
-175	-120	0	0
-175	-115	0	0
-175	-110	0	0
-175	-105	0	0
-175	-100	0	0
-175	-95	0	0
-175	-90	0	0
-175	-85	0	0
-175	-80	0	0
-175	-75	0	0
-175	-70	0	0
-175	-65	0	0
-175	-60	0	0
-175	-55	0	0
-175	-50	0	0
-175	-45	0	0
-175	-40	0	0
-175	-35	0	0
-175	-30	0	0
-175	-25	0	0
-175	-20	0	0
-175	-15	0	0
-175	-10	0	0
-175	-5	0	0
-175	0	0	0
-175	5	0	0
-175	10	0	0
-175	15	0	0
-175	20	0	0
-175	25	0	0
-175	30	0	0
-175	35	0	0
-175	40	0	0
-175	45	0	0
-175	50	0	0
-175	55	0	0
-175	60	0	0
-175	65	0	0
-175	70	0	0
-175	75	0	0
-175	80	0	1
-175	85	0	0
-175	90	0	0
-175	95	0	0
-175	100	0	0
-175	105	0	0
-175	110	0	2
-175	115	0	0
-175	120	0	0
-175	125	0	0
-175	130	0	0
-175	135	0	1
-175	140	0	1
-175	145	0	0
-175	150	0	1
-175	155	0	1
-175	160	0	3
-175	165	0	3
-175	170	0	2
-175	175	0	1
-170	-180	0	2
-170	-175	0	0
-170	-170	0	0
-170	-165	0	0
-170	-160	0	0
-170	-155	0	0
-170	-150	0	0
-170	-145	0	0
-170	-140	0	0
-170	-135	0	0
-170	-130	0	0
-170	-125	0	0
-170	-120	0	0
-170	-115	0	0
-170	-110	0	0
-170	-105	0	1
-170	-100	0	0
-170	-95	0	0
-170	-90	0	0
-170	-85	0	0
-170	-80	0	0
-170	-75	0	0
-170	-70	0	0
-170	-65	0	0
-170	-60	0	0
-170	-55	0	0
-170	-50	0	0
-170	-45	0	0
-170	-40	0	0
-170	-35	0	0
-170	-30	0	0
-170	-25	0	0
-170	-20	0	0
-170	-15	0	0
-170	-10	0	0
-170	-5	0	0
-170	0	0	0
-170	5	0	0
-170	10	0	0
-170	15	0	0
-170	20	0	0
-170	25	0	0
-170	30	0	1
-170	35	0	0
-170	40	0	0
-170	45	0	0
-170	50	0	0
-170	55	0	0
-170	60	0	0
-170	65	0	0
-170	70	0	0
-170	75	0	0
-170	80	0	0
-170	85	0	0
-170	90	0	0
-170	95	0	0
-170	100	0	1
-170	105	0	1
-170	110	0	0
-170	115	0	0
-170	120	0	0
-170	125	0	0
-170	130	0	0
-170	135	0	1
-170	140	0	2
-170	145	109.0	5
-170	150	0	4
-170	155	113.0	9
-170	160	0	4
-170	165	64.0	7
-170	170	0	1
-170	175	0	0
-165	-180	0	3
-165	-175	0	1
-165	-170	0	1
-165	-165	0	0
-165	-160	0	0
-165	-155	0	0
-165	-150	0	0
-165	-145	0	0
-165	-140	0	0
-165	-135	0	0
-165	-130	0	0
-165	-125	0	0
-165	-120	0	0
-165	-115	0	0
-165	-110	0	0
-165	-105	0	0
-165	-100	0	0
-165	-95	0	0
-165	-90	0	0
-165	-85	0	0
-165	-80	0	0
-165	-75	0	0
-165	-70	0	0
-165	-65	0	0
-165	-60	0	0
-165	-55	0	0
-165	-50	0	0
-165	-45	0	1
-165	-40	0	0
-165	-35	0	1
-165	-30	0	0
-165	-25	0	0
-165	-20	0	0
-165	-15	0	0
-165	-10	0	0
-165	-5	0	0
-165	0	0	1
-165	5	0	0
-165	10	0	0
-165	15	0	0
-165	20	0	0
-165	25	0	0
-165	30	0	0
-165	35	0	0
-165	40	0	0
-165	45	0	0
-165	50	0	0
-165	55	0	0
-165	60	0	0
-165	65	0	0
-165	70	0	0
-165	75	0	0
-165	80	0	1
-165	85	0	1
-165	90	0	1
-165	95	0	0
-165	100	0	1
-165	105	0	1
-165	110	0	0
-165	115	0	3
-165	120	0	2
-165	125	0	2
-165	130	0	4
-165	135	144.0	10
-165	140	105.0	13
-165	145	130.0	16
-165	150	133.0	13
-165	155	103.0	14
-165	160	131.0	21
-165	165	152.0	12
-165	170	137.0	5
-165	175	0	3
-160	-180	0	1
-160	-175	0	1
-160	-170	0	0
-160	-165	0	0
-160	-160	0	1
-160	-155	0	0
-160	-150	0	0
-160	-145	0	0
-160	-140	0	0
-160	-135	0	0
-160	-130	0	0
-160	-125	0	0
-160	-120	0	0
-160	-115	0	0
-160	-110	0	0
-160	-105	0	0
-160	-100	0	0
-160	-95	0	0
-160	-90	0	0
-160	-85	0	0
-160	-80	0	0
-160	-75	0	0
-160	-70	0	0
-160	-65	0	1
-160	-60	0	0
-160	-55	0	1
-160	-50	0	0
-160	-45	0	1
-160	-40	0	0
-160	-35	0	1
-160	-30	0	0
-160	-25	0	0
-160	-20	0	0
-160	-15	0	0
-160	-10	0	0
-160	-5	0	0
-160	0	0	0
-160	5	0	0
-160	10	0	0
-160	15	0	0
-160	20	0	0
-160	25	0	0
-160	30	0	1
-160	35	0	0
-160	40	0	0
-160	45	0	0
-160	50	0	0
-160	55	0	0
-160	60	0	0
-160	65	0	1
-160	70	0	0
-160	75	0	0
-160	80	0	0
-160	85	0	0
-160	90	0	0
-160	95	0	0
-160	100	0	0
-160	105	0	0
-160	110	0	2
-160	115	0	3
-160	120	0	2
-160	125	109.0	5
-160	130	108.0	10
-160	135	150.0	26
-160	140	154.0	18
-160	145	150.0	26
-160	150	164.0	22
-160	155	150.0	34
-160	160	142.0	40
-160	165	136.0	17
-160	170	0	4
-160	175	0	4
-155	-180	0	0
-155	-175	0	0
-155	-170	0	1
-155	-165	0	0
-155	-160	0	0
-155	-155	0	0
-155	-150	0	0
-155	-145	0	0
-155	-140	0	0
-155	-135	0	0
-155	-130	0	0
-155	-125	0	0
-155	-120	0	0
-155	-115	0	0
-155	-110	0	0
-155	-105	0	0
-155	-100	0	0
-155	-95	0	0
-155	-90	0	0
-155	-85	0	0
-155	-80	0	0
-155	-75	0	0
-155	-70	0	0
-155	-65	0	0
-155	-60	0	0
-155	-55	0	0
-155	-50	0	0
-155	-45	0	0
-155	-40	0	1
-155	-35	0	0
-155	-30	0	0
-155	-25	0	1
-155	-20	0	0
-155	-15	0	0
-155	-10	0	0
-155	-5	0	0
-155	0	0	0
-155	5	0	0
-155	10	0	0
-155	15	0	1
-155	20	0	0
-155	25	0	0
-155	30	0	1
-155	35	0	1
-155	40	0	0
-155	45	0	0
-155	50	0	0
-155	55	0	1
-155	60	0	0
-155	65	0	0
-155	70	0	0
-155	75	0	1
-155	80	0	2
-155	85	0	1
-155	90	0	2
-155	95	0	0
-155	100	0	1
-155	105	0	0
-155	110	0	3
-155	115	0	4
-155	120	102.0	7
-155	125	144.0	13
-155	130	134.0	26
-155	135	117.0	38
-155	140	162.0	32
-155	145	157.0	27
-155	150	158.0	46
-155	155	137.0	40
-155	160	151.0	30
-155	165	127.0	19
-155	170	98.0	9
-155	175	0	2
-150	-180	0	1
-150	-175	0	0
-150	-170	0	1
-150	-165	0	0
-150	-160	0	0
-150	-155	0	0
-150	-150	0	0
-150	-145	0	0
-150	-140	0	0
-150	-135	0	1
-150	-130	0	0
-150	-125	0	0
-150	-120	0	0
-150	-115	0	0
-150	-110	0	0
-150	-105	0	0
-150	-100	0	0
-150	-95	0	0
-150	-90	0	0
-150	-85	0	0
-150	-80	0	0
-150	-75	0	0
-150	-70	0	0
-150	-65	0	0
-150	-60	0	0
-150	-55	0	0
-150	-50	0	0
-150	-45	0	0
-150	-40	0	0
-150	-35	0	0
-150	-30	0	1
-150	-25	0	0
-150	-20	0	1
-150	-15	0	0
-150	-10	0	2
-150	-5	0	0
-150	0	0	1
-150	5	0	0
-150	10	0	0
-150	15	0	1
-150	20	0	0
-150	25	0	1
-150	30	0	0
-150	35	0	0
-150	40	0	0
-150	45	0	0
-150	50	0	0
-150	55	0	0
-150	60	0	3
-150	65	0	1
-150	70	0	2
-150	75	0	2
-150	80	0	2
-150	85	0	0
-150	90	0	2
-150	95	0	0
-150	100	0	4
-150	105	0	0
-150	110	149.0	5
-150	115	160.0	5
-150	120	134.0	10
-150	125	157.0	25
-150	130	131.0	29
-150	135	158.0	35
-150	140	147.0	40
-150	145	160.0	51
-150	150	176.0	45
-150	155	172.0	44
-150	160	163.0	32
-150	165	136.0	26
-150	170	136.0	15
-150	175	144.0	10
-145	-180	0	4
-145	-175	0	0
-145	-170	0	0
-145	-165	0	0
-145	-160	0	0
-145	-155	0	0
-145	-150	0	0
-145	-145	0	0
-145	-140	0	0
-145	-135	0	1
-145	-130	0	0
-145	-125	0	0
-145	-120	0	0
-145	-115	0	0
-145	-110	0	0
-145	-105	0	0
-145	-100	0	1
-145	-95	0	0
-145	-90	0	0
-145	-85	0	1
-145	-80	0	1
-145	-75	0	0
-145	-70	0	0
-145	-65	0	0
-145	-60	0	1
-145	-55	0	0
-145	-50	0	0
-145	-45	0	0
-145	-40	0	0
-145	-35	0	0
-145	-30	0	1
-145	-25	0	0
-145	-20	0	2
-145	-15	0	0
-145	-10	0	0
-145	-5	0	0
-145	0	0	2
-145	5	0	0
-145	10	0	0
-145	15	0	1
-145	20	0	1
-145	25	0	0
-145	30	0	1
-145	35	0	2
-145	40	0	1
-145	45	0	0
-145	50	0	1
-145	55	0	3
-145	60	0	0
-145	65	0	1
-145	70	0	1
-145	75	0	0
-145	80	0	3
-145	85	0	2
-145	90	0	3
-145	95	0	2
-145	100	0	1
-145	105	0	3
-145	110	154.0	7
-145	115	101.0	5
-145	120	146.0	14
-145	125	153.0	34
-145	130	188.0	39
-145	135	159.0	40
-145	140	168.0	55
-145	145	163.0	55
-145	150	166.0	53
-145	155	159.0	52
-145	160	163.0	35
-145	165	136.0	18
-145	170	113.0	10
-145	175	0	2
-140	-180	0	0
-140	-175	0	1
-140	-170	0	0
-140	-165	0	0
-140	-160	0	0
-140	-155	0	0
-140	-150	0	0
-140	-145	0	1
-140	-140	0	0
-140	-135	0	0
-140	-130	0	0
-140	-125	0	0
-140	-120	0	0
-140	-115	0	0
-140	-110	0	0
-140	-105	0	0
-140	-100	0	0
-140	-95	0	0
-140	-90	0	0
-140	-85	0	0
-140	-80	0	0
-140	-75	0	0
-140	-70	0	1
-140	-65	0	0
-140	-60	0	0
-140	-55	0	1
-140	-50	0	1
-140	-45	0	0
-140	-40	0	0
-140	-35	0	0
-140	-30	0	0
-140	-25	0	0
-140	-20	0	2
-140	-15	0	0
-140	-10	0	0
-140	-5	0	0
-140	0	0	0
-140	5	0	2
-140	10	0	2
-140	15	0	1
-140	20	0	0
-140	25	0	3
-140	30	0	0
-140	35	0	0
-140	40	0	2
-140	45	0	1
-140	50	0	4
-140	55	0	2
-140	60	117.0	5
-140	65	0	2
-140	70	89.0	5
-140	75	0	4
-140	80	185.0	5
-140	85	156.0	5
-140	90	0	2
-140	95	0	3
-140	100	105.0	5
-140	105	153.0	7
-140	110	185.0	11
-140	115	148.0	17
-140	120	150.0	20
-140	125	159.0	33
-140	130	148.0	56
-140	135	156.0	58
-140	140	147.0	53
-140	145	174.0	70
-140	150	180.0	71
-140	155	184.0	66
-140	160	146.0	42
-140	165	144.0	20
-140	170	145.0	8
-140	175	115.0	6
-135	-180	0	1
-135	-175	0	0
-135	-170	0	0
-135	-165	0	0
-135	-160	0	0
-135	-155	0	0
-135	-150	0	1
-135	-145	0	1
-135	-140	0	0
-135	-135	0	0
-135	-130	0	0
-135	-125	0	0
-135	-120	0	0
-135	-115	0	0
-135	-110	0	1
-135	-105	0	1
-135	-100	0	0
-135	-95	0	0
-135	-90	0	0
-135	-85	0	0
-135	-80	0	0
-135	-75	0	0
-135	-70	0	1
-135	-65	0	1
-135	-60	0	1
-135	-55	0	3
-135	-50	0	0
-135	-45	0	3
-135	-40	0	1
-135	-35	0	2
-135	-30	0	3
-135	-25	0	3
-135	-20	0	3
-135	-15	0	0
-135	-10	0	1
-135	-5	0	2
-135	0	0	2
-135	5	0	0
-135	10	0	2
-135	15	0	1
-135	20	0	2
-135	25	0	1
-135	30	0	4
-135	35	0	1
-135	40	0	2
-135	45	0	2
-135	50	0	0
-135	55	0	1
-135	60	0	4
-135	65	0	2
-135	70	0	4
-135	75	115.0	5
-135	80	0	2
-135	85	0	3
-135	90	0	2
-135	95	184.0	7
-135	100	0	3
-135	105	150.0	11
-135	110	159.0	16
-135	115	171.0	22
-135	120	144.0	27
-135	125	156.0	42
-135	130	144.0	53
-135	135	170.0	55
-135	140	172.0	73
-135	145	145.0	61
-135	150	148.0	62
-135	155	190.0	51
-135	160	153.0	27
-135	165	144.0	20
-135	170	162.0	8
-135	175	160.0	6
-130	-180	0	3
-130	-175	0	0
-130	-170	0	1
-130	-165	0	0
-130	-160	0	0
-130	-155	0	0
-130	-150	0	1
-130	-145	0	0
-130	-140	0	0
-130	-135	0	1
-130	-130	0	0
-130	-125	0	0
-130	-120	0	0
-130	-115	0	0
-130	-110	0	0
-130	-105	0	0
-130	-100	0	0
-130	-95	0	0
-130	-90	0	0
-130	-85	0	1
-130	-80	0	0
-130	-75	0	0
-130	-70	0	0
-130	-65	0	2
-130	-60	0	2
-130	-55	0	1
-130	-50	0	2
-130	-45	0	2
-130	-40	0	3
-130	-35	0	3
-130	-30	0	4
-130	-25	0	3
-130	-20	0	4
-130	-15	0	1
-130	-10	0	3
-130	-5	153.0	5
-130	0	120.0	5
-130	5	0	4
-130	10	0	4
-130	15	118.0	5
-130	20	175.0	5
-130	25	142.0	8
-130	30	0	1
-130	35	0	1
-130	40	0	3
-130	45	0	4
-130	50	0	1
-130	55	0	3
-130	60	0	4
-130	65	183.0	5
-130	70	145.0	6
-130	75	168.0	6
-130	80	132.0	6
-130	85	161.0	5
-130	90	0	3
-130	95	112.0	5
-130	100	0	3
-130	105	163.0	12
-130	110	129.0	14
-130	115	107.0	22
-130	120	163.0	31
-130	125	160.0	47
-130	130	198.0	50
-130	135	167.0	65
-130	140	173.0	75
-130	145	185.0	60
-130	150	152.0	48
-130	155	133.0	33
-130	160	129.0	14
-130	165	137.0	12
-130	170	100.0	7
-130	175	0	2
-125	-180	0	0
-125	-175	0	1
-125	-170	0	0
-125	-165	0	0
-125	-160	0	0
-125	-155	0	0
-125	-150	0	0
-125	-145	0	0
-125	-140	0	0
-125	-135	0	0
-125	-130	0	0
-125	-125	0	1
-125	-120	0	0
-125	-115	0	0
-125	-110	0	0
-125	-105	0	1
-125	-100	0	0
-125	-95	0	1
-125	-90	0	0
-125	-85	0	0
-125	-80	0	0
-125	-75	0	0
-125	-70	0	0
-125	-65	0	1
-125	-60	0	0
-125	-55	0	0
-125	-50	166.0	6
-125	-45	0	2
-125	-40	0	2
-125	-35	0	4
-125	-30	0	2
-125	-25	137.0	6
-125	-20	0	4
-125	-15	164.0	8
-125	-10	0	3
-125	-5	153.0	7
-125	0	161.0	11
-125	5	179.0	7
-125	10	167.0	13
-125	15	0	4
-125	20	0	4
-125	25	111.0	5
-125	30	0	4
-125	35	148.0	5
-125	40	131.0	5
-125	45	0	0
-125	50	0	4
-125	55	0	1
-125	60	0	2
-125	65	0	3
-125	70	0	4
-125	75	171.0	5
-125	80	161.0	10
-125	85	0	3
-125	90	183.0	8
-125	95	138.0	5
-125	100	155.0	8
-125	105	137.0	13
-125	110	164.0	21
-125	115	137.0	25
-125	120	148.0	31
-125	125	183.0	49
-125	130	184.0	74
-125	135	159.0	65
-125	140	139.0	51
-125	145	154.0	58
-125	150	161.0	48
-125	155	189.0	41
-125	160	136.0	19
-125	165	138.0	14
-125	170	154.0	9
-125	175	0	4
-120	-180	0	1
-120	-175	0	1
-120	-170	0	1
-120	-165	0	1
-120	-160	0	0
-120	-155	0	0
-120	-150	0	0
-120	-145	0	0
-120	-140	0	0
-120	-135	0	0
-120	-130	0	0
-120	-125	0	0
-120	-120	0	0
-120	-115	0	0
-120	-110	0	0
-120	-105	0	2
-120	-100	0	1
-120	-95	0	1
-120	-90	0	1
-120	-85	0	1
-120	-80	0	2
-120	-75	0	1
-120	-70	0	0
-120	-65	0	0
-120	-60	0	1
-120	-55	0	2
-120	-50	0	3
-120	-45	0	2
-120	-40	0	3
-120	-35	0	4
-120	-30	155.0	6
-120	-25	113.0	8
-120	-20	107.0	5
-120	-15	160.0	6
-120	-10	93.0	6
-120	-5	138.0	7
-120	0	166.0	9
-120	5	165.0	17
-120	10	152.0	9
-120	15	144.0	11
-120	20	133.0	9
-120	25	0	2
-120	30	0	3
-120	35	0	0
-120	40	0	2
-120	45	0	2
-120	50	0	0
-120	55	0	2
-120	60	0	1
-120	65	0	2
-120	70	0	4
-120	75	0	1
-120	80	160.0	5
-120	85	0	3
-120	90	142.0	10
-120	95	156.0	12
-120	100	148.0	6
-120	105	100.0	7
-120	110	164.0	15
-120	115	180.0	40
-120	120	184.0	46
-120	125	140.0	63
-120	130	197.0	60
-120	135	174.0	61
-120	140	154.0	60
-120	145	131.0	41
-120	150	164.0	48
-120	155	162.0	25
-120	160	177.0	21
-120	165	164.0	14
-120	170	127.0	8
-120	175	0	3
-115	-180	0	0
-115	-175	0	0
-115	-170	0	0
-115	-165	0	0
-115	-160	0	0
-115	-155	0	1
-115	-150	0	0
-115	-145	0	0
-115	-140	0	0
-115	-135	0	0
-115	-130	0	2
-115	-125	0	0
-115	-120	0	1
-115	-115	0	0
-115	-110	0	0
-115	-105	0	1
-115	-100	0	0
-115	-95	0	0
-115	-90	0	0
-115	-85	0	0
-115	-80	0	0
-115	-75	0	0
-115	-70	0	1
-115	-65	0	0
-115	-60	0	1
-115	-55	0	4
-115	-50	121.0	6
-115	-45	136.0	8
-115	-40	0	4
-115	-35	176.0	5
-115	-30	165.0	18
-115	-25	165.0	17
-115	-20	165.0	14
-115	-15	121.0	13
-115	-10	157.0	12
-115	-5	189.0	17
-115	0	154.0	15
-115	5	171.0	19
-115	10	178.0	10
-115	15	183.0	15
-115	20	150.0	6
-115	25	0	3
-115	30	0	0
-115	35	0	1
-115	40	0	2
-115	45	0	1
-115	50	0	1
-115	55	0	0
-115	60	0	1
-115	65	0	1
-115	70	0	2
-115	75	0	1
-115	80	0	0
-115	85	0	2
-115	90	0	4
-115	95	160.0	9
-115	100	129.0	8
-115	105	119.0	10
-115	110	169.0	19
-115	115	177.0	30
-115	120	171.0	56
-115	125	141.0	51
-115	130	140.0	46
-115	135	168.0	55
-115	140	159.0	40
-115	145	178.0	36
-115	150	147.0	33
-115	155	184.0	21
-115	160	143.0	15
-115	165	149.0	14
-115	170	153.0	6
-115	175	0	3
-110	-180	0	1
-110	-175	0	2
-110	-170	0	0
-110	-165	0	0
-110	-160	0	0
-110	-155	0	0
-110	-150	0	0
-110	-145	0	0
-110	-140	0	0
-110	-135	0	1
-110	-130	0	0
-110	-125	0	1
-110	-120	0	0
-110	-115	0	0
-110	-110	0	0
-110	-105	0	0
-110	-100	0	1
-110	-95	0	0
-110	-90	0	0
-110	-85	0	0
-110	-80	0	1
-110	-75	0	0
-110	-70	0	1
-110	-65	0	1
-110	-60	0	2
-110	-55	0	2
-110	-50	84.0	6
-110	-45	0	4
-110	-40	156.0	8
-110	-35	170.0	14
-110	-30	159.0	17
-110	-25	177.0	6
-110	-20	154.0	14
-110	-15	199.0	12
-110	-10	179.0	19
-110	-5	178.0	15
-110	0	198.0	27
-110	5	192.0	25
-110	10	172.0	19
-110	15	202.0	18
-110	20	137.0	9
-110	25	181.0	6
-110	30	92.0	5
-110	35	0	2
-110	40	0	0
-110	45	0	3
-110	50	0	0
-110	55	0	0
-110	60	0	0
-110	65	0	0
-110	70	0	0
-110	75	0	2
-110	80	0	1
-110	85	201.0	6
-110	90	0	3
-110	95	143.0	9
-110	100	118.0	8
-110	105	188.0	21
-110	110	176.0	20
-110	115	163.0	40
-110	120	156.0	43
-110	125	175.0	49
-110	130	183.0	57
-110	135	188.0	51
-110	140	135.0	43
-110	145	146.0	41
-110	150	138.0	28
-110	155	123.0	23
-110	160	154.0	15
-110	165	96.0	8
-110	170	128.0	5
-110	175	0	2
-105	-180	0	2
-105	-175	0	1
-105	-170	0	2
-105	-165	0	0
-105	-160	0	0
-105	-155	0	0
-105	-150	0	0
-105	-145	0	0
-105	-140	0	0
-105	-135	0	0
-105	-130	0	0
-105	-125	0	0
-105	-120	0	0
-105	-115	0	0
-105	-110	0	0
-105	-105	0	0
-105	-100	0	2
-105	-95	0	1
-105	-90	0	1
-105	-85	0	0
-105	-80	0	1
-105	-75	0	1
-105	-70	0	0
-105	-65	0	2
-105	-60	0	3
-105	-55	0	4
-105	-50	151.0	7
-105	-45	165.0	5
-105	-40	134.0	12
-105	-35	120.0	12
-105	-30	155.0	15
-105	-25	172.0	21
-105	-20	137.0	20
-105	-15	168.0	18
-105	-10	179.0	28
-105	-5	183.0	45
-105	0	193.0	38
-105	5	200.0	35
-105	10	184.0	42
-105	15	188.0	18
-105	20	168.0	13
-105	25	123.0	5
-105	30	0	1
-105	35	0	1
-105	40	0	0
-105	45	0	0
-105	50	0	1
-105	55	0	1
-105	60	0	0
-105	65	0	2
-105	70	0	3
-105	75	0	1
-105	80	0	1
-105	85	0	2
-105	90	190.0	5
-105	95	168.0	8
-105	100	156.0	10
-105	105	142.0	12
-105	110	180.0	32
-105	115	163.0	38
-105	120	189.0	53
-105	125	162.0	51
-105	130	144.0	67
-105	135	180.0	52
-105	140	169.0	34
-105	145	153.0	28
-105	150	192.0	28
-105	155	154.0	21
-105	160	132.0	13
-105	165	148.0	10
-105	170	179.0	6
-105	175	0	4
-100	-180	0	2
-100	-175	0	0
-100	-170	0	1
-100	-165	0	1
-100	-160	0	0
-100	-155	0	0
-100	-150	0	0
-100	-145	0	0
-100	-140	0	0
-100	-135	0	0
-100	-130	0	0
-100	-125	0	0
-100	-120	0	0
-100	-115	0	0
-100	-110	0	0
-100	-105	0	0
-100	-100	0	0
-100	-95	0	0
-100	-90	0	1
-100	-85	0	1
-100	-80	0	0
-100	-75	0	0
-100	-70	0	1
-100	-65	0	0
-100	-60	0	2
-100	-55	170.0	5
-100	-50	162.0	7
-100	-45	144.0	7
-100	-40	181.0	20
-100	-35	179.0	14
-100	-30	177.0	26
-100	-25	190.0	22
-100	-20	164.0	23
-100	-15	171.0	31
-100	-10	199.0	37
-100	-5	195.0	45
-100	0	191.0	69
-100	5	190.0	46
-100	10	184.0	24
-100	15	161.0	26
-100	20	167.0	6
-100	25	195.0	5
-100	30	0	2
-100	35	0	2
-100	40	0	0
-100	45	0	0
-100	50	0	2
-100	55	0	1
-100	60	0	1
-100	65	0	1
-100	70	0	0
-100	75	0	1
-100	80	0	2
-100	85	0	2
-100	90	134.0	6
-100	95	0	3
-100	100	142.0	13
-100	105	144.0	22
-100	110	191.0	34
-100	115	165.0	33
-100	120	172.0	45
-100	125	198.0	54
-100	130	189.0	53
-100	135	144.0	44
-100	140	172.0	39
-100	145	188.0	29
-100	150	157.0	31
-100	155	148.0	23
-100	160	157.0	14
-100	165	149.0	17
-100	170	139.0	10
-100	175	0	2
-95	-180	0	0
-95	-175	0	0
-95	-170	0	0
-95	-165	0	1
-95	-160	0	0
-95	-155	0	0
-95	-150	0	1
-95	-145	0	0
-95	-140	0	0
-95	-135	0	0
-95	-130	0	0
-95	-125	0	0
-95	-120	0	0
-95	-115	0	0
-95	-110	0	0
-95	-105	0	0
-95	-100	0	0
-95	-95	0	0
-95	-90	0	0
-95	-85	0	0
-95	-80	0	0
-95	-75	0	1
-95	-70	0	0
-95	-65	0	3
-95	-60	0	2
-95	-55	147.0	7
-95	-50	140.0	7
-95	-45	176.0	9
-95	-40	167.0	21
-95	-35	176.0	20
-95	-30	155.0	22
-95	-25	194.0	23
-95	-20	173.0	23
-95	-15	199.0	34
-95	-10	183.0	51
-95	-5	195.0	65
-95	0	179.0	80
-95	5	186.0	47
-95	10	174.0	18
-95	15	182.0	8
-95	20	173.0	6
-95	25	0	2
-95	30	0	1
-95	35	0	1
-95	40	0	1
-95	45	0	0
-95	50	0	0
-95	55	0	0
-95	60	0	3
-95	65	118.0	5
-95	70	182.0	7
-95	75	0	1
-95	80	0	2
-95	85	99.0	5
-95	90	132.0	8
-95	95	177.0	10
-95	100	138.0	12
-95	105	165.0	15
-95	110	163.0	27
-95	115	195.0	45
-95	120	182.0	46
-95	125	186.0	41
-95	130	183.0	57
-95	135	192.0	48
-95	140	196.0	44
-95	145	157.0	29
-95	150	186.0	30
-95	155	157.0	23
-95	160	166.0	15
-95	165	126.0	12
-95	170	145.0	6
-95	175	0	1
-90	-180	0	1
-90	-175	0	0
-90	-170	0	0
-90	-165	0	0
-90	-160	0	0
-90	-155	0	0
-90	-150	0	0
-90	-145	0	0
-90	-140	0	0
-90	-135	0	0
-90	-130	0	0
-90	-125	0	0
-90	-120	0	0
-90	-115	0	0
-90	-110	0	0
-90	-105	0	0
-90	-100	0	0
-90	-95	0	0
-90	-90	0	0
-90	-85	0	0
-90	-80	0	0
-90	-75	0	1
-90	-70	0	1
-90	-65	0	1
-90	-60	0	2
-90	-55	171.0	6
-90	-50	164.0	12
-90	-45	193.0	24
-90	-40	150.0	21
-90	-35	140.0	30
-90	-30	200.0	36
-90	-25	164.0	36
-90	-20	190.0	43
-90	-15	192.0	63
-90	-10	201.0	71
-90	-5	200.0	82
-90	0	190.0	68
-90	5	202.0	30
-90	10	164.0	7
-90	15	0	2
-90	20	0	2
-90	25	0	1
-90	30	0	0
-90	35	0	1
-90	40	0	1
-90	45	0	1
-90	50	0	4
-90	55	61.0	5
-90	60	161.0	6
-90	65	84.0	5
-90	70	163.0	8
-90	75	0	4
-90	80	205.0	7
-90	85	139.0	6
-90	90	161.0	7
-90	95	169.0	14
-90	100	156.0	11
-90	105	182.0	28
-90	110	172.0	31
-90	115	148.0	28
-90	120	159.0	38
-90	125	183.0	48
-90	130	161.0	52
-90	135	185.0	53
-90	140	172.0	36
-90	145	170.0	41
-90	150	146.0	35
-90	155	182.0	29
-90	160	175.0	19
-90	165	180.0	16
-90	170	0	4
-90	175	163.0	5
-85	-180	0	4
-85	-175	0	1
-85	-170	0	0
-85	-165	0	0
-85	-160	0	0
-85	-155	0	2
-85	-150	0	0
-85	-145	0	0
-85	-140	0	0
-85	-135	0	0
-85	-130	0	0
-85	-125	0	0
-85	-120	0	1
-85	-115	0	0
-85	-110	0	0
-85	-105	0	0
-85	-100	0	0
-85	-95	0	0
-85	-90	0	0
-85	-85	0	0
-85	-80	0	1
-85	-75	0	1
-85	-70	0	0
-85	-65	0	2
-85	-60	0	3
-85	-55	182.0	11
-85	-50	184.0	15
-85	-45	169.0	39
-85	-40	195.0	58
-85	-35	195.0	61
-85	-30	183.0	48
-85	-25	179.0	53
-85	-20	172.0	50
-85	-15	199.0	81
-85	-10	190.0	103
-85	-5	208.0	75
-85	0	207.0	60
-85	5	165.0	19
-85	10	0	3
-85	15	0	1
-85	20	0	0
-85	25	0	0
-85	30	0	0
-85	35	0	0
-85	40	0	0
-85	45	0	2
-85	50	0	1
-85	55	107.0	5
-85	60	0	4
-85	65	175.0	10
-85	70	0	4
-85	75	108.0	6
-85	80	193.0	6
-85	85	126.0	7
-85	90	0	4
-85	95	152.0	8
-85	100	170.0	14
-85	105	129.0	13
-85	110	143.0	17
-85	115	183.0	29
-85	120	146.0	41
-85	125	175.0	62
-85	130	185.0	50
-85	135	191.0	55
-85	140	159.0	49
-85	145	178.0	49
-85	150	164.0	42
-85	155	169.0	22
-85	160	191.0	27
-85	165	160.0	16
-85	170	142.0	8
-85	175	0	4
-80	-180	0	0
-80	-175	0	0
-80	-170	0	0
-80	-165	0	0
-80	-160	0	0
-80	-155	0	0
-80	-150	0	0
-80	-145	0	0
-80	-140	0	0
-80	-135	0	0
-80	-130	0	0
-80	-125	0	0
-80	-120	0	0
-80	-115	0	0
-80	-110	0	0
-80	-105	0	0
-80	-100	0	0
-80	-95	0	0
-80	-90	0	0
-80	-85	0	0
-80	-80	0	0
-80	-75	0	0
-80	-70	0	2
-80	-65	0	4
-80	-60	160.0	6
-80	-55	183.0	8
-80	-50	176.0	30
-80	-45	201.0	65
-80	-40	194.0	96
-80	-35	192.0	84
-80	-30	211.0	71
-80	-25	194.0	49
-80	-20	186.0	88
-80	-15	204.0	100
-80	-10	201.0	107
-80	-5	188.0	63
-80	0	180.0	30
-80	5	211.0	8
-80	10	192.0	7
-80	15	0	1
-80	20	0	1
-80	25	0	0
-80	30	0	0
-80	35	0	0
-80	40	0	0
-80	45	0	2
-80	50	0	0
-80	55	0	1
-80	60	185.0	6
-80	65	0	2
-80	70	0	1
-80	75	0	4
-80	80	0	1
-80	85	187.0	6
-80	90	191.0	5
-80	95	0	3
-80	100	0	3
-80	105	203.0	9
-80	110	200.0	19
-80	115	193.0	20
-80	120	191.0	42
-80	125	188.0	48
-80	130	194.0	58
-80	135	185.0	56
-80	140	194.0	57
-80	145	177.0	56
-80	150	186.0	59
-80	155	169.0	46
-80	160	174.0	23
-80	165	172.0	11
-80	170	186.0	12
-80	175	104.0	5
-75	-180	0	0
-75	-175	0	0
-75	-170	0	0
-75	-165	0	0
-75	-160	0	0
-75	-155	0	0
-75	-150	0	0
-75	-145	0	0
-75	-140	0	0
-75	-135	0	0
-75	-130	0	0
-75	-125	0	0
-75	-120	0	0
-75	-115	0	0
-75	-110	0	0
-75	-105	0	0
-75	-100	0	0
-75	-95	0	0
-75	-90	0	0
-75	-85	0	0
-75	-80	0	0
-75	-75	0	1
-75	-70	0	1
-75	-65	0	3
-75	-60	0	4
-75	-55	190.0	19
-75	-50	167.0	41
-75	-45	199.0	161
-75	-40	191.0	322
-75	-35	190.0	266
-75	-30	193.0	141
-75	-25	196.0	125
-75	-20	208.0	137
-75	-15	195.0	124
-75	-10	200.0	74
-75	-5	186.0	42
-75	0	189.0	10
-75	5	168.0	5
-75	10	0	0
-75	15	0	1
-75	20	0	1
-75	25	0	0
-75	30	0	0
-75	35	0	0
-75	40	0	1
-75	45	0	0
-75	50	0	0
-75	55	0	1
-75	60	0	0
-75	65	0	1
-75	70	0	2
-75	75	0	2
-75	80	0	3
-75	85	0	0
-75	90	0	0
-75	95	0	2
-75	100	0	3
-75	105	119.0	13
-75	110	121.0	7
-75	115	164.0	23
-75	120	188.0	35
-75	125	203.0	55
-75	130	185.0	68
-75	135	191.0	69
-75	140	191.0	79
-75	145	175.0	48
-75	150	191.0	54
-75	155	183.0	43
-75	160	186.0	32
-75	165	181.0	11
-75	170	105.0	5
-75	175	151.0	5
-70	-180	0	0
-70	-175	0	0
-70	-170	0	0
-70	-165	0	0
-70	-160	0	0
-70	-155	0	0
-70	-150	0	0
-70	-145	0	0
-70	-140	0	0
-70	-135	0	0
-70	-130	0	0
-70	-125	0	0
-70	-120	0	0
-70	-115	0	0
-70	-110	0	0
-70	-105	0	0
-70	-100	0	0
-70	-95	0	0
-70	-90	0	0
-70	-85	0	0
-70	-80	0	0
-70	-75	0	2
-70	-70	0	0
-70	-65	0	0
-70	-60	0	4
-70	-55	171.0	24
-70	-50	199.0	195
-70	-45	208.0	861
-70	-40	194.0	1219
-70	-35	205.0	678
-70	-30	199.0	284
-70	-25	206.0	249
-70	-20	209.0	232
-70	-15	196.0	205
-70	-10	204.0	76
-70	-5	169.0	17
-70	0	0	3
-70	5	0	1
-70	10	0	1
-70	15	0	1
-70	20	0	0
-70	25	0	0
-70	30	0	0
-70	35	0	0
-70	40	0	0
-70	45	0	0
-70	50	0	0
-70	55	0	0
-70	60	0	1
-70	65	0	0
-70	70	0	0
-70	75	0	0
-70	80	0	1
-70	85	0	0
-70	90	0	1
-70	95	0	0
-70	100	0	1
-70	105	0	0
-70	110	0	4
-70	115	189.0	12
-70	120	184.0	33
-70	125	175.0	52
-70	130	187.0	78
-70	135	196.0	77
-70	140	201.0	96
-70	145	201.0	72
-70	150	194.0	70
-70	155	169.0	61
-70	160	151.0	26
-70	165	142.0	9
-70	170	0	2
-70	175	0	0
-65	-180	0	0
-65	-175	0	0
-65	-170	0	0
-65	-165	0	0
-65	-160	0	0
-65	-155	0	0
-65	-150	0	0
-65	-145	0	0
-65	-140	0	0
-65	-135	0	0
-65	-130	0	0
-65	-125	0	0
-65	-120	0	0
-65	-115	0	0
-65	-110	0	0
-65	-105	0	0
-65	-100	0	0
-65	-95	0	0
-65	-90	0	0
-65	-85	0	1
-65	-80	0	1
-65	-75	0	0
-65	-70	0	1
-65	-65	0	1
-65	-60	164.0	8
-65	-55	171.0	67
-65	-50	195.0	598
-65	-45	197.0	2241
-65	-40	203.0	1850
-65	-35	202.0	767
-65	-30	203.0	348
-65	-25	199.0	281
-65	-20	200.0	222
-65	-15	210.0	77
-65	-10	182.0	20
-65	-5	0	4
-65	0	0	1
-65	5	0	0
-65	10	0	0
-65	15	0	1
-65	20	0	0
-65	25	0	0
-65	30	0	0
-65	35	0	0
-65	40	0	0
-65	45	0	0
-65	50	0	0
-65	55	0	1
-65	60	0	0
-65	65	0	0
-65	70	0	0
-65	75	0	0
-65	80	0	0
-65	85	0	0
-65	90	0	0
-65	95	0	2
-65	100	0	0
-65	105	0	1
-65	110	0	1
-65	115	176.0	13
-65	120	197.0	31
-65	125	190.0	54
-65	130	202.0	91
-65	135	193.0	127
-65	140	197.0	102
-65	145	189.0	81
-65	150	196.0	61
-65	155	165.0	31
-65	160	139.0	11
-65	165	0	4
-65	170	0	0
-65	175	0	0
-60	-180	0	0
-60	-175	0	0
-60	-170	0	0
-60	-165	0	0
-60	-160	0	0
-60	-155	0	0
-60	-150	0	0
-60	-145	0	0
-60	-140	0	0
-60	-135	0	0
-60	-130	0	0
-60	-125	0	0
-60	-120	0	0
-60	-115	0	0
-60	-110	0	0
-60	-105	0	0
-60	-100	0	0
-60	-95	0	0
-60	-90	0	0
-60	-85	0	0
-60	-80	0	0
-60	-75	0	0
-60	-70	0	1
-60	-65	0	1
-60	-60	180.0	15
-60	-55	172.0	89
-60	-50	204.0	756
-60	-45	203.0	1550
-60	-40	211.0	928
-60	-35	212.0	419
-60	-30	200.0	272
-60	-25	212.0	174
-60	-20	196.0	65
-60	-15	196.0	11
-60	-10	0	1
-60	-5	0	3
-60	0	0	0
-60	5	0	0
-60	10	0	0
-60	15	0	0
-60	20	0	0
-60	25	0	0
-60	30	0	0
-60	35	0	0
-60	40	0	0
-60	45	0	0
-60	50	0	0
-60	55	0	0
-60	60	0	0
-60	65	0	0
-60	70	0	0
-60	75	0	0
-60	80	0	0
-60	85	0	0
-60	90	0	0
-60	95	0	1
-60	100	0	1
-60	105	0	0
-60	110	0	1
-60	115	200.0	7
-60	120	195.0	25
-60	125	191.0	68
-60	130	203.0	101
-60	135	192.0	97
-60	140	199.0	79
-60	145	176.0	52
-60	150	174.0	35
-60	155	175.0	12
-60	160	0	4
-60	165	0	1
-60	170	0	0
-60	175	0	0
-55	-180	0	0
-55	-175	0	0
-55	-170	0	0
-55	-165	0	0
-55	-160	0	0
-55	-155	0	0
-55	-150	0	0
-55	-145	0	0
-55	-140	0	0
-55	-135	0	0
-55	-130	0	0
-55	-125	0	0
-55	-120	0	0
-55	-115	0	0
-55	-110	0	0
-55	-105	0	0
-55	-100	0	0
-55	-95	0	1
-55	-90	0	0
-55	-85	0	0
-55	-80	0	0
-55	-75	0	0
-55	-70	0	1
-55	-65	0	1
-55	-60	165.0	10
-55	-55	202.0	64
-55	-50	214.0	283
-55	-45	210.0	337
-55	-40	201.0	204
-55	-35	213.0	133
-55	-30	208.0	62
-55	-25	186.0	39
-55	-20	0	4
-55	-15	0	1
-55	-10	0	1
-55	-5	0	0
-55	0	0	0
-55	5	0	0
-55	10	0	0
-55	15	0	0
-55	20	0	0
-55	25	0	0
-55	30	0	0
-55	35	0	0
-55	40	0	0
-55	45	0	0
-55	50	0	0
-55	55	0	0
-55	60	0	0
-55	65	0	0
-55	70	0	0
-55	75	0	0
-55	80	0	0
-55	85	0	0
-55	90	0	0
-55	95	0	0
-55	100	0	0
-55	105	0	2
-55	110	0	1
-55	115	0	4
-55	120	202.0	17
-55	125	212.0	48
-55	130	202.0	75
-55	135	200.0	44
-55	140	183.0	39
-55	145	163.0	17
-55	150	186.0	9
-55	155	0	1
-55	160	0	1
-55	165	0	0
-55	170	0	0
-55	175	0	0
-50	-180	0	0
-50	-175	0	0
-50	-170	0	0
-50	-165	0	0
-50	-160	0	0
-50	-155	0	0
-50	-150	0	0
-50	-145	0	0
-50	-140	0	0
-50	-135	0	0
-50	-130	0	0
-50	-125	0	0
-50	-120	0	0
-50	-115	0	0
-50	-110	0	0
-50	-105	0	0
-50	-100	0	0
-50	-95	0	0
-50	-90	0	0
-50	-85	0	0
-50	-80	0	0
-50	-75	0	1
-50	-70	0	1
-50	-65	0	4
-50	-60	161.0	6
-50	-55	183.0	30
-50	-50	208.0	67
-50	-45	207.0	86
-50	-40	201.0	47
-50	-35	167.0	20
-50	-30	205.0	8
-50	-25	163.0	5
-50	-20	0	0
-50	-15	0	0
-50	-10	0	0
-50	-5	0	0
-50	0	0	0
-50	5	0	0
-50	10	0	0
-50	15	0	0
-50	20	0	0
-50	25	0	0
-50	30	0	0
-50	35	0	0
-50	40	0	0
-50	45	0	0
-50	50	0	0
-50	55	0	0
-50	60	0	0
-50	65	0	0
-50	70	0	0
-50	75	0	0
-50	80	0	0
-50	85	0	0
-50	90	0	0
-50	95	0	0
-50	100	0	0
-50	105	0	0
-50	110	0	3
-50	115	0	3
-50	120	174.0	16
-50	125	195.0	24
-50	130	202.0	37
-50	135	145.0	19
-50	140	146.0	7
-50	145	198.0	6
-50	150	0	1
-50	155	0	0
-50	160	0	0
-50	165	0	0
-50	170	0	0
-50	175	0	0
-45	-180	0	0
-45	-175	0	0
-45	-170	0	0
-45	-165	0	0
-45	-160	0	0
-45	-155	0	1
-45	-150	0	0
-45	-145	0	0
-45	-140	0	0
-45	-135	0	0
-45	-130	0	0
-45	-125	0	0
-45	-120	0	1
-45	-115	0	0
-45	-110	0	0
-45	-105	0	1
-45	-100	0	0
-45	-95	0	0
-45	-90	0	0
-45	-85	0	0
-45	-80	0	0
-45	-75	0	2
-45	-70	0	0
-45	-65	0	1
-45	-60	147.0	5
-45	-55	176.0	11
-45	-50	196.0	14
-45	-45	181.0	13
-45	-40	0	4
-45	-35	0	2
-45	-30	0	1
-45	-25	0	1
-45	-20	0	0
-45	-15	0	0
-45	-10	0	0
-45	-5	0	0
-45	0	0	0
-45	5	0	0
-45	10	0	0
-45	15	0	0
-45	20	0	0
-45	25	0	0
-45	30	0	0
-45	35	0	0
-45	40	0	0
-45	45	0	0
-45	50	0	0
-45	55	0	0
-45	60	0	0
-45	65	0	0
-45	70	0	0
-45	75	0	0
-45	80	0	0
-45	85	0	0
-45	90	0	0
-45	95	0	0
-45	100	0	0
-45	105	0	0
-45	110	0	0
-45	115	0	1
-45	120	0	4
-45	125	200.0	9
-45	130	175.0	5
-45	135	0	2
-45	140	0	1
-45	145	0	0
-45	150	0	0
-45	155	0	0
-45	160	0	0
-45	165	0	0
-45	170	0	0
-45	175	0	0
-40	-180	0	0
-40	-175	0	0
-40	-170	0	0
-40	-165	0	0
-40	-160	0	0
-40	-155	0	0
-40	-150	0	0
-40	-145	0	0
-40	-140	0	0
-40	-135	0	0
-40	-130	0	0
-40	-125	0	0
-40	-120	0	0
-40	-115	0	0
-40	-110	0	0
-40	-105	0	0
-40	-100	0	0
-40	-95	0	0
-40	-90	0	0
-40	-85	0	1
-40	-80	0	1
-40	-75	0	0
-40	-70	0	1
-40	-65	0	1
-40	-60	0	3
-40	-55	0	3
-40	-50	0	4
-40	-45	0	1
-40	-40	0	0
-40	-35	0	1
-40	-30	0	0
-40	-25	0	0
-40	-20	0	0
-40	-15	0	0
-40	-10	0	0
-40	-5	0	0
-40	0	0	0
-40	5	0	0
-40	10	0	0
-40	15	0	0
-40	20	0	0
-40	25	0	0
-40	30	0	0
-40	35	0	0
-40	40	0	0
-40	45	0	0
-40	50	0	0
-40	55	0	0
-40	60	0	0
-40	65	0	0
-40	70	0	0
-40	75	0	0
-40	80	0	0
-40	85	0	0
-40	90	0	0
-40	95	0	0
-40	100	0	1
-40	105	0	0
-40	110	0	1
-40	115	0	0
-40	120	0	3
-40	125	0	2
-40	130	0	3
-40	135	0	1
-40	140	0	1
-40	145	0	0
-40	150	0	0
-40	155	0	0
-40	160	0	0
-40	165	0	0
-40	170	0	0
-40	175	0	0
-35	-180	0	0
-35	-175	0	0
-35	-170	0	0
-35	-165	0	0
-35	-160	0	0
-35	-155	0	0
-35	-150	0	0
-35	-145	0	0
-35	-140	0	0
-35	-135	0	0
-35	-130	0	0
-35	-125	0	0
-35	-120	0	0
-35	-115	0	0
-35	-110	0	0
-35	-105	0	0
-35	-100	0	0
-35	-95	0	0
-35	-90	0	0
-35	-85	0	0
-35	-80	0	0
-35	-75	0	0
-35	-70	0	0
-35	-65	0	1
-35	-60	0	0
-35	-55	0	0
-35	-50	0	0
-35	-45	0	1
-35	-40	0	0
-35	-35	0	0
-35	-30	0	1
-35	-25	0	0
-35	-20	0	0
-35	-15	0	0
-35	-10	0	0
-35	-5	0	1
-35	0	0	0
-35	5	0	0
-35	10	0	0
-35	15	0	0
-35	20	0	0
-35	25	0	0
-35	30	0	0
-35	35	0	0
-35	40	0	0
-35	45	0	0
-35	50	0	0
-35	55	0	0
-35	60	0	0
-35	65	0	0
-35	70	0	0
-35	75	0	0
-35	80	0	0
-35	85	0	0
-35	90	0	0
-35	95	0	0
-35	100	0	0
-35	105	0	0
-35	110	0	0
-35	115	0	1
-35	120	0	1
-35	125	0	2
-35	130	0	0
-35	135	0	1
-35	140	0	1
-35	145	0	0
-35	150	0	0
-35	155	0	0
-35	160	0	0
-35	165	0	0
-35	170	0	0
-35	175	0	0
-30	-180	0	0
-30	-175	0	0
-30	-170	0	0
-30	-165	0	0
-30	-160	0	0
-30	-155	0	0
-30	-150	0	0
-30	-145	0	0
-30	-140	0	0
-30	-135	0	0
-30	-130	0	0
-30	-125	0	0
-30	-120	0	0
-30	-115	0	0
-30	-110	0	0
-30	-105	0	0
-30	-100	0	0
-30	-95	0	0
-30	-90	0	0
-30	-85	0	1
-30	-80	0	0
-30	-75	0	0
-30	-70	0	0
-30	-65	0	0
-30	-60	0	0
-30	-55	0	0
-30	-50	0	0
-30	-45	0	0
-30	-40	0	0
-30	-35	0	0
-30	-30	0	0
-30	-25	0	0
-30	-20	0	0
-30	-15	0	0
-30	-10	0	0
-30	-5	0	0
-30	0	0	0
-30	5	0	0
-30	10	0	0
-30	15	0	0
-30	20	0	0
-30	25	0	0
-30	30	0	0
-30	35	0	0
-30	40	0	0
-30	45	0	0
-30	50	0	0
-30	55	0	0
-30	60	0	0
-30	65	0	0
-30	70	0	0
-30	75	0	0
-30	80	0	0
-30	85	0	0
-30	90	0	0
-30	95	0	0
-30	100	0	0
-30	105	0	0
-30	110	0	0
-30	115	0	0
-30	120	0	0
-30	125	0	0
-30	130	0	0
-30	135	0	0
-30	140	0	0
-30	145	0	0
-30	150	0	0
-30	155	0	0
-30	160	0	0
-30	165	0	0
-30	170	0	0
-30	175	0	0
-25	-180	0	0
-25	-175	0	0
-25	-170	0	0
-25	-165	0	0
-25	-160	0	0
-25	-155	0	0
-25	-150	0	0
-25	-145	0	0
-25	-140	0	0
-25	-135	0	0
-25	-130	0	0
-25	-125	0	0
-25	-120	0	0
-25	-115	0	0
-25	-110	0	0
-25	-105	0	0
-25	-100	0	0
-25	-95	0	0
-25	-90	0	0
-25	-85	0	0
-25	-80	0	0
-25	-75	0	0
-25	-70	0	0
-25	-65	0	0
-25	-60	0	0
-25	-55	0	0
-25	-50	0	0
-25	-45	0	0
-25	-40	0	0
-25	-35	0	0
-25	-30	0	0
-25	-25	0	0
-25	-20	0	0
-25	-15	0	0
-25	-10	0	0
-25	-5	0	0
-25	0	0	0
-25	5	0	0
-25	10	0	0
-25	15	0	0
-25	20	0	0
-25	25	0	0
-25	30	0	0
-25	35	0	0
-25	40	0	0
-25	45	0	0
-25	50	0	0
-25	55	0	0
-25	60	0	0
-25	65	0	0
-25	70	0	0
-25	75	0	0
-25	80	0	0
-25	85	0	0
-25	90	0	0
-25	95	0	0
-25	100	0	0
-25	105	0	0
-25	110	0	0
-25	115	0	0
-25	120	0	0
-25	125	0	0
-25	130	0	0
-25	135	0	0
-25	140	0	0
-25	145	0	0
-25	150	0	0
-25	155	0	0
-25	160	0	0
-25	165	0	0
-25	170	0	0
-25	175	0	0
-20	-180	0	0
-20	-175	0	0
-20	-170	0	0
-20	-165	0	0
-20	-160	0	0
-20	-155	0	0
-20	-150	0	0
-20	-145	0	0
-20	-140	0	0
-20	-135	0	0
-20	-130	0	0
-20	-125	0	0
-20	-120	0	0
-20	-115	0	0
-20	-110	0	0
-20	-105	0	0
-20	-100	0	0
-20	-95	0	0
-20	-90	0	0
-20	-85	0	0
-20	-80	0	0
-20	-75	0	0
-20	-70	0	0
-20	-65	0	0
-20	-60	0	0
-20	-55	0	0
-20	-50	0	0
-20	-45	0	0
-20	-40	0	0
-20	-35	0	0
-20	-30	0	0
-20	-25	0	0
-20	-20	0	0
-20	-15	0	0
-20	-10	0	0
-20	-5	0	0
-20	0	0	0
-20	5	0	0
-20	10	0	0
-20	15	0	0
-20	20	0	0
-20	25	0	0
-20	30	0	0
-20	35	0	0
-20	40	0	0
-20	45	0	0
-20	50	0	0
-20	55	0	0
-20	60	0	0
-20	65	0	0
-20	70	0	0
-20	75	0	0
-20	80	0	0
-20	85	0	0
-20	90	0	0
-20	95	0	0
-20	100	0	1
-20	105	0	0
-20	110	0	0
-20	115	0	0
-20	120	0	0
-20	125	0	0
-20	130	0	0
-20	135	0	0
-20	140	0	0
-20	145	0	0
-20	150	0	0
-20	155	0	0
-20	160	0	0
-20	165	0	0
-20	170	0	0
-20	175	0	0
-15	-180	0	0
-15	-175	0	0
-15	-170	0	0
-15	-165	0	0
-15	-160	0	0
-15	-155	0	0
-15	-150	0	0
-15	-145	0	0
-15	-140	0	0
-15	-135	0	0
-15	-130	0	0
-15	-125	0	0
-15	-120	0	0
-15	-115	0	0
-15	-110	0	0
-15	-105	0	0
-15	-100	0	0
-15	-95	0	0
-15	-90	0	0
-15	-85	0	0
-15	-80	0	0
-15	-75	0	0
-15	-70	0	0
-15	-65	0	0
-15	-60	0	0
-15	-55	0	0
-15	-50	0	0
-15	-45	0	0
-15	-40	0	0
-15	-35	0	0
-15	-30	0	0
-15	-25	0	0
-15	-20	0	0
-15	-15	0	0
-15	-10	0	0
-15	-5	0	0
-15	0	0	0
-15	5	0	0
-15	10	0	0
-15	15	0	0
-15	20	0	0
-15	25	0	0
-15	30	0	0
-15	35	0	0
-15	40	0	0
-15	45	0	0
-15	50	0	0
-15	55	0	0
-15	60	0	0
-15	65	0	0
-15	70	0	0
-15	75	0	0
-15	80	0	0
-15	85	0	0
-15	90	0	0
-15	95	0	0
-15	100	0	0
-15	105	0	0
-15	110	0	0
-15	115	0	0
-15	120	0	0
-15	125	0	0
-15	130	0	0
-15	135	0	0
-15	140	0	0
-15	145	0	0
-15	150	0	0
-15	155	0	0
-15	160	0	0
-15	165	0	0
-15	170	0	0
-15	175	0	0
-10	-180	0	0
-10	-175	0	0
-10	-170	0	0
-10	-165	0	0
-10	-160	0	0
-10	-155	0	0
-10	-150	0	0
-10	-145	0	0
-10	-140	0	0
-10	-135	0	0
-10	-130	0	0
-10	-125	0	0
-10	-120	0	0
-10	-115	0	0
-10	-110	0	0
-10	-105	0	0
-10	-100	0	0
-10	-95	0	0
-10	-90	0	0
-10	-85	0	0
-10	-80	0	0
-10	-75	0	0
-10	-70	0	0
-10	-65	0	0
-10	-60	0	0
-10	-55	0	0
-10	-50	0	0
-10	-45	0	0
-10	-40	0	0
-10	-35	0	0
-10	-30	0	0
-10	-25	0	0
-10	-20	0	0
-10	-15	0	0
-10	-10	0	0
-10	-5	0	0
-10	0	0	0
-10	5	0	0
-10	10	0	0
-10	15	0	0
-10	20	0	0
-10	25	0	0
-10	30	0	0
-10	35	0	0
-10	40	0	0
-10	45	0	0
-10	50	0	0
-10	55	0	0
-10	60	0	0
-10	65	0	0
-10	70	0	0
-10	75	0	0
-10	80	0	0
-10	85	0	0
-10	90	0	0
-10	95	0	0
-10	100	0	0
-10	105	0	0
-10	110	0	0
-10	115	0	0
-10	120	0	0
-10	125	0	0
-10	130	0	0
-10	135	0	0
-10	140	0	0
-10	145	0	0
-10	150	0	0
-10	155	0	0
-10	160	0	0
-10	165	0	0
-10	170	0	0
-10	175	0	0
-5	-180	0	0
-5	-175	0	0
-5	-170	0	0
-5	-165	0	0
-5	-160	0	0
-5	-155	0	0
-5	-150	0	0
-5	-145	0	0
-5	-140	0	0
-5	-135	0	0
-5	-130	0	0
-5	-125	0	0
-5	-120	0	0
-5	-115	0	0
-5	-110	0	0
-5	-105	0	0
-5	-100	0	0
-5	-95	0	0
-5	-90	0	0
-5	-85	0	0
-5	-80	0	0
-5	-75	0	0
-5	-70	0	0
-5	-65	0	0
-5	-60	0	0
-5	-55	0	0
-5	-50	0	0
-5	-45	0	0
-5	-40	0	0
-5	-35	0	0
-5	-30	0	0
-5	-25	0	0
-5	-20	0	0
-5	-15	0	0
-5	-10	0	0
-5	-5	0	0
-5	0	0	0
-5	5	0	0
-5	10	0	0
-5	15	0	0
-5	20	0	0
-5	25	0	0
-5	30	0	0
-5	35	0	0
-5	40	0	0
-5	45	0	0
-5	50	0	0
-5	55	0	0
-5	60	0	0
-5	65	0	0
-5	70	0	0
-5	75	0	0
-5	80	0	0
-5	85	0	0
-5	90	0	0
-5	95	0	1
-5	100	0	0
-5	105	0	0
-5	110	0	0
-5	115	0	0
-5	120	0	0
-5	125	0	0
-5	130	0	0
-5	135	0	0
-5	140	0	0
-5	145	0	0
-5	150	0	0
-5	155	0	0
-5	160	0	0
-5	165	0	0
-5	170	0	0
-5	175	0	0
0	-180	0	0
0	-175	0	0
0	-170	0	0
0	-165	0	0
0	-160	0	0
0	-155	0	0
0	-150	0	0
0	-145	0	0
0	-140	0	0
0	-135	0	0
0	-130	0	0
0	-125	0	0
0	-120	0	0
0	-115	0	0
0	-110	0	0
0	-105	0	0
0	-100	0	0
0	-95	0	0
0	-90	0	0
0	-85	0	0
0	-80	0	0
0	-75	0	0
0	-70	0	0
0	-65	0	0
0	-60	0	0
0	-55	0	0
0	-50	0	0
0	-45	0	0
0	-40	0	0
0	-35	0	0
0	-30	0	0
0	-25	0	0
0	-20	0	0
0	-15	0	0
0	-10	0	0
0	-5	0	0
0	0	0	0
0	5	0	0
0	10	0	0
0	15	0	0
0	20	0	0
0	25	0	0
0	30	0	0
0	35	0	0
0	40	0	0
0	45	0	0
0	50	0	0
0	55	0	0
0	60	0	0
0	65	0	0
0	70	0	0
0	75	0	0
0	80	0	0
0	85	0	0
0	90	0	0
0	95	0	0
0	100	0	0
0	105	0	0
0	110	0	0
0	115	0	0
0	120	0	0
0	125	0	0
0	130	0	0
0	135	0	0
0	140	0	0
0	145	0	0
0	150	0	0
0	155	0	0
0	160	0	0
0	165	0	0
0	170	0	0
0	175	0	0
5	-180	0	0
5	-175	0	0
5	-170	0	0
5	-165	0	0
5	-160	0	0
5	-155	0	0
5	-150	0	0
5	-145	0	0
5	-140	0	0
5	-135	0	0
5	-130	0	0
5	-125	0	0
5	-120	0	0
5	-115	0	0
5	-110	0	0
5	-105	0	0
5	-100	0	0
5	-95	0	0
5	-90	0	0
5	-85	0	0
5	-80	0	0
5	-75	0	0
5	-70	0	0
5	-65	0	0
5	-60	0	0
5	-55	0	0
5	-50	0	0
5	-45	0	0
5	-40	0	0
5	-35	0	0
5	-30	0	0
5	-25	0	0
5	-20	0	0
5	-15	0	0
5	-10	0	0
5	-5	0	0
5	0	0	0
5	5	0	0
5	10	0	0
5	15	0	0
5	20	0	0
5	25	0	0
5	30	0	0
5	35	0	0
5	40	0	0
5	45	0	0
5	50	0	0
5	55	0	0
5	60	0	0
5	65	0	0
5	70	0	0
5	75	0	0
5	80	0	0
5	85	0	0
5	90	0	0
5	95	0	0
5	100	0	0
5	105	0	0
5	110	0	0
5	115	0	0
5	120	0	0
5	125	0	0
5	130	0	0
5	135	0	0
5	140	0	0
5	145	0	0
5	150	0	0
5	155	0	0
5	160	0	0
5	165	0	0
5	170	0	0
5	175	0	0
10	-180	0	0
10	-175	0	0
10	-170	0	0
10	-165	0	0
10	-160	0	0
10	-155	0	0
10	-150	0	0
10	-145	0	0
10	-140	0	0
10	-135	0	0
10	-130	0	0
10	-125	0	0
10	-120	0	0
10	-115	0	0
10	-110	0	0
10	-105	0	0
10	-100	0	0
10	-95	0	0
10	-90	0	0
10	-85	0	0
10	-80	0	0
10	-75	0	0
10	-70	0	0
10	-65	0	0
10	-60	0	0
10	-55	0	0
10	-50	0	0
10	-45	0	0
10	-40	0	0
10	-35	0	0
10	-30	0	0
10	-25	0	0
10	-20	0	0
10	-15	0	0
10	-10	0	0
10	-5	0	0
10	0	0	0
10	5	0	0
10	10	0	0
10	15	0	0
10	20	0	0
10	25	0	0
10	30	0	0
10	35	0	0
10	40	0	0
10	45	0	0
10	50	0	0
10	55	0	0
10	60	0	0
10	65	0	0
10	70	0	0
10	75	0	0
10	80	0	0
10	85	0	0
10	90	0	0
10	95	0	0
10	100	0	0
10	105	0	0
10	110	0	0
10	115	0	0
10	120	0	0
10	125	0	0
10	130	0	0
10	135	0	0
10	140	0	0
10	145	0	0
10	150	0	0
10	155	0	0
10	160	0	0
10	165	0	0
10	170	0	0
10	175	0	0
15	-180	0	0
15	-175	0	0
15	-170	0	0
15	-165	0	0
15	-160	0	0
15	-155	0	0
15	-150	0	0
15	-145	0	0
15	-140	0	0
15	-135	0	0
15	-130	0	0
15	-125	0	0
15	-120	0	0
15	-115	0	0
15	-110	0	0
15	-105	0	0
15	-100	0	0
15	-95	0	0
15	-90	0	0
15	-85	0	0
15	-80	0	0
15	-75	0	0
15	-70	0	0
15	-65	0	0
15	-60	0	0
15	-55	0	0
15	-50	0	0
15	-45	0	0
15	-40	0	0
15	-35	0	0
15	-30	0	0
15	-25	0	0
15	-20	0	0
15	-15	0	0
15	-10	0	0
15	-5	0	0
15	0	0	0
15	5	0	0
15	10	0	0
15	15	0	0
15	20	0	0
15	25	0	0
15	30	0	0
15	35	0	0
15	40	0	0
15	45	0	0
15	50	0	0
15	55	0	0
15	60	0	0
15	65	0	0
15	70	0	0
15	75	0	0
15	80	0	0
15	85	0	0
15	90	0	0
15	95	0	0
15	100	0	0
15	105	0	0
15	110	0	0
15	115	0	0
15	120	0	0
15	125	0	0
15	130	0	0
15	135	0	0
15	140	0	0
15	145	0	0
15	150	0	0
15	155	0	0
15	160	0	0
15	165	0	0
15	170	0	0
15	175	0	0
20	-180	0	0
20	-175	0	0
20	-170	0	0
20	-165	0	0
20	-160	0	0
20	-155	0	0
20	-150	0	0
20	-145	0	0
20	-140	0	0
20	-135	0	0
20	-130	0	0
20	-125	0	0
20	-120	0	0
20	-115	0	0
20	-110	0	0
20	-105	0	0
20	-100	0	0
20	-95	0	0
20	-90	0	0
20	-85	0	0
20	-80	0	0
20	-75	0	0
20	-70	0	0
20	-65	0	0
20	-60	0	0
20	-55	0	0
20	-50	0	0
20	-45	0	0
20	-40	0	0
20	-35	0	0
20	-30	0	0
20	-25	0	0
20	-20	0	0
20	-15	0	0
20	-10	0	0
20	-5	0	0
20	0	0	0
20	5	0	0
20	10	0	0
20	15	0	0
20	20	0	0
20	25	0	0
20	30	0	0
20	35	0	0
20	40	0	0
20	45	0	0
20	50	0	0
20	55	0	0
20	60	0	0
20	65	0	0
20	70	0	0
20	75	0	0
20	80	0	0
20	85	0	0
20	90	0	0
20	95	0	0
20	100	0	0
20	105	0	0
20	110	0	0
20	115	0	0
20	120	0	0
20	125	0	0
20	130	0	0
20	135	0	0
20	140	0	0
20	145	0	0
20	150	0	0
20	155	0	0
20	160	0	0
20	165	0	0
20	170	0	0
20	175	0	0
25	-180	0	0
25	-175	0	0
25	-170	0	0
25	-165	0	0
25	-160	0	0
25	-155	0	0
25	-150	0	0
25	-145	0	0
25	-140	0	0
25	-135	0	0
25	-130	0	0
25	-125	0	0
25	-120	0	0
25	-115	0	0
25	-110	0	0
25	-105	0	0
25	-100	0	0
25	-95	0	0
25	-90	0	0
25	-85	0	0
25	-80	0	0
25	-75	0	0
25	-70	0	0
25	-65	0	0
25	-60	0	0
25	-55	0	0
25	-50	0	0
25	-45	0	0
25	-40	0	0
25	-35	0	0
25	-30	0	0
25	-25	0	0
25	-20	0	0
25	-15	0	0
25	-10	0	0
25	-5	0	0
25	0	0	0
25	5	0	0
25	10	0	0
25	15	0	0
25	20	0	0
25	25	0	0
25	30	0	0
25	35	0	0
25	40	0	0
25	45	0	0
25	50	0	0
25	55	0	0
25	60	0	0
25	65	0	1
25	70	0	0
25	75	0	0
25	80	0	0
25	85	0	0
25	90	0	0
25	95	0	0
25	100	0	0
25	105	0	0
25	110	0	0
25	115	0	0
25	120	0	0
25	125	0	0
25	130	0	0
25	135	0	0
25	140	0	0
25	145	0	0
25	150	0	0
25	155	0	0
25	160	0	0
25	165	0	0
25	170	0	0
25	175	0	0
30	-180	0	0
30	-175	0	0
30	-170	0	0
30	-165	0	0
30	-160	0	0
30	-155	0	0
30	-150	0	0
30	-145	0	0
30	-140	0	0
30	-135	0	0
30	-130	0	0
30	-125	0	0
30	-120	0	0
30	-115	0	0
30	-110	0	0
30	-105	0	0
30	-100	0	0
30	-95	0	0
30	-90	0	0
30	-85	0	0
30	-80	0	0
30	-75	0	0
30	-70	0	0
30	-65	0	0
30	-60	0	0
30	-55	0	0
30	-50	0	0
30	-45	0	0
30	-40	0	0
30	-35	0	0
30	-30	0	0
30	-25	0	0
30	-20	0	0
30	-15	0	0
30	-10	0	0
30	-5	0	0
30	0	0	0
30	5	0	0
30	10	0	1
30	15	0	0
30	20	0	0
30	25	0	0
30	30	0	0
30	35	0	0
30	40	0	0
30	45	0	0
30	50	0	1
30	55	0	1
30	60	0	2
30	65	0	0
30	70	0	0
30	75	0	1
30	80	0	0
30	85	0	0
30	90	0	0
30	95	0	0
30	100	0	0
30	105	0	0
30	110	0	0
30	115	0	0
30	120	0	0
30	125	0	0
30	130	0	0
30	135	0	0
30	140	0	0
30	145	0	0
30	150	0	0
30	155	0	0
30	160	0	0
30	165	0	0
30	170	0	0
30	175	0	0
35	-180	0	0
35	-175	0	0
35	-170	0	0
35	-165	0	0
35	-160	0	0
35	-155	0	0
35	-150	0	0
35	-145	0	0
35	-140	0	0
35	-135	0	0
35	-130	0	0
35	-125	0	2
35	-120	0	0
35	-115	0	0
35	-110	0	0
35	-105	0	0
35	-100	0	0
35	-95	0	0
35	-90	0	0
35	-85	0	0
35	-80	0	0
35	-75	0	0
35	-70	0	0
35	-65	0	0
35	-60	0	0
35	-55	0	0
35	-50	0	0
35	-45	0	0
35	-40	0	0
35	-35	0	0
35	-30	0	0
35	-25	0	0
35	-20	0	0
35	-15	0	0
35	-10	0	0
35	-5	0	0
35	0	0	0
35	5	0	0
35	10	0	0
35	15	0	0
35	20	0	0
35	25	0	0
35	30	0	0
35	35	0	1
35	40	0	0
35	45	0	0
35	50	0	2
35	55	0	3
35	60	0	1
35	65	0	1
35	70	0	0
35	75	0	0
35	80	0	0
35	85	0	0
35	90	0	1
35	95	0	0
35	100	0	0
35	105	0	0
35	110	0	0
35	115	0	0
35	120	0	0
35	125	0	0
35	130	0	0
35	135	0	0
35	140	0	0
35	145	0	0
35	150	0	0
35	155	0	0
35	160	0	0
35	165	0	0
35	170	0	0
35	175	0	0
40	-180	0	0
40	-175	0	0
40	-170	0	1
40	-165	0	0
40	-160	0	0
40	-155	0	0
40	-150	0	0
40	-145	0	0
40	-140	0	0
40	-135	0	1
40	-130	0	0
40	-125	0	0
40	-120	0	0
40	-115	0	0
40	-110	0	0
40	-105	0	0
40	-100	0	0
40	-95	0	0
40	-90	0	0
40	-85	0	0
40	-80	0	0
40	-75	0	0
40	-70	0	0
40	-65	0	0
40	-60	0	0
40	-55	0	0
40	-50	0	0
40	-45	0	0
40	-40	0	0
40	-35	0	0
40	-30	0	0
40	-25	0	0
40	-20	0	0
40	-15	0	0
40	-10	0	0
40	-5	0	0
40	0	0	0
40	5	0	0
40	10	0	0
40	15	0	0
40	20	0	0
40	25	0	0
40	30	0	1
40	35	0	1
40	40	0	2
40	45	0	3
40	50	165.0	8
40	55	175.0	7
40	60	116.0	6
40	65	0	2
40	70	0	0
40	75	0	0
40	80	0	0
40	85	0	0
40	90	0	0
40	95	0	0
40	100	0	0
40	105	0	0
40	110	0	0
40	115	0	0
40	120	0	0
40	125	0	0
40	130	0	0
40	135	0	0
40	140	0	0
40	145	0	0
40	150	0	0
40	155	0	0
40	160	0	0
40	165	0	0
40	170	0	0
40	175	0	0
45	-180	0	0
45	-175	0	0
45	-170	0	0
45	-165	0	0
45	-160	0	0
45	-155	0	0
45	-150	0	0
45	-145	0	0
45	-140	0	0
45	-135	0	1
45	-130	0	1
45	-125	0	2
45	-120	0	2
45	-115	0	0
45	-110	0	0
45	-105	0	0
45	-100	0	0
45	-95	0	0
45	-90	0	1
45	-85	0	0
45	-80	0	0
45	-75	0	0
45	-70	0	0
45	-65	0	0
45	-60	0	0
45	-55	0	0
45	-50	0	0
45	-45	0	0
45	-40	0	0
45	-35	0	0
45	-30	0	0
45	-25	0	0
45	-20	0	0
45	-15	0	0
45	-10	0	0
45	-5	0	0
45	0	0	0
45	5	0	0
45	10	0	0
45	15	0	0
45	20	0	1
45	25	0	0
45	30	0	3
45	35	0	4
45	40	159.0	17
45	45	187.0	14
45	50	185.0	20
45	55	180.0	10
45	60	0	4
45	65	0	1
45	70	0	0
45	75	0	0
45	80	0	0
45	85	0	0
45	90	0	0
45	95	0	0
45	100	0	0
45	105	0	0
45	110	0	1
45	115	0	0
45	120	0	0
45	125	0	0
45	130	0	0
45	135	0	0
45	140	0	0
45	145	0	0
45	150	0	0
45	155	0	0
45	160	0	0
45	165	0	0
45	170	0	0
45	175	0	0
50	-180	0	0
50	-175	0	0
50	-170	0	0
50	-165	0	0
50	-160	0	0
50	-155	0	0
50	-150	0	0
50	-145	0	0
50	-140	0	1
50	-135	0	3
50	-130	0	4
50	-125	0	2
50	-120	0	1
50	-115	0	1
50	-110	0	0
50	-105	0	1
50	-100	0	0
50	-95	0	0
50	-90	0	0
50	-85	0	0
50	-80	0	0
50	-75	0	0
50	-70	0	0
50	-65	0	0
50	-60	0	0
50	-55	0	0
50	-50	0	0
50	-45	0	0
50	-40	0	0
50	-35	0	0
50	-30	0	0
50	-25	0	0
50	-20	0	0
50	-15	0	0
50	-10	0	0
50	-5	0	0
50	0	0	0
50	5	0	0
50	10	0	0
50	15	0	0
50	20	0	3
50	25	0	2
50	30	182.0	14
50	35	195.0	32
50	40	193.0	38
50	45	200.0	27
50	50	100.0	12
50	55	177.0	14
50	60	183.0	8
50	65	0	3
50	70	0	0
50	75	0	0
50	80	0	0
50	85	0	0
50	90	0	0
50	95	0	0
50	100	0	0
50	105	0	0
50	110	0	0
50	115	0	0
50	120	0	0
50	125	0	0
50	130	0	0
50	135	0	0
50	140	0	0
50	145	0	0
50	150	0	0
50	155	0	0
50	160	0	0
50	165	0	0
50	170	0	0
50	175	0	0
55	-180	0	0
55	-175	0	0
55	-170	0	0
55	-165	0	1
55	-160	0	0
55	-155	0	0
55	-150	0	0
55	-145	0	0
55	-140	0	0
55	-135	0	1
55	-130	0	2
55	-125	0	3
55	-120	0	1
55	-115	0	2
55	-110	0	0
55	-105	0	1
55	-100	0	0
55	-95	0	0
55	-90	0	0
55	-85	0	0
55	-80	0	0
55	-75	0	0
55	-70	0	0
55	-65	0	0
55	-60	0	0
55	-55	0	0
55	-50	0	0
55	-45	0	0
55	-40	0	0
55	-35	0	0
55	-30	0	0
55	-25	0	0
55	-20	0	0
55	-15	0	0
55	-10	0	0
55	-5	0	0
55	0	0	1
55	5	0	0
55	10	0	0
55	15	171.0	5
55	20	166.0	13
55	25	172.0	17
55	30	186.0	22
55	35	186.0	20
55	40	185.0	20
55	45	184.0	21
55	50	148.0	6
55	55	0	1
55	60	0	4
55	65	0	1
55	70	0	0
55	75	0	0
55	80	0	0
55	85	0	0
55	90	0	0
55	95	0	0
55	100	0	0
55	105	0	0
55	110	0	0
55	115	0	0
55	120	0	0
55	125	0	0
55	130	0	0
55	135	0	0
55	140	0	0
55	145	0	0
55	150	0	0
55	155	0	0
55	160	0	0
55	165	0	0
55	170	0	0
55	175	0	0
60	-180	0	0
60	-175	0	0
60	-170	0	0
60	-165	0	0
60	-160	0	1
60	-155	0	0
60	-150	0	0
60	-145	0	1
60	-140	0	0
60	-135	0	0
60	-130	0	0
60	-125	0	2
60	-120	0	1
60	-115	0	0
60	-110	0	1
60	-105	0	1
60	-100	0	0
60	-95	0	0
60	-90	0	1
60	-85	0	0
60	-80	0	0
60	-75	0	0
60	-70	0	0
60	-65	0	0
60	-60	0	0
60	-55	0	0
60	-50	0	0
60	-45	0	0
60	-40	0	0
60	-35	0	0
60	-30	0	0
60	-25	0	0
60	-20	0	1
60	-15	0	0
60	-10	0	0
60	-5	0	0
60	0	0	0
60	5	0	0
60	10	197.0	8
60	15	207.0	12
60	20	186.0	11
60	25	177.0	14
60	30	165.0	16
60	35	173.0	12
60	40	158.0	7
60	45	190.0	6
60	50	0	4
60	55	0	3
60	60	0	0
60	65	0	0
60	70	0	0
60	75	0	0
60	80	0	0
60	85	0	0
60	90	0	0
60	95	0	0
60	100	0	0
60	105	0	0
60	110	0	0
60	115	0	0
60	120	0	0
60	125	0	0
60	130	0	0
60	135	0	0
60	140	0	0
60	145	0	0
60	150	0	0
60	155	0	0
60	160	0	0
60	165	0	1
60	170	0	0
60	175	0	0
65	-180	0	0
65	-175	0	0
65	-170	0	1
65	-165	0	0
65	-160	0	0
65	-155	0	0
65	-150	0	0
65	-145	0	0
65	-140	0	0
65	-135	0	0
65	-130	0	0
65	-125	0	0
65	-120	0	0
65	-115	0	0
65	-110	0	0
65	-105	0	0
65	-100	0	0
65	-95	0	0
65	-90	0	0
65	-85	0	0
65	-80	0	0
65	-75	0	0
65	-70	0	0
65	-65	0	0
65	-60	0	1
65	-55	0	2
65	-50	0	0
65	-45	0	1
65	-40	0	1
65	-35	0	0
65	-30	0	0
65	-25	0	0
65	-20	0	0
65	-15	0	0
65	-10	0	0
65	-5	0	0
65	0	156.0	6
65	5	168.0	7
65	10	206.0	11
65	15	186.0	11
65	20	176.0	9
65	25	179.0	9
65	30	176.0	5
65	35	0	1
65	40	0	3
65	45	0	0
65	50	0	2
65	55	0	2
65	60	0	1
65	65	0	0
65	70	0	0
65	75	0	0
65	80	0	0
65	85	0	0
65	90	0	1
65	95	0	0
65	100	0	0
65	105	0	1
65	110	0	0
65	115	0	1
65	120	0	0
65	125	0	0
65	130	0	0
65	135	0	0
65	140	0	0
65	145	0	0
65	150	0	0
65	155	0	0
65	160	0	0
65	165	0	1
65	170	0	0
65	175	0	0
70	-180	0	0
70	-175	0	0
70	-170	0	0
70	-165	0	1
70	-160	0	0
70	-155	0	2
70	-150	0	0
70	-145	0	0
70	-140	0	0
70	-135	0	0
70	-130	0	0
70	-125	0	0
70	-120	0	0
70	-115	0	0
70	-110	0	0
70	-105	0	0
70	-100	0	0
70	-95	0	0
70	-90	0	1
70	-85	0	0
70	-80	0	0
70	-75	0	0
70	-70	0	0
70	-65	0	0
70	-60	0	2
70	-55	0	3
70	-50	0	1
70	-45	0	0
70	-40	0	0
70	-35	0	2
70	-30	0	0
70	-25	0	0
70	-20	0	0
70	-15	0	0
70	-10	0	2
70	-5	0	3
70	0	0	3
70	5	0	4
70	10	176.0	8
70	15	0	2
70	20	0	2
70	25	0	1
70	30	0	0
70	35	0	0
70	40	0	0
70	45	0	0
70	50	0	0
70	55	0	0
70	60	0	0
70	65	0	0
70	70	0	1
70	75	0	0
70	80	0	0
70	85	0	0
70	90	0	0
70	95	0	0
70	100	0	1
70	105	0	0
70	110	0	1
70	115	0	0
70	120	0	0
70	125	0	0
70	130	0	0
70	135	0	0
70	140	0	0
70	145	0	0
70	150	0	0
70	155	0	0
70	160	0	0
70	165	0	1
70	170	0	1
70	175	0	0
75	-180	0	0
75	-175	0	0
75	-170	0	0
75	-165	0	0
75	-160	0	0
75	-155	0	0
75	-150	0	0
75	-145	0	0
75	-140	0	0
75	-135	0	0
75	-130	0	0
75	-125	0	0
75	-120	0	0
75	-115	0	0
75	-110	0	0
75	-105	0	1
75	-100	0	0
75	-95	0	0
75	-90	0	0
75	-85	0	0
75	-80	0	0
75	-75	0	0
75	-70	0	0
75	-65	0	0
75	-60	0	1
75	-55	0	2
75	-50	0	0
75	-45	0	0
75	-40	0	0
75	-35	0	0
75	-30	0	0
75	-25	0	0
75	-20	0	0
75	-15	0	0
75	-10	0	4
75	-5	0	2
75	0	0	4
75	5	0	3
75	10	0	1
75	15	0	2
75	20	0	1
75	25	0	0
75	30	0	0
75	35	0	0
75	40	0	0
75	45	0	0
75	50	0	0
75	55	0	0
75	60	0	1
75	65	0	0
75	70	0	0
75	75	0	0
75	80	0	0
75	85	0	0
75	90	0	0
75	95	0	1
75	100	0	0
75	105	0	1
75	110	0	0
75	115	0	0
75	120	0	0
75	125	0	0
75	130	0	0
75	135	0	0
75	140	0	0
75	145	0	0
75	150	0	0
75	155	0	0
75	160	0	0
75	165	0	0
75	170	0	0
75	175	0	0
80	-180	0	1
80	-175	0	0
80	-170	0	0
80	-165	0	0
80	-160	0	0
80	-155	0	0
80	-150	0	0
80	-145	0	0
80	-140	0	0
80	-135	0	0
80	-130	0	0
80	-125	0	0
80	-120	0	0
80	-115	0	0
80	-110	0	0
80	-105	0	0
80	-100	0	0
80	-95	0	0
80	-90	0	0
80	-85	0	0
80	-80	0	0
80	-75	0	0
80	-70	0	0
80	-65	0	0
80	-60	0	0
80	-55	0	0
80	-50	0	1
80	-45	0	0
80	-40	0	0
80	-35	0	0
80	-30	0	1
80	-25	0	0
80	-20	0	0
80	-15	0	1
80	-10	0	1
80	-5	0	2
80	0	0	0
80	5	0	0
80	10	0	0
80	15	0	0
80	20	0	0
80	25	0	0
80	30	0	0
80	35	0	0
80	40	0	0
80	45	0	0
80	50	0	0
80	55	0	0
80	60	0	0
80	65	0	0
80	70	0	0
80	75	0	0
80	80	0	0
80	85	0	0
80	90	0	0
80	95	0	0
80	100	0	1
80	105	0	0
80	110	0	1
80	115	0	1
80	120	0	0
80	125	0	0
80	130	0	1
80	135	0	0
80	140	0	0
80	145	0	0
80	150	0	0
80	155	0	0
80	160	0	0
80	165	0	0
80	170	0	0
80	175	0	0
85	-180	0	0
85	-175	0	0
85	-170	0	0
85	-165	0	0
85	-160	0	0
85	-155	0	0
85	-150	0	0
85	-145	0	0
85	-140	0	0
85	-135	0	0
85	-130	0	1
85	-125	0	0
85	-120	0	0
85	-115	0	0
85	-110	0	0
85	-105	0	0
85	-100	0	0
85	-95	0	0
85	-90	0	0
85	-85	0	0
85	-80	0	0
85	-75	0	0
85	-70	0	0
85	-65	0	0
85	-60	0	0
85	-55	0	0
85	-50	0	0
85	-45	0	0
85	-40	0	0
85	-35	0	0
85	-30	0	0
85	-25	0	0
85	-20	0	0
85	-15	0	0
85	-10	0	0
85	-5	0	0
85	0	0	0
85	5	0	0
85	10	0	0
85	15	0	0
85	20	0	0
85	25	0	0
85	30	0	0
85	35	0	0
85	40	0	0
85	45	0	0
85	50	0	0
85	55	0	0
85	60	0	0
85	65	0	0
85	70	0	0
85	75	0	0
85	80	0	0
85	85	0	0
85	90	0	0
85	95	0	0
85	100	0	0
85	105	0	0
85	110	0	0
85	115	0	0
85	120	0	0
85	125	0	0
85	130	0	0
85	135	0	0
85	140	0	0
85	145	0	0
85	150	0	0
85	155	0	0
85	160	0	0
85	165	0	0
85	170	0	0
85	175	0	0
90	-180	0	0
90	-175	0	0
90	-170	0	0
90	-165	0	0
90	-160	0	0
90	-155	0	0
90	-150	0	0
90	-145	0	0
90	-140	0	0
90	-135	0	0
90	-130	0	0
90	-125	0	0
90	-120	0	0
90	-115	0	0
90	-110	0	0
90	-105	0	0
90	-100	0	0
90	-95	0	0
90	-90	0	0
90	-85	0	0
90	-80	0	0
90	-75	0	0
90	-70	0	0
90	-65	0	0
90	-60	0	1
90	-55	0	0
90	-50	0	0
90	-45	0	0
90	-40	0	0
90	-35	0	1
90	-30	0	0
90	-25	0	0
90	-20	0	0
90	-15	0	0
90	-10	0	0
90	-5	0	0
90	0	0	0
90	5	0	0
90	10	0	0
90	15	0	0
90	20	0	0
90	25	0	0
90	30	0	0
90	35	0	0
90	40	0	0
90	45	0	0
90	50	0	0
90	55	0	0
90	60	0	0
90	65	0	0
90	70	0	0
90	75	0	0
90	80	0	0
90	85	0	0
90	90	0	0
90	95	0	0
90	100	0	0
90	105	0	0
90	110	0	0
90	115	0	0
90	120	0	0
90	125	0	0
90	130	0	0
90	135	0	0
90	140	0	1
90	145	0	0
90	150	0	0
90	155	0	0
90	160	0	0
90	165	0	0
90	170	0	0
90	175	0	0
95	-180	0	0
95	-175	0	0
95	-170	0	0
95	-165	0	0
95	-160	0	0
95	-155	0	0
95	-150	0	0
95	-145	0	0
95	-140	0	0
95	-135	0	0
95	-130	0	0
95	-125	0	0
95	-120	0	0
95	-115	0	0
95	-110	0	0
95	-105	0	0
95	-100	0	0
95	-95	0	0
95	-90	0	0
95	-85	0	1
95	-80	0	0
95	-75	0	0
95	-70	0	0
95	-65	0	0
95	-60	0	0
95	-55	0	0
95	-50	0	0
95	-45	0	0
95	-40	0	0
95	-35	0	0
95	-30	0	0
95	-25	0	0
95	-20	0	0
95	-15	0	0
95	-10	0	0
95	-5	0	0
95	0	0	0
95	5	0	0
95	10	0	0
95	15	0	0
95	20	0	0
95	25	0	0
95	30	0	0
95	35	0	0
95	40	0	0
95	45	0	0
95	50	0	0
95	55	0	0
95	60	0	0
95	65	0	0
95	70	0	0
95	75	0	0
95	80	0	0
95	85	0	0
95	90	0	0
95	95	0	0
95	100	0	0
95	105	0	0
95	110	0	0
95	115	0	0
95	120	0	0
95	125	0	1
95	130	0	0
95	135	0	0
95	140	0	0
95	145	0	0
95	150	0	0
95	155	0	0
95	160	0	0
95	165	0	0
95	170	0	0
95	175	0	0
100	-180	0	0
100	-175	0	0
100	-170	0	0
100	-165	0	0
100	-160	0	0
100	-155	0	0
100	-150	0	0
100	-145	0	0
100	-140	0	0
100	-135	0	0
100	-130	0	0
100	-125	0	0
100	-120	0	0
100	-115	0	0
100	-110	0	0
100	-105	0	0
100	-100	0	0
100	-95	0	0
100	-90	0	0
100	-85	0	0
100	-80	0	0
100	-75	0	0
100	-70	0	0
100	-65	0	0
100	-60	0	0
100	-55	0	0
100	-50	0	0
100	-45	0	0
100	-40	0	0
100	-35	0	0
100	-30	0	0
100	-25	0	0
100	-20	0	0
100	-15	0	0
100	-10	0	0
100	-5	0	0
100	0	0	0
100	5	0	0
100	10	0	0
100	15	0	0
100	20	0	0
100	25	0	0
100	30	0	0
100	35	0	0
100	40	0	0
100	45	0	0
100	50	0	0
100	55	0	0
100	60	0	0
100	65	0	0
100	70	0	0
100	75	0	0
100	80	0	0
100	85	0	0
100	90	0	0
100	95	0	0
100	100	0	0
100	105	0	0
100	110	0	0
100	115	0	0
100	120	0	0
100	125	0	0
100	130	0	0
100	135	0	0
100	140	0	0
100	145	0	0
100	150	0	0
100	155	0	0
100	160	0	0
100	165	0	0
100	170	0	0
100	175	0	0
105	-180	0	0
105	-175	0	0
105	-170	0	0
105	-165	0	0
105	-160	0	0
105	-155	0	0
105	-150	0	0
105	-145	0	0
105	-140	0	0
105	-135	0	0
105	-130	0	0
105	-125	0	0
105	-120	0	0
105	-115	0	0
105	-110	0	0
105	-105	0	0
105	-100	0	0
105	-95	0	0
105	-90	0	0
105	-85	0	0
105	-80	0	0
105	-75	0	0
105	-70	0	0
105	-65	0	0
105	-60	0	0
105	-55	0	0
105	-50	0	0
105	-45	0	0
105	-40	0	0
105	-35	0	0
105	-30	0	0
105	-25	0	0
105	-20	0	0
105	-15	0	0
105	-10	0	0
105	-5	0	0
105	0	0	0
105	5	0	0
105	10	0	0
105	15	0	0
105	20	0	0
105	25	0	0
105	30	0	0
105	35	0	0
105	40	0	0
105	45	0	0
105	50	0	0
105	55	0	0
105	60	0	0
105	65	0	0
105	70	0	0
105	75	0	0
105	80	0	0
105	85	0	0
105	90	0	0
105	95	0	0
105	100	0	0
105	105	0	0
105	110	0	0
105	115	0	0
105	120	0	0
105	125	0	0
105	130	0	0
105	135	0	0
105	140	0	0
105	145	0	0
105	150	0	0
105	155	0	0
105	160	0	0
105	165	0	0
105	170	0	0
105	175	0	0
110	-180	0	0
110	-175	0	0
110	-170	0	0
110	-165	0	0
110	-160	0	0
110	-155	0	0
110	-150	0	0
110	-145	0	0
110	-140	0	0
110	-135	0	0
110	-130	0	0
110	-125	0	0
110	-120	0	0
110	-115	0	0
110	-110	0	0
110	-105	0	0
110	-100	0	0
110	-95	0	0
110	-90	0	0
110	-85	0	0
110	-80	0	0
110	-75	0	0
110	-70	0	0
110	-65	0	0
110	-60	0	0
110	-55	0	0
110	-50	0	0
110	-45	0	0
110	-40	0	0
110	-35	0	0
110	-30	0	0
110	-25	0	0
110	-20	0	0
110	-15	0	0
110	-10	0	0
110	-5	0	1
110	0	0	0
110	5	0	0
110	10	0	0
110	15	0	0
110	20	0	0
110	25	0	0
110	30	0	0
110	35	0	0
110	40	0	0
110	45	0	0
110	50	0	0
110	55	0	0
110	60	0	0
110	65	0	0
110	70	0	0
110	75	0	0
110	80	0	0
110	85	0	0
110	90	0	0
110	95	0	0
110	100	0	0
110	105	0	0
110	110	0	0
110	115	0	0
110	120	0	0
110	125	0	0
110	130	0	0
110	135	0	0
110	140	0	0
110	145	0	0
110	150	0	0
110	155	0	0
110	160	0	0
110	165	0	0
110	170	0	0
110	175	0	0
115	-180	0	0
115	-175	0	0
115	-170	0	0
115	-165	0	0
115	-160	0	0
115	-155	0	0
115	-150	0	0
115	-145	0	0
115	-140	0	0
115	-135	0	0
115	-130	0	0
115	-125	0	0
115	-120	0	0
115	-115	0	0
115	-110	0	0
115	-105	0	0
115	-100	0	0
115	-95	0	0
115	-90	0	0
115	-85	0	0
115	-80	0	0
115	-75	0	0
115	-70	0	0
115	-65	0	0
115	-60	0	0
115	-55	0	0
115	-50	0	0
115	-45	0	0
115	-40	0	0
115	-35	0	0
115	-30	0	0
115	-25	0	0
115	-20	0	0
115	-15	0	0
115	-10	0	0
115	-5	0	0
115	0	0	0
115	5	0	0
115	10	0	0
115	15	0	0
115	20	0	0
115	25	0	0
115	30	0	0
115	35	0	0
115	40	0	0
115	45	0	0
115	50	0	0
115	55	0	0
115	60	0	0
115	65	0	0
115	70	0	0
115	75	0	0
115	80	0	0
115	85	0	0
115	90	0	0
115	95	0	0
115	100	0	0
115	105	0	0
115	110	0	0
115	115	0	0
115	120	0	0
115	125	0	0
115	130	0	0
115	135	0	0
115	140	0	0
115	145	0	0
115	150	0	0
115	155	0	0
115	160	0	0
115	165	0	0
115	170	0	0
115	175	0	0
120	-180	0	0
120	-175	0	0
120	-170	0	0
120	-165	0	0
120	-160	0	0
120	-155	0	0
120	-150	0	0
120	-145	0	0
120	-140	0	0
120	-135	0	0
120	-130	0	0
120	-125	0	0
120	-120	0	0
120	-115	0	0
120	-110	0	0
120	-105	0	0
120	-100	0	0
120	-95	0	0
120	-90	0	0
120	-85	0	0
120	-80	0	0
120	-75	0	0
120	-70	0	0
120	-65	0	0
120	-60	0	0
120	-55	0	1
120	-50	0	0
120	-45	0	0
120	-40	0	0
120	-35	0	0
120	-30	0	0
120	-25	0	0
120	-20	0	0
120	-15	0	0
120	-10	0	0
120	-5	0	0
120	0	0	0
120	5	0	0
120	10	0	0
120	15	0	0
120	20	0	0
120	25	0	0
120	30	0	0
120	35	0	0
120	40	0	0
120	45	0	0
120	50	0	0
120	55	0	0
120	60	0	0
120	65	0	0
120	70	0	0
120	75	0	0
120	80	0	0
120	85	0	0
120	90	0	0
120	95	0	0
120	100	0	0
120	105	0	0
120	110	0	0
120	115	0	0
120	120	0	0
120	125	0	0
120	130	0	0
120	135	0	0
120	140	0	0
120	145	0	0
120	150	0	0
120	155	0	0
120	160	0	0
120	165	0	0
120	170	0	0
120	175	0	0
125	-180	0	0
125	-175	0	0
125	-170	0	0
125	-165	0	0
125	-160	0	0
125	-155	0	0
125	-150	0	0
125	-145	0	0
125	-140	0	0
125	-135	0	0
125	-130	0	0
125	-125	0	0
125	-120	0	0
125	-115	0	0
125	-110	0	0
125	-105	0	0
125	-100	0	0
125	-95	0	0
125	-90	0	0
125	-85	0	0
125	-80	0	0
125	-75	0	0
125	-70	0	0
125	-65	0	0
125	-60	0	0
125	-55	0	0
125	-50	0	0
125	-45	0	0
125	-40	0	0
125	-35	0	0
125	-30	0	0
125	-25	0	1
125	-20	0	0
125	-15	0	0
125	-10	0	0
125	-5	0	0
125	0	0	0
125	5	0	0
125	10	0	0
125	15	0	0
125	20	0	0
125	25	0	0
125	30	0	0
125	35	0	0
125	40	0	0
125	45	0	0
125	50	0	0
125	55	0	0
125	60	0	0
125	65	0	0
125	70	0	0
125	75	0	0
125	80	0	0
125	85	0	0
125	90	0	1
125	95	0	1
125	100	0	0
125	105	0	0
125	110	0	0
125	115	0	0
125	120	0	0
125	125	0	0
125	130	0	0
125	135	0	0
125	140	0	0
125	145	0	0
125	150	0	0
125	155	0	0
125	160	0	0
125	165	0	0
125	170	0	0
125	175	0	0
130	-180	0	0
130	-175	0	0
130	-170	0	0
130	-165	0	0
130	-160	0	0
130	-155	0	0
130	-150	0	0
130	-145	0	0
130	-140	0	0
130	-135	0	0
130	-130	0	0
130	-125	0	0
130	-120	0	0
130	-115	0	0
130	-110	0	0
130	-105	0	0
130	-100	0	0
130	-95	0	0
130	-90	0	0
130	-85	0	0
130	-80	0	0
130	-75	0	0
130	-70	0	0
130	-65	0	0
130	-60	0	0
130	-55	0	0
130	-50	0	0
130	-45	0	0
130	-40	0	0
130	-35	0	0
130	-30	0	0
130	-25	0	0
130	-20	0	0
130	-15	0	0
130	-10	0	0
130	-5	0	0
130	0	0	0
130	5	0	0
130	10	0	0
130	15	0	0
130	20	0	0
130	25	0	0
130	30	0	0
130	35	0	0
130	40	0	0
130	45	0	0
130	50	0	0
130	55	0	0
130	60	0	0
130	65	0	0
130	70	0	0
130	75	0	0
130	80	0	0
130	85	0	0
130	90	0	0
130	95	0	0
130	100	0	0
130	105	0	0
130	110	0	0
130	115	0	0
130	120	0	0
130	125	0	0
130	130	0	0
130	135	0	0
130	140	0	0
130	145	0	0
130	150	0	0
130	155	0	0
130	160	0	0
130	165	0	0
130	170	0	0
130	175	0	0
135	-180	0	0
135	-175	0	0
135	-170	0	0
135	-165	0	0
135	-160	0	0
135	-155	0	0
135	-150	0	0
135	-145	0	0
135	-140	0	0
135	-135	0	0
135	-130	0	0
135	-125	0	0
135	-120	0	0
135	-115	0	0
135	-110	0	0
135	-105	0	0
135	-100	0	0
135	-95	0	0
135	-90	0	0
135	-85	0	0
135	-80	0	0
135	-75	0	0
135	-70	0	0
135	-65	0	0
135	-60	0	0
135	-55	0	0
135	-50	0	0
135	-45	0	0
135	-40	0	0
135	-35	0	0
135	-30	0	0
135	-25	0	0
135	-20	0	0
135	-15	0	0
135	-10	0	0
135	-5	0	0
135	0	0	0
135	5	0	0
135	10	0	0
135	15	0	0
135	20	0	0
135	25	0	0
135	30	0	0
135	35	0	0
135	40	0	0
135	45	0	0
135	50	0	0
135	55	0	0
135	60	0	0
135	65	0	0
135	70	0	0
135	75	0	0
135	80	0	0
135	85	0	0
135	90	0	0
135	95	0	0
135	100	0	0
135	105	0	0
135	110	0	0
135	115	0	0
135	120	0	0
135	125	0	0
135	130	0	0
135	135	0	0
135	140	0	0
135	145	0	0
135	150	0	0
135	155	0	0
135	160	0	0
135	165	0	0
135	170	0	0
135	175	0	0
140	-180	0	0
140	-175	0	0
140	-170	0	0
140	-165	0	0
140	-160	0	0
140	-155	0	0
140	-150	0	0
140	-145	0	0
140	-140	0	0
140	-135	0	0
140	-130	0	0
140	-125	0	0
140	-120	0	0
140	-115	0	0
140	-110	0	0
140	-105	0	0
140	-100	0	0
140	-95	0	0
140	-90	0	0
140	-85	0	0
140	-80	0	0
140	-75	0	0
140	-70	0	0
140	-65	0	0
140	-60	0	0
140	-55	0	0
140	-50	0	0
140	-45	0	0
140	-40	0	0
140	-35	0	0
140	-30	0	0
140	-25	0	0
140	-20	0	0
140	-15	0	0
140	-10	0	0
140	-5	0	0
140	0	0	0
140	5	0	0
140	10	0	0
140	15	0	0
140	20	0	0
140	25	0	0
140	30	0	0
140	35	0	0
140	40	0	0
140	45	0	0
140	50	0	0
140	55	0	0
140	60	0	0
140	65	0	0
140	70	0	0
140	75	0	0
140	80	0	0
140	85	0	0
140	90	0	0
140	95	0	0
140	100	0	0
140	105	0	0
140	110	0	0
140	115	0	0
140	120	0	0
140	125	0	0
140	130	0	0
140	135	0	0
140	140	0	0
140	145	0	0
140	150	0	0
140	155	0	0
140	160	0	0
140	165	0	0
140	170	0	0
140	175	0	0
145	-180	0	0
145	-175	0	0
145	-170	0	0
145	-165	0	0
145	-160	0	0
145	-155	0	0
145	-150	0	0
145	-145	0	0
145	-140	0	0
145	-135	0	0
145	-130	0	0
145	-125	0	0
145	-120	0	0
145	-115	0	0
145	-110	0	0
145	-105	0	0
145	-100	0	0
145	-95	0	0
145	-90	0	0
145	-85	0	0
145	-80	0	0
145	-75	0	0
145	-70	0	0
145	-65	0	0
145	-60	0	0
145	-55	0	0
145	-50	0	0
145	-45	0	0
145	-40	0	0
145	-35	0	0
145	-30	0	0
145	-25	0	0
145	-20	0	0
145	-15	0	0
145	-10	0	0
145	-5	0	0
145	0	0	0
145	5	0	0
145	10	0	0
145	15	0	0
145	20	0	0
145	25	0	0
145	30	0	0
145	35	0	0
145	40	0	0
145	45	0	0
145	50	0	0
145	55	0	0
145	60	0	0
145	65	0	0
145	70	0	0
145	75	0	0
145	80	0	0
145	85	0	0
145	90	0	0
145	95	0	0
145	100	0	0
145	105	0	0
145	110	0	0
145	115	0	0
145	120	0	0
145	125	0	0
145	130	0	0
145	135	0	0
145	140	0	0
145	145	0	0
145	150	0	0
145	155	0	0
145	160	0	0
145	165	0	0
145	170	0	0
145	175	0	0
150	-180	0	0
150	-175	0	0
150	-170	0	0
150	-165	0	0
150	-160	0	0
150	-155	0	0
150	-150	0	0
150	-145	0	0
150	-140	0	0
150	-135	0	0
150	-130	0	0
150	-125	0	0
150	-120	0	0
150	-115	0	0
150	-110	0	0
150	-105	0	0
150	-100	0	0
150	-95	0	0
150	-90	0	0
150	-85	0	0
150	-80	0	0
150	-75	0	0
150	-70	0	0
150	-65	0	0
150	-60	0	0
150	-55	0	0
150	-50	0	0
150	-45	0	0
150	-40	0	0
150	-35	0	0
150	-30	0	0
150	-25	0	0
150	-20	0	0
150	-15	0	0
150	-10	0	0
150	-5	0	0
150	0	0	0
150	5	0	0
150	10	0	0
150	15	0	0
150	20	0	0
150	25	0	0
150	30	0	0
150	35	0	0
150	40	0	0
150	45	0	0
150	50	0	0
150	55	0	0
150	60	0	0
150	65	0	0
150	70	0	0
150	75	0	0
150	80	0	0
150	85	0	0
150	90	0	0
150	95	0	0
150	100	0	0
150	105	0	0
150	110	0	0
150	115	0	0
150	120	0	0
150	125	0	0
150	130	0	0
150	135	0	0
150	140	0	0
150	145	0	0
150	150	0	0
150	155	0	0
150	160	0	0
150	165	0	0
150	170	0	0
150	175	0	0
155	-180	0	0
155	-175	0	0
155	-170	0	0
155	-165	0	0
155	-160	0	0
155	-155	0	0
155	-150	0	0
155	-145	0	0
155	-140	0	0
155	-135	0	0
155	-130	0	0
155	-125	0	0
155	-120	0	0
155	-115	0	0
155	-110	0	0
155	-105	0	0
155	-100	0	0
155	-95	0	0
155	-90	0	1
155	-85	0	0
155	-80	0	0
155	-75	0	0
155	-70	0	0
155	-65	0	0
155	-60	0	0
155	-55	0	0
155	-50	0	0
155	-45	0	0
155	-40	0	0
155	-35	0	0
155	-30	0	0
155	-25	0	0
155	-20	0	0
155	-15	0	0
155	-10	0	0
155	-5	0	0
155	0	0	0
155	5	0	0
155	10	0	0
155	15	0	0
155	20	0	0
155	25	0	0
155	30	0	0
155	35	0	0
155	40	0	0
155	45	0	0
155	50	0	0
155	55	0	0
155	60	0	0
155	65	0	0
155	70	0	0
155	75	0	0
155	80	0	0
155	85	0	0
155	90	0	0
155	95	0	0
155	100	0	0
155	105	0	0
155	110	0	0
155	115	0	0
155	120	0	0
155	125	0	0
155	130	0	0
155	135	0	0
155	140	0	0
155	145	0	0
155	150	0	0
155	155	0	0
155	160	0	0
155	165	0	0
155	170	0	0
155	175	0	0
160	-180	0	0
160	-175	0	0
160	-170	0	0
160	-165	0	0
160	-160	0	0
160	-155	0	0
160	-150	0	0
160	-145	0	0
160	-140	0	0
160	-135	0	0
160	-130	0	0
160	-125	0	0
160	-120	0	0
160	-115	0	0
160	-110	0	0
160	-105	0	0
160	-100	0	0
160	-95	0	0
160	-90	0	0
160	-85	0	0
160	-80	0	0
160	-75	0	0
160	-70	0	0
160	-65	0	0
160	-60	0	0
160	-55	0	0
160	-50	0	0
160	-45	0	1
160	-40	0	1
160	-35	0	1
160	-30	0	0
160	-25	0	0
160	-20	0	0
160	-15	0	0
160	-10	0	0
160	-5	0	0
160	0	0	0
160	5	0	0
160	10	0	0
160	15	0	0
160	20	0	0
160	25	0	0
160	30	0	0
160	35	0	0
160	40	0	0
160	45	0	0
160	50	0	0
160	55	0	0
160	60	0	0
160	65	0	0
160	70	0	0
160	75	0	0
160	80	0	0
160	85	0	0
160	90	0	1
160	95	0	0
160	100	0	0
160	105	0	0
160	110	0	0
160	115	0	0
160	120	0	0
160	125	0	0
160	130	0	0
160	135	0	0
160	140	0	0
160	145	0	0
160	150	0	0
160	155	0	0
160	160	0	0
160	165	0	0
160	170	0	0
160	175	0	0
165	-180	0	0
165	-175	0	0
165	-170	0	0
165	-165	0	0
165	-160	0	0
165	-155	0	0
165	-150	0	0
165	-145	0	0
165	-140	0	0
165	-135	0	0
165	-130	0	0
165	-125	0	0
165	-120	0	0
165	-115	0	0
165	-110	0	0
165	-105	0	0
165	-100	0	0
165	-95	0	0
165	-90	0	0
165	-85	0	0
165	-80	0	0
165	-75	0	0
165	-70	0	0
165	-65	0	0
165	-60	0	0
165	-55	0	0
165	-50	0	0
165	-45	0	0
165	-40	0	0
165	-35	0	0
165	-30	0	0
165	-25	0	0
165	-20	0	0
165	-15	0	0
165	-10	0	0
165	-5	0	0
165	0	0	0
165	5	0	0
165	10	0	0
165	15	0	0
165	20	0	0
165	25	0	0
165	30	0	0
165	35	0	0
165	40	0	0
165	45	0	0
165	50	0	0
165	55	0	0
165	60	0	0
165	65	0	0
165	70	0	0
165	75	0	0
165	80	0	0
165	85	0	0
165	90	0	0
165	95	0	0
165	100	0	0
165	105	0	0
165	110	0	0
165	115	0	0
165	120	0	0
165	125	0	0
165	130	0	0
165	135	0	0
165	140	0	1
165	145	0	0
165	150	0	0
165	155	0	0
165	160	0	0
165	165	0	0
165	170	0	0
165	175	0	0
170	-180	0	0
170	-175	0	0
170	-170	0	0
170	-165	0	0
170	-160	0	0
170	-155	0	0
170	-150	0	0
170	-145	0	0
170	-140	0	0
170	-135	0	0
170	-130	0	0
170	-125	0	0
170	-120	0	0
170	-115	0	0
170	-110	0	0
170	-105	0	0
170	-100	0	0
170	-95	0	0
170	-90	0	0
170	-85	0	0
170	-80	0	0
170	-75	0	0
170	-70	0	0
170	-65	0	0
170	-60	0	0
170	-55	0	0
170	-50	0	0
170	-45	0	0
170	-40	0	0
170	-35	0	1
170	-30	0	0
170	-25	0	0
170	-20	0	0
170	-15	0	0
170	-10	0	0
170	-5	0	0
170	0	0	0
170	5	0	0
170	10	0	0
170	15	0	0
170	20	0	0
170	25	0	0
170	30	0	0
170	35	0	0
170	40	0	0
170	45	0	0
170	50	0	0
170	55	0	0
170	60	0	0
170	65	0	0
170	70	0	0
170	75	0	0
170	80	0	0
170	85	0	0
170	90	0	0
170	95	0	0
170	100	0	0
170	105	0	0
170	110	0	0
170	115	0	0
170	120	0	0
170	125	0	0
170	130	0	0
170	135	0	0
170	140	0	1
170	145	0	0
170	150	0	0
170	155	0	0
170	160	0	0
170	165	0	0
170	170	0	0
170	175	0	0
175	-180	0	0
175	-175	0	0
175	-170	0	0
175	-165	0	0
175	-160	0	0
175	-155	0	0
175	-150	0	0
175	-145	0	0
175	-140	0	0
175	-135	0	0
175	-130	0	0
175	-125	0	0
175	-120	0	0
175	-115	0	0
175	-110	0	0
175	-105	0	0
175	-100	0	0
175	-95	0	0
175	-90	0	1
175	-85	0	0
175	-80	0	0
175	-75	0	0
175	-70	0	0
175	-65	0	0
175	-60	0	0
175	-55	0	0
175	-50	0	0
175	-45	0	0
175	-40	0	0
175	-35	0	0
175	-30	0	0
175	-25	0	0
175	-20	0	0
175	-15	0	0
175	-10	0	0
175	-5	0	0
175	0	0	0
175	5	0	0
175	10	0	0
175	15	0	0
175	20	0	0
175	25	0	0
175	30	0	0
175	35	0	0
175	40	0	0
175	45	0	0
175	50	0	0
175	55	0	0
175	60	0	0
175	65	0	0
175	70	0	0
175	75	0	0
175	80	0	0
175	85	0	0
175	90	0	0
175	95	0	0
175	100	0	0
175	105	0	0
175	110	0	0
175	115	0	0
175	120	0	0
175	125	0	0
175	130	0	0
175	135	0	0
175	140	0	0
175	145	0	0
175	150	0	0
175	155	0	0
175	160	0	1
175	165	0	0
175	170	0	1
175	175	0	0
