Phi	Psi	maxSA	population
-180	-180	0	0
-180	-175	0	0
-180	-170	0	0
-180	-165	0	0
-180	-160	0	0
-180	-155	0	0
-180	-150	0	0
-180	-145	0	0
-180	-140	0	0
-180	-135	0	0
-180	-130	0	0
-180	-125	0	0
-180	-120	0	0
-180	-115	0	0
-180	-110	0	0
-180	-105	0	0
-180	-100	0	0
-180	-95	0	0
-180	-90	0	0
-180	-85	0	0
-180	-80	0	0
-180	-75	0	0
-180	-70	0	0
-180	-65	0	0
-180	-60	0	0
-180	-55	0	0
-180	-50	0	0
-180	-45	0	0
-180	-40	0	0
-180	-35	0	0
-180	-30	0	0
-180	-25	0	0
-180	-20	0	0
-180	-15	0	0
-180	-10	0	0
-180	-5	0	0
-180	0	0	0
-180	5	0	0
-180	10	0	0
-180	15	0	0
-180	20	0	0
-180	25	0	0
-180	30	0	0
-180	35	0	0
-180	40	0	0
-180	45	0	0
-180	50	0	0
-180	55	0	0
-180	60	0	0
-180	65	0	0
-180	70	0	0
-180	75	0	0
-180	80	0	0
-180	85	0	0
-180	90	0	0
-180	95	0	0
-180	100	0	0
-180	105	0	0
-180	110	0	0
-180	115	0	1
-180	120	0	0
-180	125	0	0
-180	130	0	0
-180	135	0	0
-180	140	0	0
-180	145	0	0
-180	150	0	0
-180	155	0	1
-180	160	0	2
-180	165	0	2
-180	170	0	0
-180	175	0	1
-175	-180	0	0
-175	-175	0	0
-175	-170	0	0
-175	-165	0	0
-175	-160	0	0
-175	-155	0	0
-175	-150	0	0
-175	-145	0	0
-175	-140	0	0
-175	-135	0	0
-175	-130	0	0
-175	-125	0	0
-175	-120	0	0
-175	-115	0	0
-175	-110	0	0
-175	-105	0	0
-175	-100	0	0
-175	-95	0	0
-175	-90	0	0
-175	-85	0	0
-175	-80	0	0
-175	-75	0	0
-175	-70	0	0
-175	-65	0	0
-175	-60	0	0
-175	-55	0	0
-175	-50	0	0
-175	-45	0	0
-175	-40	0	1
-175	-35	0	0
-175	-30	0	0
-175	-25	0	0
-175	-20	0	0
-175	-15	0	0
-175	-10	0	0
-175	-5	0	0
-175	0	0	0
-175	5	0	0
-175	10	0	0
-175	15	0	0
-175	20	0	0
-175	25	0	0
-175	30	0	1
-175	35	0	0
-175	40	0	0
-175	45	0	0
-175	50	0	0
-175	55	0	0
-175	60	0	0
-175	65	0	0
-175	70	0	0
-175	75	0	0
-175	80	0	0
-175	85	0	0
-175	90	0	0
-175	95	0	0
-175	100	0	0
-175	105	0	0
-175	110	0	0
-175	115	0	0
-175	120	0	0
-175	125	0	0
-175	130	0	0
-175	135	0	1
-175	140	0	2
-175	145	0	1
-175	150	0	1
-175	155	0	4
-175	160	0	3
-175	165	173.0	7
-175	170	0	2
-175	175	0	0
-170	-180	0	2
-170	-175	0	0
-170	-170	0	0
-170	-165	0	1
-170	-160	0	0
-170	-155	0	0
-170	-150	0	0
-170	-145	0	0
-170	-140	0	0
-170	-135	0	0
-170	-130	0	0
-170	-125	0	0
-170	-120	0	0
-170	-115	0	0
-170	-110	0	0
-170	-105	0	0
-170	-100	0	0
-170	-95	0	0
-170	-90	0	0
-170	-85	0	0
-170	-80	0	0
-170	-75	0	0
-170	-70	0	0
-170	-65	0	0
-170	-60	0	0
-170	-55	0	0
-170	-50	0	0
-170	-45	0	0
-170	-40	0	0
-170	-35	0	0
-170	-30	0	0
-170	-25	0	0
-170	-20	0	0
-170	-15	0	0
-170	-10	0	0
-170	-5	0	0
-170	0	0	0
-170	5	0	0
-170	10	0	0
-170	15	0	0
-170	20	0	0
-170	25	0	0
-170	30	0	0
-170	35	0	0
-170	40	0	0
-170	45	0	0
-170	50	0	0
-170	55	0	0
-170	60	0	0
-170	65	0	0
-170	70	0	0
-170	75	0	0
-170	80	0	0
-170	85	0	0
-170	90	0	0
-170	95	0	0
-170	100	0	0
-170	105	0	0
-170	110	0	1
-170	115	0	0
-170	120	0	1
-170	125	0	0
-170	130	0	0
-170	135	0	1
-170	140	0	3
-170	145	62.0	5
-170	150	122.0	12
-170	155	85.0	11
-170	160	123.0	17
-170	165	129.0	11
-170	170	44.0	8
-170	175	88.0	6
-165	-180	0	4
-165	-175	0	2
-165	-170	0	1
-165	-165	0	0
-165	-160	0	0
-165	-155	0	1
-165	-150	0	0
-165	-145	0	0
-165	-140	0	0
-165	-135	0	0
-165	-130	0	0
-165	-125	0	0
-165	-120	0	0
-165	-115	0	0
-165	-110	0	0
-165	-105	0	0
-165	-100	0	0
-165	-95	0	0
-165	-90	0	0
-165	-85	0	0
-165	-80	0	0
-165	-75	0	0
-165	-70	0	0
-165	-65	0	0
-165	-60	0	0
-165	-55	0	0
-165	-50	0	0
-165	-45	0	0
-165	-40	0	0
-165	-35	0	0
-165	-30	0	1
-165	-25	0	0
-165	-20	0	0
-165	-15	0	0
-165	-10	0	0
-165	-5	0	0
-165	0	0	0
-165	5	0	0
-165	10	0	0
-165	15	0	0
-165	20	0	0
-165	25	0	0
-165	30	0	0
-165	35	0	0
-165	40	0	0
-165	45	0	1
-165	50	0	0
-165	55	0	0
-165	60	0	0
-165	65	0	0
-165	70	0	0
-165	75	0	0
-165	80	0	0
-165	85	0	0
-165	90	0	0
-165	95	0	0
-165	100	0	0
-165	105	0	1
-165	110	0	1
-165	115	0	2
-165	120	166.0	5
-165	125	0	3
-165	130	0	3
-165	135	120.0	7
-165	140	107.0	12
-165	145	141.0	8
-165	150	138.0	16
-165	155	98.0	21
-165	160	190.0	45
-165	165	115.0	28
-165	170	148.0	23
-165	175	145.0	9
-160	-180	0	1
-160	-175	0	0
-160	-170	0	0
-160	-165	0	1
-160	-160	0	0
-160	-155	0	0
-160	-150	0	0
-160	-145	0	0
-160	-140	0	0
-160	-135	0	0
-160	-130	0	0
-160	-125	0	0
-160	-120	0	0
-160	-115	0	0
-160	-110	0	0
-160	-105	0	0
-160	-100	0	0
-160	-95	0	0
-160	-90	0	0
-160	-85	0	0
-160	-80	0	0
-160	-75	0	0
-160	-70	0	0
-160	-65	0	1
-160	-60	0	0
-160	-55	0	0
-160	-50	0	0
-160	-45	0	0
-160	-40	0	1
-160	-35	0	0
-160	-30	0	1
-160	-25	0	0
-160	-20	0	0
-160	-15	0	0
-160	-10	0	0
-160	-5	0	0
-160	0	0	0
-160	5	0	0
-160	10	0	0
-160	15	0	0
-160	20	0	0
-160	25	0	0
-160	30	0	1
-160	35	0	0
-160	40	0	0
-160	45	0	0
-160	50	0	0
-160	55	0	0
-160	60	0	0
-160	65	0	0
-160	70	0	1
-160	75	0	2
-160	80	0	2
-160	85	0	0
-160	90	0	0
-160	95	0	3
-160	100	0	1
-160	105	0	2
-160	110	0	3
-160	115	0	0
-160	120	0	4
-160	125	154.0	7
-160	130	146.0	13
-160	135	120.0	23
-160	140	181.0	15
-160	145	88.0	9
-160	150	155.0	22
-160	155	172.0	35
-160	160	131.0	92
-160	165	157.0	44
-160	170	118.0	22
-160	175	106.0	8
-155	-180	0	3
-155	-175	0	0
-155	-170	0	1
-155	-165	0	1
-155	-160	0	0
-155	-155	0	0
-155	-150	0	0
-155	-145	0	0
-155	-140	0	0
-155	-135	0	0
-155	-130	0	0
-155	-125	0	0
-155	-120	0	0
-155	-115	0	0
-155	-110	0	0
-155	-105	0	0
-155	-100	0	0
-155	-95	0	1
-155	-90	0	0
-155	-85	0	0
-155	-80	0	0
-155	-75	0	0
-155	-70	0	0
-155	-65	0	0
-155	-60	0	0
-155	-55	0	0
-155	-50	0	0
-155	-45	0	0
-155	-40	0	0
-155	-35	0	0
-155	-30	0	0
-155	-25	0	1
-155	-20	0	0
-155	-15	0	1
-155	-10	0	1
-155	-5	0	0
-155	0	0	1
-155	5	0	0
-155	10	0	0
-155	15	0	0
-155	20	0	0
-155	25	0	0
-155	30	0	0
-155	35	0	0
-155	40	0	1
-155	45	0	1
-155	50	0	1
-155	55	0	0
-155	60	0	0
-155	65	0	1
-155	70	0	2
-155	75	0	1
-155	80	0	0
-155	85	0	2
-155	90	0	0
-155	95	0	1
-155	100	0	1
-155	105	0	4
-155	110	171.0	5
-155	115	0	4
-155	120	159.0	9
-155	125	126.0	14
-155	130	120.0	19
-155	135	142.0	26
-155	140	191.0	27
-155	145	156.0	19
-155	150	104.0	37
-155	155	179.0	65
-155	160	114.0	80
-155	165	161.0	52
-155	170	107.0	17
-155	175	0	4
-150	-180	0	0
-150	-175	0	1
-150	-170	0	0
-150	-165	0	0
-150	-160	0	0
-150	-155	0	0
-150	-150	0	0
-150	-145	0	0
-150	-140	0	0
-150	-135	0	0
-150	-130	0	0
-150	-125	0	0
-150	-120	0	0
-150	-115	0	0
-150	-110	0	0
-150	-105	0	0
-150	-100	0	0
-150	-95	0	0
-150	-90	0	0
-150	-85	0	0
-150	-80	0	0
-150	-75	0	0
-150	-70	0	0
-150	-65	0	0
-150	-60	0	0
-150	-55	0	1
-150	-50	0	0
-150	-45	0	1
-150	-40	0	0
-150	-35	0	0
-150	-30	0	0
-150	-25	0	0
-150	-20	0	2
-150	-15	0	0
-150	-10	0	0
-150	-5	0	0
-150	0	0	2
-150	5	0	1
-150	10	0	1
-150	15	0	1
-150	20	0	0
-150	25	0	0
-150	30	0	0
-150	35	0	0
-150	40	0	1
-150	45	0	0
-150	50	0	1
-150	55	0	0
-150	60	0	0
-150	65	0	1
-150	70	0	0
-150	75	0	2
-150	80	0	0
-150	85	0	1
-150	90	0	0
-150	95	0	0
-150	100	0	0
-150	105	0	3
-150	110	231.0	9
-150	115	138.0	9
-150	120	162.0	13
-150	125	160.0	12
-150	130	222.0	26
-150	135	124.0	15
-150	140	138.0	22
-150	145	136.0	27
-150	150	137.0	40
-150	155	135.0	66
-150	160	178.0	83
-150	165	205.0	50
-150	170	201.0	16
-150	175	47.0	5
-145	-180	0	1
-145	-175	0	1
-145	-170	0	1
-145	-165	0	0
-145	-160	0	0
-145	-155	0	0
-145	-150	0	0
-145	-145	0	0
-145	-140	0	0
-145	-135	0	0
-145	-130	0	0
-145	-125	0	0
-145	-120	0	0
-145	-115	0	0
-145	-110	0	0
-145	-105	0	0
-145	-100	0	0
-145	-95	0	0
-145	-90	0	0
-145	-85	0	2
-145	-80	0	0
-145	-75	0	0
-145	-70	0	2
-145	-65	0	0
-145	-60	0	1
-145	-55	0	0
-145	-50	0	0
-145	-45	0	0
-145	-40	0	0
-145	-35	0	1
-145	-30	0	0
-145	-25	0	0
-145	-20	0	1
-145	-15	0	3
-145	-10	0	0
-145	-5	0	0
-145	0	0	1
-145	5	0	0
-145	10	0	0
-145	15	0	0
-145	20	0	2
-145	25	0	0
-145	30	0	2
-145	35	0	1
-145	40	0	0
-145	45	0	0
-145	50	0	1
-145	55	0	2
-145	60	0	2
-145	65	0	4
-145	70	0	1
-145	75	183.0	7
-145	80	0	1
-145	85	0	2
-145	90	0	1
-145	95	0	4
-145	100	0	3
-145	105	114.0	5
-145	110	0	2
-145	115	103.0	13
-145	120	63.0	10
-145	125	162.0	25
-145	130	193.0	21
-145	135	138.0	24
-145	140	157.0	32
-145	145	220.0	32
-145	150	156.0	45
-145	155	170.0	86
-145	160	143.0	80
-145	165	168.0	40
-145	170	102.0	15
-145	175	0	4
-140	-180	0	4
-140	-175	0	2
-140	-170	0	0
-140	-165	0	0
-140	-160	0	0
-140	-155	0	1
-140	-150	0	0
-140	-145	0	0
-140	-140	0	0
-140	-135	0	0
-140	-130	0	0
-140	-125	0	0
-140	-120	0	0
-140	-115	0	0
-140	-110	0	0
-140	-105	0	0
-140	-100	0	0
-140	-95	0	0
-140	-90	0	1
-140	-85	0	0
-140	-80	0	2
-140	-75	0	0
-140	-70	0	0
-140	-65	0	0
-140	-60	0	1
-140	-55	0	1
-140	-50	0	2
-140	-45	0	1
-140	-40	0	1
-140	-35	0	0
-140	-30	0	1
-140	-25	0	1
-140	-20	0	1
-140	-15	0	1
-140	-10	0	2
-140	-5	0	4
-140	0	0	4
-140	5	0	2
-140	10	0	2
-140	15	182.0	5
-140	20	0	1
-140	25	0	3
-140	30	0	0
-140	35	0	1
-140	40	0	2
-140	45	0	4
-140	50	0	3
-140	55	0	3
-140	60	0	4
-140	65	0	2
-140	70	0	3
-140	75	122.0	6
-140	80	0	1
-140	85	0	1
-140	90	0	2
-140	95	0	2
-140	100	137.0	5
-140	105	153.0	6
-140	110	48.0	5
-140	115	66.0	11
-140	120	154.0	24
-140	125	131.0	36
-140	130	101.0	48
-140	135	157.0	53
-140	140	195.0	56
-140	145	156.0	75
-140	150	155.0	72
-140	155	129.0	70
-140	160	169.0	63
-140	165	140.0	23
-140	170	21.0	5
-140	175	71.0	5
-135	-180	0	2
-135	-175	0	0
-135	-170	0	0
-135	-165	0	0
-135	-160	0	0
-135	-155	0	0
-135	-150	0	0
-135	-145	0	1
-135	-140	0	0
-135	-135	0	0
-135	-130	0	0
-135	-125	0	0
-135	-120	0	0
-135	-115	0	0
-135	-110	0	0
-135	-105	0	0
-135	-100	0	0
-135	-95	0	0
-135	-90	0	0
-135	-85	0	0
-135	-80	0	0
-135	-75	0	0
-135	-70	0	0
-135	-65	0	2
-135	-60	0	0
-135	-55	0	2
-135	-50	0	2
-135	-45	0	0
-135	-40	0	4
-135	-35	0	1
-135	-30	0	1
-135	-25	0	4
-135	-20	0	4
-135	-15	0	4
-135	-10	0	2
-135	-5	0	4
-135	0	0	4
-135	5	0	4
-135	10	0	1
-135	15	0	1
-135	20	0	1
-135	25	0	3
-135	30	0	3
-135	35	0	3
-135	40	0	0
-135	45	107.0	5
-135	50	0	4
-135	55	154.0	5
-135	60	42.0	5
-135	65	207.0	21
-135	70	90.0	7
-135	75	118.0	10
-135	80	0	2
-135	85	101.0	5
-135	90	0	2
-135	95	0	3
-135	100	82.0	8
-135	105	65.0	8
-135	110	138.0	18
-135	115	78.0	22
-135	120	111.0	33
-135	125	215.0	42
-135	130	155.0	44
-135	135	183.0	71
-135	140	169.0	68
-135	145	158.0	78
-135	150	155.0	94
-135	155	203.0	73
-135	160	178.0	39
-135	165	117.0	23
-135	170	108.0	13
-135	175	66.0	5
-130	-180	0	2
-130	-175	0	2
-130	-170	0	0
-130	-165	0	2
-130	-160	0	0
-130	-155	0	0
-130	-150	0	0
-130	-145	0	1
-130	-140	0	0
-130	-135	0	0
-130	-130	0	0
-130	-125	0	0
-130	-120	0	0
-130	-115	0	1
-130	-110	0	0
-130	-105	0	0
-130	-100	0	0
-130	-95	0	0
-130	-90	0	0
-130	-85	0	0
-130	-80	0	2
-130	-75	0	0
-130	-70	0	1
-130	-65	0	1
-130	-60	0	3
-130	-55	0	1
-130	-50	0	2
-130	-45	0	4
-130	-40	0	4
-130	-35	0	2
-130	-30	0	1
-130	-25	0	3
-130	-20	0	4
-130	-15	0	2
-130	-10	171.0	6
-130	-5	70.0	7
-130	0	163.0	8
-130	5	0	4
-130	10	91.0	7
-130	15	113.0	7
-130	20	184.0	9
-130	25	213.0	9
-130	30	0	4
-130	35	0	4
-130	40	0	1
-130	45	0	0
-130	50	0	4
-130	55	0	4
-130	60	150.0	13
-130	65	86.0	18
-130	70	146.0	16
-130	75	87.0	14
-130	80	117.0	11
-130	85	27.0	5
-130	90	100.0	7
-130	95	0	3
-130	100	144.0	9
-130	105	231.0	19
-130	110	99.0	11
-130	115	173.0	22
-130	120	155.0	41
-130	125	164.0	68
-130	130	171.0	57
-130	135	176.0	82
-130	140	196.0	73
-130	145	227.0	89
-130	150	174.0	96
-130	155	167.0	64
-130	160	179.0	42
-130	165	169.0	24
-130	170	102.0	7
-130	175	0	2
-125	-180	0	2
-125	-175	0	0
-125	-170	0	0
-125	-165	0	1
-125	-160	0	1
-125	-155	0	1
-125	-150	0	0
-125	-145	0	0
-125	-140	0	0
-125	-135	0	0
-125	-130	0	1
-125	-125	0	1
-125	-120	0	0
-125	-115	0	0
-125	-110	0	1
-125	-105	0	0
-125	-100	0	0
-125	-95	0	0
-125	-90	0	0
-125	-85	0	1
-125	-80	0	0
-125	-75	0	0
-125	-70	0	1
-125	-65	0	0
-125	-60	0	1
-125	-55	0	3
-125	-50	0	3
-125	-45	0	2
-125	-40	0	3
-125	-35	0	2
-125	-30	0	4
-125	-25	166.0	11
-125	-20	144.0	9
-125	-15	219.0	13
-125	-10	173.0	19
-125	-5	102.0	11
-125	0	157.0	9
-125	5	192.0	12
-125	10	102.0	10
-125	15	144.0	11
-125	20	178.0	12
-125	25	142.0	5
-125	30	135.0	5
-125	35	0	2
-125	40	0	3
-125	45	0	2
-125	50	0	4
-125	55	0	0
-125	60	125.0	11
-125	65	80.0	8
-125	70	72.0	5
-125	75	129.0	10
-125	80	72.0	6
-125	85	115.0	8
-125	90	39.0	6
-125	95	77.0	7
-125	100	76.0	13
-125	105	237.0	11
-125	110	99.0	15
-125	115	175.0	35
-125	120	177.0	53
-125	125	153.0	63
-125	130	170.0	61
-125	135	199.0	81
-125	140	161.0	76
-125	145	195.0	91
-125	150	191.0	76
-125	155	161.0	53
-125	160	184.0	31
-125	165	150.0	16
-125	170	102.0	6
-125	175	98.0	6
-120	-180	0	3
-120	-175	0	1
-120	-170	0	0
-120	-165	0	0
-120	-160	0	0
-120	-155	0	0
-120	-150	0	0
-120	-145	0	0
-120	-140	0	0
-120	-135	0	0
-120	-130	0	0
-120	-125	0	1
-120	-120	0	0
-120	-115	0	1
-120	-110	0	0
-120	-105	0	0
-120	-100	0	1
-120	-95	0	0
-120	-90	0	1
-120	-85	0	0
-120	-80	0	0
-120	-75	0	0
-120	-70	0	1
-120	-65	0	2
-120	-60	0	0
-120	-55	0	4
-120	-50	0	2
-120	-45	0	3
-120	-40	0	4
-120	-35	123.0	10
-120	-30	92.0	6
-120	-25	145.0	10
-120	-20	113.0	9
-120	-15	145.0	10
-120	-10	132.0	15
-120	-5	231.0	12
-120	0	171.0	24
-120	5	190.0	13
-120	10	194.0	15
-120	15	91.0	10
-120	20	207.0	10
-120	25	78.0	9
-120	30	210.0	7
-120	35	163.0	5
-120	40	0	1
-120	45	0	1
-120	50	0	0
-120	55	0	1
-120	60	0	0
-120	65	0	1
-120	70	0	3
-120	75	163.0	7
-120	80	178.0	7
-120	85	79.0	5
-120	90	0	1
-120	95	176.0	7
-120	100	203.0	14
-120	105	112.0	21
-120	110	101.0	30
-120	115	149.0	27
-120	120	164.0	50
-120	125	152.0	48
-120	130	175.0	87
-120	135	138.0	79
-120	140	162.0	82
-120	145	168.0	76
-120	150	223.0	60
-120	155	115.0	24
-120	160	146.0	26
-120	165	159.0	9
-120	170	125.0	5
-120	175	0	1
-115	-180	0	0
-115	-175	0	0
-115	-170	0	0
-115	-165	0	0
-115	-160	0	0
-115	-155	0	0
-115	-150	0	0
-115	-145	0	0
-115	-140	0	0
-115	-135	0	0
-115	-130	0	0
-115	-125	0	0
-115	-120	0	0
-115	-115	0	0
-115	-110	0	0
-115	-105	0	0
-115	-100	0	0
-115	-95	0	0
-115	-90	0	0
-115	-85	0	0
-115	-80	0	0
-115	-75	0	0
-115	-70	0	0
-115	-65	0	1
-115	-60	0	1
-115	-55	153.0	6
-115	-50	0	1
-115	-45	0	2
-115	-40	180.0	5
-115	-35	145.0	6
-115	-30	170.0	7
-115	-25	199.0	15
-115	-20	160.0	15
-115	-15	185.0	13
-115	-10	189.0	21
-115	-5	167.0	16
-115	0	207.0	25
-115	5	205.0	22
-115	10	193.0	24
-115	15	203.0	31
-115	20	83.0	17
-115	25	154.0	18
-115	30	79.0	7
-115	35	95.0	5
-115	40	0	1
-115	45	0	2
-115	50	230.0	5
-115	55	0	0
-115	60	0	0
-115	65	0	1
-115	70	0	4
-115	75	0	3
-115	80	0	1
-115	85	0	3
-115	90	143.0	6
-115	95	166.0	11
-115	100	47.0	11
-115	105	120.0	21
-115	110	126.0	18
-115	115	144.0	42
-115	120	131.0	50
-115	125	176.0	69
-115	130	228.0	60
-115	135	168.0	86
-115	140	166.0	67
-115	145	128.0	62
-115	150	199.0	44
-115	155	135.0	35
-115	160	175.0	18
-115	165	87.0	10
-115	170	72.0	7
-115	175	0	3
-110	-180	0	2
-110	-175	0	0
-110	-170	0	0
-110	-165	0	0
-110	-160	0	0
-110	-155	0	0
-110	-150	0	0
-110	-145	0	0
-110	-140	0	0
-110	-135	0	1
-110	-130	0	0
-110	-125	0	0
-110	-120	0	0
-110	-115	0	0
-110	-110	0	0
-110	-105	0	0
-110	-100	0	0
-110	-95	0	1
-110	-90	0	0
-110	-85	0	0
-110	-80	0	0
-110	-75	0	0
-110	-70	0	1
-110	-65	0	3
-110	-60	0	1
-110	-55	0	4
-110	-50	146.0	7
-110	-45	92.0	7
-110	-40	144.0	6
-110	-35	151.0	7
-110	-30	179.0	10
-110	-25	113.0	10
-110	-20	121.0	14
-110	-15	231.0	24
-110	-10	149.0	22
-110	-5	191.0	29
-110	0	219.0	32
-110	5	209.0	28
-110	10	186.0	26
-110	15	224.0	20
-110	20	151.0	14
-110	25	77.0	8
-110	30	0	3
-110	35	0	4
-110	40	0	1
-110	45	0	0
-110	50	0	0
-110	55	0	0
-110	60	0	1
-110	65	0	1
-110	70	0	0
-110	75	0	1
-110	80	0	0
-110	85	0	1
-110	90	0	4
-110	95	117.0	10
-110	100	170.0	11
-110	105	186.0	14
-110	110	158.0	33
-110	115	129.0	38
-110	120	132.0	50
-110	125	198.0	67
-110	130	178.0	80
-110	135	223.0	64
-110	140	126.0	53
-110	145	116.0	42
-110	150	110.0	37
-110	155	140.0	25
-110	160	212.0	16
-110	165	62.0	11
-110	170	106.0	5
-110	175	0	2
-105	-180	0	1
-105	-175	0	0
-105	-170	0	0
-105	-165	0	1
-105	-160	0	0
-105	-155	0	0
-105	-150	0	1
-105	-145	0	0
-105	-140	0	0
-105	-135	0	0
-105	-130	0	0
-105	-125	0	0
-105	-120	0	0
-105	-115	0	0
-105	-110	0	0
-105	-105	0	0
-105	-100	0	0
-105	-95	0	0
-105	-90	0	1
-105	-85	0	1
-105	-80	0	0
-105	-75	0	0
-105	-70	0	0
-105	-65	0	1
-105	-60	0	4
-105	-55	0	3
-105	-50	0	4
-105	-45	148.0	7
-105	-40	0	3
-105	-35	144.0	7
-105	-30	141.0	9
-105	-25	229.0	13
-105	-20	110.0	18
-105	-15	162.0	15
-105	-10	137.0	20
-105	-5	175.0	37
-105	0	201.0	51
-105	5	223.0	37
-105	10	186.0	43
-105	15	212.0	26
-105	20	179.0	15
-105	25	116.0	6
-105	30	0	3
-105	35	0	2
-105	40	0	1
-105	45	0	2
-105	50	0	1
-105	55	0	0
-105	60	0	1
-105	65	0	0
-105	70	0	1
-105	75	0	0
-105	80	0	2
-105	85	0	3
-105	90	178.0	6
-105	95	152.0	5
-105	100	99.0	10
-105	105	163.0	22
-105	110	213.0	32
-105	115	151.0	41
-105	120	162.0	45
-105	125	187.0	59
-105	130	160.0	58
-105	135	215.0	52
-105	140	175.0	51
-105	145	119.0	40
-105	150	171.0	26
-105	155	163.0	15
-105	160	114.0	12
-105	165	112.0	14
-105	170	0	4
-105	175	0	1
-100	-180	0	0
-100	-175	0	1
-100	-170	0	0
-100	-165	0	0
-100	-160	0	0
-100	-155	0	0
-100	-150	0	0
-100	-145	0	0
-100	-140	0	0
-100	-135	0	0
-100	-130	0	0
-100	-125	0	0
-100	-120	0	0
-100	-115	0	1
-100	-110	0	0
-100	-105	0	0
-100	-100	0	0
-100	-95	0	0
-100	-90	0	1
-100	-85	0	0
-100	-80	0	0
-100	-75	0	0
-100	-70	0	0
-100	-65	0	1
-100	-60	0	2
-100	-55	0	2
-100	-50	0	1
-100	-45	183.0	10
-100	-40	93.0	6
-100	-35	107.0	9
-100	-30	201.0	9
-100	-25	83.0	10
-100	-20	229.0	19
-100	-15	150.0	18
-100	-10	185.0	23
-100	-5	204.0	33
-100	0	210.0	53
-100	5	120.0	38
-100	10	190.0	24
-100	15	191.0	17
-100	20	221.0	5
-100	25	97.0	5
-100	30	0	2
-100	35	0	0
-100	40	0	2
-100	45	0	0
-100	50	0	0
-100	55	0	1
-100	60	0	0
-100	65	0	1
-100	70	0	2
-100	75	0	1
-100	80	0	1
-100	85	0	3
-100	90	0	4
-100	95	35.0	6
-100	100	129.0	10
-100	105	148.0	21
-100	110	159.0	21
-100	115	184.0	38
-100	120	182.0	31
-100	125	204.0	45
-100	130	172.0	44
-100	135	160.0	56
-100	140	126.0	44
-100	145	199.0	39
-100	150	199.0	31
-100	155	185.0	21
-100	160	148.0	7
-100	165	135.0	7
-100	170	0	2
-100	175	63.0	5
-95	-180	0	1
-95	-175	0	0
-95	-170	0	0
-95	-165	0	1
-95	-160	0	0
-95	-155	0	0
-95	-150	0	0
-95	-145	0	0
-95	-140	0	0
-95	-135	0	0
-95	-130	0	0
-95	-125	0	0
-95	-120	0	0
-95	-115	0	0
-95	-110	0	0
-95	-105	0	0
-95	-100	0	0
-95	-95	0	0
-95	-90	0	0
-95	-85	0	0
-95	-80	0	1
-95	-75	0	0
-95	-70	0	1
-95	-65	0	3
-95	-60	0	0
-95	-55	177.0	5
-95	-50	116.0	11
-95	-45	143.0	9
-95	-40	210.0	8
-95	-35	175.0	11
-95	-30	81.0	6
-95	-25	210.0	14
-95	-20	176.0	16
-95	-15	188.0	17
-95	-10	178.0	19
-95	-5	182.0	36
-95	0	181.0	40
-95	5	191.0	34
-95	10	132.0	15
-95	15	197.0	11
-95	20	0	2
-95	25	0	3
-95	30	0	0
-95	35	0	0
-95	40	0	0
-95	45	0	1
-95	50	0	1
-95	55	0	2
-95	60	0	0
-95	65	0	3
-95	70	0	3
-95	75	0	2
-95	80	59.0	10
-95	85	48.0	5
-95	90	194.0	7
-95	95	124.0	13
-95	100	84.0	11
-95	105	125.0	19
-95	110	157.0	21
-95	115	116.0	25
-95	120	109.0	42
-95	125	174.0	34
-95	130	202.0	41
-95	135	151.0	35
-95	140	153.0	31
-95	145	217.0	34
-95	150	156.0	30
-95	155	160.0	25
-95	160	108.0	8
-95	165	121.0	10
-95	170	0	3
-95	175	0	4
-90	-180	0	0
-90	-175	0	0
-90	-170	0	0
-90	-165	0	0
-90	-160	0	0
-90	-155	0	0
-90	-150	0	0
-90	-145	0	0
-90	-140	0	0
-90	-135	0	0
-90	-130	0	1
-90	-125	0	0
-90	-120	0	0
-90	-115	0	0
-90	-110	0	0
-90	-105	0	0
-90	-100	0	0
-90	-95	0	1
-90	-90	0	0
-90	-85	0	0
-90	-80	0	1
-90	-75	0	0
-90	-70	0	0
-90	-65	0	2
-90	-60	41.0	5
-90	-55	89.0	6
-90	-50	88.0	9
-90	-45	166.0	13
-90	-40	187.0	14
-90	-35	177.0	6
-90	-30	203.0	13
-90	-25	209.0	16
-90	-20	220.0	22
-90	-15	148.0	28
-90	-10	186.0	31
-90	-5	181.0	44
-90	0	178.0	35
-90	5	183.0	18
-90	10	98.0	5
-90	15	0	2
-90	20	0	1
-90	25	0	0
-90	30	0	1
-90	35	0	0
-90	40	0	2
-90	45	0	0
-90	50	0	2
-90	55	0	3
-90	60	0	3
-90	65	0	4
-90	70	216.0	8
-90	75	139.0	13
-90	80	79.0	5
-90	85	0	4
-90	90	97.0	6
-90	95	135.0	8
-90	100	138.0	10
-90	105	144.0	16
-90	110	215.0	13
-90	115	215.0	25
-90	120	167.0	33
-90	125	185.0	46
-90	130	206.0	32
-90	135	147.0	36
-90	140	218.0	29
-90	145	177.0	30
-90	150	201.0	20
-90	155	112.0	16
-90	160	146.0	13
-90	165	81.0	9
-90	170	0	3
-90	175	0	1
-85	-180	0	2
-85	-175	0	2
-85	-170	0	0
-85	-165	0	0
-85	-160	0	0
-85	-155	0	0
-85	-150	0	0
-85	-145	0	0
-85	-140	0	0
-85	-135	0	0
-85	-130	0	0
-85	-125	0	0
-85	-120	0	0
-85	-115	0	0
-85	-110	0	0
-85	-105	0	0
-85	-100	0	0
-85	-95	0	0
-85	-90	0	1
-85	-85	0	0
-85	-80	0	0
-85	-75	0	0
-85	-70	0	3
-85	-65	0	1
-85	-60	0	0
-85	-55	87.0	8
-85	-50	164.0	9
-85	-45	135.0	17
-85	-40	161.0	9
-85	-35	221.0	20
-85	-30	209.0	26
-85	-25	145.0	15
-85	-20	156.0	29
-85	-15	188.0	31
-85	-10	169.0	36
-85	-5	196.0	25
-85	0	150.0	26
-85	5	142.0	10
-85	10	0	4
-85	15	0	1
-85	20	0	0
-85	25	0	0
-85	30	0	0
-85	35	0	0
-85	40	0	1
-85	45	0	0
-85	50	0	0
-85	55	0	2
-85	60	132.0	5
-85	65	123.0	6
-85	70	0	3
-85	75	0	3
-85	80	160.0	6
-85	85	88.0	6
-85	90	62.0	5
-85	95	201.0	7
-85	100	117.0	5
-85	105	238.0	13
-85	110	109.0	17
-85	115	180.0	20
-85	120	169.0	25
-85	125	161.0	38
-85	130	211.0	39
-85	135	167.0	45
-85	140	146.0	34
-85	145	167.0	24
-85	150	208.0	37
-85	155	182.0	23
-85	160	156.0	22
-85	165	171.0	9
-85	170	0	4
-85	175	0	0
-80	-180	0	0
-80	-175	0	0
-80	-170	0	0
-80	-165	0	0
-80	-160	0	1
-80	-155	0	0
-80	-150	0	0
-80	-145	0	0
-80	-140	0	0
-80	-135	0	0
-80	-130	0	0
-80	-125	0	0
-80	-120	0	0
-80	-115	0	0
-80	-110	0	0
-80	-105	0	0
-80	-100	0	0
-80	-95	0	0
-80	-90	0	1
-80	-85	0	0
-80	-80	0	0
-80	-75	0	0
-80	-70	0	0
-80	-65	0	1
-80	-60	180.0	5
-80	-55	114.0	7
-80	-50	215.0	15
-80	-45	115.0	28
-80	-40	181.0	40
-80	-35	174.0	30
-80	-30	149.0	36
-80	-25	223.0	40
-80	-20	210.0	31
-80	-15	146.0	29
-80	-10	147.0	32
-80	-5	192.0	25
-80	0	221.0	11
-80	5	0	3
-80	10	0	0
-80	15	0	2
-80	20	0	0
-80	25	0	0
-80	30	0	0
-80	35	0	0
-80	40	0	0
-80	45	0	0
-80	50	0	0
-80	55	0	1
-80	60	0	0
-80	65	0	0
-80	70	0	2
-80	75	0	3
-80	80	0	0
-80	85	0	4
-80	90	0	1
-80	95	124.0	7
-80	100	0	2
-80	105	16.0	5
-80	110	160.0	10
-80	115	199.0	20
-80	120	202.0	33
-80	125	158.0	25
-80	130	155.0	28
-80	135	218.0	40
-80	140	163.0	39
-80	145	114.0	18
-80	150	201.0	38
-80	155	85.0	20
-80	160	194.0	13
-80	165	144.0	5
-80	170	157.0	7
-80	175	0	2
-75	-180	0	0
-75	-175	0	1
-75	-170	0	0
-75	-165	0	0
-75	-160	0	0
-75	-155	0	0
-75	-150	0	0
-75	-145	0	0
-75	-140	0	0
-75	-135	0	0
-75	-130	0	0
-75	-125	0	0
-75	-120	0	0
-75	-115	0	0
-75	-110	0	0
-75	-105	0	0
-75	-100	0	0
-75	-95	0	0
-75	-90	0	0
-75	-85	0	0
-75	-80	0	0
-75	-75	0	0
-75	-70	0	0
-75	-65	0	1
-75	-60	49.0	5
-75	-55	185.0	14
-75	-50	212.0	36
-75	-45	194.0	54
-75	-40	179.0	84
-75	-35	190.0	86
-75	-30	208.0	76
-75	-25	191.0	46
-75	-20	128.0	33
-75	-15	236.0	39
-75	-10	188.0	29
-75	-5	189.0	24
-75	0	53.0	5
-75	5	0	0
-75	10	0	1
-75	15	0	1
-75	20	0	0
-75	25	0	0
-75	30	0	0
-75	35	0	0
-75	40	0	0
-75	45	0	0
-75	50	0	0
-75	55	0	0
-75	60	0	0
-75	65	0	0
-75	70	0	0
-75	75	0	1
-75	80	0	0
-75	85	0	0
-75	90	0	0
-75	95	0	3
-75	100	0	0
-75	105	0	2
-75	110	151.0	6
-75	115	199.0	13
-75	120	132.0	23
-75	125	164.0	24
-75	130	162.0	32
-75	135	160.0	33
-75	140	163.0	33
-75	145	148.0	41
-75	150	218.0	29
-75	155	190.0	20
-75	160	162.0	19
-75	165	179.0	8
-75	170	0	1
-75	175	0	0
-70	-180	0	0
-70	-175	0	1
-70	-170	0	0
-70	-165	0	0
-70	-160	0	0
-70	-155	0	0
-70	-150	0	0
-70	-145	0	0
-70	-140	0	0
-70	-135	0	0
-70	-130	0	0
-70	-125	0	0
-70	-120	0	0
-70	-115	0	0
-70	-110	0	0
-70	-105	0	0
-70	-100	0	0
-70	-95	0	0
-70	-90	0	0
-70	-85	0	0
-70	-80	0	0
-70	-75	0	1
-70	-70	0	0
-70	-65	0	2
-70	-60	22.0	5
-70	-55	231.0	39
-70	-50	247.0	119
-70	-45	221.0	241
-70	-40	205.0	247
-70	-35	190.0	177
-70	-30	191.0	104
-70	-25	174.0	50
-70	-20	196.0	40
-70	-15	184.0	30
-70	-10	255.0	20
-70	-5	148.0	6
-70	0	0	0
-70	5	0	0
-70	10	0	0
-70	15	0	0
-70	20	0	0
-70	25	0	0
-70	30	0	0
-70	35	0	0
-70	40	0	0
-70	45	0	0
-70	50	0	0
-70	55	0	0
-70	60	0	0
-70	65	0	0
-70	70	0	0
-70	75	0	0
-70	80	0	0
-70	85	0	0
-70	90	0	0
-70	95	0	1
-70	100	0	1
-70	105	0	0
-70	110	55.0	7
-70	115	193.0	5
-70	120	160.0	16
-70	125	160.0	40
-70	130	207.0	51
-70	135	231.0	42
-70	140	190.0	53
-70	145	187.0	37
-70	150	169.0	33
-70	155	159.0	21
-70	160	176.0	9
-70	165	119.0	7
-70	170	0	4
-70	175	0	1
-65	-180	0	0
-65	-175	0	0
-65	-170	0	0
-65	-165	0	0
-65	-160	0	0
-65	-155	0	0
-65	-150	0	0
-65	-145	0	0
-65	-140	0	0
-65	-135	0	0
-65	-130	0	0
-65	-125	0	0
-65	-120	0	0
-65	-115	0	0
-65	-110	0	0
-65	-105	0	0
-65	-100	0	0
-65	-95	0	0
-65	-90	0	0
-65	-85	0	0
-65	-80	0	0
-65	-75	0	0
-65	-70	0	0
-65	-65	0	2
-65	-60	162.0	9
-65	-55	181.0	122
-65	-50	207.0	541
-65	-45	223.0	631
-65	-40	190.0	332
-65	-35	254.0	179
-65	-30	210.0	81
-65	-25	200.0	77
-65	-20	181.0	38
-65	-15	165.0	6
-65	-10	0	4
-65	-5	0	0
-65	0	0	0
-65	5	0	0
-65	10	0	0
-65	15	0	0
-65	20	0	0
-65	25	0	0
-65	30	0	0
-65	35	0	0
-65	40	0	0
-65	45	0	0
-65	50	0	0
-65	55	0	0
-65	60	0	0
-65	65	0	0
-65	70	0	0
-65	75	0	0
-65	80	0	0
-65	85	0	0
-65	90	0	0
-65	95	0	0
-65	100	0	0
-65	105	0	0
-65	110	0	3
-65	115	123.0	7
-65	120	211.0	16
-65	125	179.0	42
-65	130	222.0	56
-65	135	225.0	55
-65	140	200.0	39
-65	145	128.0	39
-65	150	192.0	20
-65	155	167.0	14
-65	160	74.0	9
-65	165	0	1
-65	170	0	0
-65	175	0	0
-60	-180	0	0
-60	-175	0	0
-60	-170	0	0
-60	-165	0	0
-60	-160	0	0
-60	-155	0	0
-60	-150	0	0
-60	-145	0	0
-60	-140	0	0
-60	-135	0	0
-60	-130	0	0
-60	-125	0	0
-60	-120	0	0
-60	-115	0	0
-60	-110	0	0
-60	-105	0	0
-60	-100	0	0
-60	-95	0	0
-60	-90	0	0
-60	-85	0	0
-60	-80	0	0
-60	-75	0	0
-60	-70	0	1
-60	-65	0	3
-60	-60	175.0	14
-60	-55	224.0	181
-60	-50	205.0	720
-60	-45	202.0	546
-60	-40	207.0	203
-60	-35	210.0	113
-60	-30	195.0	65
-60	-25	192.0	43
-60	-20	189.0	17
-60	-15	0	4
-60	-10	0	0
-60	-5	0	0
-60	0	0	0
-60	5	0	0
-60	10	0	0
-60	15	0	0
-60	20	0	0
-60	25	0	0
-60	30	0	0
-60	35	0	0
-60	40	0	0
-60	45	0	0
-60	50	0	0
-60	55	0	0
-60	60	0	0
-60	65	0	0
-60	70	0	0
-60	75	0	0
-60	80	0	0
-60	85	0	0
-60	90	0	0
-60	95	0	0
-60	100	0	0
-60	105	0	0
-60	110	0	2
-60	115	0	3
-60	120	138.0	15
-60	125	221.0	38
-60	130	207.0	55
-60	135	236.0	49
-60	140	197.0	35
-60	145	169.0	18
-60	150	163.0	10
-60	155	171.0	6
-60	160	0	4
-60	165	0	0
-60	170	0	1
-60	175	0	0
-55	-180	0	0
-55	-175	0	0
-55	-170	0	0
-55	-165	0	0
-55	-160	0	0
-55	-155	0	0
-55	-150	0	0
-55	-145	0	0
-55	-140	0	0
-55	-135	0	0
-55	-130	0	0
-55	-125	0	0
-55	-120	0	0
-55	-115	0	0
-55	-110	0	0
-55	-105	0	0
-55	-100	0	0
-55	-95	0	0
-55	-90	0	0
-55	-85	0	0
-55	-80	0	0
-55	-75	0	0
-55	-70	0	0
-55	-65	0	0
-55	-60	141.0	9
-55	-55	159.0	113
-55	-50	192.0	257
-55	-45	223.0	150
-55	-40	218.0	79
-55	-35	226.0	36
-55	-30	143.0	10
-55	-25	0	3
-55	-20	0	0
-55	-15	0	0
-55	-10	0	1
-55	-5	0	0
-55	0	0	0
-55	5	0	0
-55	10	0	0
-55	15	0	0
-55	20	0	0
-55	25	0	0
-55	30	0	0
-55	35	0	0
-55	40	0	0
-55	45	0	0
-55	50	0	0
-55	55	0	0
-55	60	0	0
-55	65	0	0
-55	70	0	0
-55	75	0	0
-55	80	0	0
-55	85	0	0
-55	90	0	0
-55	95	0	0
-55	100	0	0
-55	105	0	0
-55	110	0	1
-55	115	121.0	5
-55	120	185.0	10
-55	125	216.0	27
-55	130	233.0	33
-55	135	195.0	31
-55	140	192.0	18
-55	145	167.0	14
-55	150	0	2
-55	155	0	0
-55	160	0	0
-55	165	0	0
-55	170	0	0
-55	175	0	0
-50	-180	0	0
-50	-175	0	0
-50	-170	0	0
-50	-165	0	0
-50	-160	0	0
-50	-155	0	0
-50	-150	0	0
-50	-145	0	0
-50	-140	0	0
-50	-135	0	0
-50	-130	0	0
-50	-125	0	0
-50	-120	0	0
-50	-115	0	0
-50	-110	0	0
-50	-105	0	0
-50	-100	0	0
-50	-95	0	0
-50	-90	0	0
-50	-85	0	0
-50	-80	0	0
-50	-75	0	0
-50	-70	0	0
-50	-65	0	2
-50	-60	94.0	6
-50	-55	179.0	38
-50	-50	185.0	38
-50	-45	188.0	47
-50	-40	226.0	17
-50	-35	107.0	6
-50	-30	0	1
-50	-25	0	1
-50	-20	0	1
-50	-15	0	0
-50	-10	0	0
-50	-5	0	0
-50	0	0	0
-50	5	0	0
-50	10	0	0
-50	15	0	0
-50	20	0	0
-50	25	0	0
-50	30	0	0
-50	35	0	0
-50	40	0	0
-50	45	0	0
-50	50	0	0
-50	55	0	0
-50	60	0	0
-50	65	0	0
-50	70	0	0
-50	75	0	0
-50	80	0	0
-50	85	0	0
-50	90	0	0
-50	95	0	0
-50	100	0	0
-50	105	0	0
-50	110	0	1
-50	115	0	4
-50	120	236.0	6
-50	125	155.0	15
-50	130	198.0	15
-50	135	179.0	14
-50	140	102.0	5
-50	145	0	0
-50	150	0	0
-50	155	0	0
-50	160	0	0
-50	165	0	0
-50	170	0	0
-50	175	0	0
-45	-180	0	0
-45	-175	0	0
-45	-170	0	0
-45	-165	0	0
-45	-160	0	0
-45	-155	0	0
-45	-150	0	0
-45	-145	0	0
-45	-140	0	0
-45	-135	0	0
-45	-130	0	0
-45	-125	0	0
-45	-120	0	0
-45	-115	0	0
-45	-110	0	0
-45	-105	0	0
-45	-100	0	0
-45	-95	0	0
-45	-90	0	0
-45	-85	0	0
-45	-80	0	0
-45	-75	0	0
-45	-70	0	0
-45	-65	0	2
-45	-60	0	2
-45	-55	142.0	11
-45	-50	89.0	6
-45	-45	0	4
-45	-40	0	2
-45	-35	0	0
-45	-30	0	0
-45	-25	0	0
-45	-20	0	0
-45	-15	0	0
-45	-10	0	0
-45	-5	0	0
-45	0	0	0
-45	5	0	0
-45	10	0	0
-45	15	0	0
-45	20	0	0
-45	25	0	0
-45	30	0	0
-45	35	0	0
-45	40	0	0
-45	45	0	0
-45	50	0	0
-45	55	0	0
-45	60	0	0
-45	65	0	0
-45	70	0	0
-45	75	0	0
-45	80	0	0
-45	85	0	0
-45	90	0	0
-45	95	0	0
-45	100	0	0
-45	105	0	0
-45	110	0	0
-45	115	0	0
-45	120	0	0
-45	125	63.0	5
-45	130	0	3
-45	135	0	4
-45	140	0	1
-45	145	0	0
-45	150	0	0
-45	155	0	0
-45	160	0	0
-45	165	0	0
-45	170	0	0
-45	175	0	0
-40	-180	0	0
-40	-175	0	0
-40	-170	0	0
-40	-165	0	0
-40	-160	0	0
-40	-155	0	0
-40	-150	0	0
-40	-145	0	0
-40	-140	0	0
-40	-135	0	0
-40	-130	0	0
-40	-125	0	0
-40	-120	0	0
-40	-115	0	0
-40	-110	0	0
-40	-105	0	0
-40	-100	0	0
-40	-95	0	0
-40	-90	0	0
-40	-85	0	0
-40	-80	0	0
-40	-75	0	0
-40	-70	0	0
-40	-65	0	0
-40	-60	0	2
-40	-55	0	0
-40	-50	0	2
-40	-45	0	1
-40	-40	0	0
-40	-35	0	0
-40	-30	0	0
-40	-25	0	0
-40	-20	0	1
-40	-15	0	0
-40	-10	0	0
-40	-5	0	0
-40	0	0	0
-40	5	0	0
-40	10	0	0
-40	15	0	0
-40	20	0	0
-40	25	0	0
-40	30	0	0
-40	35	0	0
-40	40	0	0
-40	45	0	0
-40	50	0	0
-40	55	0	0
-40	60	0	0
-40	65	0	0
-40	70	0	0
-40	75	0	0
-40	80	0	0
-40	85	0	0
-40	90	0	0
-40	95	0	0
-40	100	0	0
-40	105	0	0
-40	110	0	0
-40	115	0	0
-40	120	0	1
-40	125	0	2
-40	130	0	0
-40	135	0	1
-40	140	0	0
-40	145	0	0
-40	150	0	0
-40	155	0	0
-40	160	0	0
-40	165	0	0
-40	170	0	0
-40	175	0	0
-35	-180	0	0
-35	-175	0	0
-35	-170	0	0
-35	-165	0	0
-35	-160	0	0
-35	-155	0	0
-35	-150	0	0
-35	-145	0	0
-35	-140	0	0
-35	-135	0	0
-35	-130	0	0
-35	-125	0	0
-35	-120	0	0
-35	-115	0	0
-35	-110	0	0
-35	-105	0	0
-35	-100	0	0
-35	-95	0	0
-35	-90	0	0
-35	-85	0	0
-35	-80	0	0
-35	-75	0	0
-35	-70	0	0
-35	-65	0	1
-35	-60	0	0
-35	-55	0	1
-35	-50	0	0
-35	-45	0	0
-35	-40	0	0
-35	-35	0	0
-35	-30	0	0
-35	-25	0	0
-35	-20	0	0
-35	-15	0	0
-35	-10	0	0
-35	-5	0	0
-35	0	0	0
-35	5	0	0
-35	10	0	0
-35	15	0	0
-35	20	0	0
-35	25	0	0
-35	30	0	0
-35	35	0	0
-35	40	0	0
-35	45	0	0
-35	50	0	0
-35	55	0	0
-35	60	0	0
-35	65	0	0
-35	70	0	0
-35	75	0	0
-35	80	0	0
-35	85	0	0
-35	90	0	0
-35	95	0	0
-35	100	0	0
-35	105	0	0
-35	110	0	0
-35	115	0	0
-35	120	0	0
-35	125	0	0
-35	130	0	0
-35	135	0	0
-35	140	0	0
-35	145	0	0
-35	150	0	0
-35	155	0	0
-35	160	0	0
-35	165	0	0
-35	170	0	0
-35	175	0	0
-30	-180	0	0
-30	-175	0	0
-30	-170	0	0
-30	-165	0	0
-30	-160	0	0
-30	-155	0	0
-30	-150	0	0
-30	-145	0	0
-30	-140	0	0
-30	-135	0	0
-30	-130	0	0
-30	-125	0	0
-30	-120	0	0
-30	-115	0	0
-30	-110	0	0
-30	-105	0	0
-30	-100	0	0
-30	-95	0	0
-30	-90	0	0
-30	-85	0	0
-30	-80	0	0
-30	-75	0	0
-30	-70	0	0
-30	-65	0	0
-30	-60	0	0
-30	-55	0	0
-30	-50	0	0
-30	-45	0	0
-30	-40	0	0
-30	-35	0	0
-30	-30	0	0
-30	-25	0	0
-30	-20	0	0
-30	-15	0	0
-30	-10	0	0
-30	-5	0	0
-30	0	0	0
-30	5	0	0
-30	10	0	0
-30	15	0	0
-30	20	0	0
-30	25	0	0
-30	30	0	0
-30	35	0	0
-30	40	0	0
-30	45	0	0
-30	50	0	0
-30	55	0	0
-30	60	0	0
-30	65	0	1
-30	70	0	0
-30	75	0	0
-30	80	0	0
-30	85	0	0
-30	90	0	0
-30	95	0	0
-30	100	0	0
-30	105	0	0
-30	110	0	1
-30	115	0	1
-30	120	0	0
-30	125	0	0
-30	130	0	0
-30	135	0	0
-30	140	0	0
-30	145	0	0
-30	150	0	0
-30	155	0	0
-30	160	0	0
-30	165	0	0
-30	170	0	0
-30	175	0	0
-25	-180	0	0
-25	-175	0	0
-25	-170	0	0
-25	-165	0	0
-25	-160	0	0
-25	-155	0	0
-25	-150	0	0
-25	-145	0	0
-25	-140	0	0
-25	-135	0	0
-25	-130	0	0
-25	-125	0	0
-25	-120	0	0
-25	-115	0	0
-25	-110	0	0
-25	-105	0	0
-25	-100	0	0
-25	-95	0	0
-25	-90	0	0
-25	-85	0	0
-25	-80	0	0
-25	-75	0	0
-25	-70	0	0
-25	-65	0	0
-25	-60	0	0
-25	-55	0	0
-25	-50	0	0
-25	-45	0	0
-25	-40	0	0
-25	-35	0	0
-25	-30	0	0
-25	-25	0	0
-25	-20	0	0
-25	-15	0	0
-25	-10	0	0
-25	-5	0	0
-25	0	0	0
-25	5	0	0
-25	10	0	0
-25	15	0	0
-25	20	0	0
-25	25	0	0
-25	30	0	0
-25	35	0	0
-25	40	0	0
-25	45	0	0
-25	50	0	0
-25	55	0	0
-25	60	0	0
-25	65	0	0
-25	70	0	0
-25	75	0	0
-25	80	0	0
-25	85	0	0
-25	90	0	0
-25	95	0	0
-25	100	0	0
-25	105	0	0
-25	110	0	0
-25	115	0	0
-25	120	0	0
-25	125	0	0
-25	130	0	0
-25	135	0	0
-25	140	0	0
-25	145	0	0
-25	150	0	0
-25	155	0	0
-25	160	0	0
-25	165	0	0
-25	170	0	0
-25	175	0	0
-20	-180	0	0
-20	-175	0	0
-20	-170	0	0
-20	-165	0	0
-20	-160	0	0
-20	-155	0	0
-20	-150	0	0
-20	-145	0	0
-20	-140	0	0
-20	-135	0	0
-20	-130	0	0
-20	-125	0	0
-20	-120	0	0
-20	-115	0	0
-20	-110	0	0
-20	-105	0	0
-20	-100	0	0
-20	-95	0	0
-20	-90	0	0
-20	-85	0	0
-20	-80	0	0
-20	-75	0	0
-20	-70	0	0
-20	-65	0	0
-20	-60	0	0
-20	-55	0	0
-20	-50	0	0
-20	-45	0	0
-20	-40	0	0
-20	-35	0	0
-20	-30	0	0
-20	-25	0	0
-20	-20	0	0
-20	-15	0	0
-20	-10	0	0
-20	-5	0	0
-20	0	0	0
-20	5	0	0
-20	10	0	0
-20	15	0	0
-20	20	0	0
-20	25	0	0
-20	30	0	0
-20	35	0	0
-20	40	0	0
-20	45	0	0
-20	50	0	0
-20	55	0	0
-20	60	0	0
-20	65	0	0
-20	70	0	0
-20	75	0	0
-20	80	0	0
-20	85	0	0
-20	90	0	0
-20	95	0	0
-20	100	0	1
-20	105	0	0
-20	110	0	0
-20	115	0	0
-20	120	0	1
-20	125	0	0
-20	130	0	0
-20	135	0	0
-20	140	0	0
-20	145	0	0
-20	150	0	0
-20	155	0	0
-20	160	0	0
-20	165	0	0
-20	170	0	0
-20	175	0	0
-15	-180	0	0
-15	-175	0	0
-15	-170	0	0
-15	-165	0	0
-15	-160	0	0
-15	-155	0	0
-15	-150	0	0
-15	-145	0	0
-15	-140	0	0
-15	-135	0	0
-15	-130	0	0
-15	-125	0	0
-15	-120	0	0
-15	-115	0	0
-15	-110	0	0
-15	-105	0	0
-15	-100	0	0
-15	-95	0	0
-15	-90	0	0
-15	-85	0	0
-15	-80	0	0
-15	-75	0	0
-15	-70	0	0
-15	-65	0	0
-15	-60	0	0
-15	-55	0	0
-15	-50	0	0
-15	-45	0	0
-15	-40	0	0
-15	-35	0	0
-15	-30	0	0
-15	-25	0	0
-15	-20	0	0
-15	-15	0	0
-15	-10	0	0
-15	-5	0	0
-15	0	0	0
-15	5	0	0
-15	10	0	0
-15	15	0	0
-15	20	0	0
-15	25	0	0
-15	30	0	0
-15	35	0	0
-15	40	0	0
-15	45	0	0
-15	50	0	0
-15	55	0	0
-15	60	0	0
-15	65	0	0
-15	70	0	0
-15	75	0	0
-15	80	0	0
-15	85	0	0
-15	90	0	0
-15	95	0	0
-15	100	0	0
-15	105	0	0
-15	110	0	0
-15	115	0	0
-15	120	0	0
-15	125	0	0
-15	130	0	0
-15	135	0	0
-15	140	0	0
-15	145	0	0
-15	150	0	0
-15	155	0	0
-15	160	0	0
-15	165	0	0
-15	170	0	0
-15	175	0	0
-10	-180	0	0
-10	-175	0	0
-10	-170	0	0
-10	-165	0	0
-10	-160	0	0
-10	-155	0	0
-10	-150	0	0
-10	-145	0	0
-10	-140	0	0
-10	-135	0	0
-10	-130	0	0
-10	-125	0	0
-10	-120	0	0
-10	-115	0	0
-10	-110	0	0
-10	-105	0	0
-10	-100	0	0
-10	-95	0	0
-10	-90	0	0
-10	-85	0	0
-10	-80	0	0
-10	-75	0	0
-10	-70	0	0
-10	-65	0	0
-10	-60	0	0
-10	-55	0	0
-10	-50	0	0
-10	-45	0	0
-10	-40	0	0
-10	-35	0	0
-10	-30	0	0
-10	-25	0	0
-10	-20	0	0
-10	-15	0	0
-10	-10	0	0
-10	-5	0	0
-10	0	0	0
-10	5	0	0
-10	10	0	0
-10	15	0	0
-10	20	0	0
-10	25	0	0
-10	30	0	0
-10	35	0	0
-10	40	0	0
-10	45	0	0
-10	50	0	0
-10	55	0	0
-10	60	0	0
-10	65	0	0
-10	70	0	0
-10	75	0	0
-10	80	0	0
-10	85	0	0
-10	90	0	0
-10	95	0	0
-10	100	0	0
-10	105	0	0
-10	110	0	0
-10	115	0	0
-10	120	0	0
-10	125	0	0
-10	130	0	0
-10	135	0	0
-10	140	0	0
-10	145	0	0
-10	150	0	0
-10	155	0	0
-10	160	0	0
-10	165	0	0
-10	170	0	0
-10	175	0	0
-5	-180	0	0
-5	-175	0	0
-5	-170	0	0
-5	-165	0	0
-5	-160	0	0
-5	-155	0	0
-5	-150	0	0
-5	-145	0	0
-5	-140	0	0
-5	-135	0	0
-5	-130	0	0
-5	-125	0	0
-5	-120	0	0
-5	-115	0	0
-5	-110	0	0
-5	-105	0	0
-5	-100	0	0
-5	-95	0	0
-5	-90	0	0
-5	-85	0	0
-5	-80	0	0
-5	-75	0	0
-5	-70	0	0
-5	-65	0	0
-5	-60	0	0
-5	-55	0	0
-5	-50	0	0
-5	-45	0	0
-5	-40	0	0
-5	-35	0	0
-5	-30	0	0
-5	-25	0	0
-5	-20	0	0
-5	-15	0	0
-5	-10	0	0
-5	-5	0	0
-5	0	0	0
-5	5	0	0
-5	10	0	0
-5	15	0	0
-5	20	0	0
-5	25	0	0
-5	30	0	0
-5	35	0	0
-5	40	0	0
-5	45	0	0
-5	50	0	0
-5	55	0	0
-5	60	0	0
-5	65	0	0
-5	70	0	0
-5	75	0	0
-5	80	0	0
-5	85	0	0
-5	90	0	0
-5	95	0	0
-5	100	0	0
-5	105	0	0
-5	110	0	0
-5	115	0	0
-5	120	0	0
-5	125	0	0
-5	130	0	0
-5	135	0	0
-5	140	0	0
-5	145	0	0
-5	150	0	0
-5	155	0	0
-5	160	0	0
-5	165	0	0
-5	170	0	0
-5	175	0	0
0	-180	0	0
0	-175	0	0
0	-170	0	0
0	-165	0	0
0	-160	0	0
0	-155	0	0
0	-150	0	0
0	-145	0	0
0	-140	0	0
0	-135	0	0
0	-130	0	0
0	-125	0	0
0	-120	0	0
0	-115	0	0
0	-110	0	0
0	-105	0	0
0	-100	0	0
0	-95	0	0
0	-90	0	0
0	-85	0	0
0	-80	0	0
0	-75	0	0
0	-70	0	0
0	-65	0	0
0	-60	0	0
0	-55	0	0
0	-50	0	0
0	-45	0	0
0	-40	0	0
0	-35	0	0
0	-30	0	0
0	-25	0	0
0	-20	0	0
0	-15	0	0
0	-10	0	0
0	-5	0	0
0	0	0	0
0	5	0	0
0	10	0	0
0	15	0	0
0	20	0	0
0	25	0	0
0	30	0	0
0	35	0	0
0	40	0	0
0	45	0	0
0	50	0	0
0	55	0	0
0	60	0	0
0	65	0	0
0	70	0	0
0	75	0	0
0	80	0	0
0	85	0	0
0	90	0	0
0	95	0	0
0	100	0	0
0	105	0	0
0	110	0	0
0	115	0	0
0	120	0	0
0	125	0	0
0	130	0	0
0	135	0	0
0	140	0	0
0	145	0	0
0	150	0	0
0	155	0	0
0	160	0	0
0	165	0	0
0	170	0	0
0	175	0	0
5	-180	0	0
5	-175	0	0
5	-170	0	0
5	-165	0	0
5	-160	0	0
5	-155	0	0
5	-150	0	0
5	-145	0	0
5	-140	0	0
5	-135	0	0
5	-130	0	0
5	-125	0	0
5	-120	0	0
5	-115	0	0
5	-110	0	0
5	-105	0	0
5	-100	0	0
5	-95	0	0
5	-90	0	0
5	-85	0	0
5	-80	0	0
5	-75	0	0
5	-70	0	0
5	-65	0	0
5	-60	0	0
5	-55	0	0
5	-50	0	0
5	-45	0	0
5	-40	0	0
5	-35	0	0
5	-30	0	0
5	-25	0	0
5	-20	0	0
5	-15	0	0
5	-10	0	0
5	-5	0	0
5	0	0	0
5	5	0	0
5	10	0	0
5	15	0	0
5	20	0	0
5	25	0	0
5	30	0	0
5	35	0	0
5	40	0	0
5	45	0	0
5	50	0	0
5	55	0	0
5	60	0	0
5	65	0	0
5	70	0	0
5	75	0	0
5	80	0	0
5	85	0	0
5	90	0	0
5	95	0	0
5	100	0	0
5	105	0	0
5	110	0	0
5	115	0	0
5	120	0	0
5	125	0	0
5	130	0	0
5	135	0	0
5	140	0	0
5	145	0	0
5	150	0	0
5	155	0	0
5	160	0	0
5	165	0	0
5	170	0	0
5	175	0	0
10	-180	0	0
10	-175	0	0
10	-170	0	0
10	-165	0	0
10	-160	0	0
10	-155	0	0
10	-150	0	0
10	-145	0	0
10	-140	0	0
10	-135	0	0
10	-130	0	0
10	-125	0	0
10	-120	0	0
10	-115	0	0
10	-110	0	0
10	-105	0	0
10	-100	0	0
10	-95	0	0
10	-90	0	0
10	-85	0	0
10	-80	0	0
10	-75	0	0
10	-70	0	0
10	-65	0	0
10	-60	0	0
10	-55	0	0
10	-50	0	0
10	-45	0	0
10	-40	0	0
10	-35	0	0
10	-30	0	0
10	-25	0	0
10	-20	0	0
10	-15	0	0
10	-10	0	0
10	-5	0	0
10	0	0	0
10	5	0	0
10	10	0	0
10	15	0	0
10	20	0	0
10	25	0	0
10	30	0	0
10	35	0	0
10	40	0	0
10	45	0	0
10	50	0	0
10	55	0	0
10	60	0	0
10	65	0	0
10	70	0	0
10	75	0	0
10	80	0	0
10	85	0	0
10	90	0	0
10	95	0	0
10	100	0	0
10	105	0	0
10	110	0	0
10	115	0	0
10	120	0	0
10	125	0	0
10	130	0	0
10	135	0	0
10	140	0	0
10	145	0	0
10	150	0	0
10	155	0	0
10	160	0	0
10	165	0	0
10	170	0	0
10	175	0	0
15	-180	0	0
15	-175	0	0
15	-170	0	0
15	-165	0	0
15	-160	0	0
15	-155	0	0
15	-150	0	0
15	-145	0	0
15	-140	0	0
15	-135	0	0
15	-130	0	0
15	-125	0	0
15	-120	0	0
15	-115	0	0
15	-110	0	0
15	-105	0	0
15	-100	0	0
15	-95	0	0
15	-90	0	0
15	-85	0	0
15	-80	0	0
15	-75	0	0
15	-70	0	0
15	-65	0	0
15	-60	0	0
15	-55	0	0
15	-50	0	0
15	-45	0	0
15	-40	0	0
15	-35	0	0
15	-30	0	0
15	-25	0	0
15	-20	0	0
15	-15	0	0
15	-10	0	0
15	-5	0	0
15	0	0	0
15	5	0	0
15	10	0	0
15	15	0	0
15	20	0	0
15	25	0	0
15	30	0	0
15	35	0	0
15	40	0	0
15	45	0	0
15	50	0	0
15	55	0	0
15	60	0	0
15	65	0	0
15	70	0	0
15	75	0	0
15	80	0	0
15	85	0	0
15	90	0	0
15	95	0	0
15	100	0	0
15	105	0	0
15	110	0	0
15	115	0	0
15	120	0	0
15	125	0	0
15	130	0	0
15	135	0	0
15	140	0	0
15	145	0	0
15	150	0	0
15	155	0	0
15	160	0	0
15	165	0	0
15	170	0	0
15	175	0	0
20	-180	0	0
20	-175	0	0
20	-170	0	0
20	-165	0	0
20	-160	0	0
20	-155	0	0
20	-150	0	0
20	-145	0	0
20	-140	0	0
20	-135	0	0
20	-130	0	0
20	-125	0	0
20	-120	0	0
20	-115	0	0
20	-110	0	0
20	-105	0	0
20	-100	0	0
20	-95	0	0
20	-90	0	0
20	-85	0	0
20	-80	0	0
20	-75	0	0
20	-70	0	0
20	-65	0	0
20	-60	0	0
20	-55	0	0
20	-50	0	0
20	-45	0	0
20	-40	0	0
20	-35	0	0
20	-30	0	0
20	-25	0	0
20	-20	0	0
20	-15	0	0
20	-10	0	0
20	-5	0	0
20	0	0	0
20	5	0	0
20	10	0	0
20	15	0	0
20	20	0	0
20	25	0	0
20	30	0	0
20	35	0	0
20	40	0	0
20	45	0	0
20	50	0	0
20	55	0	0
20	60	0	0
20	65	0	0
20	70	0	0
20	75	0	0
20	80	0	0
20	85	0	0
20	90	0	0
20	95	0	0
20	100	0	0
20	105	0	0
20	110	0	0
20	115	0	0
20	120	0	0
20	125	0	0
20	130	0	0
20	135	0	0
20	140	0	0
20	145	0	0
20	150	0	0
20	155	0	0
20	160	0	0
20	165	0	0
20	170	0	0
20	175	0	0
25	-180	0	0
25	-175	0	0
25	-170	0	0
25	-165	0	0
25	-160	0	0
25	-155	0	0
25	-150	0	0
25	-145	0	0
25	-140	0	0
25	-135	0	0
25	-130	0	0
25	-125	0	0
25	-120	0	0
25	-115	0	0
25	-110	0	0
25	-105	0	0
25	-100	0	0
25	-95	0	0
25	-90	0	0
25	-85	0	0
25	-80	0	0
25	-75	0	0
25	-70	0	0
25	-65	0	0
25	-60	0	0
25	-55	0	0
25	-50	0	0
25	-45	0	0
25	-40	0	0
25	-35	0	0
25	-30	0	0
25	-25	0	0
25	-20	0	0
25	-15	0	0
25	-10	0	0
25	-5	0	0
25	0	0	0
25	5	0	0
25	10	0	0
25	15	0	0
25	20	0	0
25	25	0	0
25	30	0	0
25	35	0	0
25	40	0	0
25	45	0	0
25	50	0	0
25	55	0	0
25	60	0	0
25	65	0	0
25	70	0	0
25	75	0	0
25	80	0	0
25	85	0	0
25	90	0	0
25	95	0	0
25	100	0	0
25	105	0	0
25	110	0	0
25	115	0	0
25	120	0	0
25	125	0	0
25	130	0	0
25	135	0	0
25	140	0	0
25	145	0	0
25	150	0	0
25	155	0	0
25	160	0	0
25	165	0	0
25	170	0	0
25	175	0	0
30	-180	0	0
30	-175	0	0
30	-170	0	0
30	-165	0	0
30	-160	0	0
30	-155	0	0
30	-150	0	0
30	-145	0	0
30	-140	0	0
30	-135	0	0
30	-130	0	0
30	-125	0	0
30	-120	0	0
30	-115	0	0
30	-110	0	0
30	-105	0	0
30	-100	0	0
30	-95	0	0
30	-90	0	0
30	-85	0	0
30	-80	0	0
30	-75	0	0
30	-70	0	0
30	-65	0	0
30	-60	0	0
30	-55	0	0
30	-50	0	0
30	-45	0	0
30	-40	0	0
30	-35	0	0
30	-30	0	0
30	-25	0	0
30	-20	0	0
30	-15	0	0
30	-10	0	0
30	-5	0	0
30	0	0	0
30	5	0	0
30	10	0	0
30	15	0	0
30	20	0	0
30	25	0	0
30	30	0	0
30	35	0	0
30	40	0	0
30	45	0	0
30	50	0	0
30	55	0	0
30	60	0	1
30	65	0	0
30	70	0	0
30	75	0	0
30	80	0	0
30	85	0	0
30	90	0	0
30	95	0	0
30	100	0	0
30	105	0	0
30	110	0	0
30	115	0	0
30	120	0	0
30	125	0	0
30	130	0	0
30	135	0	0
30	140	0	0
30	145	0	0
30	150	0	0
30	155	0	0
30	160	0	0
30	165	0	0
30	170	0	0
30	175	0	0
35	-180	0	0
35	-175	0	0
35	-170	0	0
35	-165	0	0
35	-160	0	0
35	-155	0	0
35	-150	0	0
35	-145	0	0
35	-140	0	0
35	-135	0	0
35	-130	0	0
35	-125	0	0
35	-120	0	0
35	-115	0	0
35	-110	0	0
35	-105	0	0
35	-100	0	0
35	-95	0	0
35	-90	0	0
35	-85	0	0
35	-80	0	0
35	-75	0	0
35	-70	0	0
35	-65	0	0
35	-60	0	0
35	-55	0	0
35	-50	0	0
35	-45	0	0
35	-40	0	0
35	-35	0	0
35	-30	0	0
35	-25	0	0
35	-20	0	0
35	-15	0	0
35	-10	0	0
35	-5	0	0
35	0	0	0
35	5	0	0
35	10	0	0
35	15	0	0
35	20	0	0
35	25	0	0
35	30	0	0
35	35	0	0
35	40	0	0
35	45	0	1
35	50	0	1
35	55	0	0
35	60	0	1
35	65	0	0
35	70	0	0
35	75	0	1
35	80	0	0
35	85	0	0
35	90	0	0
35	95	0	0
35	100	0	0
35	105	0	0
35	110	0	0
35	115	0	0
35	120	0	0
35	125	0	0
35	130	0	0
35	135	0	0
35	140	0	0
35	145	0	0
35	150	0	0
35	155	0	0
35	160	0	0
35	165	0	0
35	170	0	0
35	175	0	0
40	-180	0	0
40	-175	0	0
40	-170	0	0
40	-165	0	0
40	-160	0	0
40	-155	0	0
40	-150	0	0
40	-145	0	0
40	-140	0	0
40	-135	0	0
40	-130	0	0
40	-125	0	0
40	-120	0	0
40	-115	0	0
40	-110	0	0
40	-105	0	0
40	-100	0	0
40	-95	0	0
40	-90	0	0
40	-85	0	0
40	-80	0	0
40	-75	0	0
40	-70	0	0
40	-65	0	0
40	-60	0	0
40	-55	0	0
40	-50	0	0
40	-45	0	0
40	-40	0	0
40	-35	0	0
40	-30	0	0
40	-25	0	0
40	-20	0	0
40	-15	0	0
40	-10	0	0
40	-5	0	0
40	0	0	0
40	5	0	0
40	10	0	0
40	15	0	0
40	20	0	0
40	25	0	0
40	30	0	1
40	35	0	0
40	40	0	0
40	45	0	2
40	50	0	3
40	55	0	1
40	60	0	1
40	65	0	1
40	70	0	1
40	75	0	0
40	80	0	0
40	85	0	0
40	90	0	0
40	95	0	0
40	100	0	0
40	105	0	0
40	110	0	0
40	115	0	0
40	120	0	0
40	125	0	0
40	130	0	0
40	135	0	0
40	140	0	0
40	145	0	0
40	150	0	0
40	155	0	0
40	160	0	0
40	165	0	0
40	170	0	0
40	175	0	0
45	-180	0	0
45	-175	0	0
45	-170	0	0
45	-165	0	0
45	-160	0	0
45	-155	0	0
45	-150	0	0
45	-145	0	0
45	-140	0	0
45	-135	0	0
45	-130	0	0
45	-125	0	0
45	-120	0	0
45	-115	0	0
45	-110	0	0
45	-105	0	0
45	-100	0	0
45	-95	0	1
45	-90	0	0
45	-85	0	0
45	-80	0	0
45	-75	0	0
45	-70	0	0
45	-65	0	0
45	-60	0	0
45	-55	0	0
45	-50	0	0
45	-45	0	0
45	-40	0	0
45	-35	0	0
45	-30	0	0
45	-25	0	0
45	-20	0	0
45	-15	0	0
45	-10	0	0
45	-5	0	0
45	0	0	0
45	5	0	0
45	10	0	0
45	15	0	0
45	20	0	0
45	25	0	1
45	30	0	1
45	35	0	0
45	40	235.0	9
45	45	154.0	9
45	50	208.0	7
45	55	0	3
45	60	0	2
45	65	0	1
45	70	0	0
45	75	0	0
45	80	0	0
45	85	0	0
45	90	0	0
45	95	0	0
45	100	0	0
45	105	0	0
45	110	0	0
45	115	0	0
45	120	0	0
45	125	0	0
45	130	0	0
45	135	0	0
45	140	0	0
45	145	0	0
45	150	0	0
45	155	0	0
45	160	0	0
45	165	0	0
45	170	0	0
45	175	0	0
50	-180	0	0
50	-175	0	0
50	-170	0	0
50	-165	0	0
50	-160	0	0
50	-155	0	0
50	-150	0	0
50	-145	0	0
50	-140	0	0
50	-135	0	0
50	-130	0	2
50	-125	0	0
50	-120	0	0
50	-115	0	1
50	-110	0	0
50	-105	0	0
50	-100	0	0
50	-95	0	0
50	-90	0	0
50	-85	0	0
50	-80	0	0
50	-75	0	0
50	-70	0	0
50	-65	0	0
50	-60	0	0
50	-55	0	0
50	-50	0	0
50	-45	0	0
50	-40	0	0
50	-35	0	0
50	-30	0	0
50	-25	0	0
50	-20	0	0
50	-15	0	0
50	-10	0	0
50	-5	0	0
50	0	0	0
50	5	0	0
50	10	0	0
50	15	0	0
50	20	0	2
50	25	0	0
50	30	128.0	9
50	35	148.0	16
50	40	237.0	10
50	45	149.0	12
50	50	215.0	7
50	55	0	2
50	60	199.0	5
50	65	0	0
50	70	0	0
50	75	0	0
50	80	0	0
50	85	0	0
50	90	0	0
50	95	0	0
50	100	0	0
50	105	0	0
50	110	0	0
50	115	0	0
50	120	0	0
50	125	0	0
50	130	0	0
50	135	0	0
50	140	0	0
50	145	0	0
50	150	0	0
50	155	0	0
50	160	0	0
50	165	0	0
50	170	0	0
50	175	0	0
55	-180	0	0
55	-175	0	0
55	-170	0	0
55	-165	0	0
55	-160	0	0
55	-155	0	0
55	-150	0	0
55	-145	0	1
55	-140	0	0
55	-135	0	1
55	-130	0	0
55	-125	0	0
55	-120	0	0
55	-115	0	0
55	-110	0	0
55	-105	0	1
55	-100	0	0
55	-95	0	0
55	-90	0	0
55	-85	0	0
55	-80	0	0
55	-75	0	0
55	-70	0	0
55	-65	0	0
55	-60	0	0
55	-55	0	1
55	-50	0	0
55	-45	0	0
55	-40	0	0
55	-35	0	0
55	-30	0	0
55	-25	0	0
55	-20	0	0
55	-15	0	0
55	-10	0	0
55	-5	0	0
55	0	0	0
55	5	0	0
55	10	0	0
55	15	0	2
55	20	71.0	7
55	25	220.0	8
55	30	194.0	12
55	35	164.0	11
55	40	137.0	8
55	45	103.0	5
55	50	193.0	5
55	55	0	3
55	60	0	1
55	65	0	0
55	70	0	0
55	75	0	0
55	80	0	0
55	85	0	0
55	90	0	0
55	95	0	0
55	100	0	0
55	105	0	0
55	110	0	0
55	115	0	0
55	120	0	0
55	125	0	0
55	130	0	0
55	135	0	0
55	140	0	0
55	145	0	0
55	150	0	0
55	155	0	0
55	160	0	0
55	165	0	0
55	170	0	0
55	175	0	0
60	-180	0	0
60	-175	0	0
60	-170	0	0
60	-165	0	0
60	-160	0	0
60	-155	0	0
60	-150	0	0
60	-145	0	0
60	-140	0	0
60	-135	0	1
60	-130	0	0
60	-125	0	0
60	-120	0	0
60	-115	0	0
60	-110	0	0
60	-105	0	0
60	-100	0	0
60	-95	0	0
60	-90	0	0
60	-85	0	0
60	-80	0	0
60	-75	0	0
60	-70	0	0
60	-65	0	0
60	-60	0	0
60	-55	0	0
60	-50	0	0
60	-45	0	0
60	-40	0	0
60	-35	0	0
60	-30	0	0
60	-25	0	0
60	-20	0	0
60	-15	0	0
60	-10	0	0
60	-5	0	0
60	0	0	0
60	5	0	1
60	10	142.0	5
60	15	165.0	14
60	20	154.0	8
60	25	227.0	12
60	30	222.0	13
60	35	0	4
60	40	0	3
60	45	0	3
60	50	0	2
60	55	0	0
60	60	0	0
60	65	0	0
60	70	0	0
60	75	0	0
60	80	0	1
60	85	0	0
60	90	0	0
60	95	0	0
60	100	0	0
60	105	0	0
60	110	0	0
60	115	0	0
60	120	0	0
60	125	0	0
60	130	0	0
60	135	0	0
60	140	0	0
60	145	0	0
60	150	0	0
60	155	0	0
60	160	0	0
60	165	0	0
60	170	0	0
60	175	0	0
65	-180	0	1
65	-175	0	0
65	-170	0	0
65	-165	0	0
65	-160	0	0
65	-155	0	0
65	-150	0	0
65	-145	0	1
65	-140	0	0
65	-135	0	0
65	-130	0	0
65	-125	0	2
65	-120	0	0
65	-115	0	0
65	-110	0	1
65	-105	0	0
65	-100	0	0
65	-95	0	1
65	-90	0	0
65	-85	0	0
65	-80	0	1
65	-75	0	0
65	-70	0	0
65	-65	0	0
65	-60	0	0
65	-55	0	0
65	-50	0	0
65	-45	0	0
65	-40	0	2
65	-35	0	0
65	-30	0	0
65	-25	0	1
65	-20	0	1
65	-15	0	0
65	-10	0	0
65	-5	0	1
65	0	0	2
65	5	0	2
65	10	169.0	5
65	15	172.0	9
65	20	219.0	13
65	25	93.0	5
65	30	0	1
65	35	0	2
65	40	0	0
65	45	0	0
65	50	0	1
65	55	0	4
65	60	0	0
65	65	0	1
65	70	0	0
65	75	0	0
65	80	0	0
65	85	0	0
65	90	0	0
65	95	0	0
65	100	0	0
65	105	0	0
65	110	0	0
65	115	0	0
65	120	0	0
65	125	0	0
65	130	0	0
65	135	0	0
65	140	0	0
65	145	0	0
65	150	0	0
65	155	0	0
65	160	0	0
65	165	0	0
65	170	0	0
65	175	0	0
70	-180	0	0
70	-175	0	0
70	-170	0	0
70	-165	0	0
70	-160	0	0
70	-155	0	0
70	-150	0	0
70	-145	0	0
70	-140	0	0
70	-135	0	0
70	-130	0	0
70	-125	0	0
70	-120	0	0
70	-115	0	0
70	-110	0	0
70	-105	0	0
70	-100	0	0
70	-95	0	0
70	-90	0	0
70	-85	0	0
70	-80	0	0
70	-75	0	0
70	-70	0	1
70	-65	0	0
70	-60	0	1
70	-55	0	1
70	-50	0	1
70	-45	0	1
70	-40	0	1
70	-35	0	1
70	-30	0	0
70	-25	0	0
70	-20	0	0
70	-15	0	1
70	-10	0	0
70	-5	0	2
70	0	240.0	11
70	5	0	4
70	10	0	3
70	15	0	2
70	20	0	3
70	25	0	0
70	30	0	0
70	35	0	1
70	40	0	0
70	45	0	0
70	50	0	0
70	55	0	0
70	60	0	0
70	65	0	2
70	70	0	0
70	75	0	0
70	80	0	0
70	85	0	0
70	90	0	0
70	95	0	0
70	100	0	0
70	105	0	0
70	110	0	0
70	115	0	0
70	120	0	0
70	125	0	0
70	130	0	0
70	135	0	0
70	140	0	0
70	145	0	0
70	150	0	0
70	155	0	0
70	160	0	0
70	165	0	0
70	170	0	0
70	175	0	0
75	-180	0	0
75	-175	0	1
75	-170	0	0
75	-165	0	0
75	-160	0	1
75	-155	0	0
75	-150	0	0
75	-145	0	0
75	-140	0	0
75	-135	0	0
75	-130	0	0
75	-125	0	0
75	-120	0	0
75	-115	0	0
75	-110	0	0
75	-105	0	0
75	-100	0	0
75	-95	0	0
75	-90	0	0
75	-85	0	0
75	-80	0	0
75	-75	0	0
75	-70	0	0
75	-65	0	0
75	-60	0	0
75	-55	0	1
75	-50	0	0
75	-45	0	1
75	-40	0	1
75	-35	0	0
75	-30	0	0
75	-25	0	2
75	-20	0	0
75	-15	0	1
75	-10	0	2
75	-5	0	2
75	0	0	4
75	5	0	3
75	10	0	0
75	15	0	0
75	20	0	1
75	25	0	0
75	30	0	0
75	35	0	0
75	40	0	0
75	45	0	0
75	50	0	0
75	55	0	0
75	60	0	0
75	65	0	1
75	70	0	0
75	75	0	0
75	80	0	0
75	85	0	0
75	90	0	0
75	95	0	0
75	100	0	0
75	105	0	0
75	110	0	0
75	115	0	0
75	120	0	0
75	125	0	0
75	130	0	0
75	135	0	0
75	140	0	0
75	145	0	0
75	150	0	1
75	155	0	0
75	160	0	0
75	165	0	0
75	170	0	0
75	175	0	0
80	-180	0	0
80	-175	0	0
80	-170	0	0
80	-165	0	0
80	-160	0	0
80	-155	0	0
80	-150	0	0
80	-145	0	0
80	-140	0	0
80	-135	0	0
80	-130	0	0
80	-125	0	0
80	-120	0	0
80	-115	0	0
80	-110	0	0
80	-105	0	0
80	-100	0	0
80	-95	0	0
80	-90	0	0
80	-85	0	0
80	-80	0	1
80	-75	0	0
80	-70	0	0
80	-65	0	0
80	-60	0	0
80	-55	0	0
80	-50	0	1
80	-45	0	0
80	-40	0	0
80	-35	0	0
80	-30	0	0
80	-25	0	0
80	-20	0	0
80	-15	0	0
80	-10	0	1
80	-5	0	3
80	0	0	0
80	5	0	0
80	10	0	1
80	15	0	1
80	20	0	0
80	25	0	0
80	30	0	0
80	35	0	0
80	40	0	0
80	45	0	0
80	50	0	0
80	55	0	0
80	60	0	0
80	65	0	0
80	70	0	0
80	75	0	0
80	80	0	0
80	85	0	0
80	90	0	0
80	95	0	0
80	100	0	0
80	105	0	0
80	110	0	0
80	115	0	0
80	120	0	0
80	125	0	0
80	130	0	0
80	135	0	0
80	140	0	0
80	145	0	0
80	150	0	0
80	155	0	0
80	160	0	0
80	165	0	0
80	170	0	0
80	175	0	0
85	-180	0	0
85	-175	0	0
85	-170	0	0
85	-165	0	0
85	-160	0	0
85	-155	0	0
85	-150	0	0
85	-145	0	0
85	-140	0	0
85	-135	0	0
85	-130	0	0
85	-125	0	0
85	-120	0	0
85	-115	0	0
85	-110	0	0
85	-105	0	0
85	-100	0	0
85	-95	0	0
85	-90	0	0
85	-85	0	1
85	-80	0	0
85	-75	0	0
85	-70	0	0
85	-65	0	0
85	-60	0	0
85	-55	0	0
85	-50	0	0
85	-45	0	0
85	-40	0	0
85	-35	0	0
85	-30	0	0
85	-25	0	0
85	-20	0	0
85	-15	0	0
85	-10	0	0
85	-5	0	0
85	0	0	0
85	5	0	0
85	10	0	0
85	15	0	0
85	20	0	0
85	25	0	0
85	30	0	0
85	35	0	0
85	40	0	0
85	45	0	0
85	50	0	0
85	55	0	0
85	60	0	0
85	65	0	0
85	70	0	0
85	75	0	0
85	80	0	0
85	85	0	0
85	90	0	0
85	95	0	0
85	100	0	0
85	105	0	0
85	110	0	0
85	115	0	0
85	120	0	0
85	125	0	0
85	130	0	0
85	135	0	0
85	140	0	0
85	145	0	0
85	150	0	0
85	155	0	0
85	160	0	0
85	165	0	0
85	170	0	0
85	175	0	0
90	-180	0	0
90	-175	0	0
90	-170	0	0
90	-165	0	0
90	-160	0	0
90	-155	0	0
90	-150	0	0
90	-145	0	0
90	-140	0	0
90	-135	0	0
90	-130	0	0
90	-125	0	0
90	-120	0	0
90	-115	0	0
90	-110	0	0
90	-105	0	0
90	-100	0	0
90	-95	0	0
90	-90	0	0
90	-85	0	0
90	-80	0	0
90	-75	0	0
90	-70	0	0
90	-65	0	0
90	-60	0	0
90	-55	0	0
90	-50	0	0
90	-45	0	0
90	-40	0	0
90	-35	0	0
90	-30	0	0
90	-25	0	0
90	-20	0	0
90	-15	0	0
90	-10	0	0
90	-5	0	0
90	0	0	0
90	5	0	0
90	10	0	0
90	15	0	0
90	20	0	0
90	25	0	0
90	30	0	0
90	35	0	0
90	40	0	0
90	45	0	0
90	50	0	0
90	55	0	0
90	60	0	0
90	65	0	0
90	70	0	0
90	75	0	0
90	80	0	0
90	85	0	0
90	90	0	0
90	95	0	0
90	100	0	0
90	105	0	0
90	110	0	0
90	115	0	0
90	120	0	0
90	125	0	0
90	130	0	0
90	135	0	0
90	140	0	0
90	145	0	0
90	150	0	0
90	155	0	0
90	160	0	0
90	165	0	0
90	170	0	0
90	175	0	0
95	-180	0	0
95	-175	0	0
95	-170	0	0
95	-165	0	0
95	-160	0	0
95	-155	0	0
95	-150	0	0
95	-145	0	0
95	-140	0	0
95	-135	0	0
95	-130	0	0
95	-125	0	0
95	-120	0	0
95	-115	0	0
95	-110	0	0
95	-105	0	0
95	-100	0	0
95	-95	0	0
95	-90	0	0
95	-85	0	0
95	-80	0	0
95	-75	0	0
95	-70	0	0
95	-65	0	0
95	-60	0	0
95	-55	0	0
95	-50	0	0
95	-45	0	0
95	-40	0	0
95	-35	0	0
95	-30	0	0
95	-25	0	0
95	-20	0	0
95	-15	0	0
95	-10	0	0
95	-5	0	0
95	0	0	0
95	5	0	0
95	10	0	0
95	15	0	0
95	20	0	0
95	25	0	0
95	30	0	0
95	35	0	0
95	40	0	0
95	45	0	0
95	50	0	0
95	55	0	0
95	60	0	0
95	65	0	0
95	70	0	0
95	75	0	0
95	80	0	0
95	85	0	0
95	90	0	0
95	95	0	0
95	100	0	0
95	105	0	0
95	110	0	0
95	115	0	0
95	120	0	0
95	125	0	0
95	130	0	0
95	135	0	0
95	140	0	0
95	145	0	0
95	150	0	0
95	155	0	0
95	160	0	0
95	165	0	0
95	170	0	0
95	175	0	0
100	-180	0	0
100	-175	0	0
100	-170	0	0
100	-165	0	0
100	-160	0	0
100	-155	0	0
100	-150	0	0
100	-145	0	0
100	-140	0	0
100	-135	0	0
100	-130	0	0
100	-125	0	0
100	-120	0	0
100	-115	0	0
100	-110	0	0
100	-105	0	0
100	-100	0	0
100	-95	0	0
100	-90	0	0
100	-85	0	0
100	-80	0	0
100	-75	0	0
100	-70	0	0
100	-65	0	0
100	-60	0	0
100	-55	0	0
100	-50	0	1
100	-45	0	0
100	-40	0	0
100	-35	0	0
100	-30	0	0
100	-25	0	0
100	-20	0	0
100	-15	0	0
100	-10	0	0
100	-5	0	0
100	0	0	0
100	5	0	0
100	10	0	0
100	15	0	0
100	20	0	0
100	25	0	0
100	30	0	0
100	35	0	0
100	40	0	0
100	45	0	0
100	50	0	0
100	55	0	0
100	60	0	0
100	65	0	0
100	70	0	0
100	75	0	0
100	80	0	0
100	85	0	0
100	90	0	0
100	95	0	0
100	100	0	0
100	105	0	0
100	110	0	0
100	115	0	0
100	120	0	0
100	125	0	0
100	130	0	0
100	135	0	0
100	140	0	0
100	145	0	0
100	150	0	0
100	155	0	0
100	160	0	0
100	165	0	0
100	170	0	0
100	175	0	0
105	-180	0	0
105	-175	0	0
105	-170	0	0
105	-165	0	0
105	-160	0	0
105	-155	0	0
105	-150	0	0
105	-145	0	0
105	-140	0	0
105	-135	0	0
105	-130	0	0
105	-125	0	0
105	-120	0	0
105	-115	0	0
105	-110	0	0
105	-105	0	0
105	-100	0	0
105	-95	0	0
105	-90	0	0
105	-85	0	0
105	-80	0	0
105	-75	0	0
105	-70	0	0
105	-65	0	0
105	-60	0	0
105	-55	0	0
105	-50	0	0
105	-45	0	0
105	-40	0	0
105	-35	0	0
105	-30	0	0
105	-25	0	0
105	-20	0	0
105	-15	0	0
105	-10	0	0
105	-5	0	0
105	0	0	0
105	5	0	0
105	10	0	0
105	15	0	0
105	20	0	0
105	25	0	0
105	30	0	0
105	35	0	0
105	40	0	0
105	45	0	0
105	50	0	0
105	55	0	0
105	60	0	0
105	65	0	0
105	70	0	0
105	75	0	0
105	80	0	0
105	85	0	0
105	90	0	0
105	95	0	0
105	100	0	0
105	105	0	0
105	110	0	0
105	115	0	0
105	120	0	0
105	125	0	0
105	130	0	0
105	135	0	0
105	140	0	0
105	145	0	0
105	150	0	0
105	155	0	0
105	160	0	0
105	165	0	0
105	170	0	0
105	175	0	0
110	-180	0	0
110	-175	0	0
110	-170	0	0
110	-165	0	0
110	-160	0	0
110	-155	0	0
110	-150	0	0
110	-145	0	0
110	-140	0	0
110	-135	0	0
110	-130	0	0
110	-125	0	0
110	-120	0	0
110	-115	0	0
110	-110	0	0
110	-105	0	0
110	-100	0	0
110	-95	0	0
110	-90	0	0
110	-85	0	0
110	-80	0	0
110	-75	0	0
110	-70	0	0
110	-65	0	0
110	-60	0	0
110	-55	0	0
110	-50	0	0
110	-45	0	0
110	-40	0	0
110	-35	0	0
110	-30	0	0
110	-25	0	0
110	-20	0	0
110	-15	0	0
110	-10	0	0
110	-5	0	0
110	0	0	0
110	5	0	0
110	10	0	0
110	15	0	0
110	20	0	0
110	25	0	1
110	30	0	0
110	35	0	0
110	40	0	0
110	45	0	0
110	50	0	0
110	55	0	0
110	60	0	0
110	65	0	0
110	70	0	0
110	75	0	0
110	80	0	0
110	85	0	0
110	90	0	0
110	95	0	0
110	100	0	0
110	105	0	0
110	110	0	0
110	115	0	0
110	120	0	0
110	125	0	0
110	130	0	0
110	135	0	0
110	140	0	0
110	145	0	0
110	150	0	0
110	155	0	0
110	160	0	0
110	165	0	0
110	170	0	0
110	175	0	0
115	-180	0	0
115	-175	0	0
115	-170	0	0
115	-165	0	0
115	-160	0	0
115	-155	0	0
115	-150	0	0
115	-145	0	0
115	-140	0	0
115	-135	0	0
115	-130	0	0
115	-125	0	0
115	-120	0	0
115	-115	0	0
115	-110	0	0
115	-105	0	0
115	-100	0	0
115	-95	0	0
115	-90	0	0
115	-85	0	0
115	-80	0	0
115	-75	0	0
115	-70	0	0
115	-65	0	0
115	-60	0	0
115	-55	0	0
115	-50	0	0
115	-45	0	0
115	-40	0	0
115	-35	0	0
115	-30	0	0
115	-25	0	0
115	-20	0	0
115	-15	0	0
115	-10	0	0
115	-5	0	0
115	0	0	0
115	5	0	0
115	10	0	0
115	15	0	0
115	20	0	0
115	25	0	0
115	30	0	0
115	35	0	0
115	40	0	0
115	45	0	0
115	50	0	0
115	55	0	0
115	60	0	0
115	65	0	0
115	70	0	0
115	75	0	0
115	80	0	0
115	85	0	0
115	90	0	0
115	95	0	0
115	100	0	0
115	105	0	0
115	110	0	0
115	115	0	0
115	120	0	0
115	125	0	0
115	130	0	0
115	135	0	0
115	140	0	0
115	145	0	0
115	150	0	0
115	155	0	0
115	160	0	0
115	165	0	0
115	170	0	0
115	175	0	0
120	-180	0	0
120	-175	0	0
120	-170	0	0
120	-165	0	0
120	-160	0	0
120	-155	0	0
120	-150	0	0
120	-145	0	0
120	-140	0	0
120	-135	0	0
120	-130	0	0
120	-125	0	0
120	-120	0	0
120	-115	0	0
120	-110	0	0
120	-105	0	0
120	-100	0	0
120	-95	0	0
120	-90	0	0
120	-85	0	0
120	-80	0	0
120	-75	0	0
120	-70	0	0
120	-65	0	0
120	-60	0	0
120	-55	0	0
120	-50	0	0
120	-45	0	0
120	-40	0	0
120	-35	0	0
120	-30	0	0
120	-25	0	0
120	-20	0	0
120	-15	0	0
120	-10	0	0
120	-5	0	0
120	0	0	0
120	5	0	0
120	10	0	0
120	15	0	0
120	20	0	0
120	25	0	0
120	30	0	0
120	35	0	0
120	40	0	0
120	45	0	0
120	50	0	0
120	55	0	0
120	60	0	0
120	65	0	0
120	70	0	0
120	75	0	0
120	80	0	0
120	85	0	0
120	90	0	0
120	95	0	0
120	100	0	0
120	105	0	0
120	110	0	0
120	115	0	0
120	120	0	0
120	125	0	0
120	130	0	0
120	135	0	0
120	140	0	0
120	145	0	0
120	150	0	0
120	155	0	0
120	160	0	0
120	165	0	0
120	170	0	0
120	175	0	0
125	-180	0	0
125	-175	0	0
125	-170	0	0
125	-165	0	0
125	-160	0	0
125	-155	0	0
125	-150	0	0
125	-145	0	0
125	-140	0	0
125	-135	0	0
125	-130	0	0
125	-125	0	0
125	-120	0	0
125	-115	0	0
125	-110	0	0
125	-105	0	0
125	-100	0	0
125	-95	0	0
125	-90	0	0
125	-85	0	0
125	-80	0	0
125	-75	0	0
125	-70	0	0
125	-65	0	0
125	-60	0	0
125	-55	0	0
125	-50	0	0
125	-45	0	0
125	-40	0	0
125	-35	0	0
125	-30	0	0
125	-25	0	0
125	-20	0	0
125	-15	0	0
125	-10	0	0
125	-5	0	0
125	0	0	0
125	5	0	0
125	10	0	0
125	15	0	0
125	20	0	0
125	25	0	0
125	30	0	0
125	35	0	0
125	40	0	0
125	45	0	0
125	50	0	0
125	55	0	0
125	60	0	0
125	65	0	0
125	70	0	0
125	75	0	0
125	80	0	0
125	85	0	0
125	90	0	0
125	95	0	0
125	100	0	0
125	105	0	0
125	110	0	0
125	115	0	0
125	120	0	0
125	125	0	0
125	130	0	0
125	135	0	0
125	140	0	0
125	145	0	0
125	150	0	0
125	155	0	0
125	160	0	0
125	165	0	0
125	170	0	0
125	175	0	0
130	-180	0	0
130	-175	0	0
130	-170	0	0
130	-165	0	0
130	-160	0	0
130	-155	0	0
130	-150	0	0
130	-145	0	0
130	-140	0	0
130	-135	0	0
130	-130	0	0
130	-125	0	0
130	-120	0	0
130	-115	0	0
130	-110	0	0
130	-105	0	0
130	-100	0	0
130	-95	0	0
130	-90	0	0
130	-85	0	0
130	-80	0	0
130	-75	0	0
130	-70	0	0
130	-65	0	0
130	-60	0	0
130	-55	0	0
130	-50	0	0
130	-45	0	0
130	-40	0	0
130	-35	0	0
130	-30	0	0
130	-25	0	0
130	-20	0	0
130	-15	0	0
130	-10	0	0
130	-5	0	0
130	0	0	0
130	5	0	0
130	10	0	0
130	15	0	0
130	20	0	0
130	25	0	0
130	30	0	0
130	35	0	0
130	40	0	0
130	45	0	0
130	50	0	0
130	55	0	0
130	60	0	0
130	65	0	0
130	70	0	0
130	75	0	0
130	80	0	0
130	85	0	0
130	90	0	0
130	95	0	0
130	100	0	0
130	105	0	0
130	110	0	0
130	115	0	0
130	120	0	0
130	125	0	0
130	130	0	0
130	135	0	0
130	140	0	0
130	145	0	0
130	150	0	0
130	155	0	0
130	160	0	0
130	165	0	0
130	170	0	0
130	175	0	0
135	-180	0	0
135	-175	0	0
135	-170	0	0
135	-165	0	0
135	-160	0	0
135	-155	0	0
135	-150	0	0
135	-145	0	0
135	-140	0	0
135	-135	0	0
135	-130	0	0
135	-125	0	0
135	-120	0	0
135	-115	0	0
135	-110	0	0
135	-105	0	0
135	-100	0	0
135	-95	0	0
135	-90	0	0
135	-85	0	0
135	-80	0	0
135	-75	0	0
135	-70	0	0
135	-65	0	0
135	-60	0	0
135	-55	0	0
135	-50	0	0
135	-45	0	0
135	-40	0	0
135	-35	0	0
135	-30	0	0
135	-25	0	0
135	-20	0	0
135	-15	0	0
135	-10	0	0
135	-5	0	0
135	0	0	0
135	5	0	0
135	10	0	0
135	15	0	0
135	20	0	0
135	25	0	0
135	30	0	0
135	35	0	0
135	40	0	0
135	45	0	0
135	50	0	0
135	55	0	0
135	60	0	0
135	65	0	0
135	70	0	0
135	75	0	0
135	80	0	0
135	85	0	0
135	90	0	0
135	95	0	0
135	100	0	0
135	105	0	0
135	110	0	0
135	115	0	0
135	120	0	0
135	125	0	0
135	130	0	0
135	135	0	0
135	140	0	0
135	145	0	0
135	150	0	0
135	155	0	0
135	160	0	0
135	165	0	0
135	170	0	0
135	175	0	0
140	-180	0	0
140	-175	0	0
140	-170	0	0
140	-165	0	0
140	-160	0	0
140	-155	0	0
140	-150	0	0
140	-145	0	0
140	-140	0	0
140	-135	0	0
140	-130	0	0
140	-125	0	0
140	-120	0	0
140	-115	0	0
140	-110	0	0
140	-105	0	0
140	-100	0	0
140	-95	0	0
140	-90	0	0
140	-85	0	0
140	-80	0	0
140	-75	0	0
140	-70	0	0
140	-65	0	0
140	-60	0	0
140	-55	0	0
140	-50	0	0
140	-45	0	0
140	-40	0	0
140	-35	0	0
140	-30	0	0
140	-25	0	0
140	-20	0	0
140	-15	0	0
140	-10	0	0
140	-5	0	0
140	0	0	0
140	5	0	0
140	10	0	0
140	15	0	0
140	20	0	0
140	25	0	0
140	30	0	0
140	35	0	0
140	40	0	0
140	45	0	0
140	50	0	0
140	55	0	0
140	60	0	0
140	65	0	0
140	70	0	0
140	75	0	0
140	80	0	0
140	85	0	0
140	90	0	0
140	95	0	0
140	100	0	0
140	105	0	0
140	110	0	0
140	115	0	0
140	120	0	0
140	125	0	0
140	130	0	0
140	135	0	0
140	140	0	0
140	145	0	0
140	150	0	0
140	155	0	0
140	160	0	0
140	165	0	0
140	170	0	0
140	175	0	0
145	-180	0	0
145	-175	0	0
145	-170	0	0
145	-165	0	0
145	-160	0	0
145	-155	0	0
145	-150	0	0
145	-145	0	0
145	-140	0	0
145	-135	0	0
145	-130	0	0
145	-125	0	0
145	-120	0	0
145	-115	0	0
145	-110	0	0
145	-105	0	0
145	-100	0	0
145	-95	0	0
145	-90	0	0
145	-85	0	0
145	-80	0	0
145	-75	0	0
145	-70	0	0
145	-65	0	0
145	-60	0	0
145	-55	0	0
145	-50	0	0
145	-45	0	0
145	-40	0	0
145	-35	0	0
145	-30	0	0
145	-25	0	0
145	-20	0	0
145	-15	0	0
145	-10	0	0
145	-5	0	0
145	0	0	0
145	5	0	0
145	10	0	0
145	15	0	0
145	20	0	0
145	25	0	0
145	30	0	0
145	35	0	0
145	40	0	0
145	45	0	0
145	50	0	0
145	55	0	0
145	60	0	0
145	65	0	0
145	70	0	0
145	75	0	0
145	80	0	0
145	85	0	0
145	90	0	0
145	95	0	0
145	100	0	0
145	105	0	0
145	110	0	0
145	115	0	0
145	120	0	0
145	125	0	0
145	130	0	0
145	135	0	0
145	140	0	0
145	145	0	0
145	150	0	0
145	155	0	0
145	160	0	0
145	165	0	0
145	170	0	0
145	175	0	0
150	-180	0	0
150	-175	0	0
150	-170	0	0
150	-165	0	0
150	-160	0	0
150	-155	0	0
150	-150	0	0
150	-145	0	0
150	-140	0	0
150	-135	0	0
150	-130	0	0
150	-125	0	0
150	-120	0	0
150	-115	0	0
150	-110	0	0
150	-105	0	0
150	-100	0	0
150	-95	0	0
150	-90	0	0
150	-85	0	0
150	-80	0	0
150	-75	0	0
150	-70	0	0
150	-65	0	0
150	-60	0	0
150	-55	0	0
150	-50	0	0
150	-45	0	0
150	-40	0	0
150	-35	0	0
150	-30	0	0
150	-25	0	0
150	-20	0	0
150	-15	0	0
150	-10	0	0
150	-5	0	0
150	0	0	0
150	5	0	0
150	10	0	0
150	15	0	0
150	20	0	0
150	25	0	0
150	30	0	0
150	35	0	0
150	40	0	0
150	45	0	0
150	50	0	0
150	55	0	0
150	60	0	0
150	65	0	0
150	70	0	0
150	75	0	0
150	80	0	0
150	85	0	0
150	90	0	0
150	95	0	0
150	100	0	0
150	105	0	0
150	110	0	0
150	115	0	0
150	120	0	0
150	125	0	0
150	130	0	0
150	135	0	0
150	140	0	0
150	145	0	0
150	150	0	0
150	155	0	0
150	160	0	0
150	165	0	0
150	170	0	0
150	175	0	0
155	-180	0	0
155	-175	0	0
155	-170	0	0
155	-165	0	0
155	-160	0	0
155	-155	0	0
155	-150	0	0
155	-145	0	0
155	-140	0	0
155	-135	0	0
155	-130	0	0
155	-125	0	0
155	-120	0	0
155	-115	0	0
155	-110	0	0
155	-105	0	0
155	-100	0	0
155	-95	0	0
155	-90	0	0
155	-85	0	0
155	-80	0	0
155	-75	0	0
155	-70	0	0
155	-65	0	0
155	-60	0	0
155	-55	0	0
155	-50	0	0
155	-45	0	0
155	-40	0	0
155	-35	0	0
155	-30	0	0
155	-25	0	0
155	-20	0	0
155	-15	0	0
155	-10	0	0
155	-5	0	0
155	0	0	0
155	5	0	0
155	10	0	0
155	15	0	0
155	20	0	0
155	25	0	0
155	30	0	0
155	35	0	0
155	40	0	0
155	45	0	0
155	50	0	0
155	55	0	0
155	60	0	0
155	65	0	0
155	70	0	0
155	75	0	0
155	80	0	0
155	85	0	0
155	90	0	0
155	95	0	0
155	100	0	0
155	105	0	0
155	110	0	0
155	115	0	0
155	120	0	0
155	125	0	1
155	130	0	0
155	135	0	0
155	140	0	0
155	145	0	0
155	150	0	0
155	155	0	0
155	160	0	0
155	165	0	0
155	170	0	0
155	175	0	0
160	-180	0	0
160	-175	0	0
160	-170	0	0
160	-165	0	0
160	-160	0	0
160	-155	0	0
160	-150	0	0
160	-145	0	0
160	-140	0	0
160	-135	0	0
160	-130	0	0
160	-125	0	0
160	-120	0	0
160	-115	0	0
160	-110	0	0
160	-105	0	0
160	-100	0	0
160	-95	0	0
160	-90	0	0
160	-85	0	0
160	-80	0	0
160	-75	0	0
160	-70	0	0
160	-65	0	0
160	-60	0	0
160	-55	0	0
160	-50	0	0
160	-45	0	0
160	-40	0	0
160	-35	0	0
160	-30	0	0
160	-25	0	0
160	-20	0	0
160	-15	0	0
160	-10	0	0
160	-5	0	0
160	0	0	0
160	5	0	0
160	10	0	0
160	15	0	0
160	20	0	0
160	25	0	0
160	30	0	0
160	35	0	0
160	40	0	0
160	45	0	0
160	50	0	0
160	55	0	0
160	60	0	0
160	65	0	0
160	70	0	0
160	75	0	0
160	80	0	0
160	85	0	0
160	90	0	0
160	95	0	0
160	100	0	0
160	105	0	0
160	110	0	0
160	115	0	0
160	120	0	0
160	125	0	0
160	130	0	0
160	135	0	0
160	140	0	0
160	145	0	0
160	150	0	0
160	155	0	0
160	160	0	0
160	165	0	0
160	170	0	0
160	175	0	0
165	-180	0	0
165	-175	0	0
165	-170	0	0
165	-165	0	0
165	-160	0	0
165	-155	0	0
165	-150	0	0
165	-145	0	0
165	-140	0	0
165	-135	0	0
165	-130	0	0
165	-125	0	0
165	-120	0	0
165	-115	0	0
165	-110	0	0
165	-105	0	0
165	-100	0	0
165	-95	0	0
165	-90	0	0
165	-85	0	0
165	-80	0	0
165	-75	0	0
165	-70	0	0
165	-65	0	0
165	-60	0	0
165	-55	0	0
165	-50	0	0
165	-45	0	0
165	-40	0	0
165	-35	0	0
165	-30	0	0
165	-25	0	0
165	-20	0	0
165	-15	0	0
165	-10	0	0
165	-5	0	0
165	0	0	0
165	5	0	0
165	10	0	0
165	15	0	0
165	20	0	0
165	25	0	0
165	30	0	0
165	35	0	0
165	40	0	0
165	45	0	0
165	50	0	0
165	55	0	0
165	60	0	0
165	65	0	0
165	70	0	0
165	75	0	0
165	80	0	0
165	85	0	0
165	90	0	0
165	95	0	0
165	100	0	0
165	105	0	0
165	110	0	0
165	115	0	0
165	120	0	0
165	125	0	0
165	130	0	0
165	135	0	0
165	140	0	0
165	145	0	0
165	150	0	0
165	155	0	0
165	160	0	0
165	165	0	0
165	170	0	0
165	175	0	0
170	-180	0	0
170	-175	0	0
170	-170	0	0
170	-165	0	0
170	-160	0	0
170	-155	0	0
170	-150	0	0
170	-145	0	0
170	-140	0	0
170	-135	0	0
170	-130	0	0
170	-125	0	0
170	-120	0	0
170	-115	0	0
170	-110	0	0
170	-105	0	0
170	-100	0	0
170	-95	0	0
170	-90	0	0
170	-85	0	0
170	-80	0	0
170	-75	0	0
170	-70	0	0
170	-65	0	0
170	-60	0	0
170	-55	0	0
170	-50	0	0
170	-45	0	0
170	-40	0	0
170	-35	0	0
170	-30	0	0
170	-25	0	0
170	-20	0	0
170	-15	0	0
170	-10	0	0
170	-5	0	0
170	0	0	0
170	5	0	0
170	10	0	0
170	15	0	0
170	20	0	0
170	25	0	0
170	30	0	0
170	35	0	0
170	40	0	0
170	45	0	0
170	50	0	0
170	55	0	0
170	60	0	0
170	65	0	0
170	70	0	0
170	75	0	0
170	80	0	0
170	85	0	0
170	90	0	0
170	95	0	0
170	100	0	0
170	105	0	0
170	110	0	0
170	115	0	0
170	120	0	0
170	125	0	0
170	130	0	0
170	135	0	0
170	140	0	0
170	145	0	0
170	150	0	0
170	155	0	0
170	160	0	0
170	165	0	0
170	170	0	0
170	175	0	0
175	-180	0	0
175	-175	0	0
175	-170	0	0
175	-165	0	0
175	-160	0	0
175	-155	0	0
175	-150	0	0
175	-145	0	0
175	-140	0	0
175	-135	0	0
175	-130	0	0
175	-125	0	0
175	-120	0	0
175	-115	0	0
175	-110	0	0
175	-105	0	0
175	-100	0	0
175	-95	0	0
175	-90	0	0
175	-85	0	0
175	-80	0	0
175	-75	0	0
175	-70	0	0
175	-65	0	0
175	-60	0	0
175	-55	0	0
175	-50	0	0
175	-45	0	0
175	-40	0	0
175	-35	0	0
175	-30	0	0
175	-25	0	0
175	-20	0	0
175	-15	0	0
175	-10	0	0
175	-5	0	0
175	0	0	0
175	5	0	0
175	10	0	0
175	15	0	0
175	20	0	0
175	25	0	0
175	30	0	0
175	35	0	0
175	40	0	0
175	45	0	0
175	50	0	0
175	55	0	0
175	60	0	0
175	65	0	0
175	70	0	0
175	75	0	0
175	80	0	0
175	85	0	0
175	90	0	0
175	95	0	0
175	100	0	0
175	105	0	0
175	110	0	0
175	115	0	0
175	120	0	0
175	125	0	0
175	130	0	0
175	135	0	0
175	140	0	0
175	145	0	0
175	150	0	0
175	155	0	0
175	160	0	1
175	165	0	0
175	170	0	0
175	175	0	0
