RSA	Psi	Phi
0.0	2.16293704758	-2.31228181061
0.0	-0.77423669954	-1.02659581277
0.0	2.50692388624	-1.92281643996
0.464285714286	1.42011827129	-2.25592200613
0.278571428571	2.22672957695	-0.943502059423
0.392857142857	-0.717899955433	-1.04322832955
0.0214285714286	-0.594888790362	-0.931881336073
0.878571428571	0.926033314946	-1.54197561315
0.207142857143	2.85763631663	-2.68930550965
0.0	2.38486663794	-0.971166317826
0.00714285714286	-0.203732994751	-1.21105132868
0.171428571429	-1.64669345868	-2.28368113215
0.0142857142857	-0.424110947211	-1.45596301533
0.0428571428571	2.53669082683	-1.11189707542
0.0857142857143	-0.26530225957	-1.36203481697
0.0571428571429	-2.03558863868	-2.46844163852
0.0	-0.409391205488	-1.19594501655
0.0142857142857	2.25851143178	-1.87286626352
0.0	2.72446699853	-2.15017357666
0.05	2.45865060853	-1.03153392047
0.0	2.85661967655	-2.73343807655
0.0	-0.700015277451	-1.02755651037
0.157142857143	1.15421221188	0.955390350034
0.0	1.88688994208	-2.69474339088
0.0428571428571	2.21099210637	-1.25702545003
0.0	-0.770424743369	-1.0994703687
0.0214285714286	2.49598581759	-2.07783598845
0.0285714285714	0.72698380671	1.06196632676
0.0142857142857	-0.240573691798	-1.26608140178
0.0571428571429	-0.51257314499	-1.69335242282
0.0	-0.819691669403	-1.2090460117
0.0	2.31309896563	-2.19912651596
0.00714285714286	-0.785614548213	-1.18117031632
0.0	-0.696673968619	-1.03965726321
0.15	2.36257888881	-1.54559101448
0.0	2.23604682673	-2.89835166137
0.0	-0.754450026971	-1.07816101728
0.0	-0.234693053575	-1.23931059689
0.0571428571429	3.07611160894	-2.9443204363
0.15	2.67533044178	-2.38474021013
0.0	2.15290837462	-2.07284513228
0.642857142857	2.44478080077	-2.2538478183
0.15	0.486305875772	0.943907330917
0.0142857142857	-0.701660062308	-1.051065773
0.107142857143	0.965897816924	-2.40157130651
0.0214285714286	-0.669668314033	-1.16859483537
0.0357142857143	-0.312169084919	-1.17399943117
0.157142857143	0.403729835012	1.12175324814
0.0	-0.849108190074	-1.11921868392
0.0	2.19239220736	-2.28374503529
0.0	-0.661633337485	-1.10980035521
0.0	2.63892502787	-2.08943416246
0.271428571429	-0.445040045683	-0.974119656863
0.0142857142857	2.6231840844	-2.09134589136
0.0714285714286	0.254953533063	-1.64483504729
0.335714285714	2.05932111554	-1.97867857594
0.0142857142857	-0.118535036851	-2.2666660209
0.0642857142857	-0.75830580769	-0.998785365592
0.0142857142857	-1.26851664082	-1.73248548216
0.00714285714286	-0.646580981105	-1.18911751887
0.214285714286	2.66157382452	-1.30929477124
0.00714285714286	2.31712329123	-2.20645091675
0.171428571429	2.55337829507	-2.46743428803
0.0142857142857	-0.843102910057	-0.941464705827
0.0	2.50143965613	-2.07076422559
0.0214285714286	1.72299748675	-2.53309740377
0.25	2.99442238266	-2.73435890545
0.207142857143	-0.795093270319	-1.00398722394
0.0428571428571	-0.688964362451	-1.27619429605
0.0	2.27714132942	-1.65600604839
0.0214285714286	2.9868364951	-1.80581547314
0.00714285714286	2.56242458728	-1.94240563202
0.0	0.0219396398539	-1.33028638461
0.0285714285714	2.04850080266	-0.87394922112
0.0	0.257539836746	-1.71314692572
0.0	2.5288075177	-1.53663579934
0.0	-0.626456267711	-0.979416332344
0.0	2.48604838168	-2.52513677847
0.157142857143	2.16197079502	-2.27472777303
0.0142857142857	2.59163553375	-1.9771925775
0.0928571428571	-0.434632304708	-1.3708664686
0.414285714286	-0.683861505259	-1.48039791786
0.485714285714	1.95985378455	-1.69065473508
0.0	-0.74601198139	-1.15732296501
0.0	-0.664455805542	-1.11610693339
0.0285714285714	-0.797509660723	-0.895000876699
0.221428571429	-0.134875848149	-1.43335187472
0.25	0.00449030853129	-1.62010355477
0.0428571428571	-0.827268044869	-0.944770230173
0.0571428571429	-0.306230179646	-1.36413528198
0.114285714286	1.63367635827	-1.72080102087
0.05	3.04204409382	-3.0191898304
0.0142857142857	2.4521817245	-2.27976273659
0.428571428571	2.19357126186	-1.33123742605
0.0	3.06017221216	-2.91625294101
0.0	2.47801491418	-2.03325454951
0.328571428571	2.34824048827	-1.47905635304
0.328571428571	2.33215994383	-2.06027538114
0.0142857142857	2.65351764277	-1.52315289752
0.164285714286	2.09229073969	-1.96849997505
0.00714285714286	2.13915530058	-2.30185243764
0.0	2.3110565193	-2.18823918451
0.0285714285714	-0.786013145484	-1.16141906732
0.114285714286	1.08712227688	-2.48904215491
0.114285714286	-2.92746159609	-2.90787845958
0.0	1.962734419	-2.21583447678
0.0642857142857	2.85078477097	-2.62051600037
0.142857142857	2.6816867979	-2.83518258239
0.0	2.09624620494	-1.22151335516
0.0928571428571	2.73679388808	-1.8699270135
0.0214285714286	2.30356753773	-1.05277660027
0.278571428571	-0.185731333415	-1.58775351564
0.0	2.02096434182	-1.29858630713
0.321428571429	-0.374031395597	-1.24333059034
0.292857142857	-0.548968428208	-1.16549293385
0.05	2.84085635828	-1.24399616713
0.3	-0.511575991393	-1.24273409523
0.00714285714286	2.1073422213	-2.03177557621
0.271428571429	2.28641370086	-1.05788359073
0.207142857143	-0.359642295603	-1.12822689006
0.0142857142857	2.480085833	-1.91205989981
0.2	-1.51245278002	-2.73517519882
0.364285714286	-0.417240053521	1.40899685536
0.00714285714286	2.90626893396	-2.86023103425
0.00714285714286	2.72081409023	-2.14623621935
0.0	-0.79739640297	-0.994057018668
0.00714285714286	-1.38417069702	-2.27035511261
0.0	-0.661268309233	-1.18897255194
0.385714285714	2.87700615816	-2.64789133118
0.528571428571	-0.694790048573	-1.12008189738
0.221428571429	1.94891734604	-2.44597158856
0.05	2.97892249813	-2.31877011614
0.0	-0.809040202682	-1.15409050026
0.0285714285714	-3.10265817194	-2.78798646563
0.0	2.32100921751	-2.55243437513
0.171428571429	-0.69381515134	-1.06983450457
0.0	-0.715077223401	-1.12981038511
0.0	2.68050069702	-1.58646531298
0.357142857143	-0.261382192986	-1.1518537999
0.0	-0.79011575652	-1.00329109933
0.214285714286	-0.657637710539	-1.0042127017
0.264285714286	-0.206041664466	-1.36664567979
0.0	1.21063427505	-2.16447257168
0.0642857142857	-0.381520440583	-1.05686284551
0.0	-0.580267321709	-1.01580752171
0.0642857142857	-0.529026478735	-1.09908737323
0.0642857142857	-0.740045782942	-1.09148681491
0.0	-0.48282913587	-1.35320053251
0.00714285714286	-0.794150366942	-0.983646392195
0.00714285714286	-0.751059520855	-1.05881334131
0.0142857142857	-0.6460324685	-1.21365005919
0.0	-0.684170451019	-1.12297607128
0.0	-0.737661075331	-1.10098558258
0.0	-0.766498254842	-0.909600144796
0.0428571428571	-0.169957864905	-1.44730735168
0.264285714286	2.27974225729	-1.27797700744
0.00714285714286	-0.743225002573	-1.20608734774
0.0	2.65379465042	-2.3548804546
0.0571428571429	-0.403259685617	-1.312702455
0.1	2.56323965777	-1.64805573794
0.771428571429	0.147736440656	-1.965634322
0.564285714286	-0.71262349827	-0.99986321976
0.0	-0.759927787555	-0.983278686272
0.0857142857143	2.4705686861	-1.75655506942
0.0	-0.581947001103	-1.14057341344
0.3	-0.397930198589	-1.22775936975
0.00714285714286	2.76209836826	-1.19513144661
0.0	-0.410117938775	-1.58271215704
0.0	-2.96835423788	-2.48183015179
0.0142857142857	-0.879264984773	-1.01312810419
0.00714285714286	-0.778033106548	-1.06046286747
0.0642857142857	-0.680048067694	-1.09060246445
0.0428571428571	1.75140695851	-2.32898927746
0.0	3.12748349251	-2.57490550782
0.364285714286	0.804186858735	0.86353317668
0.0	3.08536600467	-2.5888028731
0.0571428571429	2.30192125332	-1.58445955244
0.0214285714286	-0.780431364768	-1.06963304039
0.0	-0.808440482663	-1.03259752748
0.0285714285714	2.25940921274	-2.21487794777
0.135714285714	-0.408854532602	-1.04776858589
0.0	3.02833439001	-1.24392958859
0.00714285714286	-0.749554862842	-1.08815517198
0.0142857142857	-0.923538463839	-1.54886609383
0.707142857143	0.0670633762155	-1.58342739447
0.00714285714286	-0.765374323805	-1.00443263103
0.0428571428571	-0.23962003614	-1.18006665916
0.00714285714286	-0.645183629265	-1.23382876579
0.0357142857143	2.76150538105	-2.53321948873
0.0	2.38950488287	-2.57018690432
0.0928571428571	-0.632666779256	-1.55249062529
0.0	2.29147654734	-1.8265928543
0.564285714286	-0.14759236694	-1.49572775074
0.421428571429	-0.649843776854	-1.09558325195
0.0428571428571	2.64520450265	-2.44825540812
0.0	2.21841258823	-2.29197942744
0.0	2.21535407688	-1.87457257061
0.171428571429	2.64696452334	-2.1979124859
0.0	2.3043230426	-1.89661594393
0.1	2.76191933277	-1.1993623294
0.05	2.43074529433	-1.21615740882
0.0857142857143	2.35989497958	-1.25704857819
0.0	2.91665666344	-2.26289240417
0.214285714286	0.0108254987811	-1.82932431006
0.185714285714	0.376611640467	-2.08042494186
0.0714285714286	2.42079859318	-1.70822753936
0.0214285714286	-0.850545337745	-0.944103672502
0.0142857142857	0.297254595492	-2.23004585679
0.214285714286	0.0154437561333	-1.8361799576
0.0142857142857	1.83043838595	-1.7170422437
0.257142857143	2.15939570923	-1.30548244304
0.207142857143	2.98833462255	-2.87891033895
0.0142857142857	1.80278693955	-2.13087388841
0.0928571428571	0.380094209976	-1.54668394437
0.0	-0.590674229908	-1.04697865186
0.221428571429	2.00628908041	-1.44485872926
0.00714285714286	3.07603999424	-2.71283956928
0.00714285714286	-0.87832625058	-1.0382926629
0.0	-0.58527811642	-1.08200481893
0.0	2.69684133176	-2.01640536219
0.1	2.61115482625	-2.01201324452
0.378571428571	1.26793405219	-2.27011553605
0.0285714285714	2.72693210322	-2.46615502013
0.0	2.8536711889	-2.48236733095
0.621428571429	2.26701844249	-1.19815643164
0.0142857142857	-0.632815949036	-1.2126092199
0.0	2.21032639958	-2.23508151908
0.00714285714286	-0.706018738049	-1.22601936992
0.00714285714286	-0.445786531049	-1.00290785829
0.00714285714286	-0.668032506546	-1.28669523149
0.221428571429	2.49116880128	-1.33143628626
0.0	2.6467544059	-0.882335721501
0.135714285714	2.43431242652	-1.70933243013
0.392857142857	0.827935774927	0.954202456886
0.0142857142857	2.41243843576	-1.65447771224
0.357142857143	1.72149573563	-1.41727919211
0.0214285714286	2.71161713136	-1.10054273071
0.142857142857	2.5970191318	-1.86746493347
0.421428571429	0.831324777522	0.946923705766
0.0428571428571	2.67933843815	-1.11150427438
0.542857142857	-0.797848591879	-1.12451203804
0.0	-0.541277174955	-1.04657965219
0.471428571429	-2.30874890678	-1.9104729269
0.00714285714286	2.32188906073	-0.979551501005
0.257142857143	0.233126040054	1.16716543411
0.0	-0.726350027686	-1.05665838583
0.0214285714286	-0.692253167011	-0.972932625039
0.0928571428571	0.0499403793326	-1.53287312682
0.407142857143	-0.0244675520398	-1.41649761629
0.0357142857143	1.4401637781	-1.75358845485
0.0	0.803227657861	1.0185840868
0.107142857143	-0.828659901262	-1.12649756483
0.0	3.00256181909	-2.46268572207
0.107142857143	1.14949575534	-1.3943736513
0.0	-0.681121219891	-1.10595070933
0.25	2.90572251784	-1.67268384424
0.0571428571429	-0.538056732805	-2.06094925436
0.25	2.2382968669	-1.36532083761
0.0928571428571	2.41734544243	-1.22902105339
0.514285714286	2.07219040892	-0.963236105288
0.0142857142857	2.9180778184	-2.31312925018
0.221428571429	2.90850552531	-2.90682022222
0.335714285714	2.11429667322	-2.41599443041
0.15	3.12383768184	-2.43093666742
0.642857142857	2.53197198378	-2.12293231712
0.264285714286	0.544709945555	-2.01607322585
0.0428571428571	2.93141052951	-1.30014945525
0.0	2.0200898604	-2.31840621699
0.0	2.25116072076	-1.84789549539
0.114285714286	-0.741525966102	-1.05204507616
0.0357142857143	-0.160779884125	-1.6240347197
0.0	1.97516011261	-2.48878170988
0.00714285714286	1.97496520325	-1.91726141566
0.242857142857	0.710028609134	0.85487176932
0.0	1.79701954858	-2.12567288703
0.0142857142857	-0.932535579013	-1.09267492013
0.164285714286	-0.777986131201	-0.886467842183
0.0857142857143	1.45175454353	-1.70828380242
0.0428571428571	2.81534409569	-2.79373495035
0.0285714285714	-0.615083362535	-1.08821619053
0.0714285714286	2.42841515504	-1.70187648364
0.0142857142857	-0.329941526486	-1.14310363445
0.0	2.30471055215	-1.77132935437
0.1	0.262579359241	-1.80962369623
0.00714285714286	-0.834425715028	-1.02625142242
0.0	-0.729971854389	-1.0220218269
0.1	0.910964111302	-2.36352873337
0.571428571429	2.18308816772	-1.1350499657
0.364285714286	2.43576707244	-2.58896590557
0.1	2.32713027805	-2.35735129528
0.307142857143	3.04175336617	-2.60094297324
0.135714285714	2.51603029821	-1.84030270062
0.464285714286	-0.0534887590594	-1.37056240451
0.357142857143	-2.17633982669	-1.96789993897
0.0	-0.509177138013	-1.17743626303
0.0	-0.811658186763	-1.0986872197
0.0214285714286	-2.71634761436	0.986663738017
0.0142857142857	-0.649938173445	-1.24029686943
0.0	-0.918736251859	-1.39280369565
0.221428571429	0.221500365859	1.28179354524
0.535714285714	-0.686866442252	-1.48381025954
0.0	2.22858296595	-2.21299808753
0.0857142857143	3.08646528962	-1.51814448638
0.0714285714286	-0.123672440367	-1.40499457499
0.0285714285714	2.51212333493	-1.75471940468
0.114285714286	-0.634834601961	-1.17292718873
0.221428571429	2.07372527348	-1.89702961986
0.0	-0.922907567195	-1.10992625113
0.0	-0.189948936804	-1.83443957827
0.0	-0.836418687445	-1.02734907648
0.0857142857143	-0.702490431645	-1.0624240585
0.0	1.00805177286	0.91444363266
0.0285714285714	0.787131438965	0.907158415887
0.0	-0.660090294806	-1.05985421043
0.00714285714286	-0.965997322003	-1.07762092334
0.00714285714286	2.25568071952	-1.63598710048
0.0	2.01070968943	-2.1345357469
0.0571428571429	0.461374073901	-2.03184401005
0.142857142857	-0.247066487734	-1.83393246125
0.1	2.24958103892	-2.02438271907
0.171428571429	3.04603909632	-2.55141672717
0.0428571428571	-0.738545723685	-1.09452713724
0.0	-0.75721962035	-1.7827360736
0.00714285714286	-0.391728164546	-1.23776248445
0.542857142857	1.65167189625	-1.72240759792
0.0	-0.753986493744	-1.05799828287
0.135714285714	2.51167447527	-1.39190233
0.00714285714286	-0.724941001356	-1.25505526593
0.0	2.40190959285	-1.47379694105
0.0	2.49319040968	-2.2222991153
0.0714285714286	-0.279168077561	-1.15222132049
0.0571428571429	-0.622762697157	-1.05237462109
0.0642857142857	-0.472073166905	-1.35634569468
0.0	-0.734054210518	-1.32881056593
0.0142857142857	2.37628919967	-2.01199150236
0.142857142857	2.75345299637	-1.47286376825
0.0142857142857	2.61553898779	-1.444610114
0.00714285714286	2.25280096728	-0.933068880436
0.285714285714	2.34581805322	-2.1637473405
0.0285714285714	0.176391912394	-1.54027323781
0.15	2.9230745108	-2.66829093519
0.0857142857143	-0.862135742015	-1.11023243062
0.0	2.47279980488	-2.12619262302
0.0	-0.754112145694	-1.10673106545
0.0	2.09820324244	-1.93658699059
0.0	2.55754948477	-2.1958918819
0.0	-0.71024142802	-1.10266973086
0.0	2.27834868603	-1.75628221817
0.0642857142857	2.44156784822	-0.851084358638
0.0857142857143	2.92286901917	-1.29449489621
0.0714285714286	2.49374731901	-0.902526598838
0.0	2.18159470149	-1.35016185829
0.0	2.62987521527	-2.29902681879
0.0	0.750508642574	-2.23460785445
0.0	-0.851218711807	-1.06948808873
0.0	1.76595772561	-2.24860078566
0.0928571428571	2.90826276123	-2.7322765045
0.0	-0.535725944091	-1.13038528143
0.0285714285714	1.74397750516	-2.00968058339
0.35	2.56332213735	-1.01842125825
0.0142857142857	-0.293188527219	-1.31455280969
0.0142857142857	1.36109699375	-1.57673865978
0.492857142857	2.5192031539	-2.71301347278
0.15	2.75931009227	-2.05185637072
0.0642857142857	2.9395381727	-2.3375496322
0.0714285714286	-0.788139840114	-1.08077847103
0.0	2.11995330949	-1.78730244827
0.0	2.39266507237	-1.76762905708
0.1	-0.706472245145	-1.17215562971
0.0	-0.631666067885	-1.31009051225
0.0	2.28662548758	-1.83342494244
0.107142857143	1.35701862529	-2.23913215005
0.114285714286	-0.795014562654	-0.999801810672
0.0357142857143	-0.671303214562	-1.15045781075
0.2	0.359697491781	-1.87944563019
0.00714285714286	1.79492660358	-2.74562998222
0.0571428571429	2.3387449489	-1.78389839142
0.0642857142857	-0.69261941036	-1.02833750197
0.128571428571	-0.394541210828	-1.49668774541
0.421428571429	2.5386188853	-2.25845715433
0.442857142857	2.64695391491	-1.98005308785
0.157142857143	2.20468696409	-2.53889628021
0.45	1.47605296927	-2.71898547298
0.0571428571429	2.9708697886	-1.65676863101
0.0	-0.581096847796	-1.07382753292
0.0	0.761827592801	-1.78326598852
0.0142857142857	-0.729344762778	-1.175318495
0.0	2.17282814047	-1.75061549734
0.0	-0.801184321257	-1.08524902891
0.264285714286	-3.117345329	-1.82723810225
0.164285714286	3.00548159197	-2.38889917553
0.0357142857143	2.61237762228	-1.43604414927
0.0	2.82506854608	-2.54539682265
0.0357142857143	2.95758077747	-1.82546651017
0.1	-0.353352437959	-1.1871024318
0.0	-0.892166235179	-0.952253997926
0.00714285714286	-0.684966801279	-1.05050996492
0.0571428571429	-3.03316831221	-2.60046341672
0.0714285714286	-0.658552752607	-1.13922718368
0.0	2.65210997441	-1.02064780217
0.0357142857143	-0.621821317897	-1.18042998254
0.0642857142857	2.42911770147	-1.96830791827
0.0	0.826097875856	0.942367855534
0.135714285714	0.0250553404247	-2.24448562659
0.0714285714286	3.05309933116	-2.76196372177
0.307142857143	0.789403193044	-2.3462771744
0.0214285714286	-0.66834488469	-1.12046045274
0.00714285714286	2.17084707122	-1.2159898953
0.0	2.86042473603	-2.43199892396
0.0	-0.815876509251	-1.06901092804
0.128571428571	-0.698077694278	-1.06784075224
0.0	-0.610292932156	-1.11324363297
0.0	-0.817185435614	-1.04243095184
0.0357142857143	2.02688736349	-2.69153554053
0.164285714286	1.8866726797	-1.76074240919
0.657142857143	1.75456600775	-2.54276288024
0.0357142857143	2.18104939329	-2.51516440939
0.0	1.82316767333	-1.99875590457
0.0	-1.83758179275	-1.53443607158
0.00714285714286	2.2519104176	-1.96533611496
0.0	2.77409022702	-1.64790377796
0.00714285714286	2.18842253193	-1.31303086649
0.0785714285714	2.22655433109	-1.62756832721
0.0	-0.283253578175	-1.13475265884
0.785714285714	-0.0835204528908	-1.89832196465
0.114285714286	-0.750603907084	-1.15779850156
0.0	-0.625670256644	-1.17313484615
0.142857142857	-0.878451881343	-1.07071525395
0.407142857143	1.21640582947	-2.33589297975
0.128571428571	2.36467278571	-1.42992397629
0.0714285714286	2.51563279979	-1.13350656285
0.107142857143	2.21004103367	-0.987810326312
0.0928571428571	-0.819598497658	-0.939987127588
0.107142857143	2.41412825768	-1.05511305173
0.214285714286	-0.102812716453	-1.33209053227
0.0714285714286	2.16347923926	-2.5961290066
0.0928571428571	2.63491191443	-2.20730261419
0.0	-0.780843688013	-1.10594057748
0.0	-0.404316565965	-1.23028254848
0.00714285714286	-1.52241555373	-1.60082565721
0.0	2.13406022574	-2.0361323822
0.0	-0.168445369687	-1.44025904523
0.0	2.22902957423	-2.43492581138
0.0	2.40548407918	-2.27680482906
0.00714285714286	2.93707088892	-1.46555176557
0.0785714285714	-0.738829371405	-1.0738940525
0.0	2.69336772577	-2.05382541302
0.0857142857143	3.03829565934	-2.8788997652
0.0357142857143	-0.922656778032	-1.54627862855
0.0857142857143	2.8386499806	-1.74966689802
0.0857142857143	2.25370406866	-1.79430062864
0.0	2.18155663897	-1.96640297513
0.521428571429	2.37305244924	-1.57514883771
0.0	8.25438442499e-05	-1.60634247723
0.0571428571429	-0.0552184429554	-1.90524791304
0.0	0.548996004025	1.12979568876
0.0	2.85493696524	-2.92727694189
0.0214285714286	-0.568218177359	-0.969069766442
0.0	-0.710936361389	-1.1303240398
0.221428571429	2.49602546702	-1.7809007788
0.0	1.91735181864	-1.51604473213
0.15	2.64094212161	-2.1829146333
0.0	0.231045297125	-2.46852056657
0.171428571429	-0.0950068112488	-1.99657802699
0.0642857142857	-0.658151751834	-1.05586284762
0.0	2.03944845518	-1.33737503767
0.0357142857143	2.20204917049	-2.36201756186
0.564285714286	2.63752069247	-1.84634101514
0.421428571429	-0.717971990547	-1.10415603214
0.671428571429	0.602105992394	-1.88344715254
0.0571428571429	2.34250967236	-2.00260142414
0.0428571428571	2.56635530572	-1.17050379084
0.0	2.32293591072	-1.79120956639
0.1	2.36343902908	-1.12070989574
0.15	2.64400484019	-2.15140564565
0.0857142857143	2.96071846313	-2.77846123172
0.0714285714286	-0.21246610979	-1.48067050301
0.0	2.34269417558	-1.8905958122
0.05	2.48209011866	-1.47301056145
0.0	2.88058622241	-2.3358369404
0.207142857143	2.71286473166	-2.80313083633
0.0	-0.457694860566	-1.13911761137
0.0571428571429	-0.64491358816	-1.18125799529
0.0571428571429	2.81989244645	-2.32194695487
0.0357142857143	3.13174199635	-2.69099309362
0.2	-0.888048157185	-0.960918751339
0.135714285714	2.68643962097	-2.13188735695
0.0	-2.86001940745	-2.50776582271
0.0	1.23750136127	-2.71282872773
0.0428571428571	2.10754962374	-2.55618625618
0.00714285714286	2.48512191829	-1.99083093438
0.0357142857143	2.16521669349	-1.47663858102
0.114285714286	2.36926027845	-2.72456104518
0.0714285714286	-0.242793259442	-1.47699300972
0.00714285714286	2.25034999672	-1.43975334274
0.00714285714286	2.09637811554	-1.74339464604
0.0	-0.677823229019	-1.08557949067
0.0214285714286	0.249945222927	-1.8891665203
0.221428571429	-0.583224380795	-1.7026557488
0.0	-0.744960284822	-1.15073087001
0.0	-1.00470875051	-1.07084015751
0.0142857142857	-0.209951636074	-1.8068196644
0.00714285714286	-0.759888923217	-1.15756333063
0.0571428571429	2.91608609597	-2.70011181264
0.0	-0.755953824592	-1.10194453257
0.00714285714286	-2.96269733501	-2.50091037369
0.0142857142857	-0.338635186085	-1.81827112968
0.00714285714286	-0.839750496492	-1.17868589127
0.0	2.90446477224	-1.38733963818
0.05	-1.90600615418	0.908492133798
0.0	-0.840452043501	-1.17608351849
0.214285714286	-0.710328287796	-0.962708424056
0.435714285714	-0.753489775706	-1.86159332387
0.207142857143	-0.487216401804	-1.00506052275
0.278571428571	-0.221428087281	-2.30159648801
0.157142857143	-0.727332212493	-0.853752873552
0.135714285714	0.258288518896	-1.78652706216
0.292857142857	-0.586940852695	-1.01918503927
0.207142857143	-0.172023555004	-2.05436853462
0.3	-0.414389801241	-1.30486138327
0.2	-0.561149419035	-2.29166560402
0.0357142857143	0.998461423709	-2.66640399929
0.242857142857	-0.817935078893	-0.858012796427
0.214285714286	-0.511034475773	-1.7944762864
0.15	-0.804521403437	-0.916231687401
0.714285714286	-0.553710178258	-1.82444199606
0.178571428571	2.30484084596	-2.06447817936
0.328571428571	3.06196526838	-2.83863048665
0.05	2.19040527466	-2.8571935753
0.0928571428571	2.83801319447	-2.3954703366
0.678571428571	-0.770205867696	-0.848257107003
0.264285714286	2.74768413159	-2.48186739965
0.0785714285714	-0.689712966637	-1.15848105954
0.0928571428571	-0.406328771782	-1.15908713393
0.05	2.2637770106	-1.44379842029
0.0	2.4513096504	-2.11335177817
0.0	-0.550082087294	-1.07148661189
0.0	2.87453534682	-1.8581862734
0.0714285714286	1.92573200803	-1.83795155863
0.0	2.02048711104	-1.76205286659
0.0	0.170618609624	-2.06409889553
0.0571428571429	-0.518960443924	-1.05010783468
0.00714285714286	2.24790903234	-2.55417146746
0.185714285714	2.2650527728	-1.13463766207
0.05	2.92085393134	-2.80535027057
0.107142857143	-0.953034395541	-0.890876295709
0.292857142857	-0.443299692032	-1.18926580807
0.321428571429	0.552317823132	1.08456921853
0.2	1.94037477199	-1.7384617992
0.342857142857	0.857537827307	-1.80155158686
0.0285714285714	2.12501296237	-1.91874584924
0.0142857142857	1.72062650157	-1.8863087622
0.0	0.0589830756325	-1.84495637058
0.278571428571	2.88941553635	-1.59663853844
0.00714285714286	2.95734167019	-2.23586999629
0.0428571428571	1.90242097199	-2.69931056049
0.314285714286	-0.501701798496	-1.05069013907
0.8	-0.730754960126	-1.59116566416
0.314285714286	2.75291131206	-2.59122727457
0.621428571429	2.65422494113	-1.2693448266
0.485714285714	2.77235108039	-1.19555928884
0.107142857143	2.27386662948	-1.16825538631
0.0785714285714	2.4509573364	-1.77076855585
0.0357142857143	2.21892739057	-1.71325627432
0.0785714285714	1.07229324647	-1.62555256873
0.235714285714	-0.784261630631	-1.0020115075
0.0142857142857	-0.924706724876	-1.04821693227
0.05	2.41663466638	-2.60717313917
0.00714285714286	2.76824547624	-1.55927469218
0.0214285714286	2.04887771224	-1.78922160461
0.135714285714	2.12983444134	-2.52214244365
0.0357142857143	2.5371246611	-2.29774415817
0.357142857143	-0.0879977396265	-1.26778930548
0.207142857143	-0.0384302042996	-1.37597099339
0.428571428571	0.640538799322	0.960924608196
0.171428571429	2.76342498321	-2.69937158613
0.0214285714286	2.89689739416	-2.45008617606
0.15	-0.381122023831	-2.1018761578
0.0	1.98518130966	-1.49128921535
0.0285714285714	0.287035435679	-1.92017428625
0.642857142857	-0.601973375259	-1.17674463313
0.00714285714286	-0.0744715473248	-1.54459461244
0.0	-0.735091382786	-1.08849248287
0.0	-0.784533905426	-1.09163015277
0.0	2.28430754479	-1.88015401699
0.157142857143	-0.70846025859	-1.0625579616
0.0785714285714	-0.219186960115	-1.67112272671
0.257142857143	-0.475641770341	-1.11100186166
0.0142857142857	-0.726070672775	-0.994690306474
0.0	2.36103833584	-1.94357199431
0.0	-0.571118312746	-0.986118797702
0.164285714286	-2.91153152787	-2.49147071919
0.392857142857	-0.396858411484	-1.11210827023
0.235714285714	-0.73225567913	-1.1526308786
0.442857142857	2.16045721511	-1.35068262474
0.0142857142857	2.86587075378	-1.60834527212
0.0142857142857	-0.817600783026	-1.02217753971
0.157142857143	2.83748134377	-1.29487702133
0.0428571428571	0.638028160159	-2.6125861463
0.121428571429	2.64416060635	-1.42387135012
0.0142857142857	2.25520843961	-2.75967492727
0.0	-0.376299963356	-1.2081982051
0.0214285714286	1.68750681408	-2.88968001961
0.0357142857143	2.89522680406	-1.00590631863
0.385714285714	2.24921545379	-1.69627935053
0.171428571429	0.206325632501	-1.52122700119
0.00714285714286	2.64865388662	-2.36590294389
0.00714285714286	1.85172157361	-1.84448235577
0.0	2.89563650328	-2.5334777672
0.00714285714286	-0.839243825189	-1.01670745832
0.0	1.97777112248	-2.37922449545
0.292857142857	2.51424597175	-1.33572811144
0.3	2.58999954439	-1.06551061409
0.0285714285714	2.80676140763	-2.6966740029
0.0714285714286	2.60818866972	-1.75679225967
0.1	1.8880370538	-1.50425019039
0.0428571428571	2.49050677963	-2.19414821802
0.471428571429	1.41611025856	-2.53964415563
0.364285714286	2.09864044768	-1.34440113754
0.121428571429	-0.734174546106	-1.03114722856
0.0357142857143	3.09502588349	-2.7855803757
0.0285714285714	2.94452635991	-2.23380194298
0.0	-2.43380144158	-1.96044209017
0.278571428571	2.83866238542	-2.29077020584
0.257142857143	2.36710281956	-1.56443864481
0.0	2.93422625754	-2.78633755826
0.235714285714	1.42712446819	-2.62030684534
0.0142857142857	2.89733072059	-2.6472037701
0.0857142857143	-0.0528835769869	-1.82524420438
0.0	-0.587297184689	-1.01730920224
0.0	2.12231411717	-2.26169594452
0.0	2.4376064797	-2.15726491552
0.264285714286	2.93777106903	-2.37987704195
0.00714285714286	2.89431231653	-2.64593204816
0.171428571429	-0.682443075284	-1.00314689706
0.15	-0.284474835066	-1.70384594488
0.192857142857	-0.558392640015	-0.935467419408
0.192857142857	-0.374172026916	-2.09538507517
0.192857142857	2.52950127378	-2.10576216936
0.0	-0.657065901399	-1.02078581897
0.285714285714	2.30176510369	-1.21393594059
0.0357142857143	2.82577453631	-1.53603503799
0.185714285714	-0.27180951561	-1.22624051495
0.0642857142857	2.47486457702	-1.37684324415
0.05	2.67999921713	-1.57379728576
0.192857142857	2.74142848844	-2.39543052546
0.0714285714286	2.13662159592	-2.03322145266
0.521428571429	2.5504538649	-1.01998181518
0.00714285714286	0.913778161937	-2.1128525001
0.0	2.29075046635	-1.14052843751
0.0	-0.635235841388	-1.22271012013
0.0214285714286	-0.69488821484	-1.21338538016
0.128571428571	1.47714869805	-1.59251117514
0.185714285714	2.43938420155	-2.37757219041
0.0142857142857	1.89851047374	-1.68262476796
0.0	-0.730441050588	-1.29463541961
0.0	-0.747898246358	-1.10327692188
0.142857142857	2.5745569449	-1.32692603887
0.0357142857143	2.16563178823	-1.59019203529
0.0214285714286	2.52607528839	-1.78302787875
0.0	2.43235749685	-0.967738458696
0.442857142857	-0.108819888386	-2.25817751364
0.0214285714286	2.88029653996	-1.32547584487
0.214285714286	-0.468106038339	-1.23205893887
0.471428571429	3.01552230209	-2.81872979941
0.0571428571429	-0.825601634707	-1.29775273191
0.485714285714	2.12442067715	-0.900494873382
0.378571428571	0.136618969151	-1.85708931292
0.0	-0.537477734059	-0.957233969057
0.0285714285714	-0.70529446925	-1.00988830942
0.1	0.0184561615628	-2.18787798622
0.0	2.55192611667	-1.66155706895
0.0357142857143	-0.338152379529	-1.2226645281
0.0857142857143	-0.710905088364	-0.912417585921
0.0	-0.797041290143	-1.1468854855
0.107142857143	1.77400086331	-2.33352121471
0.05	2.25559000758	-1.05666809585
0.0142857142857	2.2476290704	-0.852755732103
0.3	1.96119208639	-1.82820277979
0.0642857142857	2.71903267894	-1.19028749574
0.0	-0.611171729021	-1.18410345539
0.392857142857	1.91188255026	-1.63914702199
0.171428571429	-0.558312488818	-1.0789127853
0.478571428571	-0.680270919848	-1.89837545979
0.2	-0.837886338488	-0.952080657663
0.528571428571	-0.562030531088	-1.67295170175
0.05	2.89855854615	-2.38090700875
0.1	2.19050519706	-1.61141385539
0.00714285714286	2.23586688507	-1.10664543586
0.0285714285714	2.60924760536	-1.34552009865
0.4	-0.273837174321	-1.28984156681
0.05	-0.229468925094	-1.47255261743
0.0	-0.810294791563	-1.08420453012
0.0	-1.27514818912	-1.82710392489
0.0571428571429	2.59391041296	-1.1433591201
0.25	0.626180025248	0.929354107822
0.235714285714	-0.686397455453	-1.10046501097
0.121428571429	2.33008460439	-2.4054046281
0.642857142857	2.1331437196	-0.890767469804
0.0	-0.831183713437	-0.98665048344
0.178571428571	-0.797344122317	-1.00002500097
0.121428571429	-0.552885782632	-1.06085408639
0.1	2.41634140762	-1.06296668997
0.185714285714	-0.800509461169	-1.05138459973
0.121428571429	2.67563133483	-2.28255452206
0.0	-0.633070400255	-1.22243937612
0.0	-0.795094219396	-1.01041251194
0.0285714285714	2.41195456387	-1.13602288284
0.114285714286	2.6950227672	-2.23201827815
0.471428571429	-0.22147421755	-0.985998611968
0.2	2.74869113642	-2.01769794777
0.385714285714	3.01099481519	-2.38062162512
0.25	0.207386023788	-2.27357517096
0.0	-0.504617022695	-1.14248513311
0.0214285714286	2.91235007867	-2.63146063463
0.0714285714286	1.92409487711	-2.06855668073
0.478571428571	-0.717195607741	-1.0757360441
0.0	2.11962870769	-1.54494589149
0.0	1.94990172519	-2.16442207238
0.0214285714286	2.925951317	-2.88092093992
0.0	2.2525765825	-1.68255507213
0.0	2.74332405859	-2.09483472013
0.0428571428571	0.677995788147	0.975459443136
0.257142857143	2.29802302583	-2.5144370669
0.2	2.2450168716	-2.72263692741
0.0642857142857	2.30117097993	-1.68984916837
0.0	1.97167596511	-2.06402224673
0.292857142857	2.5924113675	-2.35226376739
0.0	2.93417369416	-2.56304564892
0.0285714285714	-0.815082192268	-0.963838162861
0.6	2.31745811389	-2.13284720056
