RSA	Psi	Phi
1.03311258278	0.710588746592	0.903549680018
1.01986754967	-0.887013289088	-0.960936540202
1.06622516556	-0.181255614513	-1.14983023316
1.05960264901	-0.248004708897	-1.10343553789
1.09271523179	1.17987578308	-1.53797216506
1.07284768212	-0.786644969701	-0.878786555759
1.09271523179	1.62227534695	-2.01344842854
1.00662251656	1.92810570313	-0.810392293493
1.15894039735	-0.509461721638	-1.28686179893
1.01986754967	0.71897970403	0.983465463601
1.01324503311	2.15521479969	-1.36380171969
1.14569536424	-0.565707324088	-1.18404657077
1.01986754967	0.869209237556	1.00433038139
1.03311258278	0.215910339229	-1.76835338426
1.01324503311	2.18552073138	-1.61111606793
1.07947019868	-0.33410511087	-1.35764818888
1.15894039735	-0.343627604378	-1.24468222069
1.12582781457	-0.258539907702	-1.19724875425
1.15231788079	-0.325953912571	-1.3297275426
1.05960264901	-0.0667532060234	-1.66475267385
1.01986754967	2.17154671705	-1.55825644155
1.00662251656	2.5063363315	-1.08133941517
1.11258278146	0.154394468726	1.13131140261
1.00662251656	0.38901199054	-1.81702912663
1.02649006623	-0.32133664769	-1.09898797608
1.15231788079	0.265098080826	-1.76763331038
1.04635761589	0.355182627217	-2.16994174622
1.1059602649	2.24831430683	-1.06638613973
1.03973509934	-0.53286946917	-1.02538646887
1.09933774834	-0.17409347961	-1.63678470833
1.04635761589	0.0212163649634	-1.61690007325
1.07947019868	0.500730543078	0.953573303666
1.09271523179	0.180575610938	-1.61055598669
1.05298013245	0.164045101975	-1.52422073194
1.03311258278	-0.686049243403	-0.902544330622
1.23841059603	1.44789196392	-1.38586307725
1.01324503311	0.540833449214	-2.19171957463
1.05298013245	-0.082015766605	-1.72173368641
1.05960264901	1.80907038022	-1.31569837729
1.00662251656	2.55989023414	-1.50052528414
1.05960264901	2.66676757795	-1.12955286002
1.05960264901	0.342647503156	1.08239445926
1.18543046358	-0.469684027477	-1.13345546835
1.01986754967	-0.296407768183	-1.53541373143
1.09933774834	0.0304410600741	-1.38971901953
1.19867549669	-0.289942372158	-1.22420147572
1.00662251656	-0.649672827403	-1.0124006467
1.03311258278	0.321490346645	0.943886747891
1.07947019868	0.853978014832	0.78800465332
1.03311258278	0.246974551671	-1.56963755328
1.06622516556	0.304763910807	-1.72969940055
1.05960264901	0.0732758065538	-1.52253518767
1.09933774834	-0.321239434716	-1.09468505526
1.1059602649	0.169408788223	-1.60637648979
1.05960264901	-0.305380147783	-1.2662160627
1.03973509934	-0.345204674885	-1.36922913481
1.03311258278	0.0983209111569	-1.26830161862
1.09271523179	-0.120058317925	-1.22173167634
1.1059602649	1.42602295803	-1.51738780528
1.01986754967	0.421084854264	-1.77623328684
1.09933774834	0.738787332206	-1.79044536249
1.14569536424	-0.236896648405	-1.55780417439
1.08609271523	-0.00225595787278	-1.57466456422
1.03311258278	1.28034855718	-1.61488844115
1.1059602649	-0.183591986927	-1.36606216311
1.11258278146	-0.0651849166376	-1.39252910194
1.09933774834	2.3111385373	-0.96767496399
1.02649006623	-0.516699330435	-0.985081394172
1.07947019868	-0.661258344259	-1.25554924659
1.17218543046	-0.534415644851	-1.03811460592
1.07947019868	0.191176269692	-1.74624752302
1.01986754967	-0.357270476486	-1.2156384773
1.01324503311	2.00416964229	-1.80347939294
1.1059602649	2.2610448701	-0.97449576435
1.01324503311	-0.0718064778843	-1.46810437842
1.05298013245	-0.44323599083	-1.35173826748
1.02649006623	-0.236369065338	-1.8761464194
1.02649006623	-0.335276248432	-1.28255227686
1.07947019868	-0.040128939346	-1.3330110081
1.07947019868	-0.0182393104582	-1.44537337758
1.12582781457	1.2213014771	-1.46215276632
1.02649006623	2.11699919132	-1.3279124178
1.02649006623	-0.20440793212	-1.23898465549
1.14569536424	-0.382801000432	-0.988681647671
