SA_diff	pop
145.0	0
144.0	0
145.0	0
144.0	0
145.0	1
146.0	0
146.0	0
147.0	0
148.0	0
148.0	0
149.0	0
148.0	0
150.0	0
149.0	0
149.0	0
150.0	0
150.0	0
149.0	0
149.0	0
149.0	0
150.0	0
150.0	0
148.0	0
149.0	0
148.0	0
148.0	0
148.0	0
149.0	0
148.0	0
148.0	0
147.0	0
148.0	0
147.0	0
148.0	0
145.0	0
145.0	0
146.0	0
145.0	0
146.0	0
144.0	0
145.0	0
144.0	0
145.0	0
145.0	0
145.0	0
145.0	0
145.0	0
144.0	0
145.0	0
145.0	0
144.0	0
143.0	0
145.0	0
144.0	0
145.0	0
144.0	0
143.0	0
143.0	0
142.0	0
143.0	0
143.0	0
104.0	2
143.0	0
143.0	0
143.0	0
144.0	0
145.0	0
143.0	0
143.0	0
118.0	1
143.0	1
141.0	1
117.0	3
145.0	0
146.0	0
145.0	0
146.0	0
146.0	0
145.0	0
147.0	0
147.0	0
148.0	0
148.0	0
149.0	0
150.0	0
148.0	0
149.0	0
150.0	0
150.0	0
149.0	0
148.0	0
149.0	0
148.0	0
149.0	0
148.0	0
149.0	0
147.0	0
149.0	0
149.0	0
149.0	0
148.0	0
147.0	0
148.0	0
147.0	0
147.0	0
148.0	0
146.0	0
148.0	0
147.0	0
146.0	0
146.0	0
146.0	0
146.0	0
146.0	0
145.0	0
144.0	0
145.0	0
145.0	0
144.0	0
144.0	0
144.0	0
144.0	0
143.0	0
143.0	0
143.0	0
144.0	0
144.0	0
143.0	0
143.0	0
143.0	0
142.0	0
142.0	0
143.0	0
142.0	0
143.0	0
143.0	0
139.0	1
145.0	0
145.0	0
144.0	0
145.0	1
116.0	1
123.0	3
118.0	1
144.0	0
143.0	0
128.0	1
145.0	0
146.0	0
146.0	0
147.0	0
147.0	0
148.0	0
148.0	0
148.0	0
148.0	0
149.0	0
148.0	0
147.0	0
149.0	0
149.0	0
149.0	0
149.0	0
148.0	0
148.0	0
148.0	0
148.0	0
148.0	0
147.0	0
148.0	0
146.0	0
147.0	0
147.0	0
147.0	0
147.0	0
146.0	0
146.0	0
145.0	0
145.0	0
124.0	1
145.0	0
145.0	0
146.0	0
144.0	0
144.0	0
143.0	0
144.0	0
144.0	0
143.0	0
143.0	0
143.0	0
143.0	0
85.0	1
142.0	0
143.0	0
142.0	0
142.0	0
142.0	0
142.0	0
142.0	0
142.0	0
137.0	1
141.0	0
140.0	1
142.0	1
132.0	2
142.0	0
141.0	0
128.0	3
142.0	0
142.0	1
134.0	6
101.0	10
112.0	9
137.0	1
79.0	5
120.0	2
146.0	2
146.0	0
147.0	0
145.0	0
146.0	0
147.0	0
147.0	0
147.0	0
149.0	0
149.0	0
150.0	0
150.0	0
149.0	0
149.0	0
150.0	0
148.0	0
148.0	0
149.0	0
148.0	0
148.0	0
145.0	1
148.0	0
149.0	0
150.0	0
149.0	0
148.0	0
148.0	0
148.0	0
149.0	0
148.0	0
148.0	0
147.0	0
147.0	0
147.0	0
147.0	0
146.0	0
146.0	0
147.0	0
146.0	0
145.0	0
146.0	0
145.0	0
145.0	0
143.0	0
143.0	0
145.0	0
144.0	0
144.0	0
140.0	1
120.0	1
47.0	1
142.0	0
109.0	1
142.0	1
127.0	2
91.0	2
143.0	0
132.0	1
125.0	1
130.0	1
135.0	4
111.0	4
114.0	3
135.0	3
144.0	1
124.0	8
100.0	7
52.0	13
81.0	24
71.0	15
98.0	4
122.0	6
136.0	2
145.0	1
145.0	0
144.0	0
145.0	0
146.0	0
147.0	0
148.0	0
149.0	0
149.0	0
149.0	0
149.0	0
148.0	0
147.0	0
148.0	0
148.0	0
148.0	0
121.0	1
149.0	0
149.0	0
149.0	0
149.0	0
149.0	0
149.0	0
148.0	0
148.0	0
148.0	0
146.0	0
146.0	0
147.0	0
146.0	0
147.0	0
146.0	0
146.0	0
146.0	0
141.0	1
145.0	0
145.0	0
145.0	1
111.0	2
144.0	0
144.0	0
145.0	0
143.0	0
143.0	0
144.0	0
141.0	1
126.0	2
143.0	0
58.0	1
143.0	1
93.0	2
138.0	2
142.0	0
67.0	2
93.0	4
142.0	0
141.0	0
116.0	2
116.0	3
140.0	2
131.0	7
116.0	9
127.0	7
123.0	4
80.0	6
97.0	10
102.0	25
92.0	26
93.0	17
110.0	10
142.0	0
117.0	2
125.0	1
146.0	0
145.0	0
147.0	0
147.0	0
147.0	0
148.0	0
148.0	0
149.0	0
148.0	0
147.0	0
148.0	0
149.0	0
148.0	0
148.0	0
148.0	0
148.0	0
148.0	0
139.0	1
149.0	0
148.0	0
148.0	0
148.0	0
148.0	0
149.0	0
149.0	0
147.0	0
148.0	0
146.0	0
147.0	0
147.0	0
146.0	0
146.0	0
145.0	0
144.0	0
143.0	0
145.0	0
144.0	0
144.0	0
143.0	0
143.0	0
143.0	0
143.0	0
142.0	0
142.0	0
78.0	3
143.0	0
142.0	0
132.0	2
137.0	1
79.0	4
117.0	4
125.0	2
136.0	1
141.0	0
135.0	3
123.0	2
103.0	5
117.0	3
92.0	9
99.0	12
121.0	4
74.0	7
85.0	3
109.0	5
83.0	20
70.0	27
106.0	33
22.0	16
91.0	17
142.0	1
111.0	5
76.0	3
141.0	1
145.0	0
146.0	0
146.0	0
147.0	0
147.0	0
148.0	0
149.0	0
149.0	0
150.0	0
149.0	0
148.0	0
149.0	0
149.0	0
148.0	0
149.0	0
148.0	0
148.0	0
149.0	0
139.0	1
149.0	0
148.0	0
149.0	0
149.0	0
148.0	0
147.0	0
148.0	0
147.0	0
148.0	0
141.0	1
147.0	0
147.0	0
85.0	2
146.0	0
146.0	0
144.0	0
145.0	1
144.0	0
145.0	0
144.0	1
140.0	1
86.0	2
144.0	0
143.0	0
144.0	0
136.0	1
99.0	1
136.0	3
144.0	0
40.0	2
133.0	1
142.0	0
118.0	3
124.0	1
143.0	1
143.0	2
133.0	3
124.0	5
71.0	13
119.0	11
92.0	13
110.0	7
131.0	4
137.0	4
94.0	17
79.0	21
104.0	24
89.0	15
114.0	6
143.0	0
134.0	3
120.0	5
67.0	2
145.0	0
130.0	1
115.0	1
147.0	0
140.0	1
149.0	0
149.0	0
150.0	0
141.0	1
149.0	0
149.0	0
149.0	0
148.0	0
149.0	0
149.0	0
148.0	0
149.0	0
148.0	0
147.0	0
148.0	0
146.0	0
147.0	0
146.0	0
148.0	0
146.0	0
146.0	0
146.0	0
145.0	0
146.0	0
145.0	0
146.0	0
144.0	0
145.0	0
144.0	0
144.0	1
145.0	0
144.0	0
144.0	0
143.0	1
45.0	1
142.0	1
96.0	1
126.0	1
142.0	1
128.0	2
143.0	1
109.0	2
142.0	1
48.0	3
106.0	2
91.0	1
139.0	2
50.0	1
94.0	3
111.0	6
132.0	4
55.0	12
97.0	14
105.0	7
90.0	6
77.0	12
46.0	4
65.0	9
88.0	20
32.0	20
88.0	12
129.0	11
137.0	2
144.0	0
131.0	2
119.0	1
145.0	0
145.0	0
147.0	0
147.0	0
148.0	0
149.0	0
150.0	0
150.0	0
76.0	1
150.0	0
150.0	0
150.0	0
150.0	0
149.0	0
149.0	0
149.0	0
150.0	0
116.0	1
149.0	0
149.0	0
149.0	0
149.0	0
150.0	1
146.0	1
148.0	0
148.0	0
148.0	0
149.0	0
148.0	0
148.0	0
148.0	0
147.0	0
50.0	1
138.0	2
127.0	3
147.0	0
146.0	0
146.0	0
146.0	1
146.0	0
146.0	1
146.0	0
146.0	0
146.0	1
130.0	1
145.0	0
138.0	2
128.0	3
145.0	0
144.0	2
138.0	2
143.0	0
73.0	2
132.0	3
141.0	1
112.0	6
128.0	4
95.0	9
104.0	11
126.0	10
79.0	6
118.0	7
61.0	8
122.0	14
87.0	18
96.0	12
107.0	14
91.0	9
124.0	5
118.0	1
143.0	0
144.0	0
145.0	0
146.0	0
148.0	0
147.0	0
148.0	0
149.0	0
149.0	0
150.0	0
146.0	1
151.0	0
149.0	0
150.0	0
149.0	0
149.0	0
149.0	0
150.0	0
149.0	0
149.0	0
148.0	0
148.0	0
128.0	1
148.0	0
148.0	0
148.0	0
147.0	0
147.0	0
119.0	1
117.0	2
146.0	0
123.0	1
107.0	3
146.0	2
121.0	2
144.0	1
146.0	1
146.0	1
125.0	2
127.0	3
138.0	1
120.0	2
146.0	0
140.0	1
103.0	2
132.0	3
145.0	0
141.0	3
87.0	1
140.0	2
144.0	0
134.0	2
108.0	4
143.0	2
112.0	2
128.0	4
92.0	9
116.0	3
132.0	7
79.0	11
111.0	14
127.0	9
110.0	11
112.0	8
94.0	13
92.0	23
97.0	19
52.0	19
75.0	10
91.0	9
95.0	2
126.0	1
136.0	1
142.0	1
131.0	1
143.0	1
146.0	0
147.0	0
147.0	0
148.0	0
149.0	0
148.0	0
148.0	0
148.0	0
150.0	0
150.0	0
149.0	0
149.0	0
124.0	1
149.0	0
148.0	0
146.0	1
148.0	0
148.0	0
146.0	0
146.0	0
147.0	0
147.0	0
147.0	0
35.0	2
146.0	0
146.0	0
145.0	0
144.0	1
46.0	3
81.0	4
94.0	3
98.0	2
146.0	1
112.0	1
144.0	3
137.0	3
105.0	5
145.0	1
143.0	1
146.0	1
120.0	1
144.0	1
145.0	0
142.0	3
144.0	0
22.0	3
129.0	2
78.0	3
54.0	3
135.0	3
137.0	3
143.0	2
100.0	5
127.0	10
109.0	8
75.0	11
96.0	16
126.0	15
105.0	17
52.0	13
79.0	19
81.0	22
50.0	26
56.0	14
70.0	8
119.0	4
100.0	3
143.0	1
144.0	0
144.0	0
145.0	0
145.0	0
144.0	0
146.0	0
146.0	0
146.0	0
147.0	0
148.0	0
149.0	0
145.0	1
148.0	0
149.0	0
148.0	0
148.0	0
150.0	0
149.0	0
148.0	0
147.0	0
148.0	0
147.0	1
147.0	0
147.0	0
148.0	0
147.0	0
44.0	1
111.0	1
146.0	0
100.0	2
148.0	0
141.0	2
148.0	1
78.0	9
95.0	7
124.0	3
102.0	2
140.0	2
110.0	3
133.0	1
109.0	2
141.0	1
147.0	0
137.0	2
149.0	0
38.0	4
148.0	1
147.0	1
94.0	2
146.0	0
146.0	0
142.0	2
110.0	2
129.0	6
120.0	4
136.0	5
142.0	2
92.0	6
124.0	13
71.0	15
76.0	16
59.0	20
95.0	26
122.0	13
52.0	26
67.0	18
110.0	16
119.0	9
127.0	4
114.0	3
131.0	2
124.0	2
136.0	2
145.0	0
145.0	0
144.0	0
101.0	1
146.0	0
147.0	0
147.0	0
147.0	0
149.0	0
146.0	1
149.0	0
149.0	0
149.0	0
148.0	0
148.0	0
148.0	0
147.0	0
147.0	0
147.0	0
130.0	1
139.0	1
147.0	0
145.0	2
146.0	0
109.0	1
148.0	0
96.0	2
97.0	2
139.0	2
102.0	6
144.0	1
41.0	3
83.0	7
38.0	7
111.0	3
132.0	4
137.0	1
129.0	3
123.0	3
140.0	3
90.0	3
148.0	0
148.0	0
149.0	0
135.0	1
143.0	1
147.0	0
147.0	0
147.0	0
147.0	0
119.0	2
99.0	3
124.0	3
114.0	5
10.0	3
135.0	5
101.0	7
100.0	16
118.0	21
113.0	19
96.0	26
103.0	20
70.0	19
85.0	20
61.0	19
80.0	19
91.0	8
105.0	1
143.0	0
143.0	0
140.0	1
144.0	0
144.0	0
145.0	0
145.0	0
147.0	0
146.0	0
148.0	0
148.0	1
149.0	0
149.0	0
100.0	1
148.0	0
149.0	0
149.0	0
150.0	0
150.0	0
147.0	2
148.0	0
148.0	0
147.0	0
145.0	1
148.0	0
148.0	0
138.0	1
74.0	3
96.0	3
133.0	1
76.0	2
145.0	2
105.0	1
128.0	3
70.0	3
95.0	4
69.0	8
100.0	10
112.0	2
40.0	8
115.0	4
88.0	5
42.0	2
81.0	8
114.0	4
109.0	1
130.0	1
148.0	1
149.0	0
149.0	0
148.0	0
148.0	0
148.0	0
147.0	0
147.0	1
146.0	0
126.0	3
31.0	7
92.0	4
131.0	4
116.0	12
84.0	18
76.0	9
130.0	15
93.0	19
83.0	21
71.0	22
62.0	24
82.0	13
81.0	9
132.0	7
139.0	1
131.0	2
144.0	0
123.0	1
146.0	1
146.0	0
147.0	0
147.0	0
148.0	0
148.0	0
148.0	0
149.0	0
83.0	1
150.0	0
111.0	1
150.0	0
151.0	0
150.0	0
150.0	0
150.0	0
149.0	0
150.0	0
150.0	0
150.0	0
150.0	0
149.0	0
54.0	1
150.0	0
128.0	1
54.0	2
89.0	1
84.0	2
63.0	3
145.0	4
107.0	4
97.0	5
89.0	8
82.0	5
41.0	11
63.0	6
99.0	4
116.0	5
126.0	6
125.0	3
93.0	6
59.0	3
142.0	1
153.0	0
149.0	1
152.0	0
153.0	0
151.0	0
151.0	0
123.0	1
151.0	0
150.0	0
147.0	1
144.0	2
125.0	5
93.0	7
102.0	6
119.0	12
109.0	17
72.0	17
65.0	25
87.0	13
141.0	10
99.0	12
82.0	8
82.0	14
83.0	8
126.0	7
129.0	5
115.0	5
141.0	3
108.0	1
145.0	0
146.0	1
147.0	0
135.0	1
146.0	0
147.0	0
148.0	0
150.0	0
149.0	0
149.0	0
149.0	0
149.0	0
149.0	0
88.0	1
149.0	0
148.0	0
149.0	0
149.0	0
149.0	0
149.0	0
148.0	1
148.0	0
149.0	0
149.0	0
47.0	2
105.0	2
53.0	3
150.0	0
50.0	4
120.0	6
101.0	5
86.0	7
89.0	9
97.0	7
93.0	6
69.0	14
109.0	5
83.0	8
112.0	6
67.0	5
152.0	0
153.0	0
147.0	1
152.0	1
103.0	1
152.0	0
152.0	0
151.0	0
151.0	0
104.0	1
150.0	0
140.0	1
150.0	0
129.0	2
136.0	3
91.0	4
146.0	2
55.0	12
127.0	8
78.0	18
88.0	15
124.0	14
123.0	15
103.0	11
87.0	11
65.0	7
92.0	6
117.0	5
127.0	7
141.0	7
145.0	0
139.0	1
145.0	1
145.0	0
145.0	0
145.0	0
146.0	0
147.0	0
148.0	0
148.0	0
149.0	1
149.0	0
150.0	0
150.0	0
149.0	0
149.0	0
149.0	0
149.0	0
148.0	0
148.0	0
148.0	0
148.0	0
143.0	2
146.0	0
147.0	0
147.0	0
147.0	0
86.0	1
148.0	1
149.0	0
20.0	4
124.0	3
37.0	5
128.0	2
88.0	4
87.0	14
45.0	9
137.0	7
77.0	9
75.0	7
118.0	6
128.0	1
152.0	0
151.0	0
145.0	1
151.0	0
131.0	1
151.0	0
151.0	0
151.0	0
150.0	0
149.0	0
149.0	0
137.0	2
116.0	3
47.0	6
120.0	3
138.0	8
123.0	4
77.0	13
113.0	13
95.0	12
42.0	19
125.0	14
91.0	15
85.0	14
98.0	10
88.0	10
47.0	9
71.0	10
86.0	4
144.0	0
144.0	0
145.0	2
124.0	1
132.0	1
146.0	1
146.0	0
148.0	0
149.0	0
148.0	0
148.0	0
149.0	0
149.0	0
149.0	0
150.0	0
150.0	0
149.0	0
148.0	0
149.0	0
150.0	0
149.0	1
149.0	0
149.0	0
149.0	0
149.0	1
150.0	0
144.0	1
141.0	2
131.0	1
38.0	1
87.0	5
78.0	6
89.0	4
114.0	3
126.0	2
66.0	14
78.0	7
53.0	9
49.0	14
107.0	7
116.0	9
99.0	1
155.0	1
155.0	0
155.0	0
114.0	1
155.0	1
154.0	0
129.0	1
153.0	0
142.0	1
37.0	5
153.0	0
153.0	1
134.0	1
152.0	0
106.0	1
35.0	4
125.0	3
95.0	5
90.0	18
80.0	15
118.0	12
102.0	14
94.0	11
73.0	16
128.0	7
131.0	9
67.0	8
129.0	5
99.0	8
78.0	8
83.0	7
124.0	2
145.0	0
144.0	1
146.0	0
147.0	0
146.0	0
146.0	0
147.0	0
148.0	0
148.0	0
148.0	0
149.0	0
149.0	0
149.0	0
148.0	0
148.0	0
141.0	2
148.0	0
149.0	0
148.0	0
148.0	0
148.0	0
148.0	0
149.0	0
149.0	0
150.0	0
91.0	3
71.0	2
3.0	5
139.0	2
118.0	5
99.0	3
68.0	7
67.0	11
39.0	9
25.0	10
148.0	9
54.0	11
45.0	7
92.0	4
155.0	0
142.0	1
98.0	1
154.0	0
154.0	0
154.0	0
103.0	1
31.0	3
153.0	1
153.0	0
138.0	2
130.0	3
99.0	8
122.0	5
147.0	2
137.0	2
92.0	4
108.0	3
89.0	8
69.0	7
124.0	12
109.0	10
32.0	17
40.0	19
74.0	16
103.0	5
50.0	12
96.0	7
23.0	3
75.0	4
72.0	3
112.0	3
134.0	1
144.0	0
145.0	0
145.0	0
145.0	0
145.0	0
146.0	0
146.0	0
146.0	0
147.0	0
148.0	0
148.0	0
148.0	0
148.0	0
147.0	0
149.0	0
148.0	0
147.0	0
147.0	0
147.0	0
146.0	0
147.0	0
147.0	0
149.0	0
149.0	0
148.0	1
150.0	1
150.0	0
150.0	1
76.0	3
128.0	4
130.0	6
51.0	6
41.0	4
134.0	8
73.0	18
89.0	16
117.0	5
109.0	3
153.0	0
154.0	0
154.0	0
155.0	0
154.0	0
133.0	1
153.0	0
154.0	0
154.0	1
154.0	2
150.0	3
101.0	2
152.0	4
151.0	1
152.0	1
152.0	3
125.0	6
101.0	1
83.0	7
123.0	8
116.0	12
87.0	15
81.0	21
30.0	14
99.0	19
127.0	12
78.0	12
123.0	13
81.0	5
58.0	11
64.0	10
116.0	4
76.0	3
141.0	2
142.0	2
145.0	0
40.0	1
145.0	0
146.0	0
146.0	0
146.0	0
148.0	0
148.0	0
148.0	0
148.0	0
149.0	0
149.0	0
148.0	0
148.0	0
149.0	0
148.0	0
148.0	0
148.0	0
148.0	0
149.0	0
149.0	0
149.0	0
150.0	0
90.0	3
151.0	1
145.0	1
123.0	10
51.0	6
38.0	7
86.0	12
89.0	7
106.0	12
20.0	10
62.0	11
89.0	12
108.0	4
155.0	0
155.0	0
156.0	0
156.0	0
157.0	0
156.0	0
155.0	0
156.0	0
156.0	0
157.0	0
156.0	0
156.0	1
140.0	1
122.0	2
154.0	1
93.0	1
107.0	1
151.0	0
150.0	0
128.0	2
123.0	4
33.0	5
54.0	7
85.0	13
69.0	13
96.0	9
90.0	12
53.0	16
97.0	12
55.0	14
51.0	16
108.0	5
123.0	14
92.0	10
112.0	1
144.0	0
144.0	0
144.0	0
145.0	0
146.0	0
146.0	0
147.0	0
148.0	0
148.0	0
148.0	0
149.0	0
149.0	0
149.0	0
149.0	0
148.0	0
148.0	0
148.0	0
149.0	0
148.0	0
149.0	0
148.0	0
149.0	0
149.0	0
149.0	0
150.0	1
84.0	1
102.0	10
122.0	17
66.0	19
99.0	16
85.0	15
37.0	25
66.0	25
97.0	22
53.0	16
104.0	2
155.0	0
154.0	1
156.0	0
156.0	0
156.0	0
156.0	0
157.0	0
42.0	1
156.0	0
156.0	0
131.0	1
156.0	0
155.0	0
154.0	0
154.0	0
154.0	0
153.0	0
152.0	0
152.0	0
150.0	1
127.0	1
145.0	2
129.0	7
87.0	10
91.0	8
48.0	24
81.0	13
93.0	19
104.0	11
76.0	16
57.0	21
45.0	9
121.0	13
65.0	9
97.0	6
106.0	2
145.0	0
144.0	0
145.0	0
145.0	0
145.0	0
147.0	0
147.0	0
147.0	0
148.0	0
149.0	0
150.0	0
148.0	0
149.0	0
149.0	0
149.0	0
149.0	0
150.0	0
149.0	0
149.0	0
149.0	0
149.0	0
150.0	0
150.0	0
150.0	0
116.0	1
140.0	2
106.0	39
51.0	84
43.0	128
64.0	65
125.0	27
62.0	42
56.0	21
36.0	22
45.0	8
156.0	1
153.0	1
157.0	0
157.0	0
158.0	0
158.0	0
157.0	0
158.0	0
158.0	0
158.0	0
157.0	0
157.0	0
157.0	0
124.0	1
155.0	0
155.0	0
155.0	0
153.0	0
153.0	0
153.0	0
153.0	0
152.0	0
95.0	2
149.0	1
143.0	1
79.0	14
61.0	17
82.0	28
59.0	24
103.0	18
102.0	13
107.0	13
78.0	18
111.0	6
54.0	11
137.0	4
129.0	2
146.0	0
145.0	0
145.0	0
146.0	0
146.0	0
146.0	0
148.0	0
148.0	0
148.0	0
148.0	0
148.0	0
148.0	0
149.0	0
148.0	0
148.0	0
149.0	0
148.0	0
148.0	0
148.0	0
149.0	0
150.0	0
150.0	0
151.0	0
150.0	1
152.0	2
87.0	20
76.0	104
50.0	234
75.0	196
60.0	65
101.0	34
84.0	28
36.0	18
102.0	13
156.0	2
157.0	0
158.0	0
158.0	0
158.0	0
159.0	0
159.0	0
159.0	0
159.0	0
159.0	0
158.0	0
158.0	0
157.0	0
157.0	0
157.0	0
156.0	0
155.0	0
155.0	0
154.0	0
154.0	0
155.0	0
152.0	0
152.0	0
52.0	2
151.0	0
133.0	3
132.0	5
69.0	15
81.0	26
100.0	17
103.0	12
89.0	23
67.0	9
102.0	4
77.0	8
126.0	2
145.0	0
144.0	0
145.0	0
145.0	0
144.0	0
146.0	0
147.0	0
146.0	0
147.0	0
148.0	0
148.0	0
148.0	0
149.0	0
149.0	0
148.0	0
148.0	0
149.0	0
149.0	0
149.0	0
149.0	0
148.0	0
149.0	0
149.0	0
151.0	0
152.0	0
153.0	2
136.0	2
59.0	22
70.0	141
66.0	184
69.0	91
103.0	42
26.0	20
105.0	15
69.0	5
93.0	1
159.0	0
158.0	0
158.0	0
158.0	0
160.0	0
160.0	0
159.0	0
160.0	0
160.0	0
158.0	0
160.0	0
159.0	0
158.0	0
158.0	0
158.0	0
156.0	0
157.0	0
156.0	0
155.0	0
155.0	0
154.0	0
153.0	0
152.0	0
149.0	1
151.0	0
138.0	3
93.0	11
69.0	12
95.0	23
99.0	15
113.0	13
75.0	6
47.0	3
118.0	2
136.0	1
140.0	1
144.0	0
145.0	0
145.0	0
145.0	0
145.0	0
144.0	0
145.0	0
146.0	0
148.0	0
147.0	0
148.0	0
148.0	0
149.0	0
149.0	0
149.0	0
149.0	0
149.0	0
148.0	0
149.0	0
150.0	0
150.0	0
151.0	0
151.0	0
152.0	0
124.0	1
153.0	0
149.0	2
52.0	19
117.0	43
75.0	42
65.0	20
87.0	12
80.0	5
120.0	2
159.0	0
159.0	0
159.0	0
159.0	0
159.0	0
159.0	0
159.0	0
160.0	0
161.0	0
161.0	0
161.0	0
160.0	0
160.0	0
160.0	0
159.0	0
159.0	0
158.0	0
158.0	0
157.0	0
157.0	0
156.0	0
156.0	0
154.0	0
153.0	0
152.0	0
152.0	0
86.0	1
78.0	3
60.0	5
110.0	13
84.0	15
91.0	8
105.0	5
120.0	3
85.0	2
120.0	1
145.0	0
144.0	0
143.0	0
144.0	0
144.0	0
144.0	0
145.0	0
146.0	0
145.0	0
146.0	0
146.0	0
148.0	0
149.0	0
148.0	0
150.0	0
149.0	0
150.0	0
150.0	0
150.0	0
151.0	0
151.0	0
152.0	0
152.0	0
153.0	0
153.0	0
152.0	0
153.0	0
154.0	0
104.0	2
102.0	6
32.0	9
61.0	10
57.0	3
158.0	0
125.0	1
158.0	0
158.0	0
159.0	0
160.0	0
160.0	0
160.0	0
160.0	0
160.0	0
159.0	0
160.0	0
160.0	0
160.0	0
160.0	0
160.0	0
158.0	0
159.0	0
158.0	0
159.0	0
157.0	0
157.0	0
156.0	0
155.0	0
154.0	0
153.0	0
153.0	0
152.0	0
152.0	0
151.0	1
147.0	2
136.0	1
138.0	4
130.0	3
139.0	2
136.0	3
25.0	1
146.0	1
145.0	0
144.0	0
144.0	0
144.0	0
144.0	0
145.0	0
146.0	0
146.0	0
145.0	0
146.0	0
146.0	0
147.0	0
147.0	0
147.0	0
149.0	0
149.0	0
149.0	0
150.0	0
150.0	0
150.0	0
151.0	0
151.0	0
151.0	0
153.0	0
153.0	0
153.0	0
153.0	0
154.0	0
155.0	0
156.0	0
139.0	1
157.0	1
68.0	1
159.0	0
159.0	0
160.0	0
161.0	0
162.0	0
162.0	0
162.0	0
162.0	0
162.0	0
164.0	0
164.0	0
166.0	0
165.0	0
163.0	0
164.0	0
163.0	0
163.0	0
161.0	0
162.0	0
160.0	0
158.0	0
159.0	0
158.0	0
157.0	0
156.0	0
156.0	0
155.0	0
155.0	0
154.0	0
152.0	0
152.0	0
152.0	0
100.0	2
133.0	3
118.0	1
129.0	1
113.0	1
148.0	0
148.0	0
147.0	0
147.0	0
145.0	0
144.0	0
144.0	0
144.0	0
144.0	0
145.0	0
145.0	0
146.0	0
146.0	0
146.0	0
147.0	0
148.0	0
148.0	0
150.0	0
151.0	0
149.0	0
150.0	0
151.0	0
151.0	0
152.0	0
153.0	0
154.0	0
154.0	0
155.0	0
156.0	0
156.0	0
156.0	0
157.0	0
108.0	1
101.0	1
158.0	0
159.0	0
150.0	1
145.0	1
161.0	0
161.0	0
162.0	0
162.0	0
163.0	0
163.0	0
162.0	0
163.0	0
164.0	0
165.0	0
163.0	0
162.0	0
162.0	0
162.0	0
161.0	0
161.0	0
160.0	0
159.0	0
159.0	0
157.0	0
157.0	0
156.0	0
156.0	0
154.0	0
154.0	0
153.0	0
152.0	0
151.0	0
151.0	0
101.0	1
113.0	2
148.0	0
148.0	0
148.0	0
147.0	0
148.0	0
147.0	0
147.0	0
145.0	0
144.0	0
144.0	0
143.0	0
143.0	0
145.0	0
145.0	0
146.0	0
146.0	0
146.0	0
149.0	0
149.0	0
149.0	0
151.0	0
150.0	0
150.0	0
151.0	0
151.0	0
152.0	0
152.0	0
153.0	0
154.0	0
154.0	0
156.0	0
156.0	0
156.0	0
157.0	0
158.0	0
159.0	0
159.0	0
160.0	0
162.0	0
162.0	0
161.0	0
162.0	0
162.0	0
163.0	0
163.0	0
164.0	0
164.0	0
163.0	0
163.0	0
163.0	0
163.0	0
162.0	0
163.0	0
161.0	0
162.0	0
161.0	0
160.0	0
159.0	0
159.0	0
158.0	0
157.0	0
157.0	0
155.0	0
155.0	0
154.0	0
153.0	0
153.0	0
152.0	0
152.0	0
150.0	0
150.0	0
149.0	0
149.0	0
148.0	0
148.0	0
147.0	0
146.0	0
146.0	0
145.0	0
144.0	0
144.0	0
143.0	0
145.0	0
143.0	0
144.0	0
143.0	0
145.0	0
145.0	0
146.0	0
146.0	0
147.0	0
148.0	0
148.0	0
149.0	0
150.0	0
149.0	0
150.0	0
151.0	0
153.0	0
154.0	0
155.0	0
156.0	0
156.0	0
156.0	0
157.0	0
158.0	0
159.0	0
160.0	0
160.0	0
161.0	0
161.0	0
161.0	0
162.0	0
163.0	0
164.0	0
163.0	0
164.0	0
165.0	0
165.0	0
165.0	0
166.0	0
165.0	0
164.0	0
164.0	0
164.0	0
162.0	0
163.0	0
162.0	0
161.0	0
161.0	0
160.0	0
159.0	0
159.0	0
157.0	0
156.0	0
156.0	0
154.0	0
153.0	0
153.0	0
153.0	0
152.0	0
151.0	0
151.0	0
149.0	0
149.0	0
149.0	0
148.0	0
147.0	0
146.0	0
145.0	0
145.0	0
145.0	0
143.0	0
145.0	0
143.0	0
144.0	0
144.0	0
144.0	0
143.0	0
146.0	0
146.0	0
146.0	0
147.0	0
147.0	0
149.0	0
149.0	0
150.0	0
152.0	0
151.0	0
153.0	0
154.0	0
155.0	0
155.0	0
156.0	0
157.0	0
157.0	0
159.0	0
160.0	0
160.0	0
160.0	0
161.0	0
162.0	0
162.0	0
163.0	0
163.0	0
163.0	0
164.0	0
165.0	0
166.0	0
165.0	0
166.0	0
165.0	0
165.0	0
165.0	0
165.0	0
163.0	0
164.0	0
162.0	0
161.0	0
161.0	0
160.0	0
160.0	0
159.0	0
158.0	0
158.0	0
157.0	0
156.0	0
155.0	0
155.0	0
155.0	0
154.0	0
152.0	0
151.0	0
150.0	0
149.0	0
149.0	0
148.0	0
146.0	0
146.0	0
145.0	0
146.0	0
145.0	0
145.0	0
144.0	0
144.0	0
144.0	0
144.0	0
143.0	0
144.0	0
144.0	0
144.0	0
145.0	0
144.0	0
146.0	0
148.0	0
149.0	0
150.0	0
150.0	0
151.0	0
152.0	0
153.0	0
154.0	0
155.0	0
155.0	0
156.0	0
157.0	0
158.0	0
159.0	0
160.0	0
161.0	0
161.0	0
162.0	0
162.0	0
163.0	0
163.0	0
164.0	0
165.0	0
164.0	0
165.0	0
164.0	0
165.0	0
165.0	0
166.0	0
165.0	0
166.0	0
166.0	0
165.0	0
164.0	0
164.0	0
163.0	0
162.0	0
161.0	0
161.0	0
159.0	0
159.0	0
158.0	0
157.0	0
157.0	0
156.0	0
155.0	0
155.0	0
154.0	0
153.0	0
151.0	0
150.0	0
150.0	0
149.0	0
148.0	0
148.0	0
147.0	0
146.0	0
146.0	0
145.0	0
145.0	0
144.0	0
144.0	0
145.0	0
144.0	0
142.0	0
143.0	0
143.0	0
144.0	0
145.0	0
145.0	0
146.0	0
147.0	0
147.0	0
150.0	0
151.0	0
152.0	0
152.0	0
153.0	0
153.0	0
155.0	0
156.0	0
156.0	0
157.0	0
157.0	0
158.0	0
159.0	0
161.0	0
161.0	0
162.0	0
162.0	0
163.0	0
164.0	0
165.0	0
166.0	0
166.0	0
166.0	0
166.0	0
165.0	0
166.0	0
166.0	0
165.0	0
165.0	0
166.0	0
164.0	0
164.0	0
164.0	0
163.0	0
162.0	0
162.0	0
160.0	0
160.0	0
159.0	0
159.0	0
157.0	0
157.0	0
155.0	0
154.0	0
155.0	0
154.0	0
152.0	0
151.0	0
150.0	0
150.0	0
149.0	0
150.0	0
148.0	0
148.0	0
146.0	0
145.0	0
144.0	0
145.0	0
145.0	0
143.0	0
142.0	0
143.0	0
143.0	0
143.0	0
143.0	0
143.0	0
143.0	0
144.0	0
146.0	0
146.0	0
146.0	0
148.0	0
148.0	0
151.0	0
152.0	0
153.0	0
153.0	0
153.0	0
155.0	0
156.0	0
157.0	0
158.0	0
158.0	0
160.0	0
159.0	0
161.0	0
161.0	0
163.0	0
163.0	0
164.0	0
165.0	0
166.0	0
166.0	0
166.0	0
166.0	0
167.0	0
166.0	0
167.0	0
166.0	0
166.0	0
166.0	0
164.0	0
166.0	0
165.0	0
163.0	0
164.0	0
161.0	0
161.0	0
160.0	0
160.0	0
158.0	0
158.0	0
156.0	0
156.0	0
155.0	0
154.0	0
153.0	0
152.0	0
151.0	0
150.0	0
149.0	0
149.0	0
148.0	0
147.0	0
146.0	0
146.0	0
145.0	0
144.0	0
143.0	0
143.0	0
142.0	0
143.0	0
144.0	0
143.0	0
142.0	0
143.0	0
144.0	0
144.0	0
144.0	0
144.0	0
145.0	0
147.0	0
148.0	0
149.0	0
150.0	0
151.0	0
153.0	0
153.0	0
154.0	0
154.0	0
155.0	0
157.0	0
157.0	0
159.0	0
159.0	0
160.0	0
160.0	0
163.0	0
163.0	0
164.0	0
165.0	0
166.0	0
167.0	0
166.0	0
167.0	0
166.0	0
166.0	0
167.0	0
167.0	0
167.0	0
167.0	0
167.0	0
167.0	0
166.0	0
166.0	0
165.0	0
164.0	0
164.0	0
162.0	0
163.0	0
160.0	0
160.0	0
158.0	0
159.0	0
157.0	0
157.0	0
156.0	0
154.0	0
153.0	0
152.0	0
152.0	0
152.0	0
151.0	0
150.0	0
149.0	0
148.0	0
147.0	0
146.0	0
146.0	0
145.0	0
144.0	0
145.0	0
145.0	0
143.0	0
145.0	0
144.0	0
144.0	0
143.0	0
143.0	0
143.0	0
144.0	0
145.0	0
146.0	0
148.0	0
148.0	0
150.0	0
152.0	0
153.0	0
155.0	0
155.0	0
156.0	0
157.0	0
159.0	0
159.0	0
159.0	0
160.0	0
160.0	0
162.0	0
161.0	0
163.0	0
163.0	0
165.0	0
164.0	0
165.0	0
166.0	0
166.0	0
167.0	0
168.0	0
168.0	0
167.0	0
167.0	0
167.0	0
167.0	0
166.0	0
166.0	0
166.0	0
164.0	0
164.0	0
162.0	0
162.0	0
160.0	0
161.0	0
158.0	0
159.0	0
157.0	0
156.0	0
155.0	0
154.0	0
153.0	0
152.0	0
151.0	0
151.0	0
150.0	0
150.0	0
147.0	0
147.0	0
147.0	0
146.0	0
145.0	0
145.0	0
144.0	0
144.0	0
145.0	0
144.0	0
144.0	0
142.0	0
141.0	0
143.0	0
143.0	0
143.0	0
145.0	0
145.0	0
144.0	0
145.0	0
147.0	0
148.0	0
150.0	0
151.0	0
152.0	0
155.0	0
155.0	0
156.0	0
156.0	0
157.0	0
158.0	0
158.0	0
159.0	0
160.0	0
161.0	0
162.0	0
163.0	0
164.0	0
164.0	0
165.0	0
165.0	0
165.0	0
166.0	0
166.0	0
167.0	0
167.0	0
168.0	0
167.0	0
167.0	0
167.0	0
166.0	0
167.0	0
167.0	0
165.0	0
165.0	0
165.0	0
164.0	0
163.0	0
161.0	0
160.0	0
160.0	0
158.0	0
157.0	0
157.0	0
156.0	0
155.0	0
154.0	0
153.0	0
152.0	0
151.0	0
150.0	0
150.0	0
149.0	0
148.0	0
148.0	0
146.0	0
146.0	0
145.0	0
145.0	0
144.0	0
143.0	0
143.0	0
142.0	0
143.0	0
143.0	0
143.0	0
143.0	0
143.0	0
143.0	0
144.0	0
145.0	0
146.0	0
147.0	0
149.0	0
151.0	0
152.0	0
152.0	0
154.0	0
156.0	0
157.0	0
157.0	0
158.0	0
160.0	0
160.0	0
160.0	0
161.0	0
161.0	0
162.0	0
162.0	0
162.0	0
163.0	0
164.0	0
164.0	0
165.0	0
165.0	0
167.0	0
166.0	0
167.0	0
167.0	0
167.0	0
167.0	0
166.0	0
166.0	0
166.0	0
165.0	0
165.0	0
165.0	0
163.0	0
162.0	0
161.0	0
159.0	0
159.0	0
158.0	0
157.0	0
156.0	0
155.0	0
155.0	0
153.0	0
153.0	0
151.0	0
151.0	0
150.0	0
148.0	0
148.0	0
147.0	0
145.0	0
145.0	0
144.0	0
144.0	0
142.0	0
142.0	0
142.0	0
142.0	0
142.0	0
142.0	0
142.0	0
143.0	0
142.0	0
143.0	0
145.0	0
145.0	0
146.0	0
146.0	0
147.0	0
149.0	0
151.0	0
152.0	0
154.0	0
156.0	0
157.0	0
158.0	0
158.0	0
159.0	0
161.0	0
161.0	0
161.0	0
161.0	0
162.0	0
163.0	0
165.0	0
165.0	0
165.0	0
166.0	0
167.0	0
167.0	0
168.0	0
168.0	0
168.0	0
169.0	0
168.0	0
169.0	0
168.0	0
169.0	0
168.0	0
167.0	0
166.0	0
166.0	0
166.0	0
164.0	0
165.0	0
163.0	0
163.0	0
162.0	0
161.0	0
160.0	0
159.0	0
158.0	0
157.0	0
157.0	0
155.0	0
154.0	0
152.0	0
152.0	0
152.0	0
149.0	0
149.0	0
148.0	0
147.0	0
146.0	0
145.0	0
146.0	0
146.0	0
145.0	0
145.0	0
144.0	0
144.0	0
145.0	0
144.0	0
145.0	0
144.0	0
144.0	0
143.0	0
144.0	0
144.0	0
145.0	0
147.0	0
148.0	0
149.0	0
151.0	0
153.0	0
154.0	0
156.0	0
157.0	0
157.0	0
157.0	0
159.0	0
159.0	0
160.0	0
161.0	0
161.0	0
162.0	0
164.0	0
164.0	0
165.0	0
165.0	0
166.0	0
166.0	0
167.0	0
167.0	0
167.0	0
167.0	0
167.0	0
167.0	0
167.0	0
167.0	0
166.0	0
165.0	0
165.0	0
164.0	0
164.0	0
162.0	0
162.0	0
161.0	0
160.0	0
160.0	0
159.0	0
158.0	0
157.0	0
155.0	0
155.0	0
153.0	0
152.0	0
152.0	0
150.0	0
150.0	0
150.0	0
148.0	0
148.0	0
147.0	0
145.0	0
145.0	0
144.0	0
145.0	0
144.0	0
143.0	0
144.0	0
144.0	0
143.0	0
143.0	0
143.0	0
143.0	0
143.0	0
143.0	0
144.0	0
144.0	0
145.0	0
146.0	0
147.0	0
148.0	0
150.0	0
152.0	0
153.0	0
155.0	0
156.0	0
158.0	0
158.0	0
158.0	0
159.0	0
159.0	0
160.0	0
161.0	0
162.0	0
162.0	0
163.0	0
163.0	0
164.0	0
164.0	0
165.0	0
165.0	0
167.0	0
168.0	0
167.0	0
167.0	0
167.0	0
167.0	0
166.0	0
166.0	0
165.0	0
166.0	0
166.0	0
164.0	0
164.0	0
162.0	0
161.0	0
160.0	0
159.0	0
157.0	0
156.0	0
156.0	0
155.0	0
154.0	0
137.0	1
152.0	0
152.0	0
151.0	0
149.0	0
149.0	0
147.0	0
147.0	0
146.0	0
145.0	0
144.0	0
142.0	0
142.0	0
143.0	0
143.0	0
143.0	0
143.0	0
143.0	0
144.0	0
144.0	0
144.0	0
143.0	0
143.0	0
144.0	0
145.0	0
145.0	0
144.0	0
146.0	0
148.0	0
150.0	0
152.0	0
152.0	0
153.0	0
155.0	0
156.0	0
157.0	0
159.0	0
159.0	0
160.0	0
160.0	0
161.0	0
163.0	0
163.0	0
163.0	0
163.0	0
163.0	0
164.0	0
165.0	0
165.0	0
165.0	0
165.0	0
166.0	0
166.0	0
166.0	0
166.0	0
166.0	0
166.0	0
165.0	0
165.0	0
164.0	0
165.0	0
164.0	0
164.0	0
161.0	0
160.0	0
159.0	0
158.0	0
158.0	0
156.0	0
155.0	0
155.0	0
154.0	0
153.0	0
152.0	0
150.0	0
149.0	0
149.0	0
148.0	0
147.0	0
146.0	0
145.0	0
144.0	0
143.0	0
143.0	0
143.0	0
143.0	0
144.0	0
143.0	0
143.0	0
143.0	0
143.0	0
144.0	0
144.0	0
143.0	0
143.0	0
144.0	0
144.0	0
145.0	0
146.0	0
146.0	0
147.0	0
151.0	0
151.0	0
151.0	0
153.0	0
154.0	0
155.0	0
157.0	0
158.0	0
159.0	0
159.0	0
160.0	0
161.0	0
162.0	0
162.0	0
163.0	0
164.0	0
164.0	0
164.0	0
165.0	0
166.0	0
166.0	0
167.0	0
168.0	0
166.0	0
168.0	0
167.0	0
167.0	0
166.0	0
165.0	0
165.0	0
164.0	0
164.0	0
162.0	0
162.0	0
162.0	0
160.0	0
160.0	0
158.0	0
157.0	0
156.0	0
155.0	0
154.0	0
153.0	0
151.0	0
151.0	0
151.0	0
150.0	0
148.0	0
148.0	0
146.0	0
145.0	0
144.0	0
144.0	0
144.0	0
144.0	0
144.0	0
144.0	0
144.0	0
145.0	0
144.0	0
145.0	0
145.0	0
145.0	0
144.0	0
145.0	0
144.0	0
144.0	0
146.0	0
147.0	0
147.0	0
148.0	0
149.0	0
150.0	0
151.0	0
151.0	0
153.0	0
154.0	0
155.0	0
156.0	0
156.0	0
159.0	0
159.0	0
159.0	0
160.0	0
161.0	0
162.0	0
163.0	0
164.0	0
164.0	0
164.0	0
166.0	0
166.0	0
166.0	0
166.0	0
166.0	0
166.0	0
166.0	0
167.0	0
166.0	0
167.0	0
165.0	0
165.0	0
163.0	0
163.0	0
162.0	0
161.0	0
161.0	0
159.0	0
159.0	0
157.0	0
156.0	0
155.0	0
93.0	1
142.0	1
138.0	1
118.0	1
150.0	0
150.0	0
148.0	0
148.0	0
146.0	0
146.0	0
144.0	0
145.0	0
144.0	0
143.0	0
144.0	0
144.0	0
145.0	0
145.0	0
145.0	0
145.0	0
145.0	0
144.0	0
145.0	0
145.0	0
145.0	0
145.0	0
145.0	0
146.0	0
146.0	0
147.0	0
149.0	0
148.0	0
150.0	0
150.0	0
152.0	0
152.0	0
154.0	0
156.0	0
157.0	0
157.0	0
159.0	0
159.0	0
161.0	0
161.0	0
162.0	0
162.0	0
162.0	0
164.0	0
165.0	0
165.0	0
165.0	0
165.0	0
166.0	0
167.0	0
167.0	0
166.0	0
166.0	0
166.0	0
166.0	0
165.0	0
164.0	0
164.0	0
163.0	0
162.0	0
162.0	0
160.0	0
160.0	0
158.0	0
158.0	0
157.0	0
155.0	0
111.0	2
103.0	7
115.0	4
133.0	2
143.0	1
151.0	0
149.0	0
148.0	0
148.0	0
147.0	0
146.0	0
146.0	0
145.0	0
144.0	0
145.0	0
146.0	0
144.0	0
146.0	0
145.0	0
145.0	0
144.0	0
146.0	0
145.0	0
146.0	0
145.0	0
145.0	0
145.0	0
145.0	0
146.0	0
146.0	0
147.0	0
148.0	0
149.0	0
149.0	0
151.0	0
152.0	0
65.0	2
154.0	0
134.0	1
157.0	0
157.0	0
158.0	0
152.0	1
161.0	0
161.0	0
161.0	0
162.0	0
162.0	0
163.0	0
164.0	0
164.0	0
165.0	0
166.0	0
165.0	0
166.0	0
167.0	0
166.0	0
166.0	0
166.0	0
165.0	0
165.0	0
165.0	0
164.0	0
164.0	0
162.0	0
161.0	0
159.0	0
160.0	0
157.0	0
129.0	5
156.0	1
49.0	5
128.0	2
72.0	8
112.0	4
80.0	4
151.0	0
96.0	2
148.0	0
148.0	0
147.0	0
147.0	0
147.0	0
146.0	0
145.0	0
144.0	0
145.0	0
145.0	0
144.0	0
146.0	0
145.0	0
145.0	0
144.0	0
146.0	0
145.0	0
146.0	0
145.0	0
146.0	0
145.0	0
145.0	0
146.0	0
148.0	0
148.0	0
149.0	0
150.0	0
148.0	1
151.0	0
152.0	0
151.0	1
155.0	0
155.0	0
156.0	0
157.0	0
145.0	1
152.0	1
160.0	0
160.0	0
160.0	0
162.0	0
163.0	0
164.0	0
164.0	0
164.0	0
165.0	0
165.0	0
166.0	0
166.0	0
166.0	0
166.0	0
166.0	0
165.0	0
165.0	0
164.0	0
165.0	0
163.0	0
163.0	0
162.0	0
161.0	0
159.0	0
159.0	0
148.0	3
157.0	1
114.0	4
72.0	9
107.0	5
97.0	3
44.0	3
151.0	0
150.0	1
150.0	0
148.0	0
148.0	0
147.0	0
146.0	0
146.0	0
146.0	0
145.0	0
147.0	0
147.0	0
146.0	0
145.0	0
145.0	0
146.0	0
146.0	0
147.0	0
147.0	0
147.0	0
147.0	0
147.0	0
147.0	0
147.0	0
147.0	0
146.0	0
148.0	0
149.0	0
149.0	0
151.0	0
152.0	0
152.0	0
152.0	0
153.0	0
154.0	0
156.0	0
156.0	0
157.0	0
157.0	0
159.0	0
161.0	0
160.0	0
160.0	0
162.0	0
164.0	0
164.0	0
163.0	0
163.0	0
164.0	0
166.0	0
165.0	0
166.0	0
166.0	0
158.0	1
165.0	0
166.0	0
165.0	0
164.0	0
163.0	0
164.0	0
163.0	0
162.0	0
161.0	0
159.0	0
141.0	3
131.0	4
140.0	5
64.0	7
127.0	4
124.0	2
79.0	2
152.0	0
139.0	2
149.0	0
133.0	1
147.0	0
109.0	1
147.0	0
147.0	0
143.0	1
146.0	0
146.0	0
147.0	0
146.0	0
146.0	0
146.0	0
146.0	0
147.0	0
148.0	0
147.0	0
147.0	0
147.0	0
148.0	0
147.0	0
147.0	0
148.0	0
148.0	0
146.0	1
148.0	0
148.0	0
149.0	0
142.0	1
39.0	1
152.0	0
152.0	0
153.0	0
153.0	0
155.0	0
156.0	0
156.0	0
157.0	0
157.0	0
158.0	0
160.0	0
160.0	0
161.0	0
163.0	0
163.0	0
165.0	0
164.0	0
164.0	0
165.0	0
164.0	0
164.0	1
163.0	0
165.0	0
165.0	0
163.0	0
163.0	0
163.0	0
162.0	0
161.0	0
161.0	0
120.0	2
158.0	1
123.0	2
64.0	3
119.0	2
96.0	3
45.0	2
153.0	0
152.0	0
151.0	0
150.0	0
149.0	0
148.0	0
148.0	0
147.0	0
148.0	0
147.0	0
146.0	0
145.0	0
146.0	0
146.0	0
147.0	0
147.0	0
146.0	0
146.0	0
147.0	0
147.0	0
147.0	0
147.0	0
147.0	0
146.0	0
147.0	0
147.0	0
147.0	0
147.0	0
149.0	0
147.0	0
131.0	1
147.0	0
149.0	0
148.0	0
149.0	0
150.0	0
151.0	0
152.0	0
154.0	0
155.0	0
153.0	1
156.0	0
158.0	0
158.0	0
158.0	0
159.0	0
160.0	0
160.0	0
160.0	0
161.0	0
162.0	0
162.0	0
162.0	0
164.0	0
162.0	0
162.0	0
163.0	0
162.0	0
162.0	0
162.0	0
161.0	0
161.0	0
161.0	0
160.0	0
160.0	0
154.0	1
144.0	2
113.0	3
155.0	0
155.0	0
153.0	0
153.0	0
103.0	1
150.0	0
150.0	0
149.0	0
149.0	0
148.0	0
147.0	0
147.0	0
129.0	1
146.0	0
147.0	0
146.0	0
146.0	0
146.0	0
146.0	0
146.0	0
145.0	0
146.0	0
146.0	0
146.0	0
146.0	0
145.0	0
146.0	0
146.0	0
146.0	0
146.0	0
146.0	0
146.0	0
147.0	0
95.0	1
145.0	0
146.0	0
146.0	0
147.0	0
147.0	0
149.0	0
150.0	0
151.0	0
152.0	0
153.0	0
154.0	0
154.0	0
155.0	0
157.0	0
157.0	0
158.0	0
159.0	0
159.0	0
160.0	0
160.0	0
160.0	0
161.0	0
161.0	0
161.0	0
160.0	0
163.0	0
162.0	0
161.0	0
162.0	0
161.0	0
161.0	0
158.0	1
120.0	1
158.0	0
133.0	1
157.0	1
155.0	0
130.0	1
154.0	0
154.0	0
151.0	0
151.0	0
150.0	0
149.0	0
149.0	0
149.0	0
146.0	1
147.0	0
147.0	0
146.0	0
146.0	0
146.0	0
145.0	0
146.0	0
145.0	0
145.0	0
144.0	0
144.0	0
145.0	0
145.0	0
145.0	0
146.0	0
146.0	0
145.0	0
146.0	0
146.0	0
146.0	0
146.0	0
146.0	0
146.0	0
146.0	0
147.0	0
147.0	0
148.0	0
148.0	0
148.0	0
148.0	0
149.0	0
150.0	0
150.0	0
152.0	0
152.0	0
153.0	0
154.0	0
155.0	0
155.0	0
156.0	0
156.0	0
157.0	0
158.0	0
158.0	0
159.0	0
159.0	0
160.0	0
159.0	0
160.0	0
160.0	0
159.0	0
160.0	0
159.0	0
159.0	0
159.0	0
108.0	1
159.0	0
51.0	1
159.0	0
156.0	0
94.0	3
156.0	0
154.0	0
153.0	0
153.0	1
152.0	0
151.0	0
150.0	0
149.0	0
149.0	0
148.0	0
147.0	0
147.0	0
146.0	0
146.0	0
146.0	0
145.0	0
145.0	0
145.0	0
145.0	0
144.0	0
144.0	0
145.0	0
145.0	0
146.0	0
146.0	0
145.0	0
146.0	0
146.0	0
146.0	0
147.0	0
148.0	0
146.0	0
146.0	0
146.0	0
147.0	0
147.0	0
147.0	0
147.0	0
147.0	0
148.0	0
149.0	0
149.0	0
150.0	0
150.0	0
151.0	0
152.0	0
153.0	0
153.0	0
154.0	0
154.0	0
155.0	0
157.0	0
157.0	0
133.0	1
156.0	0
157.0	0
158.0	0
158.0	0
157.0	0
159.0	0
159.0	0
159.0	0
160.0	0
159.0	0
159.0	0
159.0	0
158.0	0
157.0	0
157.0	0
125.0	1
136.0	1
156.0	0
154.0	0
154.0	0
153.0	0
152.0	0
151.0	0
151.0	0
150.0	0
148.0	0
148.0	0
147.0	0
146.0	0
146.0	0
146.0	0
146.0	0
145.0	0
145.0	0
145.0	0
145.0	0
144.0	0
145.0	0
145.0	0
145.0	0
144.0	0
144.0	0
146.0	0
145.0	0
145.0	0
146.0	0
146.0	0
147.0	0
114.0	1
145.0	0
145.0	0
146.0	0
145.0	0
147.0	0
147.0	0
148.0	0
147.0	0
148.0	0
148.0	0
148.0	0
149.0	0
149.0	0
150.0	0
151.0	0
152.0	0
152.0	0
152.0	0
153.0	0
154.0	0
153.0	0
155.0	0
156.0	0
157.0	0
157.0	0
157.0	0
157.0	0
157.0	0
158.0	0
157.0	0
157.0	0
157.0	0
157.0	0
157.0	0
157.0	0
156.0	0
157.0	0
156.0	0
155.0	0
154.0	0
154.0	0
154.0	0
153.0	0
152.0	0
151.0	0
150.0	0
149.0	0
148.0	0
148.0	0
147.0	0
146.0	0
146.0	0
145.0	0
146.0	0
145.0	0
145.0	0
145.0	0
144.0	0
144.0	0
144.0	0
145.0	0
144.0	0
145.0	0
145.0	0
144.0	0
145.0	0
145.0	0
146.0	0
145.0	0
145.0	0
145.0	0
146.0	0
146.0	0
146.0	0
147.0	0
146.0	0
148.0	0
148.0	0
148.0	0
147.0	0
149.0	0
149.0	0
148.0	0
149.0	0
149.0	0
150.0	0
150.0	0
151.0	0
151.0	0
152.0	0
153.0	0
154.0	0
155.0	0
155.0	0
155.0	0
156.0	0
156.0	0
157.0	0
157.0	0
158.0	0
158.0	0
157.0	0
157.0	0
157.0	0
158.0	0
157.0	0
157.0	0
156.0	0
157.0	0
156.0	0
155.0	0
155.0	0
154.0	0
153.0	0
153.0	0
153.0	0
151.0	0
150.0	0
150.0	0
148.0	0
149.0	0
147.0	0
148.0	0
146.0	0
147.0	0
148.0	0
146.0	0
145.0	0
144.0	0
145.0	0
145.0	0
145.0	0
144.0	0
144.0	0
145.0	0
145.0	0
146.0	0
146.0	0
146.0	0
146.0	0
146.0	0
147.0	0
147.0	0
146.0	0
147.0	0
147.0	0
147.0	0
148.0	0
147.0	0
147.0	0
148.0	0
148.0	0
148.0	0
149.0	0
149.0	0
148.0	0
149.0	0
150.0	0
150.0	0
151.0	0
152.0	0
152.0	0
153.0	0
152.0	0
154.0	0
154.0	0
155.0	0
156.0	0
156.0	0
157.0	0
157.0	0
157.0	0
156.0	0
157.0	0
158.0	0
157.0	0
157.0	0
156.0	0
156.0	0
155.0	0
155.0	0
155.0	0
154.0	0
153.0	0
153.0	0
152.0	0
151.0	0
151.0	0
150.0	0
149.0	0
149.0	0
148.0	0
147.0	0
146.0	0
147.0	0
147.0	0
147.0	0
146.0	0
145.0	0
144.0	0
145.0	0
145.0	0
145.0	0
145.0	0
144.0	0
145.0	0
144.0	0
145.0	0
146.0	0
145.0	0
147.0	0
147.0	0
147.0	0
147.0	0
146.0	0
146.0	0
147.0	0
147.0	0
147.0	0
147.0	0
147.0	0
147.0	0
147.0	0
146.0	0
148.0	0
147.0	0
148.0	0
150.0	0
150.0	0
148.0	0
149.0	0
150.0	0
150.0	0
151.0	0
153.0	0
152.0	0
153.0	0
153.0	0
154.0	0
153.0	0
154.0	0
154.0	0
155.0	0
156.0	0
156.0	0
155.0	0
156.0	0
155.0	0
156.0	0
156.0	0
154.0	0
154.0	0
154.0	0
153.0	0
153.0	0
152.0	0
152.0	0
152.0	0
151.0	0
150.0	0
149.0	0
149.0	0
148.0	0
147.0	0
147.0	0
147.0	0
145.0	0
146.0	0
146.0	0
146.0	0
145.0	0
146.0	0
145.0	0
145.0	0
145.0	0
144.0	0
144.0	0
145.0	0
145.0	0
146.0	0
146.0	0
145.0	0
146.0	0
145.0	0
146.0	0
146.0	0
146.0	0
147.0	0
147.0	0
147.0	0
146.0	0
147.0	0
148.0	0
149.0	0
147.0	0
147.0	0
149.0	0
147.0	0
149.0	0
150.0	0
149.0	0
149.0	0
150.0	0
150.0	0
150.0	0
152.0	0
153.0	0
153.0	0
154.0	0
154.0	0
155.0	0
154.0	0
154.0	0
155.0	0
156.0	0
156.0	0
156.0	0
156.0	0
157.0	0
156.0	0
155.0	0
155.0	0
155.0	0
156.0	0
154.0	0
154.0	0
154.0	0
152.0	0
152.0	0
152.0	0
151.0	0
150.0	0
150.0	0
149.0	0
148.0	0
148.0	0
147.0	0
147.0	0
146.0	0
147.0	0
147.0	0
146.0	0
146.0	0
146.0	0
146.0	0
145.0	0
146.0	0
146.0	0
146.0	0
146.0	0
146.0	0
146.0	0
146.0	0
147.0	0
147.0	0
147.0	0
147.0	0
147.0	0
146.0	0
146.0	0
148.0	0
147.0	0
147.0	0
147.0	0
147.0	0
148.0	0
148.0	0
148.0	0
147.0	0
148.0	0
148.0	0
149.0	0
150.0	0
149.0	0
150.0	0
150.0	0
150.0	0
151.0	0
151.0	0
151.0	0
151.0	0
152.0	0
153.0	0
153.0	0
154.0	0
154.0	0
154.0	0
154.0	0
154.0	0
154.0	0
155.0	0
154.0	0
155.0	0
156.0	0
153.0	0
154.0	0
154.0	0
154.0	0
153.0	0
153.0	0
152.0	0
152.0	0
151.0	0
150.0	0
149.0	0
149.0	0
147.0	0
146.0	0
146.0	0
146.0	0
146.0	0
145.0	0
146.0	0
146.0	0
145.0	0
146.0	0
146.0	0
144.0	0
145.0	0
146.0	0
145.0	0
145.0	0
145.0	0
145.0	0
145.0	0
147.0	0
145.0	0
146.0	0
147.0	0
147.0	0
147.0	0
146.0	0
147.0	0
147.0	0
148.0	0
147.0	0
147.0	0
147.0	0
147.0	0
148.0	0
150.0	0
148.0	0
149.0	0
150.0	0
150.0	0
151.0	0
151.0	0
151.0	0
152.0	0
151.0	0
152.0	0
152.0	0
153.0	0
153.0	0
154.0	0
154.0	0
154.0	0
153.0	0
156.0	0
154.0	0
155.0	0
156.0	0
154.0	0
155.0	0
154.0	0
155.0	0
154.0	0
153.0	0
153.0	0
153.0	0
153.0	0
153.0	0
151.0	0
149.0	0
150.0	0
149.0	0
149.0	0
149.0	0
148.0	0
148.0	0
147.0	0
147.0	0
147.0	0
146.0	0
147.0	0
148.0	0
147.0	0
147.0	0
146.0	0
145.0	0
146.0	0
146.0	0
146.0	0
146.0	0
146.0	0
146.0	0
146.0	0
146.0	0
147.0	0
146.0	0
146.0	0
146.0	0
146.0	0
147.0	0
147.0	0
147.0	0
147.0	0
147.0	0
147.0	0
147.0	0
147.0	0
148.0	0
150.0	0
148.0	0
150.0	0
150.0	0
150.0	0
151.0	0
151.0	0
151.0	0
152.0	0
151.0	0
152.0	0
152.0	0
153.0	0
152.0	0
154.0	0
154.0	0
154.0	0
153.0	0
155.0	0
154.0	0
155.0	0
155.0	0
154.0	0
155.0	0
154.0	0
155.0	0
154.0	0
153.0	0
152.0	0
152.0	0
153.0	0
153.0	0
151.0	0
150.0	0
150.0	0
150.0	0
150.0	0
148.0	0
149.0	0
149.0	0
148.0	0
148.0	0
148.0	0
147.0	0
148.0	0
148.0	0
147.0	0
147.0	0
148.0	0
146.0	0
147.0	0
146.0	0
146.0	0
146.0	0
146.0	0
146.0	0
146.0	0
146.0	0
147.0	0
146.0	0
146.0	0
146.0	0
147.0	0
147.0	0
147.0	0
147.0	0
147.0	0
147.0	0
147.0	0
146.0	0
147.0	0
147.0	0
147.0	0
147.0	0
147.0	0
148.0	0
148.0	0
149.0	0
150.0	0
150.0	0
149.0	0
150.0	0
150.0	0
152.0	0
153.0	0
151.0	0
153.0	0
152.0	0
153.0	0
153.0	0
153.0	0
152.0	0
153.0	0
153.0	0
153.0	0
152.0	0
153.0	0
152.0	0
152.0	0
152.0	0
151.0	0
150.0	0
149.0	0
151.0	0
150.0	0
149.0	0
148.0	0
147.0	0
148.0	0
147.0	0
147.0	0
147.0	0
147.0	0
147.0	0
145.0	0
146.0	0
146.0	0
146.0	0
145.0	0
147.0	0
145.0	0
145.0	0
146.0	0
146.0	0
146.0	0
146.0	0
145.0	0
145.0	0
145.0	0
146.0	0
146.0	0
146.0	0
146.0	0
146.0	0
146.0	0
147.0	0
146.0	0
146.0	0
146.0	0
147.0	0
146.0	0
146.0	0
147.0	0
147.0	0
148.0	0
148.0	0
149.0	0
149.0	0
150.0	0
152.0	0
150.0	0
151.0	0
151.0	0
150.0	0
151.0	0
152.0	0
151.0	0
152.0	0
153.0	0
152.0	0
153.0	0
153.0	0
151.0	0
152.0	0
152.0	0
152.0	0
152.0	0
152.0	0
153.0	0
153.0	0
152.0	0
152.0	0
151.0	0
151.0	0
150.0	0
149.0	0
149.0	0
148.0	0
149.0	0
148.0	0
148.0	0
147.0	0
149.0	0
147.0	0
148.0	0
147.0	0
147.0	0
148.0	0
146.0	0
147.0	0
147.0	0
146.0	0
146.0	0
146.0	0
145.0	0
147.0	0
146.0	0
145.0	0
145.0	0
145.0	0
146.0	0
146.0	0
146.0	0
147.0	0
147.0	0
145.0	0
147.0	0
146.0	0
148.0	0
148.0	0
147.0	0
147.0	0
148.0	0
148.0	0
148.0	0
149.0	0
148.0	0
149.0	0
150.0	0
149.0	0
150.0	0
152.0	0
150.0	0
151.0	0
150.0	0
151.0	0
150.0	0
151.0	0
151.0	0
152.0	0
151.0	0
151.0	0
152.0	0
152.0	0
152.0	0
152.0	0
152.0	0
151.0	0
152.0	0
151.0	0
152.0	0
153.0	0
152.0	0
153.0	0
152.0	0
151.0	0
150.0	0
149.0	0
149.0	0
148.0	0
149.0	0
148.0	0
149.0	0
148.0	0
148.0	0
148.0	0
148.0	0
148.0	0
146.0	0
147.0	0
147.0	0
147.0	0
146.0	0
146.0	0
145.0	0
145.0	0
145.0	0
145.0	0
145.0	0
145.0	0
145.0	0
145.0	0
146.0	0
145.0	0
146.0	0
146.0	0
146.0	0
146.0	0
146.0	0
148.0	0
148.0	0
148.0	0
148.0	0
147.0	0
147.0	0
147.0	0
148.0	0
148.0	0
147.0	0
149.0	0
149.0	0
149.0	0
150.0	0
149.0	0
150.0	0
150.0	0
151.0	0
151.0	0
151.0	0
151.0	0
151.0	0
151.0	0
152.0	0
152.0	0
152.0	0
152.0	0
152.0	0
152.0	0
153.0	0
153.0	0
153.0	0
153.0	0
152.0	0
151.0	0
152.0	0
151.0	0
150.0	0
149.0	0
149.0	0
149.0	0
150.0	0
148.0	0
148.0	0
147.0	0
148.0	0
147.0	0
149.0	0
149.0	0
147.0	0
147.0	0
146.0	0
148.0	0
147.0	0
146.0	0
146.0	0
146.0	0
147.0	0
147.0	0
147.0	0
146.0	0
146.0	0
146.0	0
147.0	0
147.0	0
147.0	0
146.0	0
146.0	0
146.0	0
148.0	0
147.0	0
147.0	0
147.0	0
146.0	0
148.0	0
147.0	0
148.0	0
147.0	0
148.0	0
147.0	0
147.0	0
148.0	0
148.0	0
148.0	0
149.0	0
149.0	0
150.0	0
150.0	0
150.0	0
150.0	0
151.0	0
151.0	0
150.0	0
150.0	0
151.0	0
150.0	0
151.0	0
151.0	0
151.0	0
152.0	0
152.0	0
151.0	0
152.0	0
152.0	0
152.0	0
152.0	0
152.0	0
152.0	0
151.0	0
151.0	0
149.0	0
149.0	0
149.0	0
149.0	0
148.0	0
149.0	0
148.0	0
148.0	0
148.0	0
148.0	0
147.0	0
148.0	0
148.0	0
147.0	0
147.0	0
146.0	0
147.0	0
146.0	0
145.0	0
146.0	0
146.0	0
146.0	0
145.0	0
145.0	0
145.0	0
146.0	0
146.0	0
145.0	0
146.0	0
146.0	0
147.0	0
147.0	0
147.0	0
147.0	0
146.0	0
147.0	0
147.0	0
147.0	0
148.0	0
146.0	0
147.0	0
148.0	0
148.0	0
148.0	0
149.0	0
150.0	0
150.0	0
151.0	0
151.0	0
151.0	0
151.0	0
151.0	0
151.0	0
151.0	0
151.0	0
152.0	0
152.0	0
152.0	0
152.0	0
153.0	0
152.0	0
152.0	0
152.0	0
151.0	0
152.0	0
152.0	0
151.0	0
151.0	0
151.0	0
151.0	0
150.0	0
150.0	0
150.0	0
150.0	0
150.0	0
150.0	0
150.0	0
148.0	0
149.0	0
149.0	0
147.0	0
148.0	0
148.0	0
148.0	0
148.0	0
148.0	0
147.0	0
147.0	0
148.0	0
147.0	0
146.0	0
146.0	0
146.0	0
146.0	0
146.0	0
146.0	0
147.0	0
147.0	0
146.0	0
145.0	0
145.0	0
146.0	0
146.0	0
147.0	0
146.0	0
148.0	0
147.0	0
147.0	0
147.0	0
147.0	0
147.0	0
148.0	0
148.0	0
148.0	0
148.0	0
148.0	0
149.0	0
150.0	0
150.0	0
150.0	0
150.0	0
150.0	0
149.0	0
150.0	0
149.0	0
149.0	0
150.0	0
150.0	0
150.0	0
150.0	0
151.0	0
151.0	0
150.0	0
151.0	0
151.0	0
151.0	0
151.0	0
151.0	0
151.0	0
150.0	0
150.0	0
151.0	0
150.0	0
149.0	0
149.0	0
150.0	0
150.0	0
150.0	0
149.0	0
148.0	0
149.0	0
148.0	0
147.0	0
148.0	0
147.0	0
147.0	0
147.0	0
147.0	0
147.0	0
146.0	0
146.0	0
146.0	0
146.0	0
144.0	0
144.0	0
145.0	0
145.0	0
145.0	0
146.0	0
145.0	0
145.0	0
145.0	0
146.0	0
146.0	0
146.0	0
145.0	0
146.0	0
147.0	0
147.0	0
147.0	0
148.0	0
147.0	0
147.0	0
146.0	0
146.0	0
147.0	0
147.0	0
147.0	0
147.0	0
147.0	0
148.0	0
149.0	0
149.0	0
149.0	0
149.0	0
148.0	0
150.0	0
150.0	0
150.0	0
150.0	0
150.0	0
150.0	0
150.0	0
151.0	0
150.0	0
150.0	0
151.0	0
151.0	0
151.0	0
150.0	0
150.0	0
150.0	0
150.0	0
149.0	0
149.0	0
149.0	0
149.0	0
148.0	0
148.0	0
147.0	0
148.0	0
148.0	0
147.0	0
148.0	0
147.0	0
147.0	0
146.0	0
147.0	0
145.0	0
145.0	0
145.0	0
145.0	0
146.0	0
145.0	0
145.0	0
145.0	0
145.0	0
145.0	0
145.0	0
145.0	0
144.0	0
144.0	0
145.0	0
146.0	0
145.0	0
145.0	0
147.0	0
145.0	0
145.0	0
144.0	0
145.0	0
146.0	0
145.0	0
146.0	0
147.0	0
145.0	0
146.0	0
146.0	0
147.0	0
148.0	0
147.0	0
147.0	0
147.0	0
149.0	0
150.0	0
150.0	0
149.0	0
149.0	0
150.0	0
150.0	0
149.0	0
149.0	0
150.0	0
151.0	0
151.0	0
151.0	0
151.0	0
150.0	0
151.0	0
150.0	0
150.0	0
149.0	0
149.0	0
149.0	0
149.0	0
149.0	0
149.0	0
147.0	0
147.0	0
147.0	0
147.0	0
147.0	0
146.0	0
146.0	0
147.0	0
147.0	0
145.0	0
146.0	0
146.0	0
147.0	0
146.0	0
147.0	0
145.0	0
145.0	0
145.0	0
145.0	0
146.0	0
145.0	0
145.0	0
145.0	0
144.0	0
145.0	0
145.0	0
145.0	0
145.0	0
145.0	0
144.0	0
145.0	0
144.0	0
144.0	0
144.0	0
145.0	0
145.0	0
145.0	0
145.0	0
145.0	0
146.0	0
144.0	0
143.0	0
144.0	0
144.0	0
146.0	0
146.0	0
146.0	0
146.0	0
147.0	0
148.0	0
148.0	0
149.0	0
148.0	0
148.0	0
148.0	0
148.0	0
148.0	0
149.0	0
149.0	0
150.0	0
148.0	0
148.0	0
148.0	0
148.0	0
148.0	0
148.0	0
148.0	0
148.0	0
148.0	0
148.0	0
147.0	0
147.0	0
146.0	0
146.0	0
145.0	0
147.0	0
146.0	0
145.0	0
146.0	0
144.0	0
145.0	0
145.0	0
145.0	0
143.0	0
145.0	0
145.0	0
145.0	0
145.0	0
145.0	0
145.0	0
144.0	0
144.0	0
145.0	0
145.0	0
145.0	0
144.0	0
143.0	0
142.0	0
143.0	0
142.0	0
143.0	0
142.0	0
143.0	0
143.0	0
143.0	0
143.0	0
142.0	0
143.0	0
144.0	0
143.0	0
144.0	0
144.0	0
