SA_diff	pop
206.0	0
206.0	0
206.0	0
160.0	1
207.0	0
207.0	0
208.0	0
209.0	0
209.0	0
209.0	0
209.0	0
209.0	0
210.0	0
210.0	0
211.0	0
211.0	0
211.0	0
211.0	0
211.0	0
211.0	0
211.0	0
211.0	0
210.0	0
211.0	0
210.0	0
211.0	0
210.0	0
210.0	0
210.0	0
210.0	0
209.0	0
209.0	0
208.0	0
209.0	0
208.0	0
208.0	0
207.0	0
207.0	0
207.0	0
207.0	0
206.0	0
206.0	0
206.0	0
206.0	0
206.0	0
206.0	0
207.0	0
207.0	0
206.0	0
206.0	0
206.0	0
207.0	0
206.0	0
205.0	0
206.0	0
206.0	0
206.0	0
204.0	0
205.0	0
205.0	0
204.0	0
205.0	0
204.0	0
205.0	0
205.0	0
197.0	1
98.0	1
141.0	3
205.0	1
206.0	0
206.0	0
205.0	0
205.0	0
205.0	0
97.0	1
205.0	0
206.0	0
206.0	0
205.0	0
207.0	0
206.0	0
207.0	0
207.0	0
209.0	0
209.0	0
208.0	0
209.0	0
210.0	0
210.0	0
210.0	0
209.0	0
208.0	0
208.0	0
209.0	0
208.0	0
209.0	0
208.0	0
209.0	0
209.0	0
208.0	0
209.0	0
209.0	0
209.0	0
207.0	0
207.0	0
208.0	0
207.0	0
208.0	0
208.0	0
206.0	0
207.0	0
207.0	0
206.0	0
206.0	0
205.0	0
205.0	0
205.0	0
205.0	0
203.0	0
204.0	0
204.0	0
204.0	0
204.0	0
203.0	0
203.0	0
204.0	0
204.0	0
203.0	0
204.0	1
204.0	0
203.0	0
203.0	0
106.0	2
198.0	1
204.0	0
203.0	0
203.0	0
37.0	1
185.0	1
205.0	0
91.0	3
134.0	6
180.0	1
195.0	2
157.0	1
203.0	0
205.0	0
204.0	0
205.0	0
206.0	0
206.0	0
208.0	0
207.0	0
207.0	0
207.0	0
208.0	0
209.0	0
208.0	0
210.0	0
209.0	0
211.0	0
209.0	0
209.0	0
208.0	0
209.0	0
209.0	0
207.0	0
208.0	0
207.0	0
208.0	0
207.0	0
207.0	0
208.0	0
207.0	0
60.0	1
196.0	1
207.0	0
206.0	0
207.0	0
207.0	0
206.0	0
206.0	0
207.0	0
204.0	0
205.0	0
204.0	0
204.0	0
204.0	0
203.0	0
203.0	0
202.0	0
202.0	0
202.0	0
203.0	0
203.0	0
203.0	0
203.0	0
202.0	0
202.0	0
203.0	0
188.0	1
203.0	0
203.0	0
202.0	0
203.0	0
203.0	0
203.0	0
195.0	1
203.0	0
110.0	3
129.0	7
50.0	8
142.0	9
59.0	10
64.0	5
125.0	7
127.0	1
153.0	2
150.0	1
205.0	0
205.0	0
205.0	0
206.0	0
206.0	0
205.0	0
203.0	1
207.0	0
206.0	0
207.0	0
207.0	0
206.0	0
207.0	0
208.0	0
207.0	0
207.0	0
207.0	0
206.0	0
207.0	0
206.0	0
207.0	0
207.0	0
208.0	0
207.0	0
207.0	0
207.0	0
207.0	0
206.0	0
207.0	0
206.0	0
206.0	0
205.0	0
204.0	0
206.0	0
205.0	0
206.0	0
205.0	0
204.0	0
205.0	0
204.0	0
204.0	0
203.0	0
203.0	0
196.0	1
203.0	0
202.0	0
203.0	0
202.0	0
129.0	1
141.0	1
153.0	1
201.0	0
201.0	0
195.0	1
51.0	2
120.0	1
116.0	2
111.0	2
124.0	1
69.0	3
111.0	8
142.0	8
67.0	5
123.0	6
107.0	17
71.0	25
44.0	22
102.0	12
69.0	2
84.0	3
167.0	1
149.0	1
146.0	1
204.0	0
204.0	0
205.0	0
206.0	0
205.0	0
207.0	0
206.0	0
206.0	0
207.0	0
205.0	0
206.0	0
206.0	0
206.0	0
207.0	0
208.0	0
208.0	0
209.0	0
84.0	1
208.0	0
150.0	1
207.0	0
207.0	0
98.0	1
207.0	0
206.0	0
205.0	0
206.0	0
203.0	1
205.0	0
206.0	0
205.0	0
205.0	0
166.0	1
204.0	0
204.0	0
204.0	0
204.0	0
203.0	0
203.0	0
204.0	0
184.0	1
202.0	0
176.0	1
115.0	1
202.0	0
195.0	1
202.0	0
134.0	2
201.0	0
201.0	0
109.0	1
201.0	0
202.0	1
81.0	4
114.0	4
89.0	5
51.0	8
105.0	6
154.0	5
94.0	11
90.0	13
44.0	18
55.0	20
74.0	21
93.0	20
52.0	20
129.0	13
92.0	9
188.0	2
91.0	2
188.0	1
203.0	0
108.0	1
204.0	0
204.0	0
204.0	0
205.0	0
206.0	0
206.0	0
206.0	0
207.0	0
207.0	0
207.0	0
207.0	0
207.0	0
207.0	0
207.0	0
207.0	0
206.0	1
208.0	0
206.0	0
206.0	0
207.0	0
207.0	0
207.0	0
208.0	0
205.0	0
206.0	0
205.0	0
205.0	0
205.0	0
204.0	0
204.0	0
203.0	0
172.0	1
202.0	0
205.0	0
204.0	0
185.0	1
202.0	0
203.0	0
203.0	0
202.0	0
202.0	0
202.0	0
202.0	0
202.0	0
157.0	1
197.0	1
136.0	1
140.0	1
200.0	0
196.0	1
87.0	3
200.0	2
71.0	4
123.0	5
91.0	9
141.0	8
106.0	6
89.0	7
94.0	10
95.0	20
76.0	17
75.0	22
72.0	24
84.0	29
70.0	30
99.0	14
119.0	4
193.0	2
202.0	0
204.0	0
64.0	2
151.0	1
205.0	0
206.0	0
207.0	0
207.0	0
207.0	0
207.0	0
208.0	0
209.0	0
208.0	0
208.0	0
210.0	0
209.0	0
208.0	0
209.0	0
207.0	0
208.0	0
208.0	0
76.0	3
206.0	0
205.0	0
206.0	0
207.0	0
205.0	0
205.0	0
205.0	0
205.0	0
205.0	0
204.0	0
204.0	0
204.0	0
203.0	0
172.0	1
203.0	0
202.0	0
202.0	0
202.0	1
115.0	4
201.0	0
129.0	1
202.0	0
155.0	1
200.0	0
158.0	2
134.0	1
128.0	5
34.0	1
162.0	2
201.0	0
200.0	0
148.0	1
177.0	2
151.0	2
82.0	2
176.0	6
161.0	7
95.0	7
149.0	11
60.0	12
84.0	11
78.0	20
41.0	25
76.0	25
50.0	31
62.0	29
70.0	22
31.0	4
182.0	1
100.0	2
204.0	0
197.0	1
204.0	0
204.0	0
132.0	1
205.0	0
204.0	0
205.0	0
206.0	0
207.0	0
207.0	0
207.0	0
208.0	0
208.0	0
208.0	0
207.0	0
207.0	0
96.0	1
207.0	0
208.0	0
207.0	0
207.0	0
207.0	0
190.0	1
207.0	0
206.0	0
207.0	0
207.0	0
207.0	0
206.0	1
127.0	1
207.0	0
206.0	0
119.0	1
73.0	3
205.0	0
196.0	1
140.0	1
63.0	3
94.0	1
82.0	2
106.0	1
133.0	1
139.0	2
205.0	0
204.0	1
186.0	2
78.0	4
205.0	0
87.0	4
48.0	7
99.0	4
109.0	3
203.0	0
202.0	0
168.0	4
116.0	2
71.0	4
60.0	8
105.0	10
101.0	12
82.0	14
114.0	17
56.0	25
50.0	27
81.0	21
58.0	33
66.0	28
78.0	17
92.0	13
118.0	5
88.0	2
203.0	0
203.0	0
203.0	0
184.0	1
107.0	2
204.0	0
205.0	0
205.0	0
40.0	1
208.0	0
207.0	0
207.0	0
208.0	0
208.0	0
207.0	0
200.0	1
208.0	0
207.0	0
207.0	0
207.0	0
206.0	0
206.0	0
207.0	0
121.0	1
207.0	0
207.0	1
206.0	0
206.0	0
206.0	0
207.0	0
207.0	0
170.0	1
71.0	3
125.0	1
205.0	0
131.0	1
186.0	1
205.0	0
89.0	1
90.0	3
75.0	2
82.0	5
149.0	4
153.0	2
111.0	5
47.0	9
71.0	5
115.0	8
102.0	4
74.0	10
46.0	5
68.0	8
130.0	3
88.0	7
134.0	3
54.0	3
64.0	6
80.0	11
115.0	17
117.0	11
60.0	15
87.0	22
27.0	27
65.0	29
75.0	35
35.0	39
90.0	35
38.0	26
92.0	11
129.0	8
85.0	3
158.0	1
166.0	2
203.0	0
203.0	0
204.0	0
205.0	0
205.0	0
205.0	0
206.0	0
157.0	1
207.0	0
208.0	0
208.0	0
209.0	0
208.0	0
208.0	0
208.0	0
208.0	0
208.0	0
208.0	0
207.0	0
207.0	0
187.0	1
207.0	0
207.0	0
187.0	1
70.0	2
206.0	0
159.0	2
35.0	2
85.0	1
174.0	1
86.0	2
152.0	2
70.0	1
128.0	3
107.0	3
57.0	7
145.0	2
92.0	6
205.0	0
70.0	3
105.0	3
46.0	6
66.0	4
47.0	1
125.0	3
135.0	6
89.0	18
86.0	14
42.0	13
42.0	13
40.0	7
138.0	3
144.0	4
130.0	2
49.0	8
72.0	7
116.0	12
49.0	11
83.0	25
74.0	17
83.0	25
55.0	34
49.0	27
71.0	30
65.0	30
34.0	28
49.0	19
92.0	18
88.0	4
129.0	7
125.0	1
105.0	2
201.0	0
201.0	0
202.0	0
196.0	1
203.0	0
202.0	1
204.0	0
204.0	0
204.0	0
57.0	1
204.0	0
206.0	0
206.0	0
206.0	0
206.0	0
205.0	0
205.0	0
205.0	0
205.0	0
206.0	0
186.0	1
204.0	0
189.0	1
205.0	0
98.0	2
153.0	1
151.0	1
200.0	1
204.0	0
60.0	2
173.0	2
205.0	0
67.0	11
87.0	7
78.0	6
93.0	1
56.0	7
33.0	6
93.0	4
37.0	7
31.0	6
38.0	7
39.0	6
127.0	2
116.0	3
54.0	6
117.0	5
58.0	7
79.0	6
55.0	8
95.0	6
16.0	9
64.0	4
82.0	4
26.0	5
134.0	7
79.0	10
69.0	22
84.0	28
61.0	30
23.0	25
64.0	35
59.0	24
44.0	31
44.0	28
53.0	26
77.0	20
73.0	9
99.0	5
113.0	2
103.0	2
202.0	0
152.0	1
203.0	0
203.0	0
203.0	0
137.0	1
205.0	0
205.0	0
205.0	0
206.0	0
206.0	0
207.0	0
161.0	1
208.0	0
208.0	0
207.0	0
208.0	0
207.0	0
207.0	0
206.0	0
207.0	0
89.0	1
206.0	0
206.0	0
198.0	1
75.0	1
157.0	1
92.0	3
86.0	6
113.0	5
54.0	7
83.0	6
59.0	5
107.0	8
138.0	5
127.0	6
67.0	11
130.0	4
28.0	8
34.0	12
46.0	7
83.0	3
107.0	7
65.0	4
36.0	3
85.0	3
79.0	1
123.0	4
130.0	4
73.0	4
134.0	5
72.0	6
30.0	6
85.0	7
161.0	3
49.0	6
81.0	6
55.0	14
68.0	14
68.0	18
43.0	24
65.0	33
88.0	21
54.0	21
59.0	12
62.0	22
87.0	30
77.0	15
138.0	5
119.0	2
83.0	4
137.0	1
141.0	2
165.0	1
136.0	1
204.0	0
205.0	0
205.0	0
207.0	0
208.0	0
208.0	0
208.0	0
208.0	0
151.0	1
210.0	0
211.0	0
210.0	0
209.0	0
208.0	0
208.0	0
147.0	1
208.0	0
208.0	0
206.0	0
207.0	0
117.0	1
206.0	0
207.0	0
207.0	0
152.0	1
46.0	5
89.0	2
79.0	9
53.0	9
75.0	11
118.0	10
62.0	14
63.0	11
90.0	8
24.0	17
23.0	7
62.0	10
108.0	4
88.0	4
40.0	8
92.0	2
29.0	2
87.0	1
119.0	3
208.0	0
163.0	2
173.0	1
208.0	0
165.0	3
206.0	1
74.0	8
128.0	3
61.0	5
36.0	11
61.0	26
69.0	23
69.0	18
44.0	30
33.0	34
72.0	27
60.0	18
114.0	21
54.0	17
106.0	18
65.0	7
151.0	9
125.0	3
76.0	3
175.0	1
149.0	1
107.0	2
205.0	0
206.0	0
207.0	0
206.0	0
206.0	0
208.0	0
209.0	0
208.0	0
76.0	1
208.0	0
151.0	1
207.0	1
204.0	1
209.0	0
209.0	0
208.0	0
208.0	0
208.0	0
105.0	1
208.0	0
170.0	1
96.0	1
45.0	1
164.0	1
73.0	2
62.0	3
86.0	7
124.0	4
67.0	7
116.0	7
56.0	12
83.0	8
50.0	9
77.0	12
53.0	22
48.0	21
21.0	18
85.0	8
38.0	14
64.0	6
114.0	2
173.0	1
183.0	1
209.0	0
209.0	0
208.0	0
99.0	1
40.0	2
208.0	0
207.0	0
86.0	2
93.0	5
71.0	9
103.0	9
48.0	12
72.0	24
82.0	26
95.0	26
92.0	27
64.0	28
46.0	24
91.0	20
99.0	25
69.0	19
83.0	15
37.0	9
54.0	9
49.0	4
118.0	2
204.0	0
91.0	2
64.0	1
205.0	0
207.0	0
207.0	0
206.0	0
206.0	0
134.0	1
207.0	0
207.0	0
207.0	0
146.0	1
210.0	0
208.0	0
208.0	0
209.0	0
208.0	0
208.0	0
208.0	0
207.0	0
180.0	1
208.0	0
208.0	0
122.0	1
105.0	1
208.0	0
196.0	2
123.0	3
51.0	3
57.0	5
91.0	9
105.0	8
112.0	10
30.0	7
35.0	14
45.0	14
39.0	25
61.0	21
42.0	28
52.0	19
74.0	12
36.0	4
113.0	5
209.0	0
210.0	0
210.0	0
209.0	1
209.0	0
209.0	0
109.0	1
208.0	0
190.0	2
171.0	3
26.0	1
60.0	8
65.0	9
73.0	16
85.0	11
55.0	23
91.0	21
80.0	27
97.0	32
50.0	21
75.0	22
103.0	17
112.0	14
81.0	9
135.0	5
93.0	6
121.0	8
159.0	3
204.0	0
204.0	0
171.0	1
206.0	0
128.0	1
205.0	0
205.0	0
207.0	0
207.0	0
184.0	1
207.0	0
207.0	0
207.0	0
208.0	0
207.0	0
81.0	1
207.0	0
208.0	0
208.0	0
207.0	0
199.0	2
207.0	0
207.0	0
41.0	3
187.0	2
207.0	0
57.0	4
31.0	5
88.0	4
59.0	6
29.0	6
101.0	8
121.0	10
44.0	10
61.0	16
28.0	12
42.0	28
50.0	22
65.0	31
54.0	14
40.0	4
152.0	7
155.0	2
206.0	1
211.0	0
60.0	3
211.0	0
63.0	1
86.0	3
98.0	2
209.0	0
158.0	1
154.0	3
96.0	4
141.0	3
130.0	7
48.0	8
95.0	18
62.0	16
105.0	19
34.0	22
11.0	30
73.0	21
66.0	27
40.0	16
51.0	12
65.0	10
88.0	6
94.0	6
149.0	5
198.0	1
164.0	1
185.0	1
206.0	0
206.0	0
206.0	0
150.0	1
206.0	0
207.0	0
208.0	0
208.0	0
184.0	1
208.0	0
209.0	0
209.0	0
208.0	0
209.0	0
208.0	0
209.0	0
208.0	0
207.0	0
208.0	0
209.0	0
207.0	0
192.0	1
208.0	0
103.0	2
189.0	1
46.0	4
110.0	3
115.0	4
73.0	11
106.0	4
56.0	12
57.0	9
76.0	11
57.0	24
13.0	19
29.0	49
34.0	36
47.0	37
33.0	17
40.0	9
53.0	2
177.0	1
213.0	0
15.0	1
213.0	0
167.0	1
190.0	2
212.0	0
212.0	0
210.0	0
211.0	1
49.0	4
24.0	2
12.0	4
43.0	5
27.0	7
66.0	15
31.0	10
72.0	22
80.0	29
26.0	33
76.0	21
34.0	23
59.0	12
65.0	7
89.0	13
75.0	7
33.0	8
100.0	5
169.0	3
205.0	0
196.0	1
194.0	2
206.0	0
206.0	0
206.0	0
207.0	0
129.0	1
208.0	0
208.0	0
208.0	0
208.0	0
208.0	0
209.0	0
210.0	0
209.0	0
152.0	1
208.0	0
210.0	0
209.0	0
208.0	0
208.0	0
198.0	1
146.0	1
209.0	0
140.0	2
104.0	2
115.0	7
102.0	7
130.0	5
73.0	10
53.0	9
49.0	5
67.0	11
66.0	14
32.0	17
33.0	30
43.0	33
60.0	22
5.0	16
44.0	11
91.0	3
214.0	0
214.0	0
134.0	1
213.0	0
170.0	2
138.0	2
213.0	0
176.0	2
62.0	1
212.0	1
85.0	4
164.0	2
107.0	2
45.0	7
66.0	5
70.0	9
64.0	17
68.0	15
37.0	18
44.0	10
64.0	25
68.0	14
89.0	20
24.0	14
85.0	17
115.0	7
13.0	9
145.0	4
107.0	5
53.0	1
56.0	3
206.0	0
206.0	0
207.0	0
207.0	0
207.0	0
207.0	0
208.0	0
208.0	0
209.0	0
209.0	0
209.0	0
208.0	0
208.0	0
208.0	0
209.0	0
209.0	0
209.0	0
208.0	0
209.0	0
209.0	0
208.0	0
129.0	1
206.0	1
210.0	0
125.0	1
64.0	1
75.0	5
59.0	6
94.0	10
47.0	13
43.0	6
7.0	9
34.0	15
50.0	17
59.0	27
38.0	29
48.0	20
62.0	12
61.0	7
216.0	0
87.0	2
215.0	0
101.0	2
216.0	0
215.0	0
28.0	1
214.0	0
84.0	1
113.0	6
118.0	10
59.0	5
34.0	10
67.0	4
121.0	1
172.0	3
54.0	5
105.0	8
52.0	12
129.0	13
92.0	15
118.0	13
84.0	15
46.0	23
6.0	17
20.0	18
64.0	13
84.0	13
80.0	8
123.0	5
85.0	7
80.0	2
100.0	2
207.0	0
207.0	0
139.0	1
198.0	2
208.0	0
208.0	0
208.0	0
208.0	0
209.0	0
209.0	0
210.0	0
209.0	0
209.0	0
209.0	0
210.0	0
210.0	0
209.0	0
209.0	0
210.0	0
210.0	0
209.0	0
209.0	0
211.0	0
185.0	1
207.0	1
202.0	1
125.0	7
72.0	7
30.0	11
61.0	11
85.0	11
56.0	17
55.0	15
57.0	31
33.0	19
31.0	29
34.0	23
25.0	9
88.0	4
218.0	0
217.0	0
125.0	1
216.0	0
217.0	0
155.0	1
215.0	1
91.0	2
153.0	1
141.0	4
83.0	5
123.0	7
147.0	6
81.0	6
92.0	3
52.0	5
200.0	2
94.0	6
139.0	8
60.0	14
90.0	20
109.0	10
45.0	17
94.0	27
55.0	14
58.0	16
99.0	14
69.0	13
87.0	16
103.0	7
99.0	8
97.0	8
180.0	2
202.0	1
205.0	0
204.0	0
204.0	0
205.0	0
205.0	0
205.0	0
207.0	0
206.0	0
206.0	0
207.0	0
207.0	0
207.0	0
207.0	0
207.0	0
208.0	0
208.0	0
207.0	0
208.0	0
143.0	1
208.0	0
208.0	0
209.0	0
209.0	0
117.0	2
73.0	6
42.0	10
61.0	10
21.0	21
37.0	17
40.0	27
51.0	17
60.0	18
38.0	44
14.0	35
35.0	22
16.0	10
179.0	1
86.0	2
215.0	0
216.0	0
215.0	0
166.0	2
215.0	0
215.0	0
216.0	0
216.0	0
216.0	0
25.0	3
162.0	1
137.0	2
159.0	4
74.0	4
25.0	3
146.0	3
139.0	2
205.0	1
66.0	8
116.0	8
38.0	14
70.0	14
67.0	18
61.0	29
100.0	23
88.0	17
83.0	12
118.0	18
103.0	8
51.0	10
57.0	8
73.0	7
84.0	3
203.0	1
204.0	0
205.0	0
206.0	0
207.0	0
206.0	0
207.0	0
206.0	0
207.0	0
208.0	0
208.0	0
208.0	0
208.0	0
208.0	0
208.0	0
209.0	0
207.0	0
208.0	0
209.0	0
209.0	0
209.0	0
99.0	1
95.0	1
151.0	1
196.0	2
25.0	11
83.0	13
89.0	40
62.0	58
50.0	54
69.0	40
11.0	43
61.0	31
34.0	48
30.0	31
27.0	22
108.0	6
88.0	1
217.0	0
217.0	0
217.0	0
217.0	0
217.0	0
217.0	0
173.0	1
216.0	0
216.0	0
85.0	1
215.0	0
108.0	1
215.0	0
214.0	0
172.0	3
213.0	0
212.0	0
211.0	0
111.0	1
136.0	2
144.0	4
119.0	7
33.0	14
64.0	22
39.0	21
47.0	31
48.0	31
94.0	16
62.0	25
64.0	7
102.0	11
93.0	7
137.0	1
77.0	2
206.0	0
74.0	1
206.0	0
206.0	0
206.0	0
207.0	0
208.0	0
207.0	0
207.0	0
208.0	0
208.0	0
207.0	0
209.0	0
209.0	0
209.0	0
208.0	0
209.0	0
210.0	0
208.0	0
210.0	0
210.0	0
211.0	0
211.0	0
211.0	0
158.0	1
8.0	20
61.0	52
50.0	153
41.0	197
15.0	126
59.0	59
54.0	52
77.0	52
41.0	48
21.0	20
170.0	7
218.0	0
218.0	0
219.0	0
219.0	0
218.0	0
219.0	0
219.0	0
219.0	0
219.0	0
218.0	0
217.0	0
218.0	0
218.0	0
216.0	0
216.0	0
215.0	0
214.0	0
214.0	0
213.0	0
201.0	1
205.0	1
35.0	2
92.0	3
120.0	4
78.0	13
109.0	14
36.0	26
34.0	37
108.0	24
38.0	19
36.0	30
21.0	22
90.0	7
117.0	7
179.0	2
205.0	1
205.0	0
205.0	0
205.0	0
205.0	0
205.0	0
205.0	0
206.0	0
207.0	0
206.0	0
207.0	0
208.0	0
209.0	0
209.0	0
208.0	0
210.0	0
210.0	0
210.0	0
211.0	0
210.0	0
210.0	0
210.0	0
211.0	0
212.0	0
210.0	0
87.0	7
60.0	43
26.0	206
40.0	415
39.0	289
47.0	121
37.0	70
29.0	62
57.0	55
37.0	19
71.0	7
78.0	1
217.0	0
218.0	0
218.0	0
218.0	0
219.0	0
218.0	0
218.0	0
218.0	0
218.0	0
218.0	0
217.0	0
71.0	1
217.0	0
216.0	0
215.0	0
215.0	0
214.0	0
214.0	0
214.0	0
212.0	0
212.0	0
212.0	0
211.0	0
43.0	2
36.0	9
39.0	26
33.0	30
54.0	30
27.0	59
46.0	40
77.0	19
64.0	10
131.0	3
112.0	4
204.0	0
204.0	0
207.0	0
206.0	0
206.0	0
207.0	0
207.0	0
206.0	0
207.0	0
208.0	0
207.0	0
208.0	0
209.0	0
210.0	0
211.0	0
209.0	0
211.0	0
211.0	0
210.0	0
212.0	0
211.0	0
211.0	0
210.0	0
211.0	0
212.0	0
213.0	0
151.0	3
52.0	63
48.0	292
34.0	345
24.0	152
43.0	62
53.0	44
36.0	29
69.0	12
140.0	3
52.0	1
219.0	0
219.0	0
220.0	0
220.0	0
220.0	0
220.0	0
221.0	0
221.0	0
220.0	0
220.0	0
220.0	0
219.0	0
219.0	0
218.0	0
217.0	0
217.0	0
217.0	0
215.0	0
216.0	0
215.0	0
214.0	0
213.0	0
213.0	0
104.0	1
193.0	2
51.0	10
7.0	14
9.0	38
14.0	34
35.0	29
121.0	8
86.0	11
78.0	4
154.0	3
199.0	2
206.0	0
207.0	0
204.0	0
204.0	0
205.0	0
204.0	0
204.0	0
205.0	0
205.0	0
205.0	0
205.0	0
206.0	0
206.0	0
207.0	0
206.0	0
207.0	0
207.0	0
207.0	0
207.0	0
208.0	0
209.0	0
209.0	0
209.0	0
210.0	0
211.0	0
72.0	2
82.0	4
75.0	46
54.0	111
36.0	85
48.0	40
16.0	28
55.0	22
81.0	5
217.0	0
218.0	0
219.0	0
219.0	0
219.0	0
218.0	0
219.0	0
219.0	0
219.0	0
220.0	0
220.0	0
219.0	0
220.0	0
86.0	1
218.0	0
218.0	0
217.0	0
217.0	0
216.0	0
216.0	0
215.0	0
215.0	0
214.0	0
213.0	0
212.0	0
212.0	0
210.0	0
210.0	0
55.0	3
25.0	19
56.0	23
60.0	22
64.0	18
152.0	6
114.0	5
142.0	4
141.0	1
204.0	0
203.0	0
203.0	0
205.0	0
205.0	0
205.0	0
206.0	0
206.0	0
206.0	0
206.0	0
207.0	0
206.0	0
206.0	0
207.0	0
207.0	0
208.0	0
208.0	0
209.0	0
209.0	0
209.0	0
211.0	0
211.0	0
212.0	0
212.0	0
213.0	0
214.0	0
168.0	1
77.0	6
50.0	11
34.0	21
68.0	15
112.0	7
116.0	5
220.0	0
182.0	1
220.0	0
221.0	0
221.0	0
222.0	0
222.0	0
222.0	0
223.0	0
221.0	0
222.0	0
222.0	0
222.0	0
222.0	0
222.0	0
220.0	0
221.0	0
220.0	0
219.0	0
218.0	0
218.0	0
217.0	0
217.0	0
216.0	0
160.0	1
214.0	0
213.0	0
213.0	0
213.0	0
171.0	3
147.0	3
12.0	11
105.0	5
35.0	7
120.0	1
181.0	2
150.0	2
207.0	0
206.0	0
205.0	0
205.0	0
205.0	0
206.0	0
206.0	0
206.0	0
206.0	0
206.0	0
206.0	0
207.0	0
207.0	0
206.0	0
207.0	0
207.0	0
207.0	0
208.0	0
208.0	0
209.0	0
209.0	0
210.0	0
210.0	0
212.0	0
212.0	0
213.0	0
213.0	0
214.0	0
160.0	1
188.0	1
103.0	3
128.0	3
105.0	3
67.0	1
117.0	1
62.0	1
220.0	0
221.0	0
221.0	0
221.0	0
222.0	0
222.0	0
224.0	0
224.0	0
225.0	0
224.0	0
223.0	0
223.0	0
224.0	0
224.0	0
221.0	0
221.0	0
221.0	0
219.0	0
219.0	0
218.0	0
217.0	0
217.0	0
217.0	0
216.0	0
215.0	0
214.0	0
214.0	0
213.0	0
212.0	0
154.0	1
36.0	2
75.0	2
66.0	4
160.0	1
208.0	0
208.0	0
208.0	0
207.0	0
205.0	0
205.0	0
205.0	0
204.0	0
205.0	0
204.0	0
204.0	0
204.0	0
204.0	0
206.0	0
206.0	0
206.0	0
206.0	0
208.0	0
208.0	0
207.0	0
208.0	0
209.0	0
210.0	0
211.0	0
211.0	0
212.0	0
213.0	0
214.0	0
214.0	0
216.0	0
215.0	0
216.0	0
218.0	0
203.0	2
26.0	2
205.0	1
219.0	0
220.0	0
221.0	0
222.0	0
222.0	0
222.0	0
222.0	0
222.0	0
222.0	0
223.0	0
224.0	0
224.0	0
223.0	0
223.0	0
222.0	0
222.0	0
221.0	0
221.0	0
221.0	0
220.0	0
219.0	0
217.0	0
217.0	0
217.0	0
216.0	0
215.0	0
214.0	0
213.0	0
212.0	0
212.0	0
172.0	1
210.0	0
18.0	1
209.0	0
97.0	2
208.0	0
208.0	0
208.0	0
208.0	0
207.0	0
205.0	0
204.0	0
204.0	0
204.0	0
203.0	0
205.0	0
205.0	0
205.0	0
205.0	0
205.0	0
207.0	0
207.0	0
207.0	0
208.0	0
208.0	0
208.0	0
209.0	0
209.0	0
210.0	0
211.0	0
212.0	0
213.0	0
214.0	0
216.0	0
216.0	0
217.0	0
217.0	0
99.0	1
219.0	0
220.0	0
220.0	0
221.0	0
221.0	0
221.0	0
222.0	0
223.0	0
223.0	0
224.0	0
225.0	0
225.0	0
224.0	0
225.0	0
224.0	0
224.0	0
223.0	0
223.0	0
222.0	0
223.0	0
222.0	0
221.0	0
220.0	0
220.0	0
218.0	0
218.0	0
218.0	0
216.0	0
216.0	0
215.0	0
214.0	0
213.0	0
213.0	0
211.0	0
211.0	0
211.0	0
210.0	0
209.0	0
209.0	0
209.0	0
57.0	1
206.0	0
206.0	0
205.0	0
205.0	0
205.0	0
204.0	0
204.0	0
204.0	0
204.0	0
204.0	0
205.0	0
204.0	0
205.0	0
205.0	0
206.0	0
206.0	0
206.0	0
207.0	0
207.0	0
208.0	0
209.0	0
210.0	0
212.0	0
213.0	0
213.0	0
215.0	0
215.0	0
215.0	0
217.0	0
218.0	0
219.0	0
220.0	0
220.0	0
220.0	0
222.0	0
222.0	0
223.0	0
224.0	0
224.0	0
223.0	0
224.0	0
224.0	0
224.0	0
224.0	0
225.0	0
224.0	0
225.0	0
224.0	0
223.0	0
222.0	0
222.0	0
221.0	0
221.0	0
220.0	0
219.0	0
218.0	0
218.0	0
217.0	0
216.0	0
215.0	0
214.0	0
214.0	0
213.0	0
213.0	0
212.0	0
211.0	0
210.0	0
210.0	0
209.0	0
209.0	0
207.0	0
206.0	0
205.0	0
205.0	0
204.0	0
204.0	0
203.0	0
203.0	0
203.0	0
204.0	0
204.0	0
204.0	0
204.0	0
205.0	0
205.0	0
205.0	0
206.0	0
207.0	0
208.0	0
208.0	0
209.0	0
210.0	0
211.0	0
212.0	0
212.0	0
214.0	0
215.0	0
216.0	0
217.0	0
218.0	0
219.0	0
220.0	0
221.0	0
221.0	0
222.0	0
143.0	1
223.0	0
223.0	0
224.0	0
223.0	0
224.0	0
225.0	0
225.0	0
225.0	0
226.0	0
225.0	0
226.0	0
225.0	0
225.0	0
223.0	0
224.0	0
222.0	0
221.0	0
221.0	0
221.0	0
219.0	0
219.0	0
218.0	0
217.0	0
217.0	0
215.0	0
215.0	0
215.0	0
214.0	0
213.0	0
212.0	0
211.0	0
210.0	0
210.0	0
209.0	0
208.0	0
207.0	0
207.0	0
206.0	0
205.0	0
204.0	0
204.0	0
205.0	0
205.0	0
203.0	0
204.0	0
204.0	0
205.0	0
205.0	0
205.0	0
205.0	0
205.0	0
206.0	0
206.0	0
208.0	0
209.0	0
210.0	0
211.0	0
211.0	0
213.0	0
214.0	0
215.0	0
217.0	0
217.0	0
218.0	0
220.0	0
220.0	0
222.0	0
222.0	0
222.0	0
222.0	0
223.0	0
223.0	0
223.0	0
224.0	0
226.0	0
225.0	0
226.0	0
226.0	0
226.0	0
226.0	0
226.0	0
225.0	0
227.0	0
226.0	0
225.0	0
226.0	0
225.0	0
223.0	0
223.0	0
222.0	0
221.0	0
220.0	0
220.0	0
219.0	0
218.0	0
217.0	0
216.0	0
216.0	0
216.0	0
214.0	0
213.0	0
212.0	0
174.0	1
211.0	0
210.0	0
210.0	0
209.0	0
208.0	0
207.0	0
206.0	0
206.0	0
206.0	0
204.0	0
204.0	0
204.0	0
205.0	0
205.0	0
206.0	0
205.0	0
206.0	0
207.0	0
206.0	0
207.0	0
207.0	0
208.0	0
210.0	0
210.0	0
212.0	0
212.0	0
213.0	0
213.0	0
216.0	0
217.0	0
217.0	0
218.0	0
219.0	0
221.0	0
221.0	0
222.0	0
223.0	0
223.0	0
224.0	0
225.0	0
225.0	0
227.0	0
227.0	0
228.0	0
227.0	0
228.0	0
227.0	0
227.0	0
228.0	0
227.0	0
227.0	0
228.0	0
227.0	0
227.0	0
227.0	0
226.0	0
225.0	0
225.0	0
223.0	0
223.0	0
223.0	0
222.0	0
220.0	0
219.0	0
218.0	0
217.0	0
217.0	0
216.0	0
215.0	0
213.0	0
213.0	0
212.0	0
212.0	0
212.0	0
211.0	0
210.0	0
208.0	0
55.0	1
207.0	0
207.0	0
207.0	0
205.0	0
205.0	0
204.0	0
205.0	0
204.0	0
204.0	0
203.0	0
204.0	0
205.0	0
207.0	0
206.0	0
207.0	0
208.0	0
209.0	0
210.0	0
211.0	0
213.0	0
213.0	0
214.0	0
216.0	0
216.0	0
217.0	0
218.0	0
220.0	0
221.0	0
221.0	0
221.0	0
221.0	0
223.0	0
223.0	0
225.0	0
225.0	0
226.0	0
226.0	0
227.0	0
227.0	0
226.0	0
226.0	0
227.0	0
226.0	0
226.0	0
226.0	0
225.0	0
226.0	0
225.0	0
224.0	0
224.0	0
223.0	0
223.0	0
221.0	0
223.0	0
219.0	0
219.0	0
218.0	0
217.0	0
216.0	0
216.0	0
215.0	0
213.0	0
212.0	0
211.0	0
211.0	0
211.0	0
209.0	0
209.0	0
207.0	0
207.0	0
206.0	0
206.0	0
205.0	0
204.0	0
203.0	0
205.0	0
203.0	0
203.0	0
203.0	0
204.0	0
204.0	0
205.0	0
205.0	0
205.0	0
206.0	0
207.0	0
207.0	0
208.0	0
209.0	0
211.0	0
212.0	0
213.0	0
213.0	0
215.0	0
215.0	0
216.0	0
217.0	0
219.0	0
220.0	0
221.0	0
221.0	0
223.0	0
223.0	0
225.0	0
225.0	0
225.0	0
226.0	0
227.0	0
226.0	0
227.0	0
227.0	0
227.0	0
227.0	0
227.0	0
227.0	0
227.0	0
227.0	0
225.0	0
226.0	0
225.0	0
224.0	0
224.0	0
223.0	0
223.0	0
221.0	0
221.0	0
218.0	0
218.0	0
217.0	0
217.0	0
215.0	0
214.0	0
214.0	0
212.0	0
213.0	0
212.0	0
211.0	0
210.0	0
209.0	0
209.0	0
208.0	0
207.0	0
206.0	0
205.0	0
204.0	0
205.0	0
205.0	0
204.0	0
205.0	0
205.0	0
204.0	0
204.0	0
204.0	0
205.0	0
205.0	0
205.0	0
205.0	0
208.0	0
209.0	0
209.0	0
210.0	0
210.0	0
212.0	0
213.0	0
214.0	0
215.0	0
217.0	0
218.0	0
219.0	0
219.0	0
220.0	0
221.0	0
222.0	0
223.0	0
223.0	0
225.0	0
225.0	0
226.0	0
226.0	0
227.0	0
227.0	0
228.0	0
228.0	0
228.0	0
227.0	0
227.0	0
227.0	0
226.0	0
227.0	0
226.0	0
226.0	0
225.0	0
223.0	0
223.0	0
222.0	0
222.0	0
220.0	0
220.0	0
218.0	0
217.0	0
216.0	0
215.0	0
214.0	0
213.0	0
213.0	0
212.0	0
211.0	0
211.0	0
209.0	0
208.0	0
208.0	0
207.0	0
207.0	0
206.0	0
206.0	0
205.0	0
206.0	0
204.0	0
205.0	0
204.0	0
203.0	0
204.0	0
204.0	0
204.0	0
206.0	0
206.0	0
205.0	0
206.0	0
208.0	0
208.0	0
211.0	0
212.0	0
213.0	0
214.0	0
215.0	0
215.0	0
216.0	0
217.0	0
219.0	0
219.0	0
221.0	0
221.0	0
222.0	0
223.0	0
224.0	0
225.0	0
225.0	0
226.0	0
226.0	0
227.0	0
228.0	0
228.0	0
228.0	0
228.0	0
228.0	0
228.0	0
229.0	0
228.0	0
227.0	0
228.0	0
227.0	0
227.0	0
226.0	0
226.0	0
225.0	0
224.0	0
222.0	0
221.0	0
221.0	0
220.0	0
218.0	0
218.0	0
217.0	0
216.0	0
215.0	0
214.0	0
213.0	0
212.0	0
211.0	0
211.0	0
211.0	0
209.0	0
208.0	0
207.0	0
207.0	0
206.0	0
205.0	0
205.0	0
205.0	0
204.0	0
204.0	0
204.0	0
205.0	0
205.0	0
204.0	0
207.0	0
207.0	0
209.0	0
208.0	0
210.0	0
211.0	0
212.0	0
213.0	0
214.0	0
215.0	0
216.0	0
217.0	0
218.0	0
219.0	0
219.0	0
221.0	0
222.0	0
223.0	0
224.0	0
225.0	0
225.0	0
225.0	0
226.0	0
226.0	0
227.0	0
228.0	0
229.0	0
230.0	0
230.0	0
229.0	0
230.0	0
231.0	0
231.0	0
231.0	0
229.0	0
231.0	0
230.0	0
230.0	0
230.0	0
230.0	0
228.0	0
226.0	0
226.0	0
223.0	0
223.0	0
222.0	0
221.0	0
221.0	0
219.0	0
218.0	0
217.0	0
217.0	0
215.0	0
215.0	0
213.0	0
212.0	0
212.0	0
211.0	0
209.0	0
209.0	0
208.0	0
208.0	0
206.0	0
206.0	0
206.0	0
206.0	0
207.0	0
207.0	0
206.0	0
207.0	0
207.0	0
207.0	0
205.0	0
205.0	0
206.0	0
206.0	0
207.0	0
208.0	0
210.0	0
210.0	0
213.0	0
213.0	0
214.0	0
216.0	0
217.0	0
218.0	0
220.0	0
220.0	0
220.0	0
221.0	0
222.0	0
222.0	0
223.0	0
224.0	0
224.0	0
225.0	0
226.0	0
226.0	0
227.0	0
227.0	0
227.0	0
227.0	0
228.0	0
229.0	0
229.0	0
229.0	0
228.0	0
228.0	0
226.0	0
225.0	0
226.0	0
225.0	0
224.0	0
224.0	0
222.0	0
222.0	0
221.0	0
220.0	0
218.0	0
217.0	0
216.0	0
216.0	0
167.0	2
214.0	0
213.0	1
211.0	0
210.0	0
208.0	0
208.0	0
207.0	0
206.0	0
205.0	0
204.0	0
205.0	0
204.0	0
205.0	0
205.0	0
203.0	0
205.0	0
205.0	0
204.0	0
205.0	0
205.0	0
205.0	0
205.0	0
206.0	0
207.0	0
208.0	0
209.0	0
209.0	0
210.0	0
211.0	0
213.0	0
214.0	0
215.0	0
216.0	0
218.0	0
219.0	0
220.0	0
221.0	0
221.0	0
222.0	0
222.0	0
223.0	0
224.0	0
225.0	0
225.0	0
226.0	0
226.0	0
228.0	0
228.0	0
229.0	0
229.0	0
230.0	0
229.0	0
229.0	0
229.0	0
228.0	0
228.0	0
228.0	0
228.0	0
226.0	0
225.0	0
225.0	0
224.0	0
222.0	0
221.0	0
220.0	0
219.0	0
219.0	0
219.0	0
217.0	0
216.0	0
214.0	0
214.0	0
213.0	0
211.0	0
211.0	0
211.0	0
208.0	0
208.0	0
207.0	0
207.0	0
205.0	0
205.0	0
205.0	0
205.0	0
204.0	0
205.0	0
205.0	0
205.0	0
206.0	0
205.0	0
205.0	0
206.0	0
206.0	0
207.0	0
206.0	0
208.0	0
208.0	0
208.0	0
209.0	0
209.0	0
212.0	0
213.0	0
214.0	0
215.0	0
217.0	0
218.0	0
218.0	0
102.0	1
220.0	0
222.0	0
223.0	0
223.0	0
223.0	0
225.0	0
225.0	0
226.0	0
226.0	0
227.0	0
228.0	0
229.0	0
230.0	0
230.0	0
230.0	0
229.0	0
229.0	0
229.0	0
229.0	0
228.0	0
229.0	0
228.0	0
227.0	0
226.0	0
225.0	0
223.0	0
222.0	0
222.0	0
220.0	0
218.0	0
219.0	0
217.0	0
216.0	0
215.0	0
214.0	0
214.0	0
213.0	0
212.0	0
211.0	0
210.0	0
208.0	0
208.0	0
207.0	0
205.0	0
205.0	0
205.0	0
205.0	0
206.0	0
205.0	0
205.0	0
206.0	0
206.0	0
206.0	0
205.0	0
206.0	0
206.0	0
206.0	0
205.0	0
205.0	0
205.0	0
207.0	0
208.0	0
211.0	0
212.0	0
212.0	0
213.0	0
214.0	0
214.0	0
216.0	0
217.0	0
219.0	0
219.0	0
219.0	0
221.0	0
222.0	0
222.0	0
223.0	0
223.0	0
224.0	0
225.0	0
226.0	0
226.0	0
226.0	0
225.0	0
227.0	0
227.0	0
227.0	0
226.0	0
227.0	0
226.0	0
225.0	0
225.0	0
224.0	0
224.0	0
224.0	0
224.0	0
222.0	0
220.0	0
220.0	0
219.0	0
218.0	0
217.0	0
216.0	0
216.0	0
215.0	0
190.0	2
210.0	1
206.0	1
210.0	0
210.0	0
79.0	1
206.0	0
206.0	0
205.0	0
204.0	0
204.0	0
204.0	0
204.0	0
204.0	0
204.0	0
203.0	0
203.0	0
204.0	0
204.0	0
203.0	0
204.0	0
204.0	0
204.0	0
204.0	0
204.0	0
205.0	0
205.0	0
207.0	0
207.0	0
211.0	0
211.0	0
210.0	0
212.0	0
213.0	0
214.0	0
214.0	1
217.0	0
217.0	0
218.0	0
219.0	0
221.0	0
222.0	0
222.0	0
223.0	0
224.0	0
224.0	0
224.0	0
225.0	0
226.0	0
226.0	0
226.0	0
227.0	0
227.0	0
227.0	0
227.0	0
227.0	0
225.0	0
225.0	0
224.0	0
223.0	0
224.0	0
222.0	0
222.0	0
221.0	0
220.0	0
219.0	0
218.0	0
217.0	0
122.0	1
65.0	2
214.0	0
184.0	1
202.0	1
210.0	0
211.0	0
210.0	0
209.0	0
207.0	0
206.0	0
205.0	0
204.0	0
204.0	0
204.0	0
203.0	0
204.0	0
203.0	0
204.0	0
204.0	0
204.0	0
205.0	0
204.0	0
205.0	0
205.0	0
205.0	0
204.0	0
204.0	0
207.0	0
208.0	0
208.0	0
209.0	0
210.0	0
211.0	0
133.0	1
213.0	0
214.0	0
216.0	0
217.0	0
217.0	0
214.0	1
221.0	0
221.0	0
220.0	0
222.0	0
222.0	0
224.0	0
224.0	0
225.0	0
226.0	0
226.0	0
227.0	0
228.0	0
227.0	0
227.0	0
228.0	0
227.0	0
227.0	0
227.0	0
227.0	0
227.0	0
50.0	1
226.0	0
225.0	0
224.0	0
224.0	0
223.0	0
223.0	0
221.0	0
220.0	0
218.0	0
116.0	3
71.0	1
36.0	3
56.0	4
86.0	2
212.0	0
110.0	1
211.0	0
209.0	0
208.0	0
207.0	0
207.0	0
206.0	0
206.0	0
206.0	0
204.0	0
206.0	0
206.0	0
206.0	0
208.0	0
207.0	0
206.0	0
206.0	0
206.0	0
205.0	0
206.0	0
207.0	0
206.0	0
208.0	0
208.0	0
208.0	0
208.0	0
210.0	0
210.0	0
211.0	0
212.0	0
213.0	0
214.0	0
215.0	0
63.0	3
104.0	2
218.0	0
59.0	2
221.0	0
222.0	0
223.0	0
223.0	0
223.0	0
224.0	0
226.0	0
227.0	0
227.0	0
226.0	0
227.0	0
227.0	0
229.0	0
228.0	0
228.0	0
228.0	0
227.0	0
35.0	1
227.0	0
226.0	0
226.0	0
225.0	0
224.0	0
224.0	0
222.0	0
221.0	0
220.0	0
220.0	0
218.0	0
51.0	3
21.0	9
42.0	11
49.0	7
153.0	3
111.0	2
166.0	1
210.0	0
83.0	1
209.0	0
208.0	0
208.0	0
207.0	0
207.0	0
206.0	0
206.0	0
208.0	0
206.0	0
207.0	0
207.0	0
206.0	0
206.0	0
207.0	0
206.0	0
207.0	0
206.0	0
207.0	0
207.0	0
207.0	0
207.0	0
208.0	0
208.0	0
209.0	0
210.0	0
211.0	0
212.0	0
137.0	1
136.0	2
156.0	2
85.0	2
217.0	1
147.0	1
219.0	0
220.0	0
221.0	0
221.0	0
222.0	0
222.0	0
223.0	0
223.0	0
224.0	0
225.0	0
226.0	0
226.0	0
226.0	0
226.0	0
227.0	0
226.0	0
227.0	0
227.0	0
225.0	0
225.0	0
225.0	0
224.0	0
224.0	0
222.0	0
221.0	0
220.0	0
220.0	0
81.0	1
96.0	4
1.0	11
43.0	18
40.0	33
10.0	18
35.0	15
116.0	5
113.0	3
211.0	0
195.0	1
209.0	0
207.0	0
207.0	0
207.0	0
206.0	0
206.0	0
205.0	0
205.0	0
205.0	0
205.0	0
207.0	0
207.0	0
206.0	0
205.0	0
206.0	0
206.0	0
206.0	0
206.0	0
206.0	0
206.0	0
206.0	0
205.0	0
208.0	0
208.0	0
209.0	0
181.0	1
211.0	0
211.0	0
211.0	0
213.0	0
134.0	2
96.0	1
216.0	0
216.0	0
218.0	0
218.0	0
220.0	0
220.0	0
221.0	0
222.0	0
222.0	0
223.0	0
223.0	0
101.0	1
225.0	0
225.0	0
225.0	0
225.0	0
225.0	0
226.0	0
226.0	0
225.0	0
224.0	0
224.0	0
225.0	0
223.0	0
222.0	0
221.0	0
221.0	0
219.0	0
87.0	3
35.0	7
71.0	9
41.0	25
30.0	15
34.0	29
38.0	14
100.0	6
211.0	0
128.0	2
209.0	0
208.0	0
131.0	1
206.0	0
122.0	1
206.0	0
206.0	0
204.0	0
206.0	0
205.0	0
206.0	0
205.0	0
205.0	0
205.0	0
205.0	0
206.0	0
206.0	0
206.0	0
207.0	0
206.0	0
206.0	0
206.0	0
207.0	0
206.0	0
208.0	0
208.0	0
209.0	0
89.0	2
211.0	0
135.0	2
213.0	0
214.0	0
215.0	0
217.0	0
216.0	0
55.0	1
49.0	1
219.0	0
219.0	0
220.0	0
220.0	0
223.0	0
223.0	0
223.0	0
224.0	0
224.0	0
225.0	0
225.0	0
226.0	0
225.0	0
221.0	1
225.0	0
225.0	0
225.0	0
225.0	0
224.0	0
223.0	0
223.0	0
222.0	0
75.0	1
138.0	1
25.0	2
23.0	5
56.0	10
54.0	20
29.0	22
49.0	17
40.0	17
158.0	1
58.0	3
55.0	4
42.0	2
210.0	0
207.0	0
207.0	0
208.0	0
208.0	0
206.0	0
207.0	0
207.0	0
207.0	0
207.0	0
207.0	0
207.0	0
207.0	0
207.0	0
208.0	0
207.0	0
207.0	0
207.0	0
208.0	0
207.0	0
207.0	0
207.0	0
208.0	0
209.0	0
210.0	0
210.0	0
88.0	1
208.0	1
212.0	0
213.0	0
213.0	0
215.0	0
215.0	0
217.0	0
178.0	1
218.0	0
218.0	0
219.0	0
220.0	0
221.0	0
221.0	0
223.0	0
223.0	0
224.0	0
225.0	0
225.0	0
225.0	0
225.0	0
225.0	0
139.0	1
226.0	0
226.0	0
226.0	0
224.0	1
101.0	2
224.0	0
224.0	0
222.0	0
222.0	0
221.0	0
43.0	5
42.0	7
28.0	15
15.0	13
39.0	11
60.0	5
48.0	4
47.0	3
212.0	0
212.0	1
110.0	1
198.0	1
168.0	2
101.0	1
208.0	0
208.0	0
208.0	0
207.0	0
88.0	1
207.0	0
208.0	0
208.0	0
207.0	0
207.0	0
208.0	0
208.0	0
208.0	0
208.0	0
209.0	0
207.0	0
208.0	0
208.0	0
208.0	1
208.0	0
184.0	1
208.0	0
208.0	0
209.0	0
209.0	0
209.0	0
211.0	0
211.0	0
213.0	0
213.0	0
214.0	0
214.0	0
215.0	0
216.0	0
217.0	0
218.0	0
219.0	0
220.0	0
221.0	0
221.0	0
221.0	0
222.0	0
223.0	1
222.0	0
190.0	1
224.0	0
219.0	1
199.0	2
224.0	0
79.0	2
223.0	0
223.0	0
222.0	0
221.0	0
193.0	1
220.0	0
89.0	2
47.0	5
11.0	11
17.0	8
50.0	8
104.0	2
100.0	2
120.0	3
102.0	1
186.0	1
211.0	0
210.0	0
211.0	0
209.0	0
209.0	0
208.0	0
207.0	0
208.0	0
176.0	1
208.0	0
208.0	0
207.0	0
207.0	0
206.0	0
207.0	0
207.0	0
207.0	0
207.0	0
207.0	0
206.0	0
207.0	0
207.0	0
207.0	0
207.0	0
208.0	0
207.0	0
208.0	0
206.0	0
206.0	0
206.0	0
207.0	0
207.0	0
207.0	0
208.0	0
209.0	0
210.0	0
211.0	0
212.0	0
213.0	0
214.0	0
215.0	0
216.0	0
217.0	0
217.0	0
218.0	0
218.0	1
219.0	0
220.0	0
219.0	0
221.0	0
219.0	1
221.0	0
173.0	2
223.0	0
222.0	0
221.0	0
222.0	0
221.0	0
221.0	0
219.0	0
220.0	0
152.0	1
178.0	1
49.0	6
145.0	4
53.0	3
154.0	2
70.0	2
211.0	0
210.0	0
210.0	0
209.0	0
209.0	0
208.0	0
209.0	0
207.0	0
207.0	0
205.0	0
205.0	0
205.0	0
205.0	0
206.0	0
205.0	0
205.0	0
204.0	0
204.0	0
204.0	0
205.0	0
205.0	0
153.0	1
206.0	0
149.0	1
206.0	0
205.0	0
181.0	1
206.0	0
206.0	0
205.0	0
206.0	0
209.0	0
209.0	0
209.0	0
210.0	0
210.0	0
210.0	0
210.0	0
211.0	0
212.0	0
213.0	0
213.0	0
215.0	0
215.0	0
217.0	0
216.0	0
217.0	0
218.0	0
219.0	0
219.0	0
220.0	0
220.0	1
221.0	0
221.0	0
220.0	0
221.0	0
221.0	0
111.0	1
221.0	0
221.0	0
221.0	0
221.0	0
221.0	0
220.0	0
219.0	0
220.0	0
92.0	1
126.0	1
112.0	1
216.0	0
214.0	0
134.0	1
213.0	0
213.0	0
212.0	0
211.0	0
210.0	0
209.0	0
209.0	0
208.0	0
208.0	0
208.0	0
208.0	0
207.0	0
207.0	0
207.0	0
206.0	0
206.0	0
206.0	0
206.0	0
206.0	0
207.0	0
208.0	0
207.0	0
207.0	0
208.0	0
208.0	0
209.0	0
209.0	0
207.0	0
208.0	0
153.0	1
208.0	0
208.0	0
208.0	0
209.0	0
209.0	0
209.0	0
210.0	0
211.0	0
212.0	0
211.0	0
212.0	0
214.0	0
214.0	0
214.0	0
216.0	0
216.0	0
217.0	0
218.0	0
218.0	0
219.0	0
218.0	0
219.0	0
219.0	0
219.0	0
219.0	0
220.0	0
220.0	0
221.0	0
221.0	0
220.0	0
220.0	0
220.0	0
219.0	0
218.0	0
218.0	0
218.0	0
217.0	0
217.0	0
215.0	0
48.0	1
215.0	0
213.0	0
212.0	0
212.0	0
211.0	0
210.0	0
209.0	0
209.0	0
208.0	0
208.0	0
207.0	0
207.0	0
206.0	0
207.0	0
206.0	0
206.0	0
207.0	0
206.0	0
206.0	0
206.0	0
205.0	0
206.0	0
207.0	0
206.0	0
206.0	0
207.0	0
207.0	0
208.0	0
207.0	0
207.0	0
206.0	0
207.0	0
207.0	0
208.0	0
208.0	0
209.0	0
208.0	0
209.0	0
209.0	0
209.0	0
211.0	0
210.0	0
211.0	0
212.0	0
212.0	0
213.0	0
213.0	0
214.0	0
215.0	0
215.0	0
217.0	0
217.0	0
218.0	0
218.0	0
218.0	0
218.0	0
219.0	0
220.0	0
219.0	0
219.0	0
218.0	0
218.0	0
218.0	0
218.0	0
218.0	0
218.0	0
217.0	0
216.0	0
216.0	0
215.0	0
148.0	1
214.0	0
213.0	0
213.0	0
211.0	0
210.0	0
210.0	0
209.0	0
208.0	0
207.0	0
207.0	0
207.0	0
207.0	0
206.0	0
207.0	0
206.0	0
205.0	0
205.0	0
206.0	0
206.0	0
205.0	0
206.0	0
206.0	0
205.0	0
206.0	0
206.0	0
207.0	0
207.0	0
207.0	0
206.0	0
207.0	0
207.0	0
207.0	0
208.0	0
207.0	0
211.0	0
211.0	0
210.0	0
210.0	0
211.0	0
212.0	0
211.0	0
210.0	0
212.0	0
213.0	0
213.0	0
213.0	0
215.0	0
215.0	0
216.0	0
215.0	0
217.0	0
217.0	0
217.0	0
217.0	0
218.0	0
219.0	0
219.0	0
221.0	0
220.0	0
219.0	0
220.0	0
220.0	0
220.0	0
220.0	0
220.0	0
218.0	0
219.0	0
219.0	0
218.0	0
216.0	0
217.0	0
215.0	0
215.0	0
214.0	0
213.0	0
212.0	0
211.0	0
211.0	0
211.0	0
210.0	0
209.0	0
208.0	0
209.0	0
210.0	0
208.0	0
207.0	0
207.0	0
208.0	0
208.0	0
208.0	0
207.0	0
207.0	0
208.0	0
208.0	0
209.0	0
209.0	0
209.0	0
209.0	0
209.0	0
210.0	0
210.0	0
210.0	0
210.0	0
210.0	0
210.0	0
210.0	0
211.0	0
211.0	0
211.0	0
211.0	0
211.0	0
212.0	0
212.0	0
211.0	0
212.0	0
213.0	0
213.0	0
215.0	0
216.0	0
216.0	0
216.0	0
216.0	0
217.0	0
217.0	0
217.0	0
218.0	0
219.0	0
220.0	0
220.0	0
220.0	0
220.0	0
219.0	0
221.0	0
221.0	0
221.0	0
42.0	1
221.0	0
220.0	0
219.0	0
218.0	0
217.0	0
218.0	0
217.0	0
216.0	0
215.0	0
215.0	0
214.0	0
213.0	0
212.0	0
212.0	0
211.0	0
210.0	0
210.0	0
210.0	0
210.0	0
209.0	0
208.0	0
208.0	0
208.0	0
209.0	0
209.0	0
208.0	0
207.0	0
208.0	0
208.0	0
208.0	0
210.0	0
210.0	0
210.0	0
210.0	0
211.0	0
211.0	0
210.0	0
210.0	0
210.0	0
211.0	0
211.0	0
211.0	0
207.0	0
207.0	0
207.0	0
207.0	0
207.0	0
207.0	0
208.0	0
209.0	0
209.0	0
208.0	0
209.0	0
209.0	0
209.0	0
210.0	0
212.0	0
212.0	0
212.0	0
212.0	0
213.0	0
214.0	0
215.0	0
215.0	0
215.0	0
215.0	0
215.0	0
215.0	0
216.0	0
214.0	0
216.0	0
216.0	0
214.0	0
214.0	0
214.0	0
214.0	0
213.0	0
212.0	0
211.0	0
211.0	0
210.0	0
209.0	0
210.0	0
210.0	0
207.0	0
207.0	0
206.0	0
205.0	0
205.0	0
205.0	0
205.0	0
205.0	0
205.0	0
205.0	0
205.0	0
204.0	0
204.0	0
203.0	0
204.0	0
204.0	0
204.0	0
205.0	0
205.0	0
205.0	0
206.0	0
206.0	0
206.0	0
206.0	0
206.0	0
207.0	0
206.0	0
207.0	0
206.0	0
207.0	0
208.0	0
209.0	0
209.0	0
210.0	0
209.0	0
208.0	0
209.0	0
210.0	0
211.0	0
211.0	0
211.0	0
212.0	0
211.0	0
213.0	0
213.0	0
213.0	0
214.0	0
214.0	0
216.0	0
215.0	0
216.0	0
216.0	0
217.0	0
217.0	0
216.0	0
216.0	0
217.0	0
217.0	0
217.0	0
218.0	0
216.0	0
216.0	0
216.0	0
215.0	0
214.0	0
214.0	0
214.0	0
212.0	0
212.0	0
211.0	0
210.0	0
210.0	0
209.0	0
208.0	0
208.0	0
207.0	0
207.0	0
207.0	0
207.0	0
207.0	0
207.0	0
208.0	0
208.0	0
207.0	0
207.0	0
208.0	0
207.0	0
206.0	0
207.0	0
207.0	0
207.0	0
209.0	0
207.0	0
208.0	0
208.0	0
209.0	0
208.0	0
208.0	0
208.0	0
208.0	0
208.0	0
208.0	0
209.0	0
209.0	0
210.0	0
209.0	0
209.0	0
211.0	0
210.0	0
212.0	0
212.0	0
211.0	0
212.0	0
211.0	0
213.0	0
213.0	0
213.0	0
214.0	0
214.0	0
215.0	0
215.0	0
215.0	0
217.0	0
216.0	0
217.0	0
217.0	0
217.0	0
217.0	0
217.0	0
217.0	0
217.0	0
216.0	0
216.0	0
216.0	0
215.0	0
215.0	0
214.0	0
213.0	0
213.0	0
213.0	0
212.0	0
210.0	0
210.0	0
210.0	0
210.0	0
209.0	0
208.0	0
210.0	0
209.0	0
208.0	0
209.0	0
208.0	0
207.0	0
209.0	0
209.0	0
207.0	0
208.0	0
208.0	0
207.0	0
208.0	0
208.0	0
208.0	0
209.0	0
209.0	0
209.0	0
209.0	0
210.0	0
210.0	0
209.0	0
209.0	0
208.0	0
209.0	0
209.0	0
209.0	0
208.0	0
209.0	0
209.0	0
210.0	0
211.0	0
210.0	0
210.0	0
212.0	0
211.0	0
212.0	0
212.0	0
212.0	0
213.0	0
213.0	0
213.0	0
214.0	0
215.0	0
215.0	0
215.0	0
215.0	0
216.0	0
215.0	0
217.0	0
216.0	0
216.0	0
217.0	0
216.0	0
216.0	0
216.0	0
216.0	0
216.0	0
215.0	0
215.0	0
215.0	0
215.0	0
215.0	0
213.0	0
212.0	0
212.0	0
211.0	0
211.0	0
211.0	0
210.0	0
209.0	0
209.0	0
209.0	0
209.0	0
208.0	0
208.0	0
209.0	0
208.0	0
209.0	0
209.0	0
208.0	0
208.0	0
208.0	0
208.0	0
207.0	0
208.0	0
208.0	0
208.0	0
208.0	0
208.0	0
208.0	0
209.0	0
209.0	0
208.0	0
208.0	0
208.0	0
209.0	0
208.0	0
208.0	0
210.0	0
210.0	0
210.0	0
210.0	0
211.0	0
210.0	0
212.0	0
211.0	0
211.0	0
212.0	0
213.0	0
214.0	0
213.0	0
213.0	0
213.0	0
215.0	0
216.0	0
214.0	0
216.0	0
215.0	0
216.0	0
217.0	0
216.0	0
216.0	0
216.0	0
217.0	0
216.0	0
217.0	0
216.0	0
217.0	0
215.0	0
215.0	0
214.0	0
214.0	0
215.0	0
214.0	0
214.0	0
211.0	0
212.0	0
211.0	0
211.0	0
210.0	0
211.0	0
211.0	0
210.0	0
210.0	0
209.0	0
209.0	0
211.0	0
210.0	0
209.0	0
211.0	0
210.0	0
209.0	0
210.0	0
209.0	0
210.0	0
209.0	0
209.0	0
208.0	0
209.0	0
209.0	0
210.0	0
209.0	0
210.0	0
209.0	0
209.0	0
209.0	0
110.0	1
209.0	0
210.0	0
209.0	0
212.0	0
211.0	0
212.0	0
212.0	0
212.0	0
213.0	0
212.0	0
214.0	0
213.0	0
214.0	0
215.0	0
214.0	0
214.0	0
214.0	0
215.0	0
217.0	0
217.0	0
216.0	0
217.0	0
216.0	0
217.0	0
217.0	0
217.0	0
216.0	0
217.0	0
218.0	0
217.0	0
217.0	0
218.0	0
217.0	0
217.0	0
216.0	0
216.0	0
215.0	0
214.0	0
214.0	0
214.0	0
214.0	0
214.0	0
212.0	0
212.0	0
212.0	0
212.0	0
211.0	0
212.0	0
212.0	0
210.0	0
211.0	0
210.0	0
210.0	0
210.0	0
211.0	0
209.0	0
209.0	0
210.0	0
209.0	0
210.0	0
209.0	0
209.0	0
209.0	0
209.0	0
211.0	0
211.0	0
211.0	0
211.0	0
210.0	0
212.0	0
212.0	0
211.0	0
211.0	0
211.0	0
212.0	0
211.0	0
210.0	0
211.0	0
211.0	0
212.0	0
212.0	0
213.0	0
214.0	0
214.0	0
215.0	0
214.0	0
215.0	0
215.0	0
214.0	0
216.0	0
216.0	0
216.0	0
217.0	0
217.0	0
217.0	0
217.0	0
217.0	0
217.0	0
216.0	0
216.0	0
216.0	0
216.0	0
216.0	0
217.0	0
217.0	0
216.0	0
216.0	0
216.0	0
215.0	0
214.0	0
213.0	0
213.0	0
213.0	0
213.0	0
212.0	0
212.0	0
212.0	0
213.0	0
212.0	0
212.0	0
212.0	0
211.0	0
212.0	0
211.0	0
211.0	0
211.0	0
211.0	0
210.0	0
211.0	0
211.0	0
210.0	0
211.0	0
210.0	0
210.0	0
209.0	0
210.0	0
210.0	0
211.0	0
211.0	0
211.0	0
210.0	0
211.0	0
211.0	0
211.0	0
210.0	0
211.0	0
212.0	0
211.0	0
212.0	0
211.0	0
212.0	0
212.0	0
212.0	0
212.0	0
213.0	0
214.0	0
215.0	0
214.0	0
215.0	0
214.0	0
214.0	0
213.0	0
214.0	0
215.0	0
215.0	0
214.0	0
215.0	0
216.0	0
215.0	0
215.0	0
215.0	0
216.0	0
214.0	0
215.0	0
215.0	0
215.0	0
216.0	0
215.0	0
214.0	0
215.0	0
214.0	0
214.0	0
212.0	0
212.0	0
211.0	0
212.0	0
211.0	0
212.0	0
211.0	0
212.0	0
212.0	0
211.0	0
211.0	0
210.0	0
210.0	0
210.0	0
210.0	0
209.0	0
209.0	0
210.0	0
209.0	0
208.0	0
208.0	0
208.0	0
209.0	0
208.0	0
208.0	0
209.0	0
209.0	0
209.0	0
209.0	0
210.0	0
210.0	0
210.0	0
212.0	0
211.0	0
211.0	0
212.0	0
211.0	0
210.0	0
209.0	0
210.0	0
210.0	0
209.0	0
211.0	0
211.0	0
212.0	0
212.0	0
211.0	0
212.0	0
212.0	0
213.0	0
213.0	0
213.0	0
213.0	0
213.0	0
214.0	0
214.0	0
214.0	0
214.0	0
215.0	0
215.0	0
214.0	0
215.0	0
215.0	0
215.0	0
215.0	0
214.0	0
214.0	0
214.0	0
213.0	0
213.0	0
212.0	0
211.0	0
211.0	0
212.0	0
211.0	0
210.0	0
210.0	0
210.0	0
210.0	0
211.0	0
211.0	0
209.0	0
209.0	0
208.0	0
210.0	0
209.0	0
208.0	0
209.0	0
209.0	0
209.0	0
209.0	0
209.0	0
208.0	0
208.0	0
209.0	0
209.0	0
210.0	0
210.0	0
209.0	0
209.0	0
209.0	0
210.0	0
210.0	0
209.0	0
209.0	0
209.0	0
210.0	0
209.0	0
210.0	0
211.0	0
211.0	0
210.0	0
211.0	0
211.0	0
211.0	0
211.0	0
212.0	0
213.0	0
213.0	0
214.0	0
213.0	0
213.0	0
214.0	0
214.0	0
213.0	0
214.0	0
214.0	0
213.0	0
214.0	0
214.0	0
214.0	0
215.0	0
215.0	0
215.0	0
215.0	0
215.0	0
215.0	0
215.0	0
215.0	0
216.0	0
214.0	0
215.0	0
213.0	0
212.0	0
212.0	0
211.0	0
211.0	0
212.0	0
211.0	0
211.0	0
212.0	0
211.0	0
210.0	0
211.0	0
210.0	0
210.0	0
210.0	0
209.0	0
210.0	0
210.0	0
209.0	0
209.0	0
90.0	1
209.0	0
208.0	0
208.0	0
208.0	0
209.0	0
209.0	0
208.0	0
209.0	0
209.0	0
210.0	0
210.0	0
210.0	0
210.0	0
209.0	0
210.0	0
210.0	0
210.0	0
211.0	0
211.0	0
212.0	0
211.0	0
212.0	0
212.0	0
212.0	0
212.0	0
213.0	0
215.0	0
214.0	0
214.0	0
216.0	0
214.0	0
216.0	0
216.0	0
215.0	0
216.0	0
216.0	0
215.0	0
215.0	0
215.0	0
215.0	0
215.0	0
216.0	0
214.0	0
214.0	0
215.0	0
215.0	0
215.0	0
215.0	0
214.0	0
215.0	0
213.0	0
213.0	0
214.0	0
212.0	0
212.0	0
211.0	0
211.0	0
212.0	0
212.0	0
212.0	0
212.0	0
212.0	0
212.0	0
211.0	0
211.0	0
211.0	0
211.0	0
212.0	0
211.0	0
210.0	0
211.0	0
211.0	0
210.0	0
210.0	0
210.0	0
210.0	0
211.0	0
211.0	0
209.0	0
210.0	0
211.0	0
211.0	0
211.0	0
211.0	0
209.0	0
210.0	0
210.0	0
210.0	0
211.0	0
210.0	0
211.0	0
210.0	0
210.0	0
211.0	0
210.0	0
210.0	0
211.0	0
212.0	0
212.0	0
213.0	0
212.0	0
211.0	0
211.0	0
212.0	0
213.0	0
213.0	0
213.0	0
213.0	0
213.0	0
214.0	0
213.0	0
214.0	0
213.0	0
213.0	0
214.0	0
215.0	0
214.0	0
214.0	0
213.0	0
213.0	0
213.0	0
212.0	0
213.0	0
213.0	0
211.0	0
211.0	0
210.0	0
212.0	0
211.0	0
211.0	0
210.0	0
210.0	0
211.0	0
209.0	0
210.0	0
209.0	0
210.0	0
209.0	0
208.0	0
208.0	0
208.0	0
208.0	0
208.0	0
208.0	0
208.0	0
208.0	0
208.0	0
208.0	0
208.0	0
209.0	0
209.0	0
210.0	0
210.0	0
210.0	0
209.0	0
209.0	0
209.0	0
209.0	0
209.0	0
209.0	0
210.0	0
211.0	0
209.0	0
209.0	0
209.0	0
210.0	0
210.0	0
210.0	0
211.0	0
211.0	0
212.0	0
213.0	0
213.0	0
213.0	0
211.0	0
214.0	0
214.0	0
214.0	0
214.0	0
213.0	0
214.0	0
214.0	0
214.0	0
214.0	0
213.0	0
213.0	0
213.0	0
214.0	0
214.0	0
213.0	0
213.0	0
213.0	0
213.0	0
212.0	0
212.0	0
211.0	0
211.0	0
211.0	0
210.0	0
212.0	0
211.0	0
210.0	0
211.0	0
210.0	0
210.0	0
210.0	0
210.0	0
209.0	0
209.0	0
209.0	0
209.0	0
210.0	0
209.0	0
208.0	0
208.0	0
209.0	0
209.0	0
209.0	0
208.0	0
207.0	0
207.0	0
208.0	0
208.0	0
208.0	0
209.0	0
209.0	0
208.0	0
207.0	0
208.0	0
209.0	0
208.0	0
208.0	0
209.0	0
210.0	0
209.0	0
208.0	1
209.0	0
210.0	0
210.0	0
210.0	0
210.0	0
210.0	0
212.0	0
214.0	0
213.0	0
213.0	0
213.0	0
212.0	0
213.0	0
213.0	0
213.0	0
212.0	0
214.0	0
214.0	0
214.0	0
213.0	0
213.0	0
214.0	0
213.0	0
213.0	0
212.0	0
212.0	0
212.0	0
212.0	0
212.0	0
212.0	0
211.0	0
211.0	0
210.0	0
210.0	0
210.0	0
210.0	0
209.0	0
210.0	0
209.0	0
208.0	0
209.0	0
209.0	0
210.0	0
210.0	0
210.0	0
208.0	0
208.0	0
208.0	0
208.0	0
209.0	0
209.0	0
208.0	0
208.0	0
206.0	0
207.0	0
208.0	0
208.0	0
208.0	0
208.0	0
208.0	0
208.0	0
208.0	0
207.0	0
208.0	0
208.0	0
207.0	0
208.0	0
208.0	0
209.0	0
209.0	0
207.0	0
206.0	0
208.0	0
207.0	0
209.0	0
210.0	0
210.0	0
210.0	0
210.0	0
211.0	0
211.0	0
211.0	0
211.0	0
212.0	0
212.0	0
212.0	0
212.0	0
213.0	0
213.0	0
214.0	0
212.0	0
212.0	0
212.0	0
212.0	0
211.0	0
212.0	0
211.0	0
211.0	0
211.0	0
211.0	0
211.0	0
210.0	0
209.0	0
209.0	0
209.0	0
210.0	0
209.0	0
209.0	0
209.0	0
207.0	0
208.0	0
208.0	0
208.0	0
207.0	0
208.0	0
208.0	0
208.0	0
208.0	0
208.0	0
208.0	0
208.0	0
208.0	0
208.0	0
208.0	0
208.0	0
207.0	0
207.0	0
205.0	0
205.0	0
205.0	0
205.0	0
205.0	0
206.0	0
207.0	0
205.0	0
206.0	0
206.0	0
174.0	1
207.0	1
207.0	0
207.0	0
207.0	0
