SA_diff	pop
248.0	0
248.0	0
249.0	0
248.0	0
250.0	0
251.0	0
251.0	0
251.0	0
252.0	0
252.0	0
252.0	0
252.0	0
253.0	0
253.0	0
253.0	0
254.0	0
254.0	0
254.0	0
253.0	0
254.0	0
254.0	0
254.0	0
253.0	0
254.0	0
253.0	0
254.0	0
253.0	0
253.0	0
253.0	0
252.0	0
253.0	0
252.0	0
251.0	0
251.0	0
250.0	0
250.0	0
249.0	0
250.0	0
251.0	0
248.0	0
249.0	0
250.0	0
250.0	0
250.0	0
250.0	0
249.0	0
251.0	0
250.0	0
250.0	0
250.0	0
249.0	0
249.0	0
249.0	0
248.0	0
249.0	0
249.0	0
248.0	0
247.0	0
247.0	0
86.0	1
248.0	0
248.0	0
248.0	0
248.0	0
248.0	0
249.0	0
248.0	0
231.0	1
182.0	2
107.0	2
248.0	0
239.0	1
248.0	0
248.0	0
248.0	0
248.0	0
249.0	0
248.0	0
248.0	0
250.0	0
250.0	0
249.0	0
251.0	0
251.0	0
252.0	0
251.0	0
252.0	0
252.0	0
253.0	0
251.0	0
252.0	0
252.0	0
251.0	0
252.0	0
251.0	0
252.0	0
250.0	0
252.0	0
252.0	0
252.0	0
234.0	1
251.0	0
251.0	0
251.0	0
250.0	0
251.0	0
249.0	0
249.0	0
249.0	0
249.0	0
249.0	0
249.0	0
249.0	0
248.0	0
74.0	1
248.0	0
249.0	0
248.0	0
247.0	0
247.0	0
247.0	0
247.0	0
246.0	0
246.0	0
247.0	0
247.0	0
248.0	0
246.0	0
246.0	0
246.0	0
245.0	0
245.0	0
245.0	0
245.0	0
246.0	0
121.0	1
210.0	2
225.0	1
244.0	1
165.0	4
189.0	3
75.0	7
151.0	2
248.0	0
196.0	2
245.0	0
245.0	0
246.0	1
247.0	0
247.0	0
248.0	0
248.0	0
248.0	0
248.0	0
247.0	0
248.0	0
248.0	0
249.0	0
249.0	0
249.0	0
250.0	0
249.0	0
249.0	0
249.0	0
249.0	0
248.0	0
250.0	0
249.0	0
249.0	0
249.0	0
248.0	0
249.0	0
250.0	0
249.0	0
248.0	0
249.0	0
248.0	0
247.0	0
247.0	0
247.0	0
247.0	0
247.0	0
249.0	0
246.0	0
246.0	0
245.0	0
246.0	0
246.0	0
245.0	0
245.0	0
246.0	0
245.0	0
244.0	0
244.0	0
243.0	0
243.0	0
244.0	0
243.0	0
244.0	0
245.0	0
244.0	0
245.0	0
209.0	1
244.0	0
158.0	1
244.0	0
244.0	0
243.0	1
221.0	3
182.0	5
121.0	12
159.0	11
121.0	17
115.0	11
201.0	8
157.0	6
177.0	4
188.0	2
226.0	1
247.0	0
247.0	0
236.0	1
248.0	0
248.0	0
248.0	0
249.0	0
249.0	0
249.0	0
250.0	0
250.0	0
249.0	0
251.0	0
250.0	0
250.0	0
250.0	0
249.0	0
249.0	0
249.0	0
249.0	0
249.0	0
250.0	0
250.0	0
250.0	0
249.0	0
249.0	0
249.0	0
219.0	1
249.0	0
249.0	0
248.0	0
248.0	0
247.0	0
248.0	0
248.0	0
247.0	0
248.0	0
246.0	0
247.0	0
247.0	0
247.0	0
245.0	0
236.0	1
246.0	0
246.0	0
245.0	0
246.0	0
245.0	0
244.0	0
244.0	0
243.0	0
244.0	0
244.0	0
243.0	0
223.0	1
240.0	1
119.0	2
78.0	5
65.0	3
149.0	3
124.0	7
138.0	12
103.0	8
106.0	16
147.0	21
55.0	45
130.0	28
97.0	23
100.0	9
168.0	1
244.0	0
245.0	0
199.0	1
245.0	0
245.0	0
246.0	0
247.0	0
248.0	0
248.0	0
247.0	0
248.0	0
249.0	0
248.0	0
248.0	0
248.0	0
249.0	0
250.0	0
250.0	0
250.0	0
249.0	0
250.0	0
249.0	0
95.0	1
248.0	0
248.0	0
249.0	0
248.0	0
241.0	1
246.0	0
246.0	1
247.0	0
247.0	0
247.0	0
246.0	0
246.0	0
245.0	0
245.0	0
245.0	0
246.0	0
245.0	0
245.0	0
232.0	1
245.0	0
244.0	0
244.0	0
244.0	0
244.0	0
244.0	0
244.0	0
194.0	1
228.0	2
219.0	2
242.0	0
243.0	0
227.0	3
234.0	1
203.0	2
195.0	3
242.0	0
182.0	4
89.0	7
97.0	13
124.0	23
63.0	15
155.0	9
89.0	22
71.0	35
113.0	92
86.0	44
126.0	22
138.0	8
161.0	3
245.0	0
215.0	1
240.0	1
245.0	0
246.0	0
246.0	0
246.0	0
248.0	0
248.0	0
247.0	0
247.0	0
248.0	0
248.0	0
249.0	0
249.0	0
249.0	0
229.0	1
249.0	0
250.0	0
250.0	0
250.0	0
249.0	0
250.0	0
250.0	0
249.0	0
250.0	0
250.0	0
248.0	0
249.0	0
248.0	0
201.0	1
248.0	0
198.0	1
236.0	1
246.0	0
244.0	1
244.0	0
247.0	0
246.0	0
245.0	0
245.0	0
245.0	0
245.0	0
237.0	1
86.0	1
238.0	1
245.0	0
244.0	0
240.0	1
232.0	2
242.0	1
244.0	0
214.0	2
243.0	0
207.0	1
185.0	1
146.0	4
72.0	5
187.0	4
85.0	9
117.0	14
124.0	19
103.0	26
53.0	27
88.0	19
140.0	37
64.0	65
131.0	80
84.0	52
138.0	17
118.0	4
244.0	0
200.0	1
244.0	0
245.0	0
244.0	0
244.0	0
244.0	0
245.0	0
246.0	0
245.0	0
246.0	0
248.0	0
248.0	0
247.0	0
249.0	0
250.0	0
251.0	0
250.0	0
250.0	0
250.0	0
249.0	0
250.0	0
248.0	0
248.0	0
247.0	0
175.0	1
249.0	0
239.0	1
247.0	0
248.0	0
247.0	0
248.0	0
226.0	2
246.0	0
247.0	0
245.0	0
192.0	2
228.0	1
240.0	1
245.0	1
244.0	0
244.0	0
244.0	0
245.0	0
126.0	1
244.0	0
208.0	1
243.0	0
244.0	0
199.0	1
243.0	0
146.0	2
243.0	0
161.0	1
242.0	0
242.0	0
242.0	0
178.0	3
11.0	9
103.0	9
80.0	13
82.0	12
20.0	26
118.0	15
105.0	22
106.0	27
106.0	40
108.0	66
65.0	83
39.0	50
43.0	16
197.0	5
191.0	1
172.0	1
204.0	1
245.0	0
246.0	0
245.0	0
246.0	0
246.0	0
247.0	0
248.0	0
249.0	0
249.0	0
249.0	0
249.0	0
249.0	0
249.0	0
249.0	0
249.0	0
250.0	0
189.0	2
249.0	0
249.0	0
201.0	2
249.0	0
236.0	1
249.0	0
248.0	0
248.0	0
248.0	0
197.0	1
248.0	0
247.0	0
220.0	1
95.0	3
248.0	0
246.0	0
219.0	1
247.0	0
247.0	0
247.0	0
194.0	2
246.0	0
150.0	2
245.0	1
246.0	0
247.0	0
209.0	1
163.0	2
88.0	2
124.0	4
226.0	1
61.0	7
227.0	1
131.0	2
177.0	1
130.0	4
195.0	3
129.0	5
155.0	2
140.0	13
181.0	10
82.0	25
51.0	21
105.0	24
87.0	32
24.0	32
87.0	45
73.0	86
101.0	80
76.0	40
142.0	15
187.0	4
145.0	4
132.0	2
244.0	0
243.0	0
244.0	0
159.0	1
245.0	0
246.0	0
246.0	0
249.0	0
248.0	0
248.0	0
248.0	0
248.0	0
248.0	0
248.0	0
248.0	0
248.0	0
206.0	1
248.0	0
76.0	2
247.0	0
248.0	0
248.0	0
128.0	1
182.0	1
220.0	2
108.0	1
245.0	1
248.0	0
126.0	1
236.0	1
184.0	1
243.0	1
185.0	2
88.0	4
97.0	4
118.0	2
187.0	2
63.0	5
182.0	1
194.0	3
245.0	0
59.0	1
117.0	2
225.0	4
82.0	3
213.0	3
72.0	4
216.0	2
206.0	3
122.0	6
218.0	1
225.0	1
172.0	2
176.0	2
105.0	5
88.0	6
193.0	5
175.0	11
88.0	24
111.0	36
141.0	48
86.0	53
48.0	56
86.0	75
87.0	72
113.0	70
75.0	63
103.0	23
223.0	5
174.0	5
160.0	2
245.0	0
246.0	0
246.0	0
247.0	0
248.0	0
247.0	0
235.0	1
249.0	0
249.0	0
249.0	0
249.0	0
249.0	0
249.0	0
249.0	0
249.0	0
249.0	0
250.0	0
250.0	0
250.0	0
250.0	0
249.0	0
250.0	0
197.0	2
250.0	0
61.0	2
196.0	2
250.0	0
72.0	4
89.0	1
179.0	1
201.0	4
182.0	4
161.0	4
204.0	2
122.0	4
228.0	4
196.0	4
184.0	1
203.0	1
217.0	1
205.0	3
191.0	3
182.0	3
248.0	0
141.0	5
120.0	4
93.0	5
204.0	5
39.0	21
157.0	7
128.0	10
216.0	2
144.0	5
205.0	2
212.0	3
161.0	8
179.0	8
107.0	18
166.0	22
132.0	33
28.0	42
88.0	44
63.0	71
75.0	68
86.0	78
89.0	94
41.0	73
67.0	39
128.0	23
139.0	13
180.0	5
163.0	2
132.0	2
244.0	0
128.0	2
245.0	0
245.0	0
247.0	0
87.0	1
246.0	0
246.0	0
247.0	0
247.0	0
247.0	0
223.0	1
249.0	0
249.0	0
248.0	0
249.0	0
249.0	0
248.0	0
202.0	2
248.0	0
31.0	1
240.0	1
140.0	3
118.0	1
235.0	2
146.0	4
47.0	4
240.0	2
188.0	1
167.0	3
150.0	4
221.0	2
77.0	6
178.0	7
84.0	8
183.0	4
157.0	7
135.0	7
64.0	9
33.0	9
134.0	4
185.0	4
168.0	1
247.0	0
134.0	4
197.0	4
96.0	13
160.0	18
101.0	16
159.0	14
128.0	11
219.0	5
144.0	7
196.0	3
100.0	9
12.0	19
144.0	11
70.0	22
89.0	41
78.0	68
71.0	57
67.0	82
47.0	73
15.0	89
70.0	96
77.0	64
65.0	42
74.0	24
141.0	7
162.0	2
144.0	2
244.0	0
244.0	0
202.0	1
230.0	1
170.0	1
247.0	0
247.0	0
246.0	0
247.0	0
236.0	1
241.0	1
249.0	0
248.0	0
83.0	1
251.0	0
249.0	0
250.0	0
250.0	0
78.0	1
249.0	0
249.0	0
232.0	1
248.0	0
248.0	1
187.0	3
118.0	3
25.0	2
130.0	3
167.0	2
131.0	4
81.0	11
103.0	9
28.0	13
73.0	19
146.0	11
91.0	9
55.0	12
145.0	10
104.0	11
70.0	12
106.0	5
113.0	5
244.0	2
209.0	3
166.0	2
123.0	4
248.0	0
123.0	11
166.0	8
175.0	5
118.0	10
175.0	6
133.0	8
207.0	6
169.0	7
168.0	13
7.0	11
144.0	15
68.0	35
67.0	53
89.0	63
72.0	61
43.0	81
81.0	76
47.0	91
52.0	76
81.0	53
59.0	31
92.0	16
140.0	6
145.0	6
61.0	3
243.0	1
246.0	0
245.0	0
246.0	0
246.0	0
246.0	0
248.0	0
249.0	0
248.0	0
249.0	0
151.0	1
249.0	0
197.0	1
250.0	0
249.0	0
192.0	1
249.0	0
207.0	1
249.0	0
248.0	0
249.0	0
238.0	1
160.0	2
248.0	0
68.0	4
93.0	2
133.0	3
87.0	4
124.0	10
156.0	6
103.0	10
135.0	9
104.0	10
117.0	15
18.0	12
78.0	24
58.0	13
55.0	15
158.0	10
43.0	10
171.0	9
39.0	7
86.0	5
220.0	1
237.0	1
250.0	0
213.0	1
248.0	0
218.0	1
181.0	3
85.0	7
69.0	7
169.0	5
240.0	1
70.0	7
43.0	14
133.0	21
144.0	30
96.0	27
80.0	50
91.0	48
68.0	87
105.0	79
81.0	82
75.0	76
20.0	60
128.0	24
97.0	26
84.0	9
118.0	5
192.0	1
248.0	0
249.0	0
249.0	0
249.0	0
250.0	0
251.0	0
250.0	0
249.0	0
250.0	0
252.0	0
251.0	0
250.0	0
250.0	0
251.0	0
252.0	0
252.0	0
252.0	0
253.0	0
251.0	0
251.0	0
251.0	0
251.0	0
252.0	0
181.0	1
247.0	1
99.0	6
191.0	1
81.0	2
72.0	5
107.0	6
82.0	7
53.0	15
93.0	15
67.0	13
65.0	21
86.0	16
46.0	25
48.0	22
60.0	24
50.0	31
172.0	17
100.0	18
176.0	7
159.0	5
253.0	1
133.0	2
23.0	5
253.0	0
252.0	0
115.0	1
154.0	4
217.0	3
87.0	1
95.0	3
107.0	6
83.0	11
202.0	11
128.0	21
122.0	18
104.0	42
116.0	50
71.0	69
19.0	60
79.0	86
81.0	67
118.0	62
47.0	44
112.0	35
74.0	18
161.0	10
176.0	7
173.0	3
135.0	2
249.0	0
250.0	0
250.0	0
251.0	0
252.0	0
251.0	0
250.0	0
250.0	0
219.0	1
251.0	0
252.0	0
251.0	0
253.0	0
253.0	0
253.0	0
254.0	0
195.0	1
253.0	0
253.0	0
252.0	0
253.0	0
72.0	1
175.0	3
242.0	1
65.0	4
106.0	7
161.0	7
110.0	6
103.0	7
75.0	10
141.0	10
133.0	14
22.0	24
106.0	22
63.0	29
35.0	32
45.0	28
68.0	26
29.0	20
103.0	14
178.0	8
166.0	3
157.0	4
218.0	1
254.0	0
254.0	0
254.0	0
216.0	1
58.0	1
253.0	0
236.0	1
252.0	0
235.0	1
229.0	4
134.0	10
81.0	11
63.0	14
91.0	33
121.0	38
117.0	50
50.0	67
70.0	80
25.0	64
122.0	53
131.0	42
137.0	37
108.0	25
37.0	16
187.0	11
143.0	5
198.0	2
227.0	1
245.0	0
245.0	0
247.0	1
246.0	0
246.0	0
191.0	1
247.0	0
248.0	0
248.0	0
249.0	0
248.0	0
249.0	0
251.0	0
250.0	0
250.0	0
249.0	0
249.0	0
232.0	1
221.0	1
250.0	0
248.0	0
248.0	0
124.0	1
215.0	4
65.0	3
62.0	4
100.0	7
87.0	3
104.0	7
108.0	9
20.0	13
139.0	18
87.0	15
113.0	20
75.0	37
50.0	51
28.0	37
66.0	43
40.0	26
73.0	15
136.0	6
53.0	3
211.0	2
178.0	1
127.0	2
197.0	1
251.0	0
186.0	1
250.0	0
213.0	1
249.0	0
146.0	2
149.0	3
70.0	6
95.0	5
148.0	10
83.0	22
33.0	32
94.0	41
83.0	45
58.0	59
85.0	58
29.0	52
69.0	51
125.0	40
72.0	26
81.0	15
129.0	12
131.0	14
109.0	4
205.0	1
250.0	0
90.0	1
250.0	0
250.0	0
250.0	0
250.0	0
251.0	0
250.0	0
251.0	0
251.0	0
251.0	0
252.0	0
252.0	0
170.0	1
252.0	0
251.0	0
251.0	0
251.0	0
93.0	1
252.0	0
251.0	0
250.0	0
251.0	0
98.0	1
104.0	2
206.0	2
240.0	1
71.0	10
161.0	6
147.0	9
54.0	9
172.0	10
26.0	19
104.0	18
70.0	23
51.0	33
45.0	53
137.0	38
67.0	24
66.0	17
36.0	5
160.0	5
254.0	2
257.0	0
227.0	2
256.0	0
256.0	0
210.0	1
255.0	0
155.0	1
114.0	2
190.0	1
132.0	1
117.0	3
181.0	4
216.0	6
122.0	10
103.0	21
90.0	21
65.0	38
68.0	31
46.0	45
78.0	44
89.0	56
122.0	44
50.0	39
50.0	31
63.0	21
101.0	7
113.0	7
173.0	2
186.0	5
80.0	1
250.0	0
249.0	0
205.0	1
250.0	0
250.0	0
251.0	0
250.0	0
251.0	0
251.0	0
252.0	0
252.0	0
253.0	0
252.0	0
252.0	0
250.0	0
251.0	0
252.0	0
252.0	0
251.0	0
141.0	1
251.0	0
208.0	1
169.0	3
252.0	0
76.0	5
137.0	11
110.0	9
43.0	8
79.0	11
174.0	6
45.0	14
79.0	16
66.0	17
76.0	19
73.0	36
75.0	40
66.0	34
124.0	15
61.0	11
252.0	2
139.0	3
256.0	0
256.0	0
257.0	0
52.0	1
163.0	1
50.0	2
255.0	0
221.0	3
203.0	3
106.0	2
195.0	10
206.0	5
59.0	7
128.0	13
168.0	11
127.0	19
93.0	21
134.0	25
141.0	42
75.0	34
47.0	41
98.0	35
94.0	31
31.0	34
93.0	30
88.0	25
141.0	8
127.0	10
124.0	3
143.0	4
245.0	0
248.0	0
247.0	0
247.0	0
247.0	0
247.0	0
248.0	0
248.0	0
249.0	0
249.0	0
152.0	1
249.0	0
250.0	0
249.0	0
249.0	0
249.0	0
248.0	0
236.0	1
249.0	0
249.0	0
215.0	1
249.0	0
249.0	0
224.0	2
209.0	5
161.0	6
163.0	9
85.0	13
65.0	14
75.0	6
49.0	13
43.0	16
33.0	22
105.0	28
68.0	31
73.0	44
75.0	35
71.0	18
157.0	5
85.0	2
222.0	1
255.0	0
206.0	1
255.0	0
156.0	2
255.0	0
185.0	2
176.0	3
220.0	3
122.0	4
37.0	8
113.0	13
173.0	5
148.0	4
155.0	6
116.0	8
113.0	10
107.0	16
34.0	13
32.0	25
81.0	33
62.0	46
41.0	32
99.0	36
29.0	29
69.0	30
45.0	20
133.0	16
99.0	13
165.0	9
208.0	3
188.0	1
205.0	2
212.0	2
250.0	0
249.0	0
249.0	0
249.0	0
248.0	0
249.0	0
250.0	0
250.0	0
250.0	0
250.0	0
250.0	0
250.0	0
251.0	0
251.0	0
250.0	0
250.0	0
196.0	1
251.0	0
251.0	0
250.0	0
110.0	3
251.0	1
251.0	0
165.0	8
89.0	9
118.0	17
92.0	9
32.0	20
46.0	26
109.0	15
99.0	29
67.0	31
86.0	36
60.0	25
106.0	26
116.0	10
172.0	4
111.0	1
258.0	0
257.0	0
257.0	0
258.0	0
81.0	1
258.0	0
258.0	0
101.0	2
125.0	5
133.0	6
202.0	3
193.0	3
94.0	6
166.0	6
191.0	5
52.0	7
135.0	5
13.0	13
142.0	17
71.0	20
82.0	25
89.0	38
38.0	39
82.0	45
102.0	34
80.0	24
40.0	37
65.0	23
91.0	22
77.0	9
173.0	4
248.0	0
246.0	0
247.0	0
246.0	0
246.0	0
117.0	1
247.0	0
247.0	0
249.0	0
248.0	0
248.0	0
249.0	0
249.0	0
249.0	0
249.0	0
249.0	0
250.0	0
250.0	0
249.0	0
139.0	1
249.0	0
251.0	0
250.0	0
251.0	0
246.0	1
72.0	5
138.0	7
37.0	15
139.0	28
73.0	40
80.0	30
105.0	36
31.0	40
45.0	31
109.0	29
109.0	32
64.0	25
35.0	11
221.0	3
257.0	0
183.0	2
257.0	0
258.0	0
258.0	0
257.0	0
257.0	0
258.0	0
258.0	0
76.0	1
258.0	0
256.0	0
179.0	2
180.0	3
256.0	0
220.0	4
143.0	1
127.0	7
229.0	2
236.0	5
91.0	10
51.0	20
47.0	33
91.0	25
94.0	28
30.0	40
84.0	39
133.0	18
46.0	38
161.0	20
51.0	13
101.0	5
88.0	7
227.0	2
247.0	0
241.0	1
247.0	0
247.0	0
249.0	0
249.0	0
248.0	0
248.0	0
249.0	0
250.0	0
250.0	0
249.0	0
250.0	0
249.0	0
250.0	0
250.0	0
249.0	0
249.0	0
250.0	0
251.0	0
251.0	0
250.0	0
251.0	0
165.0	1
204.0	5
68.0	14
41.0	36
60.0	54
75.0	84
65.0	86
47.0	76
65.0	46
129.0	33
21.0	39
69.0	29
68.0	24
205.0	5
258.0	0
251.0	1
160.0	1
259.0	0
259.0	0
260.0	0
260.0	0
259.0	0
259.0	0
258.0	0
259.0	0
258.0	0
257.0	0
257.0	0
50.0	1
255.0	0
255.0	0
255.0	0
107.0	3
254.0	0
242.0	2
100.0	6
51.0	13
118.0	23
86.0	24
88.0	32
89.0	33
84.0	33
99.0	41
29.0	29
57.0	20
84.0	19
68.0	8
221.0	1
246.0	0
248.0	0
217.0	1
249.0	0
248.0	0
248.0	0
249.0	0
250.0	0
250.0	0
250.0	0
250.0	0
251.0	0
251.0	0
251.0	0
251.0	0
251.0	0
252.0	0
251.0	0
252.0	0
252.0	0
252.0	0
253.0	0
254.0	1
255.0	0
91.0	2
234.0	5
26.0	39
10.0	119
37.0	241
52.0	247
68.0	177
68.0	104
85.0	50
62.0	40
75.0	30
5.0	20
112.0	6
261.0	0
261.0	0
261.0	0
261.0	0
262.0	0
262.0	0
262.0	0
262.0	0
262.0	0
261.0	0
261.0	0
261.0	0
261.0	0
259.0	0
259.0	0
259.0	0
257.0	0
258.0	0
257.0	0
145.0	1
233.0	1
255.0	0
200.0	7
60.0	5
93.0	16
92.0	40
44.0	51
20.0	42
60.0	53
63.0	37
80.0	33
90.0	21
72.0	9
129.0	7
68.0	4
154.0	1
247.0	0
247.0	0
247.0	0
247.0	0
248.0	0
248.0	0
249.0	0
249.0	0
248.0	0
248.0	0
248.0	0
249.0	0
249.0	0
249.0	0
253.0	0
252.0	0
251.0	0
251.0	0
251.0	0
251.0	0
252.0	0
252.0	0
254.0	0
239.0	2
92.0	9
74.0	122
48.0	541
33.0	631
66.0	332
2.0	179
47.0	81
57.0	77
77.0	38
93.0	6
59.0	4
259.0	0
260.0	0
260.0	0
260.0	0
260.0	0
261.0	0
261.0	0
260.0	0
261.0	0
261.0	0
260.0	0
259.0	0
259.0	0
259.0	0
258.0	0
258.0	0
258.0	0
256.0	0
257.0	0
257.0	0
256.0	0
255.0	0
254.0	0
88.0	3
129.0	7
41.0	16
72.0	42
28.0	56
25.0	55
49.0	39
121.0	39
56.0	20
81.0	14
173.0	9
210.0	1
246.0	0
246.0	0
248.0	0
249.0	0
247.0	0
248.0	0
248.0	0
248.0	0
249.0	0
249.0	0
249.0	0
250.0	0
250.0	0
251.0	0
250.0	0
250.0	0
251.0	0
251.0	0
251.0	0
252.0	0
251.0	0
253.0	0
253.0	0
254.0	0
223.0	1
203.0	3
81.0	14
32.0	181
52.0	720
56.0	546
50.0	203
49.0	113
65.0	65
68.0	43
72.0	17
127.0	4
263.0	0
260.0	0
261.0	0
262.0	0
263.0	0
263.0	0
263.0	0
264.0	0
264.0	0
261.0	0
263.0	0
263.0	0
262.0	0
262.0	0
261.0	0
260.0	0
260.0	0
260.0	0
258.0	0
259.0	0
257.0	0
256.0	0
256.0	0
256.0	0
80.0	2
182.0	3
116.0	15
32.0	38
45.0	55
15.0	49
54.0	35
82.0	18
86.0	10
77.0	6
169.0	4
248.0	0
247.0	1
248.0	0
247.0	0
248.0	0
247.0	0
247.0	0
247.0	0
248.0	0
248.0	0
248.0	0
249.0	0
249.0	0
250.0	0
250.0	0
250.0	0
250.0	0
250.0	0
250.0	0
250.0	0
252.0	0
251.0	0
252.0	0
252.0	0
253.0	0
254.0	0
255.0	0
115.0	9
97.0	113
65.0	257
34.0	150
40.0	79
33.0	36
116.0	10
245.0	3
260.0	0
261.0	0
243.0	1
262.0	0
262.0	0
261.0	0
261.0	0
262.0	0
263.0	0
263.0	0
263.0	0
263.0	0
263.0	0
262.0	0
262.0	0
261.0	0
260.0	0
260.0	0
260.0	0
259.0	0
258.0	0
259.0	0
257.0	0
255.0	0
255.0	0
255.0	0
233.0	1
132.0	5
67.0	10
36.0	27
18.0	33
55.0	31
58.0	18
83.0	14
223.0	2
248.0	0
248.0	0
247.0	0
246.0	0
247.0	0
249.0	0
248.0	0
248.0	0
250.0	0
249.0	0
249.0	0
249.0	0
250.0	0
250.0	0
250.0	0
250.0	0
250.0	0
252.0	0
251.0	0
251.0	0
252.0	0
253.0	0
254.0	0
255.0	0
255.0	0
255.0	0
256.0	0
257.0	0
165.0	2
166.0	6
82.0	38
75.0	38
74.0	47
37.0	17
156.0	6
203.0	1
124.0	1
227.0	1
264.0	0
265.0	0
265.0	0
266.0	0
266.0	0
266.0	0
265.0	0
266.0	0
265.0	0
266.0	0
265.0	0
266.0	0
264.0	0
264.0	0
264.0	0
263.0	0
261.0	0
262.0	0
260.0	0
260.0	0
259.0	0
258.0	0
258.0	0
256.0	0
257.0	0
236.0	1
138.0	4
19.0	6
101.0	15
57.0	15
74.0	14
150.0	5
251.0	0
251.0	0
250.0	0
249.0	0
248.0	0
248.0	0
249.0	0
250.0	0
250.0	0
250.0	0
249.0	0
250.0	0
250.0	0
250.0	0
250.0	0
250.0	0
250.0	0
251.0	0
251.0	0
252.0	0
251.0	0
252.0	0
253.0	0
253.0	0
254.0	0
256.0	0
256.0	0
256.0	0
257.0	0
258.0	0
140.0	2
166.0	2
118.0	11
172.0	6
135.0	4
78.0	2
264.0	0
263.0	0
264.0	0
265.0	0
265.0	0
265.0	0
266.0	0
267.0	0
267.0	0
268.0	0
267.0	0
267.0	0
267.0	0
267.0	0
267.0	0
268.0	0
265.0	0
265.0	0
264.0	0
263.0	0
263.0	0
262.0	0
261.0	0
261.0	0
261.0	0
259.0	0
259.0	0
258.0	0
257.0	0
256.0	0
256.0	0
255.0	0
192.0	5
128.0	3
67.0	4
189.0	1
252.0	0
252.0	0
251.0	0
251.0	0
249.0	0
249.0	0
249.0	0
247.0	0
248.0	0
247.0	0
247.0	0
247.0	0
247.0	0
249.0	0
249.0	0
249.0	0
249.0	0
251.0	0
250.0	0
250.0	0
251.0	0
252.0	0
253.0	0
254.0	0
254.0	0
255.0	0
255.0	0
257.0	0
257.0	0
258.0	0
258.0	0
108.0	2
260.0	0
176.0	2
150.0	1
262.0	0
262.0	0
263.0	0
264.0	0
165.0	1
265.0	0
265.0	0
265.0	0
265.0	0
265.0	0
266.0	0
267.0	0
267.0	0
266.0	0
266.0	0
265.0	0
265.0	0
264.0	0
264.0	0
264.0	0
262.0	0
262.0	0
260.0	0
259.0	0
260.0	0
259.0	0
258.0	0
257.0	0
256.0	0
255.0	0
255.0	0
254.0	0
238.0	1
149.0	2
251.0	0
221.0	1
251.0	0
250.0	0
251.0	0
250.0	0
250.0	0
248.0	0
247.0	0
247.0	0
247.0	0
246.0	0
248.0	0
248.0	0
248.0	0
248.0	0
248.0	0
250.0	0
250.0	0
249.0	0
250.0	0
251.0	0
250.0	0
251.0	0
251.0	0
252.0	0
253.0	0
253.0	0
254.0	0
255.0	0
257.0	0
258.0	0
258.0	0
200.0	1
260.0	0
257.0	1
262.0	0
263.0	0
264.0	0
264.0	0
263.0	0
264.0	0
265.0	0
266.0	0
266.0	0
267.0	0
268.0	0
266.0	0
266.0	0
267.0	0
267.0	0
266.0	0
267.0	0
265.0	0
265.0	0
265.0	0
263.0	0
262.0	0
263.0	0
261.0	0
261.0	0
261.0	0
258.0	0
257.0	0
256.0	0
256.0	0
255.0	0
255.0	0
253.0	0
253.0	0
252.0	0
252.0	0
252.0	0
252.0	0
251.0	0
250.0	0
249.0	0
248.0	0
247.0	0
247.0	0
247.0	0
247.0	0
248.0	0
248.0	0
247.0	0
247.0	0
247.0	0
247.0	0
248.0	0
248.0	0
249.0	0
249.0	0
248.0	0
250.0	0
250.0	0
251.0	0
252.0	0
254.0	0
255.0	0
256.0	0
257.0	0
258.0	0
258.0	0
259.0	0
260.0	0
261.0	0
262.0	0
263.0	0
263.0	0
263.0	0
265.0	0
266.0	0
266.0	0
267.0	0
267.0	0
267.0	0
267.0	0
268.0	0
267.0	0
268.0	0
268.0	0
267.0	0
268.0	0
268.0	0
266.0	0
266.0	0
265.0	0
264.0	0
264.0	0
263.0	0
262.0	0
51.0	1
260.0	0
260.0	0
259.0	0
258.0	0
257.0	0
257.0	0
257.0	0
256.0	0
101.0	1
187.0	1
254.0	0
254.0	0
253.0	0
252.0	0
250.0	0
249.0	0
249.0	0
247.0	0
247.0	0
246.0	0
247.0	0
246.0	0
246.0	0
246.0	0
246.0	0
246.0	0
245.0	0
247.0	0
248.0	0
246.0	0
247.0	0
247.0	0
248.0	0
248.0	0
250.0	0
251.0	0
252.0	0
253.0	0
254.0	0
255.0	0
255.0	0
257.0	0
258.0	0
259.0	0
260.0	0
261.0	0
262.0	0
262.0	0
262.0	0
263.0	0
264.0	0
265.0	0
265.0	0
265.0	0
266.0	0
267.0	0
267.0	0
267.0	0
267.0	0
267.0	0
267.0	0
266.0	0
267.0	0
265.0	0
265.0	0
264.0	0
263.0	0
263.0	0
262.0	0
262.0	0
261.0	0
260.0	0
260.0	0
259.0	0
257.0	0
257.0	0
256.0	0
256.0	0
255.0	0
254.0	0
253.0	0
253.0	0
251.0	0
252.0	0
251.0	0
249.0	0
248.0	0
248.0	0
248.0	0
246.0	0
246.0	0
246.0	0
245.0	0
245.0	0
246.0	0
246.0	0
247.0	0
246.0	0
246.0	0
247.0	0
247.0	0
248.0	0
249.0	0
250.0	0
251.0	0
252.0	0
253.0	0
253.0	0
255.0	0
256.0	0
257.0	0
259.0	0
260.0	0
260.0	0
262.0	0
263.0	0
264.0	0
264.0	0
264.0	0
265.0	0
265.0	0
265.0	0
266.0	0
267.0	0
268.0	0
268.0	0
268.0	0
268.0	0
268.0	0
268.0	0
268.0	0
268.0	0
270.0	0
269.0	0
267.0	0
268.0	0
267.0	0
265.0	0
265.0	0
265.0	0
263.0	0
263.0	0
262.0	0
261.0	0
260.0	0
259.0	0
258.0	0
258.0	0
258.0	0
256.0	0
208.0	1
254.0	0
252.0	0
253.0	0
189.0	1
251.0	0
251.0	0
250.0	0
249.0	0
248.0	0
248.0	0
248.0	0
246.0	0
246.0	0
247.0	0
247.0	0
249.0	0
249.0	0
249.0	0
250.0	0
250.0	0
250.0	0
250.0	0
251.0	0
251.0	0
253.0	0
254.0	0
255.0	0
256.0	0
256.0	0
257.0	0
259.0	0
260.0	0
261.0	0
262.0	0
263.0	0
264.0	0
264.0	0
266.0	0
266.0	0
267.0	0
267.0	0
269.0	0
269.0	0
270.0	0
270.0	0
271.0	0
271.0	0
271.0	0
271.0	0
272.0	0
272.0	0
271.0	0
272.0	0
272.0	0
270.0	0
270.0	0
270.0	0
269.0	0
268.0	0
268.0	0
267.0	0
266.0	0
266.0	0
265.0	0
263.0	0
263.0	0
262.0	0
261.0	0
261.0	0
260.0	0
258.0	0
257.0	0
256.0	0
255.0	0
255.0	0
256.0	0
254.0	0
254.0	0
252.0	0
251.0	0
250.0	0
251.0	0
251.0	0
249.0	0
248.0	0
249.0	0
249.0	0
248.0	0
249.0	0
249.0	0
251.0	0
251.0	0
251.0	0
251.0	0
252.0	0
253.0	0
254.0	0
255.0	0
256.0	0
257.0	0
258.0	0
259.0	0
261.0	0
262.0	0
262.0	0
263.0	0
265.0	0
266.0	0
266.0	0
267.0	0
266.0	0
268.0	0
268.0	0
270.0	0
270.0	0
271.0	0
272.0	0
272.0	0
272.0	0
272.0	0
271.0	0
272.0	0
272.0	0
272.0	0
272.0	0
270.0	0
271.0	0
270.0	0
270.0	0
269.0	0
269.0	0
268.0	0
267.0	0
267.0	0
265.0	0
264.0	0
264.0	0
263.0	0
262.0	0
261.0	0
261.0	0
259.0	0
259.0	0
258.0	0
257.0	0
257.0	0
255.0	0
255.0	0
253.0	0
253.0	0
252.0	0
251.0	0
250.0	0
250.0	0
249.0	0
251.0	0
249.0	0
249.0	0
248.0	0
245.0	0
246.0	0
247.0	0
246.0	0
246.0	0
248.0	0
250.0	0
251.0	0
251.0	0
252.0	0
253.0	0
254.0	0
255.0	0
256.0	0
257.0	0
258.0	0
259.0	0
260.0	0
262.0	0
262.0	0
263.0	0
263.0	0
266.0	0
265.0	0
266.0	0
267.0	0
269.0	0
270.0	0
269.0	0
269.0	0
268.0	0
269.0	0
270.0	0
270.0	0
270.0	0
269.0	0
269.0	0
269.0	0
268.0	0
269.0	0
268.0	0
266.0	0
266.0	0
264.0	0
264.0	0
262.0	0
262.0	0
261.0	0
260.0	0
259.0	0
258.0	0
257.0	0
256.0	0
256.0	0
255.0	0
255.0	0
255.0	0
252.0	0
252.0	0
251.0	0
251.0	0
249.0	0
248.0	0
248.0	0
247.0	0
248.0	0
248.0	0
248.0	0
246.0	0
247.0	0
246.0	0
246.0	0
248.0	0
249.0	0
248.0	0
250.0	0
250.0	0
249.0	0
250.0	0
252.0	0
254.0	0
255.0	0
255.0	0
257.0	0
257.0	0
259.0	0
260.0	0
262.0	0
263.0	0
264.0	0
264.0	0
265.0	0
267.0	0
267.0	0
268.0	0
268.0	0
270.0	0
270.0	0
269.0	0
270.0	0
270.0	0
271.0	0
273.0	0
274.0	0
272.0	0
271.0	0
272.0	0
272.0	0
270.0	0
272.0	0
270.0	0
269.0	0
269.0	0
268.0	0
268.0	0
265.0	0
265.0	0
263.0	0
264.0	0
263.0	0
261.0	0
260.0	0
260.0	0
259.0	0
258.0	0
257.0	0
256.0	0
254.0	0
253.0	0
253.0	0
252.0	0
251.0	0
251.0	0
250.0	0
250.0	0
250.0	0
249.0	0
248.0	0
248.0	0
248.0	0
249.0	0
247.0	0
248.0	0
249.0	0
248.0	0
248.0	0
249.0	0
249.0	0
250.0	0
250.0	0
251.0	0
252.0	0
254.0	0
254.0	0
255.0	0
257.0	0
258.0	0
258.0	0
260.0	0
261.0	0
262.0	0
263.0	0
263.0	0
265.0	0
266.0	0
266.0	0
268.0	0
268.0	0
269.0	0
269.0	0
269.0	0
270.0	0
270.0	0
271.0	0
272.0	0
273.0	0
271.0	0
271.0	0
271.0	0
271.0	0
271.0	0
271.0	0
269.0	0
268.0	0
268.0	0
267.0	0
267.0	0
265.0	0
264.0	0
262.0	0
262.0	0
262.0	0
261.0	0
259.0	0
259.0	0
258.0	0
256.0	0
256.0	0
256.0	0
254.0	0
253.0	0
253.0	0
252.0	0
251.0	0
250.0	0
250.0	0
249.0	0
249.0	0
248.0	0
247.0	0
247.0	0
247.0	0
248.0	0
247.0	0
247.0	0
248.0	0
249.0	0
249.0	0
250.0	0
250.0	0
252.0	0
253.0	0
254.0	0
255.0	0
256.0	0
256.0	0
258.0	0
259.0	0
260.0	0
261.0	0
260.0	0
262.0	0
263.0	0
265.0	0
264.0	0
266.0	0
267.0	0
267.0	0
268.0	0
268.0	0
269.0	0
269.0	0
271.0	0
271.0	0
272.0	0
271.0	0
271.0	0
272.0	0
272.0	0
273.0	0
272.0	0
272.0	0
272.0	0
271.0	0
271.0	0
271.0	0
270.0	0
268.0	0
267.0	0
265.0	0
265.0	0
264.0	0
263.0	0
262.0	0
261.0	0
261.0	0
259.0	0
259.0	0
257.0	0
257.0	0
256.0	0
254.0	0
254.0	0
253.0	0
252.0	0
251.0	0
250.0	0
250.0	0
249.0	0
248.0	0
248.0	0
249.0	0
248.0	0
248.0	0
248.0	0
249.0	0
248.0	0
249.0	0
246.0	0
247.0	0
248.0	0
248.0	0
248.0	0
250.0	0
251.0	0
252.0	0
254.0	0
255.0	0
255.0	0
257.0	0
258.0	0
260.0	0
260.0	0
261.0	0
262.0	0
262.0	0
263.0	0
264.0	0
265.0	0
266.0	0
266.0	0
266.0	0
268.0	0
268.0	0
269.0	0
269.0	0
269.0	0
269.0	0
270.0	0
271.0	0
270.0	0
270.0	0
270.0	0
269.0	0
268.0	0
268.0	0
268.0	0
266.0	0
266.0	0
266.0	0
263.0	0
263.0	0
262.0	0
261.0	0
260.0	0
259.0	0
258.0	0
258.0	0
257.0	0
256.0	0
255.0	0
253.0	0
252.0	0
251.0	0
250.0	0
249.0	0
248.0	0
247.0	0
246.0	0
246.0	0
246.0	0
247.0	0
247.0	0
245.0	0
247.0	0
248.0	0
246.0	0
247.0	0
247.0	0
247.0	0
246.0	0
246.0	0
248.0	0
248.0	0
249.0	0
249.0	0
250.0	0
252.0	0
253.0	0
255.0	0
256.0	0
256.0	0
259.0	0
259.0	0
260.0	0
261.0	0
263.0	0
264.0	0
263.0	0
264.0	0
265.0	0
265.0	0
266.0	0
267.0	0
267.0	0
268.0	0
268.0	0
270.0	0
270.0	0
270.0	0
269.0	0
269.0	0
269.0	0
269.0	0
269.0	0
269.0	0
268.0	0
267.0	0
265.0	0
265.0	0
264.0	0
263.0	0
262.0	0
261.0	0
259.0	0
260.0	0
259.0	0
257.0	0
256.0	0
254.0	0
254.0	0
253.0	0
252.0	0
252.0	0
251.0	0
249.0	0
249.0	0
248.0	0
247.0	0
246.0	0
245.0	0
245.0	0
246.0	0
245.0	0
245.0	0
246.0	0
246.0	0
247.0	0
246.0	0
246.0	0
246.0	0
246.0	0
250.0	0
250.0	0
251.0	0
252.0	0
253.0	0
254.0	0
255.0	0
257.0	0
258.0	0
259.0	0
260.0	0
261.0	0
261.0	0
263.0	0
264.0	0
265.0	0
266.0	0
267.0	0
268.0	0
268.0	0
269.0	0
269.0	0
269.0	0
271.0	0
271.0	0
271.0	0
273.0	0
273.0	0
272.0	0
271.0	0
272.0	0
272.0	0
273.0	0
272.0	0
271.0	0
271.0	0
272.0	0
270.0	0
270.0	0
267.0	0
267.0	0
266.0	0
265.0	0
263.0	0
262.0	0
262.0	0
260.0	0
260.0	0
259.0	0
259.0	0
258.0	0
257.0	0
256.0	0
255.0	0
253.0	0
252.0	0
251.0	0
250.0	0
250.0	0
249.0	0
248.0	0
248.0	0
249.0	0
249.0	0
249.0	0
248.0	0
249.0	0
250.0	0
250.0	0
250.0	0
249.0	0
250.0	0
247.0	0
247.0	0
247.0	0
249.0	0
251.0	0
251.0	0
253.0	0
253.0	0
255.0	0
256.0	0
257.0	0
258.0	0
259.0	0
259.0	0
261.0	0
262.0	0
263.0	0
263.0	0
263.0	0
265.0	0
265.0	0
266.0	0
267.0	0
266.0	0
268.0	0
268.0	0
267.0	0
269.0	0
268.0	0
269.0	0
269.0	0
269.0	0
269.0	0
268.0	0
268.0	0
267.0	0
267.0	0
267.0	0
266.0	0
263.0	0
263.0	0
261.0	0
261.0	0
260.0	0
259.0	0
258.0	0
257.0	0
257.0	0
122.0	1
255.0	0
253.0	0
252.0	0
251.0	0
251.0	0
250.0	0
249.0	0
248.0	0
247.0	0
246.0	0
245.0	0
245.0	0
245.0	0
246.0	0
246.0	0
246.0	0
245.0	0
246.0	0
247.0	0
247.0	0
246.0	0
246.0	0
246.0	0
248.0	0
249.0	0
249.0	0
251.0	0
250.0	0
254.0	0
253.0	0
254.0	0
256.0	0
257.0	0
258.0	0
259.0	0
261.0	0
261.0	0
262.0	0
263.0	0
265.0	0
266.0	0
266.0	0
267.0	0
268.0	0
269.0	0
268.0	0
269.0	0
270.0	0
269.0	0
270.0	0
270.0	0
270.0	0
271.0	0
270.0	0
270.0	0
269.0	0
269.0	0
268.0	0
267.0	0
268.0	0
265.0	0
266.0	0
265.0	0
263.0	0
263.0	0
262.0	0
260.0	0
259.0	0
229.0	1
227.0	1
256.0	0
255.0	1
255.0	0
254.0	0
214.0	1
252.0	0
251.0	0
250.0	0
249.0	0
249.0	0
248.0	0
248.0	0
247.0	0
248.0	0
247.0	0
247.0	0
248.0	0
248.0	0
249.0	0
248.0	0
249.0	0
248.0	0
249.0	0
247.0	0
247.0	0
249.0	0
249.0	0
249.0	0
250.0	0
251.0	0
253.0	0
254.0	0
254.0	0
257.0	0
257.0	0
259.0	0
260.0	0
260.0	0
261.0	0
263.0	0
263.0	0
264.0	0
265.0	0
265.0	0
267.0	0
268.0	0
268.0	0
268.0	0
270.0	0
270.0	0
269.0	0
270.0	0
270.0	0
269.0	0
271.0	0
270.0	0
269.0	0
269.0	0
269.0	0
268.0	0
267.0	0
266.0	0
265.0	0
265.0	0
265.0	0
263.0	0
263.0	0
173.0	1
260.0	0
259.0	0
158.0	2
102.0	3
190.0	1
60.0	1
254.0	1
71.0	1
252.0	0
252.0	0
251.0	0
250.0	0
249.0	0
249.0	0
248.0	0
247.0	0
247.0	0
248.0	0
247.0	0
248.0	0
249.0	0
249.0	0
249.0	0
249.0	0
249.0	0
248.0	0
249.0	0
248.0	0
248.0	0
249.0	0
249.0	0
249.0	0
251.0	0
251.0	0
252.0	0
253.0	0
254.0	0
255.0	0
257.0	0
257.0	0
260.0	0
260.0	0
262.0	0
262.0	0
263.0	0
263.0	0
48.0	1
265.0	0
265.0	0
267.0	0
268.0	0
268.0	0
267.0	0
268.0	0
269.0	0
269.0	0
269.0	0
269.0	0
269.0	0
268.0	0
269.0	0
268.0	0
267.0	0
267.0	0
266.0	0
265.0	0
265.0	0
263.0	0
263.0	0
261.0	0
213.0	1
109.0	1
258.0	0
22.0	9
103.0	9
48.0	7
126.0	3
168.0	2
197.0	1
252.0	0
251.0	0
251.0	0
249.0	0
249.0	0
249.0	0
247.0	0
247.0	0
247.0	0
248.0	0
247.0	0
248.0	0
248.0	0
248.0	0
247.0	0
248.0	0
247.0	0
247.0	0
247.0	0
247.0	0
248.0	0
248.0	0
249.0	0
251.0	0
251.0	0
252.0	0
253.0	0
254.0	0
256.0	0
256.0	0
258.0	0
259.0	0
182.0	2
260.0	0
260.0	0
250.0	1
263.0	0
264.0	0
264.0	0
264.0	0
265.0	0
265.0	0
266.0	0
267.0	0
267.0	0
268.0	0
268.0	0
268.0	0
269.0	0
269.0	0
269.0	0
269.0	0
270.0	0
267.0	0
268.0	0
268.0	0
267.0	0
266.0	0
265.0	0
264.0	0
263.0	0
263.0	0
200.0	2
261.0	0
132.0	9
111.0	16
21.0	10
107.0	12
40.0	7
216.0	2
55.0	5
254.0	0
252.0	0
252.0	0
250.0	0
250.0	0
250.0	0
249.0	0
249.0	0
248.0	0
248.0	0
248.0	0
248.0	0
250.0	0
249.0	0
248.0	0
248.0	0
248.0	0
248.0	0
249.0	0
249.0	0
249.0	0
249.0	0
249.0	0
247.0	0
249.0	0
249.0	0
250.0	0
251.0	0
252.0	0
252.0	0
223.0	1
254.0	0
55.0	1
257.0	0
257.0	0
258.0	0
259.0	0
260.0	0
37.0	1
261.0	0
262.0	0
263.0	0
263.0	0
264.0	0
265.0	0
265.0	0
266.0	0
266.0	0
167.0	1
266.0	0
266.0	0
267.0	0
267.0	0
266.0	0
265.0	0
265.0	0
266.0	0
264.0	0
263.0	0
263.0	0
262.0	0
260.0	0
109.0	2
187.0	7
38.0	8
62.0	12
91.0	11
117.0	8
149.0	5
59.0	5
112.0	3
173.0	1
251.0	0
249.0	0
249.0	0
248.0	0
247.0	0
247.0	0
246.0	0
246.0	0
246.0	0
246.0	0
246.0	0
246.0	0
246.0	0
246.0	0
245.0	0
247.0	0
247.0	0
247.0	0
247.0	0
248.0	0
247.0	0
247.0	0
248.0	0
247.0	0
248.0	0
248.0	0
250.0	0
251.0	0
251.0	0
252.0	0
253.0	0
254.0	0
208.0	1
257.0	0
256.0	0
257.0	0
258.0	0
260.0	0
260.0	0
260.0	0
260.0	0
263.0	0
263.0	0
264.0	0
264.0	0
264.0	0
265.0	0
266.0	0
266.0	0
266.0	0
266.0	0
265.0	0
266.0	0
265.0	0
265.0	0
264.0	0
263.0	0
263.0	0
262.0	0
260.0	0
194.0	1
117.0	5
94.0	14
103.0	8
29.0	12
32.0	13
211.0	4
130.0	3
181.0	3
162.0	2
251.0	0
251.0	0
250.0	0
247.0	0
248.0	0
154.0	1
248.0	0
247.0	0
247.0	0
247.0	0
247.0	0
247.0	0
247.0	0
248.0	0
247.0	0
247.0	0
248.0	0
248.0	0
248.0	0
247.0	0
248.0	0
247.0	0
247.0	0
248.0	0
248.0	0
236.0	1
252.0	0
252.0	0
252.0	0
253.0	0
253.0	0
253.0	0
216.0	1
256.0	0
256.0	0
258.0	0
216.0	2
259.0	0
260.0	0
246.0	1
261.0	0
262.0	0
90.0	1
265.0	0
265.0	0
159.0	1
267.0	0
267.0	0
267.0	0
267.0	0
267.0	0
267.0	0
266.0	0
208.0	2
266.0	0
265.0	0
201.0	1
62.0	1
265.0	0
264.0	0
206.0	1
202.0	2
189.0	2
91.0	5
87.0	9
39.0	13
163.0	5
152.0	1
129.0	2
254.0	0
254.0	0
151.0	1
136.0	4
252.0	0
214.0	1
251.0	0
249.0	0
249.0	0
248.0	0
248.0	0
249.0	0
249.0	0
251.0	0
250.0	0
249.0	0
249.0	0
249.0	0
250.0	0
250.0	0
249.0	0
249.0	0
249.0	0
249.0	0
249.0	0
249.0	0
250.0	0
251.0	0
250.0	0
252.0	0
251.0	0
252.0	0
252.0	0
252.0	0
252.0	0
255.0	0
255.0	0
256.0	0
257.0	0
259.0	0
259.0	0
259.0	0
260.0	0
261.0	0
261.0	0
262.0	0
263.0	0
264.0	0
265.0	0
266.0	0
60.0	1
266.0	0
182.0	1
192.0	1
190.0	1
237.0	1
243.0	1
223.0	1
266.0	0
265.0	0
264.0	0
108.0	1
264.0	0
127.0	2
22.0	11
76.0	4
49.0	3
146.0	2
119.0	3
256.0	0
256.0	0
251.0	1
254.0	0
253.0	0
252.0	0
251.0	0
251.0	0
231.0	2
249.0	0
248.0	0
249.0	0
248.0	0
248.0	0
249.0	0
249.0	0
250.0	0
249.0	0
249.0	0
249.0	0
249.0	0
250.0	0
250.0	0
249.0	0
249.0	0
249.0	0
249.0	0
249.0	0
249.0	0
249.0	0
251.0	0
247.0	0
105.0	1
247.0	0
247.0	0
166.0	1
248.0	0
250.0	0
250.0	0
251.0	0
252.0	0
253.0	0
254.0	0
255.0	0
255.0	0
257.0	0
258.0	0
259.0	0
259.0	0
259.0	0
260.0	0
262.0	0
261.0	0
261.0	0
261.0	0
262.0	0
189.0	1
263.0	0
195.0	1
90.0	1
262.0	0
263.0	0
113.0	2
260.0	0
88.0	1
121.0	2
74.0	2
185.0	4
51.0	3
255.0	0
255.0	0
234.0	1
252.0	0
252.0	0
251.0	0
250.0	0
250.0	0
249.0	0
249.0	0
248.0	0
179.0	1
246.0	0
246.0	0
246.0	0
246.0	0
247.0	0
246.0	0
246.0	0
245.0	0
245.0	0
245.0	0
246.0	0
246.0	0
247.0	0
246.0	0
246.0	0
246.0	0
239.0	1
247.0	0
247.0	0
247.0	0
247.0	0
247.0	0
248.0	0
248.0	0
249.0	0
249.0	0
250.0	0
250.0	0
250.0	0
251.0	0
252.0	0
253.0	0
253.0	0
254.0	0
255.0	0
257.0	0
257.0	0
257.0	0
258.0	0
259.0	0
259.0	0
260.0	0
30.0	1
261.0	0
261.0	0
260.0	0
261.0	0
262.0	0
257.0	1
261.0	0
261.0	0
261.0	0
261.0	0
261.0	0
260.0	0
260.0	0
253.0	1
116.0	3
257.0	0
258.0	0
198.0	1
153.0	1
255.0	0
253.0	0
253.0	0
252.0	0
251.0	0
250.0	0
250.0	0
248.0	0
248.0	0
247.0	0
248.0	0
247.0	0
247.0	0
247.0	0
246.0	0
246.0	0
246.0	0
245.0	0
246.0	0
246.0	0
247.0	0
248.0	0
247.0	0
247.0	0
248.0	0
248.0	0
249.0	0
249.0	0
248.0	0
248.0	0
247.0	0
248.0	0
251.0	0
251.0	0
252.0	0
252.0	0
252.0	0
253.0	0
253.0	0
254.0	0
254.0	0
255.0	0
256.0	0
257.0	0
257.0	0
258.0	0
258.0	0
260.0	0
259.0	0
259.0	0
259.0	0
56.0	1
261.0	0
261.0	0
261.0	0
261.0	0
262.0	0
263.0	0
262.0	0
263.0	0
263.0	0
262.0	0
261.0	0
261.0	0
260.0	0
261.0	0
260.0	0
260.0	0
260.0	0
258.0	0
258.0	0
258.0	0
256.0	0
255.0	0
254.0	0
254.0	0
252.0	0
251.0	0
252.0	0
250.0	0
250.0	0
250.0	0
250.0	0
249.0	0
250.0	0
248.0	0
248.0	0
249.0	0
249.0	0
249.0	0
248.0	0
247.0	0
248.0	0
249.0	0
249.0	0
248.0	0
249.0	0
249.0	0
250.0	0
249.0	0
249.0	0
249.0	0
250.0	0
249.0	0
250.0	0
250.0	0
251.0	0
250.0	0
251.0	0
250.0	0
251.0	0
252.0	0
252.0	0
253.0	0
254.0	0
254.0	0
255.0	0
255.0	0
257.0	0
257.0	0
256.0	0
258.0	0
258.0	0
260.0	0
260.0	0
260.0	0
260.0	0
261.0	0
261.0	0
260.0	0
261.0	0
260.0	0
261.0	0
260.0	0
259.0	0
259.0	0
260.0	0
258.0	0
258.0	0
257.0	0
257.0	0
256.0	0
255.0	0
255.0	0
254.0	0
253.0	0
253.0	0
251.0	0
250.0	0
249.0	0
250.0	0
249.0	0
249.0	0
249.0	0
248.0	0
248.0	0
247.0	0
247.0	0
247.0	0
248.0	0
248.0	0
248.0	0
248.0	0
248.0	0
248.0	0
248.0	0
248.0	0
249.0	0
248.0	0
248.0	0
248.0	0
249.0	0
249.0	0
249.0	0
250.0	0
250.0	0
249.0	0
250.0	0
249.0	0
249.0	0
250.0	0
250.0	0
250.0	0
249.0	0
250.0	0
251.0	0
251.0	0
252.0	0
254.0	0
254.0	0
254.0	0
255.0	0
256.0	0
256.0	0
256.0	0
257.0	0
257.0	0
258.0	0
258.0	0
260.0	0
259.0	0
258.0	0
258.0	0
259.0	0
259.0	0
258.0	0
259.0	0
257.0	0
258.0	0
257.0	0
256.0	0
256.0	0
255.0	0
254.0	0
254.0	0
254.0	0
251.0	0
251.0	0
251.0	0
249.0	0
249.0	0
248.0	0
248.0	0
248.0	0
247.0	0
248.0	0
247.0	0
246.0	0
246.0	0
247.0	0
247.0	0
246.0	0
245.0	0
245.0	0
247.0	0
247.0	0
247.0	0
247.0	0
248.0	0
248.0	0
248.0	0
249.0	0
249.0	0
248.0	0
249.0	0
248.0	0
249.0	0
249.0	0
251.0	0
250.0	0
251.0	0
251.0	0
251.0	0
252.0	0
252.0	0
252.0	0
252.0	0
253.0	0
253.0	0
254.0	0
255.0	0
256.0	0
256.0	0
256.0	0
257.0	0
257.0	0
258.0	0
259.0	0
259.0	0
260.0	0
260.0	0
259.0	0
260.0	0
260.0	0
65.0	1
261.0	0
261.0	0
260.0	0
260.0	0
259.0	0
258.0	0
258.0	0
257.0	0
257.0	0
257.0	0
256.0	0
255.0	0
255.0	0
254.0	0
253.0	0
252.0	0
252.0	0
251.0	0
250.0	0
250.0	0
250.0	0
250.0	0
249.0	0
248.0	0
247.0	0
248.0	0
249.0	0
248.0	0
248.0	0
248.0	0
248.0	0
247.0	0
248.0	0
249.0	0
249.0	0
251.0	0
251.0	0
250.0	0
250.0	0
250.0	0
250.0	0
250.0	0
250.0	0
251.0	0
250.0	0
248.0	0
248.0	0
249.0	0
248.0	0
249.0	0
249.0	0
250.0	0
251.0	0
251.0	0
250.0	0
251.0	0
251.0	0
251.0	0
252.0	0
254.0	0
254.0	0
254.0	0
254.0	0
255.0	0
256.0	0
256.0	0
256.0	0
257.0	0
258.0	0
257.0	0
257.0	0
258.0	0
257.0	0
258.0	0
258.0	0
256.0	0
257.0	0
256.0	0
256.0	0
255.0	0
254.0	0
253.0	0
253.0	0
252.0	0
251.0	0
251.0	0
250.0	0
249.0	0
249.0	0
248.0	0
248.0	0
247.0	0
247.0	0
247.0	0
247.0	0
246.0	0
248.0	0
248.0	0
246.0	0
247.0	0
246.0	0
247.0	0
246.0	0
246.0	0
247.0	0
248.0	0
248.0	0
248.0	0
247.0	0
248.0	0
248.0	0
248.0	0
248.0	0
249.0	0
249.0	0
248.0	0
249.0	0
250.0	0
252.0	0
250.0	0
252.0	0
252.0	0
251.0	0
252.0	0
252.0	0
254.0	0
253.0	0
254.0	0
254.0	0
254.0	0
255.0	0
256.0	0
256.0	0
257.0	0
257.0	0
259.0	0
258.0	0
259.0	0
259.0	0
259.0	0
258.0	0
259.0	0
259.0	0
259.0	0
258.0	0
258.0	0
258.0	0
259.0	0
258.0	0
258.0	0
257.0	0
257.0	0
257.0	0
256.0	0
255.0	0
255.0	0
254.0	0
253.0	0
210.0	1
252.0	0
251.0	0
251.0	0
249.0	0
250.0	0
251.0	0
250.0	0
249.0	0
249.0	0
250.0	0
250.0	0
250.0	0
251.0	0
251.0	0
249.0	0
249.0	0
249.0	0
249.0	0
249.0	0
251.0	0
250.0	0
250.0	0
250.0	0
251.0	0
250.0	0
250.0	0
251.0	0
251.0	0
250.0	0
250.0	0
251.0	0
251.0	0
251.0	0
252.0	0
250.0	0
253.0	0
252.0	0
253.0	0
254.0	0
253.0	0
254.0	0
254.0	0
254.0	0
255.0	0
255.0	0
256.0	0
256.0	0
256.0	0
257.0	0
257.0	0
259.0	0
258.0	0
259.0	0
259.0	0
258.0	0
259.0	0
259.0	0
259.0	0
259.0	0
259.0	0
259.0	0
258.0	0
258.0	0
257.0	0
257.0	0
256.0	0
256.0	0
255.0	0
255.0	0
253.0	0
253.0	0
252.0	0
252.0	0
251.0	0
250.0	0
251.0	0
251.0	0
249.0	0
251.0	0
250.0	0
249.0	0
251.0	0
251.0	0
249.0	0
249.0	0
250.0	0
248.0	0
250.0	0
250.0	0
250.0	0
250.0	0
251.0	0
250.0	0
251.0	0
252.0	0
252.0	0
251.0	0
251.0	0
250.0	0
251.0	0
252.0	0
251.0	0
250.0	0
250.0	0
250.0	0
252.0	0
253.0	0
251.0	0
252.0	0
253.0	0
253.0	0
254.0	0
254.0	0
254.0	0
255.0	0
254.0	0
255.0	0
255.0	0
256.0	0
256.0	0
257.0	0
257.0	0
257.0	0
256.0	0
259.0	0
258.0	0
258.0	0
259.0	0
258.0	0
258.0	0
257.0	0
258.0	0
257.0	0
256.0	0
257.0	0
256.0	0
257.0	0
256.0	0
255.0	0
253.0	0
253.0	0
253.0	0
253.0	0
252.0	0
252.0	0
251.0	0
250.0	0
250.0	0
250.0	0
250.0	0
250.0	0
251.0	0
250.0	0
250.0	0
249.0	0
249.0	0
249.0	0
249.0	0
249.0	0
249.0	0
250.0	0
250.0	0
249.0	0
249.0	0
250.0	0
250.0	0
250.0	0
250.0	0
249.0	0
250.0	0
250.0	0
250.0	0
250.0	0
250.0	0
251.0	0
252.0	0
251.0	0
253.0	0
253.0	0
252.0	0
253.0	0
254.0	0
253.0	0
255.0	0
254.0	0
256.0	0
255.0	0
255.0	0
256.0	0
256.0	0
257.0	0
255.0	0
258.0	0
258.0	0
259.0	0
258.0	0
259.0	0
259.0	0
259.0	0
259.0	0
258.0	0
258.0	0
258.0	0
258.0	0
258.0	0
257.0	0
256.0	0
257.0	0
257.0	0
256.0	0
254.0	0
254.0	0
253.0	0
253.0	0
254.0	0
252.0	0
253.0	0
252.0	0
252.0	0
252.0	0
252.0	0
252.0	0
252.0	0
252.0	0
251.0	0
251.0	0
252.0	0
251.0	0
251.0	0
251.0	0
251.0	0
250.0	0
251.0	0
249.0	0
250.0	0
251.0	0
251.0	0
251.0	0
250.0	0
252.0	0
252.0	0
250.0	0
252.0	0
251.0	0
251.0	0
252.0	0
254.0	0
252.0	0
253.0	0
253.0	0
253.0	0
253.0	0
253.0	0
255.0	0
254.0	0
255.0	0
256.0	0
255.0	0
256.0	0
255.0	0
256.0	0
258.0	0
258.0	0
257.0	0
258.0	0
257.0	0
258.0	0
259.0	0
258.0	0
258.0	0
259.0	0
259.0	0
259.0	0
258.0	0
259.0	0
258.0	0
258.0	0
258.0	0
258.0	0
257.0	0
255.0	0
256.0	0
255.0	0
255.0	0
255.0	0
253.0	0
252.0	0
253.0	0
252.0	0
251.0	0
254.0	0
253.0	0
252.0	0
252.0	0
251.0	0
252.0	0
251.0	0
252.0	0
250.0	0
250.0	0
251.0	0
251.0	0
251.0	0
251.0	0
250.0	0
250.0	0
251.0	0
252.0	0
252.0	0
252.0	0
252.0	0
251.0	0
252.0	0
253.0	0
251.0	0
253.0	0
252.0	0
252.0	0
251.0	0
251.0	0
251.0	0
252.0	0
252.0	0
253.0	0
253.0	0
254.0	0
255.0	0
257.0	0
255.0	0
257.0	0
256.0	0
255.0	0
256.0	0
256.0	0
257.0	0
258.0	0
258.0	0
257.0	0
258.0	0
257.0	0
257.0	0
256.0	0
257.0	0
256.0	0
256.0	0
256.0	0
257.0	0
257.0	0
257.0	0
257.0	0
256.0	0
256.0	0
255.0	0
253.0	0
252.0	0
252.0	0
253.0	0
252.0	0
253.0	0
252.0	0
253.0	0
252.0	0
252.0	0
253.0	0
252.0	0
252.0	0
251.0	0
252.0	0
252.0	0
251.0	0
251.0	0
252.0	0
251.0	0
252.0	0
251.0	0
250.0	0
250.0	0
250.0	0
252.0	0
251.0	0
251.0	0
253.0	0
251.0	0
250.0	0
251.0	0
250.0	0
253.0	0
253.0	0
252.0	0
251.0	0
253.0	0
254.0	0
253.0	0
254.0	0
253.0	0
255.0	0
254.0	0
254.0	0
256.0	0
257.0	0
255.0	0
257.0	0
256.0	0
256.0	0
255.0	0
256.0	0
257.0	0
257.0	0
257.0	0
256.0	0
257.0	0
257.0	0
257.0	0
257.0	0
257.0	0
256.0	0
256.0	0
257.0	0
257.0	0
257.0	0
257.0	0
257.0	0
257.0	0
256.0	0
255.0	0
254.0	0
254.0	0
253.0	0
253.0	0
253.0	0
254.0	0
253.0	0
253.0	0
254.0	0
252.0	0
252.0	0
252.0	0
252.0	0
251.0	0
252.0	0
252.0	0
250.0	0
251.0	0
250.0	0
250.0	0
250.0	0
250.0	0
251.0	0
250.0	0
250.0	0
251.0	0
250.0	0
251.0	0
251.0	0
252.0	0
252.0	0
252.0	0
253.0	0
253.0	0
253.0	0
253.0	0
252.0	0
252.0	0
252.0	0
252.0	0
253.0	0
253.0	0
254.0	0
254.0	0
255.0	0
255.0	0
254.0	0
255.0	0
255.0	0
256.0	0
257.0	0
255.0	0
256.0	0
255.0	0
257.0	0
257.0	0
257.0	0
256.0	0
257.0	0
257.0	0
257.0	0
257.0	0
257.0	0
257.0	0
258.0	0
257.0	0
256.0	0
256.0	0
255.0	0
255.0	0
254.0	0
254.0	0
253.0	0
253.0	0
253.0	0
252.0	0
252.0	0
253.0	0
253.0	0
253.0	0
254.0	0
251.0	0
252.0	0
251.0	0
252.0	0
252.0	0
251.0	0
250.0	0
251.0	0
252.0	0
252.0	0
251.0	0
250.0	0
250.0	0
251.0	0
251.0	0
251.0	0
252.0	0
252.0	0
251.0	0
251.0	0
253.0	0
252.0	0
253.0	0
252.0	0
251.0	0
252.0	0
252.0	0
253.0	0
250.0	0
250.0	0
249.0	0
250.0	0
250.0	0
250.0	0
250.0	0
251.0	0
252.0	0
252.0	0
252.0	0
252.0	0
252.0	0
253.0	0
253.0	0
252.0	0
253.0	0
253.0	0
252.0	0
253.0	0
253.0	0
253.0	0
254.0	0
254.0	0
254.0	0
254.0	0
254.0	0
254.0	0
254.0	0
254.0	0
255.0	0
254.0	0
254.0	0
252.0	0
251.0	0
251.0	0
251.0	0
250.0	0
252.0	0
251.0	0
250.0	0
251.0	0
249.0	0
249.0	0
250.0	0
250.0	0
249.0	0
249.0	0
248.0	0
249.0	0
249.0	0
247.0	0
248.0	0
248.0	0
248.0	0
248.0	0
247.0	0
247.0	0
248.0	0
249.0	0
247.0	0
248.0	0
249.0	0
249.0	0
249.0	0
249.0	0
249.0	0
248.0	0
249.0	0
249.0	0
249.0	0
251.0	0
251.0	0
252.0	0
253.0	0
252.0	0
252.0	0
254.0	0
254.0	0
255.0	0
256.0	0
256.0	0
256.0	0
255.0	0
256.0	0
255.0	0
256.0	0
256.0	0
256.0	0
256.0	0
257.0	0
257.0	0
257.0	0
257.0	0
257.0	0
257.0	0
256.0	0
257.0	0
257.0	0
256.0	0
256.0	0
255.0	0
256.0	0
255.0	0
255.0	0
255.0	0
255.0	0
255.0	0
254.0	0
255.0	0
252.0	0
254.0	0
253.0	0
252.0	0
253.0	0
253.0	0
252.0	0
253.0	0
253.0	0
252.0	0
251.0	0
252.0	0
252.0	0
251.0	0
251.0	0
250.0	0
251.0	0
250.0	0
250.0	0
252.0	0
251.0	0
250.0	0
250.0	0
99.0	1
251.0	0
251.0	0
251.0	0
251.0	0
253.0	0
252.0	0
252.0	0
252.0	0
252.0	0
252.0	0
256.0	0
257.0	0
256.0	0
256.0	0
256.0	0
257.0	0
258.0	0
259.0	0
258.0	0
260.0	0
260.0	0
258.0	0
258.0	0
258.0	0
259.0	0
260.0	0
259.0	0
260.0	0
260.0	0
260.0	0
261.0	0
259.0	0
260.0	0
260.0	0
260.0	0
260.0	0
261.0	0
261.0	0
260.0	0
259.0	0
259.0	0
259.0	0
259.0	0
258.0	0
258.0	0
258.0	0
257.0	0
257.0	0
257.0	0
257.0	0
257.0	0
256.0	0
257.0	0
256.0	0
256.0	0
256.0	0
257.0	0
255.0	0
254.0	0
256.0	0
255.0	0
256.0	0
255.0	0
254.0	0
255.0	0
256.0	0
255.0	0
255.0	0
254.0	0
254.0	0
254.0	0
255.0	0
256.0	0
256.0	0
255.0	0
255.0	0
256.0	0
256.0	0
255.0	0
256.0	0
256.0	0
256.0	0
252.0	0
252.0	0
253.0	0
253.0	0
253.0	0
252.0	0
253.0	0
254.0	0
255.0	0
255.0	0
255.0	0
255.0	0
254.0	0
256.0	0
256.0	0
256.0	0
256.0	0
256.0	0
256.0	0
256.0	0
256.0	0
257.0	0
256.0	0
256.0	0
256.0	0
256.0	0
256.0	0
256.0	0
255.0	0
256.0	0
255.0	0
255.0	0
255.0	0
254.0	0
253.0	0
253.0	0
253.0	0
254.0	0
254.0	0
253.0	0
254.0	0
253.0	0
253.0	0
253.0	0
253.0	0
251.0	0
252.0	0
252.0	0
251.0	0
252.0	0
252.0	0
250.0	0
250.0	0
251.0	0
251.0	0
250.0	0
250.0	0
250.0	0
250.0	0
251.0	0
250.0	0
250.0	0
251.0	0
251.0	0
250.0	0
250.0	0
250.0	0
252.0	0
251.0	0
251.0	0
252.0	0
252.0	0
251.0	0
251.0	0
251.0	0
251.0	0
252.0	0
253.0	0
252.0	0
252.0	0
254.0	0
255.0	0
255.0	0
256.0	0
255.0	0
254.0	0
255.0	0
255.0	0
255.0	0
255.0	0
255.0	0
256.0	0
256.0	0
255.0	0
254.0	0
255.0	0
255.0	0
255.0	0
254.0	0
254.0	0
254.0	0
253.0	0
253.0	0
254.0	0
253.0	0
253.0	0
253.0	0
253.0	0
253.0	0
252.0	0
252.0	0
252.0	0
252.0	0
251.0	0
251.0	0
251.0	0
252.0	0
252.0	0
252.0	0
251.0	0
250.0	0
250.0	0
250.0	0
251.0	0
251.0	0
250.0	0
250.0	0
248.0	0
249.0	0
249.0	0
250.0	0
249.0	0
250.0	0
249.0	0
250.0	0
249.0	0
249.0	0
250.0	0
250.0	0
250.0	0
250.0	0
251.0	0
251.0	0
251.0	0
250.0	0
249.0	0
250.0	0
250.0	0
252.0	0
251.0	0
251.0	0
251.0	0
252.0	0
253.0	0
253.0	0
254.0	0
254.0	0
254.0	0
255.0	0
254.0	0
255.0	0
255.0	0
256.0	0
256.0	0
254.0	0
254.0	0
254.0	0
254.0	0
254.0	0
254.0	0
254.0	0
254.0	0
254.0	0
254.0	0
253.0	0
252.0	0
252.0	0
252.0	0
252.0	0
253.0	0
252.0	0
251.0	0
251.0	0
250.0	0
250.0	0
251.0	0
250.0	0
249.0	0
250.0	0
250.0	0
250.0	0
251.0	0
250.0	0
250.0	0
250.0	0
251.0	0
251.0	0
251.0	0
251.0	0
250.0	0
249.0	0
248.0	0
248.0	0
248.0	0
248.0	0
248.0	0
249.0	0
249.0	0
248.0	0
249.0	0
249.0	0
249.0	0
215.0	1
250.0	0
249.0	0
250.0	0
