SA_diff	pop
223.0	0
222.0	0
222.0	0
222.0	0
220.0	0
223.0	0
224.0	0
223.0	0
225.0	0
225.0	0
225.0	0
226.0	0
226.0	0
225.0	0
226.0	0
226.0	0
228.0	0
227.0	0
227.0	0
227.0	0
225.0	0
227.0	0
227.0	0
228.0	0
225.0	0
228.0	0
226.0	0
226.0	0
226.0	0
227.0	0
225.0	0
225.0	0
225.0	0
227.0	0
225.0	0
224.0	0
223.0	0
222.0	0
224.0	0
221.0	0
221.0	0
222.0	0
221.0	0
223.0	0
223.0	0
222.0	0
223.0	0
221.0	0
222.0	0
223.0	0
222.0	0
221.0	0
222.0	0
222.0	0
223.0	0
221.0	0
220.0	0
221.0	0
221.0	0
220.0	0
219.0	0
221.0	0
221.0	0
222.0	0
221.0	0
222.0	0
222.0	0
221.0	0
205.0	1
222.0	0
130.0	1
222.0	0
209.0	1
221.0	0
221.0	0
222.0	0
221.0	0
223.0	0
224.0	0
224.0	0
224.0	0
222.0	0
227.0	0
227.0	0
223.0	0
225.0	0
227.0	0
228.0	0
228.0	0
227.0	0
228.0	0
226.0	0
226.0	0
225.0	0
226.0	0
227.0	0
226.0	0
225.0	0
226.0	0
226.0	0
226.0	0
226.0	0
226.0	0
225.0	0
224.0	0
225.0	0
112.0	1
223.0	0
224.0	0
222.0	0
223.0	0
221.0	0
221.0	0
219.0	0
220.0	0
220.0	0
219.0	0
220.0	0
219.0	0
219.0	0
220.0	0
220.0	0
221.0	0
219.0	0
217.0	0
218.0	0
220.0	0
220.0	0
219.0	0
219.0	0
219.0	0
218.0	0
219.0	0
219.0	0
219.0	0
79.0	3
136.0	1
62.0	2
98.0	1
92.0	5
123.0	4
72.0	7
126.0	1
219.0	0
72.0	2
218.0	0
220.0	0
222.0	0
223.0	0
221.0	0
221.0	0
221.0	0
223.0	0
224.0	0
224.0	0
222.0	0
224.0	0
222.0	0
226.0	0
225.0	0
224.0	0
225.0	0
224.0	0
225.0	0
224.0	0
223.0	0
225.0	0
223.0	0
222.0	0
223.0	0
224.0	0
222.0	0
224.0	0
224.0	0
225.0	0
224.0	0
222.0	0
220.0	0
222.0	0
222.0	0
221.0	0
222.0	0
222.0	0
219.0	0
221.0	0
219.0	0
221.0	0
222.0	0
219.0	0
219.0	0
221.0	0
221.0	0
217.0	0
220.0	0
89.0	1
218.0	0
218.0	0
217.0	0
217.0	0
218.0	0
129.0	1
218.0	0
96.0	1
79.0	1
102.0	1
76.0	1
149.0	1
106.0	2
103.0	3
125.0	4
61.0	3
83.0	7
76.0	10
93.0	9
101.0	2
139.0	1
96.0	3
219.0	0
219.0	0
223.0	0
221.0	0
221.0	0
222.0	0
223.0	0
225.0	0
225.0	0
226.0	0
227.0	0
226.0	0
227.0	0
225.0	0
228.0	0
225.0	0
224.0	0
228.0	0
226.0	0
226.0	0
224.0	0
225.0	0
226.0	0
225.0	0
224.0	0
223.0	0
223.0	0
223.0	0
223.0	0
224.0	0
224.0	0
222.0	0
223.0	0
222.0	0
221.0	0
222.0	0
220.0	0
224.0	0
221.0	0
222.0	0
222.0	0
221.0	0
161.0	1
219.0	0
219.0	0
219.0	0
218.0	0
219.0	0
16.0	1
218.0	0
218.0	0
218.0	0
218.0	0
171.0	1
45.0	2
218.0	0
218.0	0
219.0	0
141.0	1
135.0	4
51.0	4
147.0	3
79.0	6
111.0	12
39.0	14
87.0	9
78.0	11
46.0	23
90.0	18
65.0	6
58.0	5
221.0	0
98.0	3
221.0	0
221.0	0
220.0	0
223.0	0
222.0	0
222.0	0
224.0	0
225.0	0
227.0	0
227.0	0
225.0	0
224.0	0
224.0	0
225.0	0
225.0	0
226.0	0
226.0	0
227.0	0
226.0	0
230.0	0
227.0	0
226.0	0
114.0	1
228.0	0
227.0	0
227.0	0
228.0	0
226.0	0
226.0	0
224.0	0
226.0	0
225.0	0
222.0	0
224.0	0
225.0	0
223.0	0
222.0	0
223.0	0
221.0	0
221.0	0
222.0	0
221.0	0
219.0	0
219.0	0
220.0	0
145.0	1
219.0	0
220.0	0
219.0	0
219.0	0
96.0	2
59.0	1
218.0	1
71.0	2
219.0	0
80.0	1
125.0	2
98.0	2
43.0	8
134.0	1
91.0	10
76.0	17
48.0	19
94.0	13
75.0	23
79.0	20
82.0	26
64.0	18
97.0	8
94.0	3
219.0	0
76.0	1
178.0	1
220.0	0
219.0	0
220.0	0
222.0	0
220.0	0
223.0	0
222.0	0
222.0	0
224.0	0
222.0	0
223.0	0
223.0	0
165.0	1
224.0	0
223.0	0
224.0	0
223.0	0
90.0	1
226.0	0
108.0	1
225.0	0
226.0	0
226.0	0
225.0	0
88.0	1
224.0	0
224.0	0
223.0	0
224.0	0
224.0	0
223.0	0
222.0	0
97.0	1
222.0	0
144.0	1
221.0	0
219.0	0
220.0	0
220.0	0
220.0	0
220.0	0
218.0	0
219.0	0
219.0	0
217.0	1
219.0	0
96.0	1
85.0	2
218.0	0
132.0	3
129.0	1
56.0	3
137.0	1
180.0	1
209.0	1
141.0	1
88.0	3
139.0	5
50.0	9
54.0	22
54.0	32
49.0	31
51.0	30
35.0	28
64.0	36
54.0	39
68.0	19
85.0	9
103.0	1
117.0	1
128.0	1
221.0	0
221.0	0
87.0	1
221.0	0
222.0	0
223.0	0
223.0	0
224.0	0
224.0	0
225.0	0
225.0	0
218.0	1
225.0	0
226.0	0
225.0	0
224.0	0
225.0	0
225.0	0
224.0	0
226.0	0
225.0	0
226.0	0
224.0	0
225.0	0
224.0	0
223.0	0
224.0	0
223.0	0
222.0	0
183.0	1
221.0	0
222.0	0
223.0	0
221.0	0
221.0	0
221.0	0
46.0	1
116.0	2
220.0	0
97.0	1
219.0	0
127.0	1
118.0	1
76.0	1
220.0	0
220.0	0
171.0	1
218.0	0
65.0	1
163.0	1
219.0	0
102.0	5
47.0	1
219.0	0
63.0	6
39.0	2
47.0	4
71.0	10
74.0	22
29.0	15
34.0	24
68.0	25
45.0	39
52.0	30
72.0	33
48.0	29
48.0	30
43.0	21
96.0	8
220.0	0
222.0	0
220.0	0
218.0	0
66.0	1
222.0	0
222.0	0
223.0	0
224.0	0
225.0	0
225.0	0
226.0	0
227.0	0
227.0	0
227.0	0
227.0	0
227.0	0
224.0	0
167.0	1
225.0	0
227.0	0
226.0	0
227.0	0
227.0	0
227.0	0
225.0	0
225.0	0
223.0	0
225.0	0
224.0	0
120.0	1
225.0	0
108.0	1
226.0	0
44.0	1
223.0	0
223.0	0
114.0	1
223.0	0
219.0	0
131.0	1
49.0	1
137.0	1
134.0	1
225.0	0
224.0	0
222.0	0
220.0	0
107.0	1
219.0	0
220.0	0
38.0	4
185.0	1
82.0	1
219.0	0
73.0	4
142.0	3
157.0	1
51.0	5
80.0	8
34.0	21
108.0	7
85.0	32
65.0	37
53.0	41
62.0	40
47.0	53
56.0	51
74.0	45
61.0	31
64.0	21
61.0	10
139.0	2
99.0	1
105.0	3
222.0	0
221.0	0
221.0	0
222.0	0
223.0	0
223.0	0
224.0	0
226.0	0
225.0	0
224.0	0
225.0	0
226.0	0
225.0	0
226.0	0
226.0	0
225.0	0
225.0	0
226.0	0
225.0	0
225.0	0
226.0	0
226.0	0
225.0	0
96.0	1
226.0	0
90.0	1
156.0	1
226.0	0
63.0	2
225.0	0
50.0	1
98.0	1
85.0	1
50.0	1
104.0	1
51.0	3
15.0	4
170.0	1
59.0	1
76.0	3
54.0	3
220.0	0
223.0	0
81.0	5
223.0	0
95.0	1
200.0	1
38.0	5
91.0	2
51.0	6
45.0	2
63.0	4
90.0	3
80.0	4
49.0	5
168.0	3
36.0	9
13.0	10
63.0	15
76.0	23
41.0	61
31.0	43
59.0	46
55.0	71
52.0	63
48.0	46
66.0	32
33.0	13
60.0	5
162.0	3
217.0	0
218.0	0
90.0	1
112.0	2
221.0	0
222.0	0
223.0	0
223.0	0
225.0	0
224.0	0
224.0	0
224.0	0
226.0	0
225.0	0
111.0	1
224.0	0
225.0	0
227.0	0
224.0	0
226.0	0
83.0	2
224.0	0
224.0	0
104.0	1
76.0	3
225.0	0
48.0	1
87.0	2
90.0	3
53.0	2
62.0	3
99.0	2
80.0	3
222.0	0
48.0	8
120.0	1
39.0	4
28.0	2
60.0	4
49.0	3
81.0	2
76.0	2
81.0	5
29.0	5
221.0	1
47.0	4
59.0	4
59.0	3
118.0	2
71.0	7
99.0	4
54.0	2
71.0	6
35.0	6
71.0	3
216.0	1
95.0	2
77.0	6
81.0	13
76.0	15
54.0	34
33.0	52
32.0	53
36.0	67
33.0	59
35.0	79
40.0	66
63.0	43
51.0	29
30.0	25
83.0	7
63.0	7
220.0	0
218.0	0
174.0	1
199.0	1
222.0	0
222.0	0
222.0	0
221.0	0
223.0	0
223.0	0
223.0	0
225.0	0
224.0	0
224.0	0
225.0	0
225.0	0
225.0	0
225.0	0
224.0	0
224.0	0
129.0	1
54.0	1
224.0	0
85.0	3
64.0	3
71.0	1
46.0	1
45.0	1
68.0	5
52.0	6
65.0	4
59.0	4
98.0	1
52.0	3
26.0	3
116.0	4
51.0	4
31.0	7
89.0	4
140.0	1
41.0	5
35.0	7
33.0	5
189.0	2
69.0	1
110.0	1
170.0	3
68.0	3
56.0	4
57.0	8
99.0	5
25.0	15
45.0	7
26.0	9
76.0	8
83.0	8
85.0	7
95.0	9
55.0	12
62.0	27
57.0	41
21.0	49
60.0	60
17.0	63
33.0	77
21.0	61
18.0	65
46.0	65
41.0	28
74.0	11
118.0	5
116.0	3
146.0	2
80.0	2
87.0	3
75.0	1
222.0	0
221.0	0
224.0	0
224.0	0
224.0	0
223.0	0
224.0	0
225.0	0
224.0	0
100.0	1
225.0	0
226.0	0
226.0	0
228.0	0
227.0	0
225.0	0
98.0	1
226.0	0
72.0	2
225.0	0
225.0	0
58.0	2
64.0	4
22.0	3
66.0	1
75.0	2
56.0	2
36.0	8
53.0	10
19.0	10
46.0	10
47.0	7
46.0	10
36.0	9
88.0	5
73.0	10
63.0	3
29.0	9
139.0	3
70.0	5
150.0	2
55.0	1
226.0	0
74.0	4
28.0	3
58.0	9
75.0	3
82.0	3
88.0	7
57.0	8
49.0	5
62.0	5
41.0	5
22.0	16
58.0	25
31.0	25
62.0	48
11.0	53
41.0	51
49.0	75
22.0	71
43.0	60
37.0	64
44.0	46
50.0	43
41.0	15
81.0	7
54.0	6
222.0	0
81.0	1
88.0	2
222.0	0
222.0	0
224.0	0
222.0	0
53.0	1
225.0	0
225.0	0
225.0	0
111.0	1
226.0	0
226.0	0
228.0	0
227.0	0
226.0	0
224.0	0
90.0	1
224.0	0
225.0	0
225.0	0
219.0	1
88.0	3
78.0	4
55.0	1
67.0	3
72.0	2
88.0	5
56.0	8
39.0	16
19.0	9
53.0	10
32.0	13
74.0	14
44.0	9
39.0	27
58.0	6
16.0	19
35.0	13
34.0	14
43.0	6
88.0	4
36.0	2
36.0	1
14.0	2
227.0	0
40.0	2
118.0	3
138.0	1
129.0	2
224.0	0
107.0	3
32.0	6
27.0	6
74.0	6
39.0	5
49.0	10
75.0	17
30.0	29
56.0	49
60.0	71
28.0	53
18.0	61
41.0	55
41.0	57
35.0	47
67.0	45
84.0	19
49.0	17
71.0	9
56.0	5
102.0	4
132.0	1
220.0	0
223.0	0
222.0	0
224.0	0
225.0	0
224.0	0
227.0	0
227.0	0
225.0	0
226.0	0
71.0	1
41.0	1
227.0	0
164.0	1
106.0	1
118.0	2
128.0	2
116.0	1
226.0	0
227.0	0
224.0	0
136.0	2
69.0	2
89.0	2
59.0	5
143.0	2
43.0	11
25.0	13
63.0	12
42.0	13
59.0	14
21.0	19
13.0	19
69.0	18
21.0	30
77.0	13
34.0	18
33.0	15
39.0	15
92.0	6
94.0	3
90.0	2
227.0	0
65.0	2
227.0	0
156.0	1
55.0	1
227.0	0
227.0	0
54.0	2
23.0	3
129.0	4
90.0	2
38.0	7
69.0	11
96.0	10
60.0	18
63.0	30
45.0	50
22.0	49
35.0	63
36.0	64
54.0	57
66.0	59
48.0	45
45.0	37
78.0	21
85.0	12
85.0	6
92.0	3
60.0	5
191.0	1
208.0	1
219.0	0
83.0	1
79.0	1
222.0	0
222.0	0
84.0	1
223.0	0
142.0	1
223.0	0
52.0	1
225.0	0
191.0	1
224.0	0
225.0	0
222.0	0
225.0	0
225.0	0
28.0	1
93.0	1
224.0	0
224.0	0
136.0	1
63.0	4
35.0	5
37.0	8
44.0	14
40.0	13
38.0	16
34.0	13
45.0	17
52.0	17
32.0	13
30.0	13
31.0	28
24.0	36
31.0	28
71.0	11
24.0	12
91.0	5
14.0	6
57.0	1
124.0	1
85.0	2
76.0	1
225.0	0
225.0	0
225.0	0
145.0	1
224.0	0
128.0	1
153.0	1
78.0	2
96.0	5
35.0	11
12.0	18
46.0	16
54.0	33
63.0	54
27.0	60
41.0	63
47.0	48
50.0	40
22.0	51
14.0	39
57.0	35
69.0	26
22.0	12
122.0	6
85.0	2
130.0	1
122.0	2
225.0	0
226.0	0
222.0	0
222.0	0
225.0	0
202.0	1
225.0	0
226.0	0
215.0	1
226.0	0
226.0	0
227.0	0
227.0	0
225.0	0
224.0	0
108.0	2
86.0	1
227.0	0
227.0	0
223.0	0
164.0	1
150.0	1
58.0	2
95.0	3
36.0	8
46.0	9
63.0	10
29.0	22
58.0	21
27.0	21
31.0	17
43.0	26
37.0	29
31.0	27
28.0	62
23.0	32
24.0	27
14.0	16
39.0	8
97.0	5
146.0	2
120.0	1
230.0	0
227.0	0
230.0	0
147.0	1
229.0	0
229.0	0
40.0	2
136.0	2
171.0	1
111.0	3
41.0	3
141.0	4
48.0	8
69.0	15
44.0	27
54.0	31
41.0	42
69.0	50
60.0	64
39.0	47
50.0	45
51.0	39
22.0	43
29.0	28
55.0	19
71.0	10
72.0	2
90.0	4
110.0	2
189.0	1
164.0	1
98.0	1
224.0	0
223.0	0
225.0	0
225.0	0
226.0	0
139.0	1
205.0	1
140.0	1
226.0	0
226.0	0
116.0	1
226.0	0
226.0	0
224.0	0
160.0	1
53.0	1
86.0	3
224.0	0
225.0	0
225.0	0
147.0	1
24.0	4
44.0	8
36.0	12
49.0	13
18.0	21
55.0	21
15.0	17
34.0	22
43.0	28
31.0	40
33.0	50
42.0	68
46.0	43
18.0	32
73.0	13
83.0	3
102.0	5
111.0	1
171.0	1
13.0	1
4.0	2
125.0	3
228.0	0
228.0	0
41.0	2
228.0	0
102.0	2
35.0	3
59.0	3
59.0	6
106.0	4
83.0	8
41.0	24
25.0	26
44.0	31
57.0	45
38.0	59
21.0	53
15.0	51
39.0	34
32.0	37
58.0	29
32.0	29
62.0	14
93.0	7
97.0	5
160.0	2
56.0	1
221.0	0
222.0	0
89.0	1
220.0	0
222.0	0
80.0	1
185.0	1
223.0	0
224.0	0
224.0	0
225.0	0
225.0	0
210.0	1
225.0	0
222.0	0
222.0	0
225.0	0
224.0	0
224.0	0
223.0	0
152.0	1
168.0	1
224.0	0
54.0	10
68.0	4
15.0	12
38.0	13
28.0	19
35.0	21
30.0	18
42.0	28
18.0	30
34.0	35
21.0	58
18.0	64
5.0	78
25.0	49
20.0	14
31.0	7
134.0	2
228.0	0
228.0	0
228.0	0
159.0	1
121.0	3
228.0	0
198.0	2
180.0	2
55.0	6
56.0	6
67.0	3
84.0	3
17.0	6
29.0	8
71.0	8
56.0	6
43.0	15
36.0	29
34.0	40
13.0	46
59.0	49
23.0	55
26.0	48
31.0	32
54.0	34
36.0	27
76.0	25
53.0	18
61.0	14
74.0	15
97.0	3
57.0	3
84.0	2
37.0	3
223.0	0
41.0	1
223.0	0
224.0	0
224.0	0
224.0	0
225.0	0
225.0	0
224.0	0
225.0	0
141.0	1
226.0	0
225.0	0
225.0	0
225.0	0
56.0	1
225.0	0
225.0	0
223.0	0
79.0	1
114.0	2
122.0	4
47.0	10
38.0	11
27.0	26
55.0	24
42.0	29
19.0	37
19.0	39
11.0	30
17.0	58
22.0	80
23.0	84
22.0	68
12.0	28
97.0	6
30.0	5
103.0	2
138.0	2
230.0	0
75.0	2
79.0	1
104.0	2
104.0	1
229.0	0
42.0	8
59.0	12
36.0	3
32.0	8
15.0	6
51.0	7
41.0	7
54.0	5
63.0	6
24.0	21
41.0	23
50.0	25
5.0	41
18.0	59
33.0	47
11.0	48
18.0	46
59.0	28
44.0	40
54.0	19
80.0	12
85.0	12
31.0	8
76.0	3
221.0	0
121.0	3
223.0	0
204.0	1
93.0	1
221.0	0
222.0	0
124.0	1
223.0	0
224.0	0
224.0	0
223.0	0
224.0	0
224.0	0
225.0	0
225.0	0
223.0	0
224.0	0
224.0	0
75.0	1
224.0	0
226.0	0
108.0	1
102.0	1
154.0	2
33.0	9
36.0	15
43.0	27
34.0	33
7.0	33
47.0	40
22.0	43
28.0	54
28.0	70
19.0	69
22.0	68
19.0	41
47.0	17
64.0	3
230.0	0
16.0	1
230.0	0
147.0	1
136.0	1
194.0	1
129.0	1
113.0	1
94.0	5
56.0	4
92.0	7
49.0	3
85.0	3
65.0	4
112.0	4
134.0	4
75.0	3
0.0	9
23.0	13
30.0	24
22.0	27
40.0	41
5.0	50
53.0	45
41.0	50
39.0	52
28.0	45
29.0	38
30.0	33
40.0	19
77.0	15
98.0	6
132.0	2
29.0	1
221.0	0
218.0	0
220.0	0
221.0	0
221.0	0
220.0	0
222.0	0
222.0	0
224.0	0
224.0	0
223.0	0
223.0	0
224.0	0
93.0	1
224.0	0
222.0	0
222.0	0
223.0	0
222.0	0
224.0	0
224.0	0
225.0	0
168.0	1
63.0	3
75.0	7
27.0	35
18.0	53
27.0	54
19.0	80
19.0	62
8.0	59
15.0	68
17.0	79
22.0	69
28.0	54
30.0	19
131.0	2
75.0	2
136.0	2
231.0	0
231.0	0
231.0	0
230.0	0
229.0	0
48.0	3
195.0	1
231.0	0
88.0	2
84.0	5
142.0	1
51.0	4
93.0	2
24.0	2
45.0	2
57.0	5
87.0	4
45.0	10
27.0	17
20.0	25
26.0	37
10.0	53
29.0	60
18.0	63
19.0	54
14.0	59
38.0	42
39.0	40
29.0	26
54.0	12
58.0	7
125.0	1
89.0	1
220.0	0
222.0	0
222.0	0
124.0	1
225.0	0
223.0	0
224.0	0
225.0	0
227.0	0
227.0	0
226.0	0
225.0	0
226.0	0
227.0	0
228.0	0
226.0	0
226.0	0
224.0	0
228.0	0
226.0	0
65.0	1
227.0	0
153.0	1
57.0	5
55.0	16
24.0	58
30.0	135
25.0	188
19.0	162
26.0	108
31.0	85
21.0	90
10.0	99
35.0	55
26.0	26
22.0	8
232.0	0
233.0	0
117.0	2
234.0	0
235.0	0
175.0	1
235.0	0
231.0	0
233.0	0
40.0	1
233.0	0
233.0	0
138.0	1
232.0	0
141.0	1
229.0	0
229.0	0
98.0	2
60.0	3
38.0	2
90.0	3
37.0	7
84.0	12
58.0	34
42.0	47
21.0	66
11.0	74
35.0	65
10.0	60
34.0	51
25.0	36
34.0	28
30.0	12
117.0	4
218.0	0
223.0	0
221.0	0
192.0	1
224.0	0
221.0	0
225.0	0
225.0	0
225.0	0
226.0	0
226.0	0
226.0	0
226.0	0
227.0	0
227.0	0
227.0	0
226.0	0
227.0	0
227.0	0
227.0	0
226.0	0
227.0	0
228.0	0
229.0	0
72.0	2
85.0	5
43.0	35
42.0	126
15.0	512
24.0	701
18.0	358
21.0	206
21.0	171
23.0	175
26.0	127
31.0	42
64.0	10
115.0	2
146.0	1
236.0	0
22.0	1
237.0	0
237.0	0
237.0	0
236.0	0
237.0	0
236.0	0
236.0	0
236.0	0
236.0	0
234.0	0
233.0	0
234.0	0
231.0	0
232.0	0
232.0	0
96.0	1
87.0	2
110.0	1
37.0	4
51.0	9
43.0	25
32.0	53
22.0	84
11.0	85
10.0	85
11.0	67
29.0	46
23.0	38
83.0	15
46.0	15
142.0	3
188.0	1
222.0	0
221.0	0
221.0	0
223.0	0
222.0	0
224.0	0
224.0	0
117.0	1
225.0	0
226.0	0
122.0	1
226.0	0
227.0	0
226.0	0
228.0	0
223.0	0
228.0	0
227.0	0
227.0	0
228.0	0
228.0	0
229.0	0
128.0	1
110.0	1
34.0	10
38.0	71
47.0	485
13.0	1622
11.0	1242
13.0	524
12.0	282
9.0	219
11.0	153
17.0	59
56.0	6
55.0	3
232.0	0
169.0	1
233.0	0
232.0	0
79.0	1
149.0	1
234.0	0
234.0	0
233.0	0
232.0	0
232.0	0
233.0	0
233.0	0
79.0	1
232.0	0
230.0	0
68.0	1
230.0	0
48.0	1
230.0	0
228.0	0
78.0	1
74.0	2
48.0	9
41.0	22
8.0	52
16.0	77
19.0	87
21.0	76
28.0	73
32.0	43
22.0	21
22.0	13
42.0	4
48.0	4
221.0	0
220.0	0
222.0	0
222.0	0
221.0	0
221.0	0
222.0	0
222.0	0
222.0	0
224.0	0
225.0	0
226.0	0
226.0	0
226.0	0
225.0	0
225.0	0
225.0	0
225.0	0
226.0	0
90.0	1
228.0	0
227.0	0
228.0	0
228.0	0
80.0	1
11.0	15
17.0	98
15.0	643
28.0	1249
8.0	688
10.0	309
17.0	202
13.0	121
43.0	45
89.0	3
48.0	3
103.0	1
235.0	0
235.0	0
233.0	0
237.0	0
235.0	0
237.0	0
237.0	0
234.0	0
236.0	0
234.0	0
235.0	0
25.0	1
234.0	0
233.0	0
233.0	0
233.0	0
230.0	0
231.0	0
230.0	0
230.0	0
229.0	0
228.0	0
89.0	3
53.0	7
30.0	17
9.0	60
17.0	79
28.0	80
9.0	57
18.0	47
42.0	21
81.0	9
113.0	6
222.0	0
107.0	1
222.0	0
222.0	0
223.0	0
220.0	0
222.0	0
222.0	0
222.0	0
224.0	0
223.0	0
225.0	0
225.0	0
223.0	0
225.0	0
225.0	0
226.0	0
225.0	0
225.0	0
226.0	0
226.0	0
226.0	0
227.0	0
228.0	0
228.0	0
78.0	1
229.0	0
72.0	12
42.0	69
30.0	281
3.0	298
18.0	184
8.0	102
34.0	61
48.0	14
69.0	4
93.0	1
236.0	0
235.0	0
236.0	0
235.0	0
236.0	0
36.0	1
238.0	0
122.0	1
237.0	0
237.0	0
238.0	0
235.0	0
237.0	0
235.0	0
235.0	0
233.0	0
233.0	0
232.0	0
232.0	0
230.0	0
230.0	0
231.0	0
229.0	0
70.0	2
228.0	0
84.0	6
11.0	11
10.0	54
10.0	56
14.0	46
22.0	29
67.0	9
69.0	5
195.0	1
109.0	2
79.0	1
220.0	0
221.0	0
219.0	0
220.0	0
221.0	0
221.0	0
220.0	0
220.0	0
220.0	0
222.0	0
222.0	0
223.0	0
224.0	0
223.0	0
225.0	0
224.0	0
224.0	0
225.0	0
225.0	0
225.0	0
226.0	0
227.0	0
228.0	0
49.0	1
228.0	0
130.0	3
88.0	5
57.0	25
35.0	61
43.0	63
22.0	25
22.0	22
35.0	6
234.0	0
235.0	0
235.0	0
236.0	0
237.0	0
235.0	0
237.0	0
235.0	0
236.0	0
236.0	0
236.0	0
237.0	0
235.0	0
236.0	0
233.0	0
234.0	0
234.0	0
234.0	0
232.0	0
234.0	0
230.0	0
231.0	0
230.0	0
229.0	0
229.0	0
228.0	0
227.0	0
227.0	0
50.0	2
23.0	7
29.0	27
28.0	21
41.0	13
16.0	12
221.0	0
222.0	0
221.0	0
221.0	0
220.0	0
220.0	0
220.0	0
220.0	0
220.0	0
220.0	0
221.0	0
222.0	0
220.0	0
220.0	0
222.0	0
221.0	0
222.0	0
224.0	0
223.0	0
224.0	0
224.0	0
224.0	0
223.0	0
225.0	0
226.0	0
227.0	0
228.0	0
28.0	1
230.0	0
230.0	0
73.0	3
81.0	4
19.0	10
61.0	15
54.0	16
64.0	10
106.0	1
66.0	2
130.0	1
238.0	0
238.0	0
239.0	0
239.0	0
239.0	0
239.0	0
238.0	0
241.0	0
241.0	0
238.0	0
238.0	0
238.0	0
237.0	0
236.0	0
237.0	0
235.0	0
234.0	0
233.0	0
233.0	0
230.0	0
231.0	0
29.0	1
230.0	0
230.0	0
228.0	0
228.0	0
228.0	0
82.0	2
71.0	5
51.0	11
53.0	8
20.0	5
71.0	2
222.0	0
223.0	0
222.0	0
134.0	1
221.0	0
220.0	0
219.0	0
219.0	0
219.0	0
219.0	0
219.0	0
220.0	0
220.0	0
221.0	0
220.0	0
222.0	0
222.0	0
223.0	0
224.0	0
225.0	0
225.0	0
224.0	0
227.0	0
228.0	0
228.0	0
65.0	1
227.0	0
230.0	0
231.0	0
231.0	0
83.0	1
231.0	0
135.0	3
52.0	2
49.0	2
75.0	1
80.0	1
129.0	1
236.0	0
237.0	0
43.0	1
238.0	0
237.0	0
237.0	0
238.0	0
238.0	0
239.0	0
238.0	0
237.0	0
239.0	0
237.0	0
236.0	0
237.0	0
235.0	0
234.0	0
235.0	0
235.0	0
232.0	0
231.0	0
231.0	0
228.0	0
229.0	0
229.0	0
228.0	0
228.0	0
227.0	0
34.0	1
100.0	1
223.0	0
120.0	2
224.0	0
224.0	0
37.0	1
223.0	0
220.0	0
222.0	0
219.0	0
220.0	0
220.0	0
219.0	0
221.0	0
220.0	0
222.0	0
222.0	0
220.0	0
223.0	0
223.0	0
224.0	0
223.0	0
225.0	0
225.0	0
225.0	0
226.0	0
226.0	0
227.0	0
227.0	0
228.0	0
229.0	0
229.0	0
232.0	0
233.0	0
232.0	0
234.0	0
233.0	0
182.0	1
133.0	1
237.0	0
238.0	0
239.0	0
236.0	0
239.0	0
240.0	0
240.0	0
241.0	0
242.0	0
241.0	0
237.0	0
241.0	0
241.0	0
240.0	0
241.0	0
241.0	0
239.0	0
241.0	0
239.0	0
237.0	0
236.0	0
237.0	0
236.0	0
232.0	0
233.0	0
231.0	0
233.0	0
231.0	0
231.0	0
230.0	0
226.0	0
226.0	0
226.0	0
228.0	0
226.0	0
227.0	0
138.0	1
225.0	0
225.0	0
222.0	0
220.0	0
219.0	0
222.0	0
223.0	0
221.0	0
220.0	0
219.0	0
221.0	0
220.0	0
220.0	0
219.0	0
221.0	0
221.0	0
221.0	0
221.0	0
222.0	0
221.0	0
224.0	0
224.0	0
225.0	0
225.0	0
228.0	0
122.0	1
229.0	0
228.0	0
231.0	0
231.0	0
234.0	0
66.0	2
236.0	0
236.0	0
237.0	0
237.0	0
236.0	0
240.0	0
239.0	0
238.0	0
241.0	0
240.0	0
240.0	0
239.0	0
239.0	0
239.0	0
239.0	0
239.0	0
236.0	0
242.0	0
240.0	0
237.0	0
238.0	0
234.0	0
238.0	0
235.0	0
233.0	0
234.0	0
234.0	0
230.0	0
232.0	0
232.0	0
231.0	0
231.0	0
227.0	0
228.0	0
227.0	0
226.0	0
228.0	0
227.0	0
222.0	0
223.0	0
223.0	0
219.0	0
222.0	0
221.0	0
219.0	0
221.0	0
219.0	0
220.0	0
219.0	0
218.0	0
220.0	0
219.0	0
220.0	0
221.0	0
221.0	0
221.0	0
220.0	0
223.0	0
225.0	0
226.0	0
224.0	0
226.0	0
226.0	0
228.0	0
228.0	0
229.0	0
230.0	0
231.0	0
231.0	0
233.0	0
235.0	0
236.0	0
235.0	0
237.0	0
237.0	0
238.0	0
239.0	0
238.0	0
239.0	0
239.0	0
241.0	0
240.0	0
241.0	0
241.0	0
241.0	0
241.0	0
241.0	0
240.0	0
239.0	0
240.0	0
240.0	0
239.0	0
237.0	0
237.0	0
236.0	0
234.0	0
234.0	0
233.0	0
233.0	0
232.0	0
230.0	0
231.0	0
230.0	0
231.0	0
229.0	0
226.0	0
227.0	0
228.0	0
226.0	0
225.0	0
223.0	0
222.0	0
222.0	0
221.0	0
220.0	0
220.0	0
220.0	0
218.0	0
217.0	0
219.0	0
221.0	0
219.0	0
222.0	0
221.0	0
221.0	0
222.0	0
221.0	0
223.0	0
223.0	0
223.0	0
225.0	0
227.0	0
229.0	0
228.0	0
229.0	0
230.0	0
232.0	0
233.0	0
234.0	0
234.0	0
236.0	0
236.0	0
237.0	0
239.0	0
238.0	0
239.0	0
238.0	0
240.0	0
241.0	0
241.0	0
242.0	0
242.0	0
241.0	0
241.0	0
242.0	0
241.0	0
243.0	0
242.0	0
245.0	0
241.0	0
240.0	0
241.0	0
240.0	0
238.0	0
240.0	0
239.0	0
236.0	0
237.0	0
236.0	0
233.0	0
235.0	0
231.0	0
233.0	0
230.0	0
233.0	0
231.0	0
230.0	0
229.0	0
228.0	0
228.0	0
225.0	0
224.0	0
225.0	0
223.0	0
223.0	0
221.0	0
222.0	0
221.0	0
221.0	0
221.0	0
221.0	0
221.0	0
218.0	0
221.0	0
222.0	0
221.0	0
223.0	0
222.0	0
223.0	0
223.0	0
225.0	0
225.0	0
227.0	0
228.0	0
228.0	0
229.0	0
230.0	0
232.0	0
233.0	0
234.0	0
71.0	1
235.0	0
236.0	0
236.0	0
237.0	0
239.0	0
240.0	0
240.0	0
241.0	0
241.0	0
243.0	0
240.0	0
243.0	0
243.0	0
244.0	0
243.0	0
244.0	0
244.0	0
244.0	0
244.0	0
245.0	0
242.0	0
243.0	0
240.0	0
242.0	0
241.0	0
242.0	0
239.0	0
239.0	0
238.0	0
237.0	0
236.0	0
236.0	0
234.0	0
234.0	0
233.0	0
233.0	0
230.0	0
230.0	0
71.0	1
228.0	0
228.0	0
228.0	0
227.0	0
225.0	0
225.0	0
145.0	1
222.0	0
224.0	0
223.0	0
220.0	0
221.0	0
219.0	0
222.0	0
218.0	0
219.0	0
216.0	0
220.0	0
219.0	0
221.0	0
221.0	0
222.0	0
225.0	0
225.0	0
225.0	0
228.0	0
229.0	0
230.0	0
230.0	0
231.0	0
232.0	0
232.0	0
236.0	0
235.0	0
236.0	0
237.0	0
238.0	0
237.0	0
238.0	0
239.0	0
240.0	0
240.0	0
241.0	0
242.0	0
243.0	0
241.0	0
240.0	0
243.0	0
243.0	0
241.0	0
242.0	0
242.0	0
240.0	0
240.0	0
238.0	0
238.0	0
239.0	0
237.0	0
239.0	0
236.0	0
235.0	0
236.0	0
232.0	0
232.0	0
230.0	0
232.0	0
229.0	0
229.0	0
229.0	0
225.0	0
227.0	0
226.0	0
226.0	0
226.0	0
225.0	0
223.0	0
220.0	0
221.0	0
219.0	0
220.0	0
218.0	0
218.0	0
221.0	0
218.0	0
218.0	0
218.0	0
217.0	0
217.0	0
217.0	0
219.0	0
218.0	0
220.0	0
221.0	0
223.0	0
224.0	0
228.0	0
226.0	0
229.0	0
230.0	0
228.0	0
231.0	0
232.0	0
234.0	0
235.0	0
119.0	1
236.0	0
237.0	0
236.0	0
238.0	0
238.0	0
239.0	0
238.0	0
240.0	0
240.0	0
240.0	0
240.0	0
241.0	0
241.0	0
241.0	0
240.0	0
241.0	0
239.0	0
240.0	0
239.0	0
240.0	0
239.0	0
238.0	0
238.0	0
237.0	0
235.0	0
235.0	0
233.0	0
233.0	0
231.0	0
230.0	0
231.0	0
229.0	0
229.0	0
227.0	0
227.0	0
227.0	0
227.0	0
224.0	0
225.0	0
223.0	0
223.0	0
222.0	0
222.0	0
220.0	0
220.0	0
218.0	0
219.0	0
217.0	0
218.0	0
216.0	0
217.0	0
217.0	0
216.0	0
221.0	0
219.0	0
220.0	0
221.0	0
221.0	0
222.0	0
220.0	0
224.0	0
226.0	0
228.0	0
229.0	0
232.0	0
230.0	0
231.0	0
234.0	0
233.0	0
234.0	0
237.0	0
45.0	2
238.0	0
239.0	0
239.0	0
240.0	0
239.0	0
240.0	0
240.0	0
242.0	0
242.0	0
241.0	0
243.0	0
244.0	0
244.0	0
243.0	0
244.0	0
243.0	0
244.0	0
242.0	0
244.0	0
242.0	0
238.0	0
241.0	0
240.0	0
238.0	0
236.0	0
237.0	0
235.0	0
236.0	0
235.0	0
234.0	0
230.0	0
229.0	0
231.0	0
226.0	0
229.0	0
228.0	0
226.0	0
222.0	0
224.0	0
224.0	0
224.0	0
224.0	0
222.0	0
222.0	0
221.0	0
220.0	0
221.0	0
219.0	0
219.0	0
222.0	0
218.0	0
219.0	0
220.0	0
219.0	0
220.0	0
220.0	0
219.0	0
221.0	0
222.0	0
222.0	0
224.0	0
226.0	0
227.0	0
229.0	0
230.0	0
231.0	0
232.0	0
232.0	0
234.0	0
235.0	0
236.0	0
236.0	0
237.0	0
123.0	1
239.0	0
241.0	0
240.0	0
241.0	0
241.0	0
242.0	0
242.0	0
243.0	0
243.0	0
242.0	0
243.0	0
244.0	0
243.0	0
241.0	0
242.0	0
240.0	0
241.0	0
241.0	0
240.0	0
239.0	0
238.0	0
237.0	0
236.0	0
235.0	0
232.0	0
234.0	0
232.0	0
232.0	0
231.0	0
230.0	0
230.0	0
228.0	0
228.0	0
226.0	0
225.0	0
225.0	0
224.0	0
223.0	0
223.0	0
221.0	0
221.0	0
220.0	0
220.0	0
218.0	0
219.0	0
218.0	0
218.0	0
217.0	0
219.0	0
218.0	0
219.0	0
220.0	0
220.0	0
223.0	0
220.0	0
224.0	0
223.0	0
224.0	0
225.0	0
226.0	0
227.0	0
228.0	0
230.0	0
232.0	0
232.0	0
234.0	0
236.0	0
234.0	0
238.0	0
236.0	0
239.0	0
239.0	0
237.0	0
240.0	0
237.0	0
239.0	0
240.0	0
243.0	0
242.0	0
241.0	0
242.0	0
242.0	0
242.0	0
243.0	0
245.0	0
241.0	0
243.0	0
242.0	0
241.0	0
242.0	0
242.0	0
241.0	0
239.0	0
237.0	0
234.0	0
235.0	0
235.0	0
233.0	0
233.0	0
232.0	0
230.0	0
229.0	0
230.0	0
230.0	0
227.0	0
226.0	0
224.0	0
224.0	0
223.0	0
223.0	0
221.0	0
221.0	0
220.0	0
221.0	0
221.0	0
221.0	0
219.0	0
220.0	0
219.0	0
218.0	0
219.0	0
219.0	0
219.0	0
218.0	0
220.0	0
221.0	0
223.0	0
222.0	0
223.0	0
226.0	0
225.0	0
126.0	1
229.0	0
229.0	0
231.0	0
231.0	0
233.0	0
235.0	0
236.0	0
237.0	0
237.0	0
238.0	0
239.0	0
241.0	0
241.0	0
243.0	0
243.0	0
242.0	0
242.0	0
242.0	0
246.0	0
242.0	0
244.0	0
246.0	0
245.0	0
246.0	0
245.0	0
243.0	0
243.0	0
242.0	0
242.0	0
241.0	0
239.0	0
240.0	0
240.0	0
113.0	1
237.0	0
235.0	0
235.0	0
235.0	0
233.0	0
233.0	0
230.0	0
231.0	0
231.0	0
228.0	0
226.0	0
227.0	0
222.0	0
222.0	0
220.0	0
220.0	0
222.0	0
220.0	0
221.0	0
220.0	0
220.0	0
220.0	0
220.0	0
220.0	0
221.0	0
220.0	0
220.0	0
220.0	0
219.0	0
219.0	0
218.0	0
219.0	0
220.0	0
221.0	0
220.0	0
222.0	0
224.0	0
226.0	0
229.0	0
229.0	0
231.0	0
231.0	0
232.0	0
233.0	0
234.0	0
235.0	0
236.0	0
237.0	0
236.0	0
238.0	0
239.0	0
239.0	0
242.0	0
242.0	0
243.0	0
240.0	0
241.0	0
244.0	0
243.0	0
243.0	0
244.0	0
242.0	0
241.0	0
240.0	0
241.0	0
240.0	0
240.0	0
60.0	1
237.0	0
238.0	0
236.0	0
234.0	0
234.0	0
233.0	0
231.0	0
231.0	0
229.0	0
228.0	0
226.0	0
225.0	0
227.0	0
224.0	0
223.0	0
223.0	0
221.0	0
221.0	0
222.0	0
219.0	0
218.0	0
218.0	0
220.0	0
216.0	0
217.0	0
218.0	0
218.0	0
217.0	0
219.0	0
219.0	0
217.0	0
219.0	0
218.0	0
221.0	0
220.0	0
223.0	0
221.0	0
222.0	0
224.0	0
224.0	0
226.0	0
227.0	0
230.0	0
231.0	0
232.0	0
233.0	0
234.0	0
233.0	0
235.0	0
235.0	0
237.0	0
239.0	0
237.0	0
238.0	0
239.0	0
240.0	0
240.0	0
241.0	0
242.0	0
242.0	0
244.0	0
243.0	0
242.0	0
243.0	0
243.0	0
242.0	0
243.0	0
242.0	0
241.0	0
242.0	0
242.0	0
242.0	0
237.0	0
238.0	0
235.0	0
233.0	0
233.0	0
234.0	0
231.0	0
231.0	0
231.0	0
229.0	0
227.0	0
228.0	0
227.0	0
227.0	0
225.0	0
225.0	0
221.0	0
223.0	0
221.0	0
218.0	0
218.0	0
218.0	0
219.0	0
221.0	0
217.0	0
218.0	0
219.0	0
219.0	0
219.0	0
220.0	0
219.0	0
220.0	0
219.0	0
223.0	0
222.0	0
223.0	0
225.0	0
227.0	0
229.0	0
230.0	0
230.0	0
231.0	0
231.0	0
233.0	0
233.0	0
80.0	2
119.0	1
237.0	0
238.0	0
238.0	0
240.0	0
239.0	0
242.0	0
241.0	0
241.0	0
241.0	0
243.0	0
243.0	0
243.0	0
243.0	0
244.0	0
245.0	0
243.0	0
245.0	0
246.0	0
244.0	0
244.0	0
243.0	0
243.0	0
242.0	0
242.0	0
242.0	0
239.0	0
237.0	0
236.0	0
234.0	0
237.0	0
235.0	0
232.0	0
231.0	0
234.0	0
97.0	1
66.0	1
229.0	0
227.0	0
225.0	0
226.0	0
225.0	0
224.0	0
223.0	0
222.0	0
70.0	1
222.0	0
222.0	0
222.0	0
223.0	0
221.0	0
221.0	0
223.0	0
222.0	0
221.0	0
222.0	0
222.0	0
221.0	0
222.0	0
220.0	0
219.0	0
220.0	0
221.0	0
222.0	0
226.0	0
226.0	0
227.0	0
229.0	0
230.0	0
232.0	0
234.0	0
235.0	0
235.0	0
236.0	0
236.0	0
236.0	0
237.0	0
239.0	0
239.0	0
240.0	0
240.0	0
242.0	0
243.0	0
243.0	0
239.0	0
243.0	0
244.0	0
243.0	0
244.0	0
244.0	0
242.0	0
243.0	0
242.0	0
242.0	0
239.0	0
240.0	0
239.0	0
238.0	0
238.0	0
235.0	0
235.0	0
234.0	0
232.0	0
230.0	0
229.0	0
101.0	1
108.0	1
147.0	1
225.0	0
88.0	1
224.0	0
224.0	0
223.0	0
220.0	0
220.0	0
220.0	0
219.0	0
220.0	0
219.0	0
219.0	0
219.0	0
218.0	0
220.0	0
220.0	0
220.0	0
221.0	0
221.0	0
220.0	0
220.0	0
220.0	0
219.0	0
218.0	0
221.0	0
220.0	0
220.0	0
223.0	0
224.0	0
224.0	0
226.0	0
227.0	0
229.0	0
230.0	0
230.0	0
232.0	0
234.0	0
236.0	0
235.0	0
236.0	0
237.0	0
236.0	0
238.0	0
239.0	0
240.0	0
238.0	0
241.0	0
240.0	0
241.0	0
240.0	0
241.0	0
241.0	0
242.0	0
241.0	0
242.0	0
241.0	0
239.0	0
238.0	0
237.0	0
236.0	0
237.0	0
236.0	0
236.0	0
234.0	0
233.0	0
83.0	1
19.0	3
68.0	3
11.0	4
61.0	6
48.0	9
54.0	1
224.0	0
60.0	1
221.0	0
222.0	0
220.0	0
220.0	0
218.0	0
218.0	0
219.0	0
217.0	0
218.0	0
219.0	0
219.0	0
220.0	0
220.0	0
218.0	0
219.0	0
220.0	0
219.0	0
219.0	0
219.0	0
218.0	0
221.0	0
223.0	0
223.0	0
223.0	0
226.0	0
226.0	0
226.0	0
228.0	0
230.0	0
230.0	0
167.0	1
113.0	2
123.0	1
151.0	1
236.0	0
236.0	0
238.0	0
238.0	0
240.0	0
240.0	0
238.0	0
240.0	0
243.0	0
243.0	0
242.0	0
242.0	0
243.0	0
243.0	0
245.0	0
244.0	0
244.0	0
242.0	0
244.0	0
241.0	0
242.0	0
241.0	0
241.0	0
240.0	0
240.0	0
236.0	0
237.0	0
237.0	0
236.0	0
91.0	3
30.0	6
8.0	22
13.0	24
38.0	19
51.0	17
34.0	8
229.0	0
72.0	2
127.0	1
223.0	0
222.0	0
223.0	0
223.0	0
218.0	0
222.0	0
221.0	0
115.0	1
222.0	0
224.0	0
223.0	0
222.0	0
222.0	0
223.0	0
223.0	0
220.0	0
221.0	0
223.0	0
223.0	0
219.0	0
222.0	0
222.0	0
111.0	1
224.0	0
224.0	0
223.0	0
185.0	1
226.0	0
136.0	1
130.0	2
76.0	5
98.0	3
55.0	2
48.0	1
57.0	1
236.0	0
234.0	0
235.0	0
238.0	0
237.0	0
236.0	0
238.0	0
239.0	0
241.0	0
241.0	0
240.0	0
240.0	0
242.0	0
241.0	0
243.0	0
242.0	0
241.0	0
242.0	0
240.0	0
239.0	0
239.0	0
238.0	0
238.0	0
95.0	1
235.0	0
54.0	2
29.0	7
63.0	14
12.0	20
17.0	42
39.0	34
38.0	33
38.0	12
69.0	11
105.0	1
134.0	1
223.0	0
223.0	0
222.0	0
221.0	0
220.0	0
220.0	0
219.0	0
220.0	0
220.0	0
219.0	0
221.0	0
220.0	0
221.0	0
219.0	0
221.0	0
220.0	0
221.0	0
221.0	0
221.0	0
222.0	0
221.0	0
221.0	0
221.0	0
223.0	0
131.0	1
87.0	1
226.0	0
66.0	2
226.0	0
123.0	1
97.0	3
65.0	3
50.0	2
178.0	1
73.0	2
234.0	0
234.0	0
236.0	0
237.0	0
235.0	0
238.0	0
239.0	0
240.0	0
240.0	0
239.0	0
241.0	0
241.0	0
239.0	0
240.0	0
243.0	0
243.0	0
240.0	0
240.0	0
239.0	0
239.0	0
238.0	0
238.0	0
237.0	0
237.0	0
207.0	1
47.0	4
79.0	7
38.0	16
17.0	32
23.0	54
29.0	38
22.0	35
49.0	19
34.0	9
58.0	5
224.0	0
109.0	1
222.0	0
114.0	1
221.0	0
222.0	0
221.0	0
219.0	0
221.0	0
221.0	0
219.0	0
220.0	0
221.0	0
219.0	0
220.0	0
221.0	0
222.0	0
222.0	0
221.0	0
221.0	0
220.0	0
222.0	0
143.0	1
220.0	0
221.0	0
128.0	1
223.0	0
162.0	1
225.0	0
226.0	0
227.0	0
227.0	0
228.0	0
231.0	0
231.0	0
136.0	2
233.0	0
234.0	0
234.0	0
236.0	0
233.0	0
236.0	0
236.0	0
237.0	0
238.0	0
238.0	0
238.0	0
239.0	0
239.0	0
239.0	0
239.0	0
239.0	0
238.0	0
239.0	0
34.0	1
238.0	0
235.0	0
191.0	1
235.0	0
76.0	2
27.0	5
74.0	2
24.0	19
0.0	27
26.0	16
25.0	37
34.0	18
27.0	20
33.0	13
57.0	5
52.0	4
225.0	0
37.0	1
221.0	0
220.0	0
219.0	0
221.0	0
221.0	0
221.0	0
219.0	0
220.0	0
220.0	0
221.0	0
220.0	0
219.0	0
221.0	0
221.0	0
220.0	0
220.0	0
219.0	0
222.0	0
221.0	0
221.0	0
221.0	0
221.0	0
142.0	1
223.0	0
222.0	0
67.0	1
225.0	0
224.0	0
225.0	0
226.0	0
226.0	0
140.0	1
229.0	0
229.0	0
95.0	1
50.0	1
230.0	0
232.0	0
234.0	0
234.0	0
234.0	0
237.0	0
237.0	0
237.0	0
238.0	0
238.0	0
94.0	1
86.0	3
238.0	0
127.0	1
239.0	0
237.0	0
237.0	0
237.0	0
237.0	0
236.0	0
235.0	0
234.0	0
233.0	0
14.0	8
47.0	11
20.0	13
42.0	13
29.0	26
53.0	4
41.0	5
47.0	4
115.0	1
224.0	0
223.0	0
222.0	0
175.0	1
222.0	0
92.0	1
111.0	1
220.0	0
218.0	0
220.0	0
151.0	1
220.0	0
221.0	0
220.0	0
220.0	0
220.0	0
221.0	0
220.0	0
220.0	0
221.0	0
220.0	0
221.0	0
61.0	1
130.0	1
28.0	2
222.0	0
221.0	0
224.0	0
222.0	0
222.0	0
225.0	0
226.0	0
227.0	0
227.0	0
228.0	0
227.0	0
229.0	0
230.0	0
231.0	0
234.0	0
235.0	0
235.0	0
235.0	0
236.0	0
237.0	0
236.0	0
237.0	0
235.0	0
178.0	1
239.0	0
239.0	0
119.0	1
120.0	2
118.0	1
155.0	1
91.0	2
149.0	1
238.0	0
235.0	1
237.0	0
34.0	2
30.0	3
68.0	6
31.0	10
26.0	6
54.0	10
58.0	6
229.0	0
53.0	4
226.0	0
227.0	0
226.0	0
225.0	0
224.0	0
224.0	0
223.0	0
223.0	0
222.0	0
223.0	0
223.0	0
223.0	0
223.0	0
223.0	0
219.0	0
223.0	0
222.0	0
223.0	0
221.0	0
223.0	0
223.0	0
221.0	0
222.0	0
223.0	0
222.0	0
110.0	2
221.0	0
221.0	0
223.0	0
223.0	0
222.0	0
223.0	0
222.0	0
222.0	0
225.0	0
224.0	0
226.0	0
226.0	0
228.0	0
229.0	0
230.0	0
231.0	0
231.0	0
232.0	0
232.0	0
233.0	0
234.0	0
234.0	0
235.0	0
236.0	0
236.0	0
238.0	0
191.0	1
236.0	0
106.0	1
223.0	1
238.0	0
239.0	0
239.0	0
240.0	0
236.0	0
60.0	1
110.0	3
161.0	2
110.0	1
36.0	4
43.0	3
47.0	4
63.0	2
57.0	2
69.0	1
227.0	0
226.0	0
224.0	0
225.0	0
223.0	0
224.0	0
222.0	0
222.0	0
222.0	0
222.0	0
222.0	0
222.0	0
220.0	0
220.0	0
220.0	0
220.0	0
220.0	0
221.0	0
222.0	0
221.0	0
222.0	0
46.0	1
221.0	0
222.0	0
223.0	0
223.0	0
223.0	0
223.0	0
223.0	0
222.0	0
224.0	0
227.0	0
225.0	0
226.0	0
228.0	0
226.0	0
227.0	0
229.0	0
230.0	0
231.0	0
230.0	0
231.0	0
232.0	0
233.0	0
233.0	0
233.0	0
232.0	0
234.0	0
237.0	0
237.0	0
236.0	0
236.0	0
238.0	0
237.0	0
239.0	0
238.0	0
238.0	0
238.0	0
238.0	0
239.0	0
238.0	0
101.0	1
236.0	0
49.0	2
48.0	3
62.0	4
82.0	3
235.0	0
233.0	0
232.0	0
232.0	0
231.0	0
230.0	0
228.0	0
228.0	0
224.0	0
227.0	0
225.0	0
222.0	0
225.0	0
226.0	0
225.0	0
224.0	0
223.0	0
225.0	0
224.0	0
42.0	1
223.0	0
223.0	0
225.0	0
225.0	0
111.0	1
224.0	0
225.0	0
221.0	0
225.0	0
225.0	0
227.0	0
224.0	0
224.0	0
223.0	0
225.0	0
225.0	0
225.0	0
223.0	0
225.0	0
226.0	0
225.0	0
225.0	0
226.0	0
227.0	0
227.0	0
229.0	0
229.0	0
230.0	0
231.0	0
231.0	0
231.0	0
234.0	0
233.0	0
234.0	0
234.0	0
235.0	0
236.0	0
235.0	0
238.0	0
238.0	0
237.0	0
238.0	0
240.0	0
239.0	0
238.0	0
238.0	0
239.0	0
78.0	1
237.0	0
103.0	1
235.0	0
45.0	1
234.0	0
230.0	0
231.0	0
229.0	0
228.0	0
229.0	0
227.0	0
227.0	0
226.0	0
224.0	0
223.0	0
223.0	0
223.0	0
222.0	0
222.0	0
222.0	0
222.0	0
222.0	0
221.0	0
221.0	0
221.0	0
221.0	0
222.0	0
221.0	0
223.0	0
223.0	0
223.0	0
224.0	0
72.0	1
226.0	0
223.0	0
225.0	0
222.0	0
223.0	0
224.0	0
222.0	0
225.0	0
224.0	0
225.0	0
225.0	0
226.0	0
226.0	0
228.0	0
228.0	0
204.0	1
227.0	0
229.0	0
229.0	0
230.0	0
230.0	0
230.0	0
233.0	0
234.0	0
234.0	0
235.0	0
233.0	0
236.0	0
236.0	0
235.0	0
236.0	0
233.0	0
236.0	0
235.0	0
236.0	0
234.0	0
235.0	0
233.0	0
235.0	0
234.0	0
83.0	1
231.0	0
230.0	0
231.0	0
231.0	0
228.0	0
228.0	0
226.0	0
228.0	0
227.0	0
224.0	0
225.0	0
225.0	0
224.0	0
224.0	0
221.0	0
223.0	0
223.0	0
223.0	0
221.0	0
223.0	0
223.0	0
223.0	0
223.0	0
224.0	0
223.0	0
222.0	0
223.0	0
224.0	0
223.0	0
221.0	0
223.0	0
220.0	0
225.0	0
224.0	0
224.0	0
225.0	0
224.0	0
226.0	0
225.0	0
222.0	0
224.0	0
225.0	0
226.0	0
225.0	0
225.0	0
226.0	0
228.0	0
227.0	0
229.0	0
230.0	0
229.0	0
231.0	0
230.0	0
232.0	0
233.0	0
232.0	0
233.0	0
233.0	0
234.0	0
235.0	0
236.0	0
235.0	0
234.0	0
235.0	0
235.0	0
234.0	0
232.0	0
234.0	0
233.0	0
234.0	0
234.0	0
233.0	0
233.0	0
232.0	0
230.0	0
230.0	0
228.0	0
228.0	0
227.0	0
227.0	0
226.0	0
49.0	1
224.0	0
225.0	0
223.0	0
224.0	0
225.0	0
223.0	0
222.0	0
222.0	0
223.0	0
223.0	0
222.0	0
221.0	0
223.0	0
223.0	0
223.0	0
223.0	0
223.0	0
223.0	0
224.0	0
223.0	0
224.0	0
225.0	0
223.0	0
224.0	0
224.0	0
224.0	0
225.0	0
223.0	0
223.0	0
224.0	0
224.0	0
224.0	0
225.0	0
226.0	0
225.0	0
226.0	0
226.0	0
227.0	0
227.0	0
228.0	0
228.0	0
229.0	0
229.0	0
229.0	0
231.0	0
232.0	0
232.0	0
233.0	0
234.0	0
234.0	0
233.0	0
232.0	0
233.0	0
233.0	0
233.0	0
233.0	0
233.0	0
232.0	0
231.0	0
231.0	0
232.0	0
230.0	0
230.0	0
229.0	0
229.0	0
228.0	0
228.0	0
226.0	0
226.0	0
225.0	0
225.0	0
224.0	0
223.0	0
223.0	0
223.0	0
224.0	0
222.0	0
221.0	0
221.0	0
221.0	0
222.0	0
222.0	0
220.0	0
220.0	0
221.0	0
221.0	0
221.0	0
221.0	0
222.0	0
224.0	0
224.0	0
222.0	0
223.0	0
223.0	0
223.0	0
224.0	0
223.0	0
223.0	0
224.0	0
223.0	0
220.0	0
223.0	0
221.0	0
221.0	0
222.0	0
225.0	0
225.0	0
225.0	0
224.0	0
224.0	0
226.0	0
225.0	0
228.0	0
228.0	0
228.0	0
228.0	0
228.0	0
228.0	0
230.0	0
232.0	0
231.0	0
229.0	0
231.0	0
231.0	0
230.0	0
231.0	0
230.0	0
230.0	0
231.0	0
231.0	0
231.0	0
229.0	0
228.0	0
230.0	0
228.0	0
227.0	0
226.0	0
225.0	0
224.0	0
225.0	0
224.0	0
224.0	0
222.0	0
221.0	0
222.0	0
221.0	0
221.0	0
220.0	0
219.0	0
220.0	0
221.0	0
222.0	0
220.0	0
221.0	0
219.0	0
220.0	0
220.0	0
219.0	0
221.0	0
221.0	0
221.0	0
223.0	0
221.0	0
221.0	0
221.0	0
223.0	0
224.0	0
221.0	0
221.0	0
222.0	0
221.0	0
223.0	0
225.0	0
223.0	0
224.0	0
224.0	0
224.0	0
222.0	0
225.0	0
224.0	0
225.0	0
225.0	0
226.0	0
226.0	0
228.0	0
227.0	0
229.0	0
227.0	0
231.0	0
229.0	0
231.0	0
231.0	0
231.0	0
232.0	0
232.0	0
231.0	0
231.0	0
233.0	0
232.0	0
231.0	0
230.0	0
231.0	0
232.0	0
230.0	0
228.0	0
230.0	0
227.0	0
227.0	0
228.0	0
227.0	0
225.0	0
225.0	0
223.0	0
224.0	0
225.0	0
223.0	0
223.0	0
221.0	0
222.0	0
223.0	0
223.0	0
221.0	0
222.0	0
222.0	0
220.0	0
223.0	0
221.0	0
222.0	0
223.0	0
222.0	0
223.0	0
222.0	0
221.0	0
222.0	0
223.0	0
223.0	0
224.0	0
222.0	0
222.0	0
224.0	0
223.0	0
221.0	0
222.0	0
224.0	0
224.0	0
226.0	0
222.0	0
224.0	0
227.0	0
226.0	0
226.0	0
225.0	0
227.0	0
226.0	0
226.0	0
228.0	0
227.0	0
229.0	0
230.0	0
230.0	0
231.0	0
230.0	0
231.0	0
232.0	0
232.0	0
230.0	0
234.0	0
232.0	0
233.0	0
233.0	0
233.0	0
233.0	0
233.0	0
231.0	0
232.0	0
231.0	0
229.0	0
229.0	0
229.0	0
229.0	0
228.0	0
228.0	0
226.0	0
225.0	0
225.0	0
224.0	0
223.0	0
222.0	0
223.0	0
223.0	0
222.0	0
224.0	0
224.0	0
222.0	0
222.0	0
224.0	0
222.0	0
223.0	0
224.0	0
223.0	0
224.0	0
222.0	0
222.0	0
224.0	0
224.0	0
224.0	0
223.0	0
222.0	0
226.0	0
224.0	0
224.0	0
222.0	0
225.0	0
224.0	0
224.0	0
223.0	0
223.0	0
224.0	0
226.0	0
227.0	0
226.0	0
226.0	0
228.0	0
226.0	0
228.0	0
228.0	0
227.0	0
230.0	0
228.0	0
229.0	0
230.0	0
231.0	0
230.0	0
231.0	0
231.0	0
231.0	0
230.0	0
233.0	0
232.0	0
232.0	0
73.0	1
232.0	0
232.0	0
231.0	0
233.0	0
231.0	0
230.0	0
230.0	0
229.0	0
228.0	0
230.0	0
228.0	0
227.0	0
227.0	0
225.0	0
227.0	0
226.0	0
226.0	0
224.0	0
225.0	0
225.0	0
223.0	0
224.0	0
224.0	0
225.0	0
223.0	0
224.0	0
223.0	0
223.0	0
224.0	0
220.0	0
221.0	0
223.0	0
224.0	0
224.0	0
223.0	0
224.0	0
223.0	0
224.0	0
224.0	0
222.0	0
224.0	0
224.0	0
224.0	0
225.0	0
223.0	0
224.0	0
224.0	0
224.0	0
224.0	0
223.0	0
223.0	0
225.0	0
225.0	0
224.0	0
225.0	0
227.0	0
224.0	0
228.0	0
226.0	0
227.0	0
229.0	0
229.0	0
229.0	0
228.0	0
230.0	0
229.0	0
227.0	0
229.0	0
232.0	0
228.0	0
231.0	0
231.0	0
229.0	0
229.0	0
229.0	0
229.0	0
230.0	0
228.0	0
230.0	0
229.0	0
230.0	0
226.0	0
225.0	0
224.0	0
224.0	0
224.0	0
225.0	0
221.0	0
226.0	0
225.0	0
223.0	0
223.0	0
222.0	0
222.0	0
222.0	0
224.0	0
223.0	0
223.0	0
224.0	0
222.0	0
222.0	0
223.0	0
223.0	0
219.0	0
223.0	0
221.0	0
222.0	0
223.0	0
223.0	0
223.0	0
222.0	0
223.0	0
222.0	0
222.0	0
224.0	0
223.0	0
222.0	0
224.0	0
226.0	0
224.0	0
225.0	0
226.0	0
224.0	0
227.0	0
225.0	0
229.0	0
228.0	0
228.0	0
230.0	0
229.0	0
228.0	0
229.0	0
231.0	0
232.0	0
97.0	1
231.0	0
232.0	0
231.0	0
232.0	0
232.0	0
231.0	0
231.0	0
231.0	0
233.0	0
232.0	0
231.0	0
230.0	0
232.0	0
232.0	0
232.0	0
230.0	0
230.0	0
226.0	0
225.0	0
228.0	0
226.0	0
29.0	1
226.0	0
227.0	0
225.0	0
225.0	0
223.0	0
226.0	0
228.0	0
224.0	0
225.0	0
225.0	0
225.0	0
225.0	0
226.0	0
224.0	0
223.0	0
224.0	0
224.0	0
225.0	0
225.0	0
223.0	0
224.0	0
224.0	0
225.0	0
190.0	1
226.0	0
224.0	0
225.0	0
226.0	0
228.0	0
227.0	0
223.0	0
226.0	0
226.0	0
220.0	0
226.0	0
226.0	0
226.0	0
228.0	0
227.0	0
229.0	0
229.0	0
230.0	0
230.0	0
229.0	0
231.0	0
225.0	0
227.0	0
228.0	0
230.0	0
230.0	0
233.0	0
231.0	0
226.0	0
232.0	0
233.0	0
231.0	0
231.0	0
231.0	0
231.0	0
231.0	0
232.0	0
232.0	0
233.0	0
232.0	0
232.0	0
231.0	0
231.0	0
230.0	0
226.0	0
229.0	0
227.0	0
227.0	0
228.0	0
227.0	0
226.0	0
227.0	0
227.0	0
227.0	0
227.0	0
227.0	0
227.0	0
226.0	0
224.0	0
227.0	0
225.0	0
224.0	0
225.0	0
226.0	0
225.0	0
227.0	0
226.0	0
223.0	0
224.0	0
223.0	0
225.0	0
227.0	0
227.0	0
227.0	0
224.0	0
226.0	0
224.0	0
227.0	0
226.0	0
227.0	0
226.0	0
229.0	0
228.0	0
229.0	0
229.0	0
229.0	0
231.0	0
230.0	0
227.0	0
230.0	0
232.0	0
231.0	0
232.0	0
231.0	0
230.0	0
230.0	0
230.0	0
231.0	0
232.0	0
231.0	0
231.0	0
230.0	0
232.0	0
232.0	0
233.0	0
231.0	0
232.0	0
232.0	0
232.0	0
232.0	0
233.0	0
231.0	0
233.0	0
232.0	0
229.0	0
229.0	0
229.0	0
229.0	0
228.0	0
223.0	0
228.0	0
228.0	0
223.0	0
230.0	0
228.0	0
228.0	0
229.0	0
226.0	0
227.0	0
227.0	0
227.0	0
227.0	0
226.0	0
225.0	0
226.0	0
224.0	0
225.0	0
226.0	0
225.0	0
226.0	0
226.0	0
225.0	0
226.0	0
226.0	0
225.0	0
228.0	0
227.0	0
227.0	0
229.0	0
228.0	0
228.0	0
224.0	0
229.0	0
225.0	0
225.0	0
226.0	0
227.0	0
226.0	0
226.0	0
224.0	0
226.0	0
229.0	0
228.0	0
224.0	0
228.0	0
227.0	0
229.0	0
227.0	0
229.0	0
228.0	0
230.0	0
230.0	0
228.0	0
229.0	0
230.0	0
230.0	0
229.0	0
229.0	0
229.0	0
228.0	0
230.0	0
227.0	0
229.0	0
229.0	0
228.0	0
228.0	0
227.0	0
227.0	0
224.0	0
225.0	0
222.0	0
226.0	0
224.0	0
226.0	0
225.0	0
226.0	0
226.0	0
225.0	0
222.0	0
224.0	0
226.0	0
225.0	0
225.0	0
224.0	0
222.0	0
222.0	0
223.0	0
224.0	0
224.0	0
224.0	0
224.0	0
223.0	0
224.0	0
110.0	1
225.0	0
224.0	0
224.0	0
224.0	0
223.0	0
223.0	0
224.0	0
225.0	0
220.0	0
226.0	0
226.0	0
223.0	0
224.0	0
223.0	0
224.0	0
223.0	0
224.0	0
223.0	0
226.0	0
226.0	0
227.0	0
226.0	0
226.0	0
226.0	0
228.0	0
228.0	0
226.0	0
228.0	0
227.0	0
225.0	0
224.0	0
227.0	0
227.0	0
228.0	0
229.0	0
227.0	0
228.0	0
226.0	0
228.0	0
228.0	0
228.0	0
227.0	0
226.0	0
227.0	0
225.0	0
225.0	0
226.0	0
224.0	0
224.0	0
224.0	0
224.0	0
223.0	0
225.0	0
224.0	0
222.0	0
221.0	0
223.0	0
222.0	0
224.0	0
220.0	0
224.0	0
221.0	0
222.0	0
222.0	0
222.0	0
221.0	0
221.0	0
221.0	0
221.0	0
223.0	0
221.0	0
221.0	0
222.0	0
221.0	0
224.0	0
223.0	0
224.0	0
222.0	0
221.0	0
222.0	0
223.0	0
222.0	0
223.0	0
222.0	0
223.0	0
223.0	0
224.0	0
223.0	0
225.0	0
225.0	0
225.0	0
226.0	0
226.0	0
226.0	0
226.0	0
226.0	0
227.0	0
228.0	0
228.0	0
228.0	0
226.0	0
228.0	0
227.0	0
227.0	0
228.0	0
228.0	0
227.0	0
227.0	0
227.0	0
227.0	0
227.0	0
227.0	0
225.0	0
227.0	0
225.0	0
224.0	0
226.0	0
226.0	0
226.0	0
225.0	0
224.0	0
223.0	0
225.0	0
224.0	0
223.0	0
223.0	0
225.0	0
223.0	0
223.0	0
224.0	0
223.0	0
223.0	0
223.0	0
223.0	0
222.0	0
223.0	0
223.0	0
222.0	0
223.0	0
221.0	0
223.0	0
222.0	0
223.0	0
221.0	0
221.0	0
223.0	0
222.0	0
222.0	0
222.0	0
222.0	0
223.0	0
223.0	0
223.0	0
223.0	0
222.0	0
225.0	0
224.0	0
223.0	0
224.0	0
225.0	0
224.0	0
225.0	0
226.0	0
225.0	0
227.0	0
226.0	0
225.0	0
225.0	0
224.0	0
225.0	0
227.0	0
227.0	0
226.0	0
228.0	0
227.0	0
228.0	0
226.0	0
227.0	0
227.0	0
227.0	0
229.0	0
227.0	0
228.0	0
226.0	0
227.0	0
225.0	0
225.0	0
225.0	0
226.0	0
225.0	0
225.0	0
224.0	0
225.0	0
226.0	0
224.0	0
225.0	0
224.0	0
225.0	0
223.0	0
222.0	0
223.0	0
223.0	0
224.0	0
222.0	0
223.0	0
222.0	0
222.0	0
222.0	0
220.0	0
222.0	0
222.0	0
222.0	0
222.0	0
221.0	0
223.0	0
222.0	0
224.0	0
223.0	0
223.0	0
223.0	0
223.0	0
223.0	0
222.0	0
221.0	0
222.0	0
222.0	0
224.0	0
222.0	0
224.0	0
224.0	0
222.0	0
223.0	0
223.0	0
225.0	0
225.0	0
226.0	0
226.0	0
227.0	0
226.0	0
225.0	0
227.0	0
228.0	0
228.0	0
227.0	0
227.0	0
227.0	0
226.0	0
228.0	0
228.0	0
227.0	0
227.0	0
228.0	0
227.0	0
226.0	0
227.0	0
227.0	0
226.0	0
227.0	0
226.0	0
226.0	0
224.0	0
224.0	0
223.0	0
221.0	0
59.0	1
224.0	0
225.0	0
224.0	0
224.0	0
223.0	0
223.0	0
224.0	0
222.0	0
222.0	0
223.0	0
223.0	0
222.0	0
223.0	0
222.0	0
222.0	0
222.0	0
222.0	0
221.0	0
222.0	0
220.0	0
221.0	0
222.0	0
222.0	0
222.0	0
223.0	0
222.0	0
221.0	0
221.0	0
221.0	0
222.0	0
221.0	0
221.0	0
222.0	0
222.0	0
222.0	0
223.0	0
223.0	0
223.0	0
224.0	0
224.0	0
223.0	0
223.0	0
224.0	0
227.0	0
226.0	0
225.0	0
226.0	0
226.0	0
227.0	0
226.0	0
226.0	0
226.0	0
225.0	0
225.0	0
227.0	0
227.0	0
226.0	0
225.0	0
225.0	0
226.0	0
225.0	0
225.0	0
224.0	0
225.0	0
225.0	0
225.0	0
224.0	0
223.0	0
224.0	0
224.0	0
223.0	0
222.0	0
223.0	0
222.0	0
223.0	0
222.0	0
222.0	0
222.0	0
222.0	0
223.0	0
222.0	0
221.0	0
221.0	0
221.0	0
221.0	0
222.0	0
222.0	0
222.0	0
221.0	0
220.0	0
220.0	0
218.0	0
221.0	0
221.0	0
221.0	0
220.0	0
221.0	0
220.0	0
221.0	0
221.0	0
221.0	0
220.0	0
220.0	0
197.0	1
221.0	0
222.0	0
220.0	0
219.0	0
221.0	0
222.0	0
223.0	0
222.0	0
221.0	0
223.0	0
223.0	0
224.0	0
226.0	0
224.0	0
225.0	0
225.0	0
226.0	0
225.0	0
226.0	0
225.0	0
227.0	0
228.0	0
226.0	0
226.0	0
226.0	0
225.0	0
226.0	0
226.0	0
225.0	0
225.0	0
225.0	0
225.0	0
224.0	0
224.0	0
223.0	0
223.0	0
223.0	0
74.0	1
221.0	0
222.0	0
222.0	0
221.0	0
222.0	0
221.0	0
221.0	0
220.0	0
222.0	0
221.0	0
221.0	0
222.0	0
222.0	0
221.0	0
222.0	0
222.0	0
222.0	0
221.0	0
222.0	0
221.0	0
221.0	0
218.0	0
221.0	0
218.0	0
219.0	0
218.0	0
219.0	0
220.0	0
219.0	0
220.0	0
219.0	0
220.0	0
218.0	0
220.0	0
161.0	1
219.0	0
