SA_diff	pop
261.0	0
261.0	1
262.0	0
258.0	0
260.0	0
262.0	0
262.0	0
263.0	0
264.0	0
263.0	0
264.0	0
264.0	0
264.0	0
265.0	0
265.0	0
265.0	0
267.0	0
265.0	0
265.0	0
263.0	0
265.0	0
264.0	0
264.0	0
263.0	0
266.0	0
265.0	0
263.0	0
265.0	0
264.0	0
263.0	0
263.0	0
261.0	0
263.0	0
264.0	0
81.0	1
263.0	0
263.0	0
261.0	0
262.0	0
261.0	0
260.0	0
261.0	0
261.0	0
260.0	0
262.0	0
260.0	0
261.0	0
262.0	0
260.0	0
260.0	0
262.0	0
261.0	0
257.0	0
258.0	0
261.0	0
259.0	0
259.0	0
258.0	0
259.0	0
260.0	0
260.0	0
260.0	0
258.0	0
260.0	0
260.0	0
259.0	0
259.0	0
205.0	1
163.0	2
196.0	1
138.0	1
205.0	1
259.0	0
260.0	0
259.0	1
259.0	0
259.0	0
259.0	0
260.0	0
262.0	0
262.0	0
263.0	0
263.0	0
263.0	0
263.0	0
264.0	0
264.0	0
264.0	0
264.0	0
264.0	0
263.0	0
264.0	0
263.0	0
264.0	0
263.0	0
263.0	0
263.0	0
266.0	0
263.0	0
266.0	0
263.0	0
264.0	0
264.0	0
261.0	0
263.0	0
261.0	0
262.0	0
262.0	0
262.0	0
261.0	0
261.0	0
262.0	0
258.0	0
259.0	0
260.0	0
258.0	0
260.0	0
259.0	0
255.0	0
255.0	0
256.0	0
259.0	0
258.0	0
258.0	0
257.0	0
254.0	0
258.0	0
256.0	0
258.0	0
259.0	0
197.0	1
208.0	1
59.0	1
258.0	0
71.0	2
149.0	3
180.0	2
173.0	3
115.0	4
124.0	4
117.0	6
132.0	7
121.0	1
207.0	2
163.0	1
258.0	0
258.0	0
259.0	0
262.0	0
261.0	0
263.0	0
262.0	0
262.0	0
264.0	0
264.0	0
266.0	0
263.0	0
264.0	0
261.0	0
264.0	0
265.0	0
266.0	0
264.0	0
265.0	0
262.0	0
264.0	0
263.0	0
263.0	0
261.0	0
265.0	0
262.0	0
264.0	0
262.0	0
261.0	0
261.0	0
260.0	0
262.0	0
260.0	0
260.0	0
262.0	0
263.0	0
260.0	0
261.0	0
260.0	0
258.0	0
259.0	0
257.0	0
258.0	0
257.0	0
258.0	0
258.0	0
258.0	0
215.0	1
259.0	0
256.0	0
257.0	0
258.0	0
257.0	0
258.0	0
152.0	1
257.0	0
257.0	0
259.0	0
257.0	0
254.0	0
258.0	0
139.0	2
105.0	3
218.0	1
125.0	6
83.0	7
111.0	4
108.0	21
129.0	11
137.0	4
176.0	3
151.0	1
260.0	0
259.0	0
262.0	0
261.0	0
259.0	0
262.0	0
259.0	0
265.0	0
262.0	0
265.0	0
266.0	0
267.0	0
263.0	0
268.0	0
268.0	0
266.0	0
266.0	0
266.0	0
263.0	0
261.0	0
260.0	0
263.0	0
265.0	0
263.0	0
262.0	0
260.0	0
262.0	0
263.0	0
265.0	0
264.0	0
262.0	0
262.0	0
263.0	0
263.0	0
262.0	0
263.0	0
260.0	0
190.0	1
262.0	0
258.0	0
258.0	0
261.0	0
261.0	0
258.0	0
260.0	0
259.0	0
259.0	0
257.0	0
259.0	0
256.0	0
178.0	1
92.0	2
257.0	0
257.0	0
259.0	0
257.0	0
257.0	0
260.0	0
148.0	1
65.0	1
117.0	1
234.0	1
141.0	8
72.0	18
101.0	15
98.0	24
101.0	17
79.0	26
73.0	18
73.0	16
153.0	3
257.0	1
226.0	1
258.0	1
257.0	0
259.0	0
260.0	0
260.0	0
262.0	0
260.0	0
263.0	0
263.0	0
265.0	0
262.0	0
262.0	0
262.0	0
123.0	1
262.0	0
264.0	0
263.0	0
266.0	0
265.0	0
265.0	0
262.0	0
265.0	0
266.0	0
265.0	0
261.0	0
267.0	0
263.0	0
263.0	0
263.0	0
261.0	0
263.0	0
261.0	0
261.0	0
258.0	0
261.0	0
205.0	1
260.0	0
261.0	0
258.0	0
258.0	0
59.0	1
235.0	1
259.0	0
256.0	1
259.0	0
260.0	0
258.0	0
256.0	0
258.0	0
256.0	0
71.0	3
257.0	0
256.0	0
257.0	0
207.0	1
27.0	2
232.0	1
164.0	2
89.0	5
95.0	6
131.0	6
128.0	8
126.0	14
98.0	28
91.0	22
104.0	39
58.0	33
105.0	29
68.0	11
133.0	4
256.0	0
166.0	1
255.0	0
256.0	0
256.0	0
260.0	0
260.0	0
257.0	0
260.0	0
259.0	0
261.0	0
260.0	0
262.0	0
261.0	0
261.0	0
260.0	0
261.0	0
263.0	0
261.0	0
261.0	0
264.0	0
263.0	0
262.0	0
262.0	0
262.0	0
265.0	0
263.0	0
263.0	0
260.0	0
262.0	0
261.0	0
261.0	0
260.0	0
259.0	0
260.0	0
261.0	0
153.0	1
257.0	0
258.0	0
260.0	0
255.0	0
259.0	0
87.0	1
256.0	0
259.0	0
255.0	0
253.0	1
258.0	0
108.0	2
158.0	1
144.0	2
203.0	1
255.0	0
246.0	1
194.0	1
256.0	0
169.0	1
99.0	2
190.0	3
79.0	5
118.0	6
88.0	10
101.0	20
47.0	20
56.0	26
74.0	26
94.0	33
89.0	40
114.0	47
90.0	24
118.0	8
58.0	3
201.0	2
66.0	3
231.0	1
260.0	0
259.0	0
259.0	0
259.0	0
261.0	0
261.0	0
261.0	0
261.0	0
261.0	0
262.0	0
263.0	0
262.0	0
263.0	0
263.0	0
262.0	0
263.0	0
262.0	0
262.0	0
264.0	0
263.0	0
262.0	0
197.0	1
262.0	0
196.0	1
132.0	1
261.0	0
262.0	0
262.0	0
263.0	0
261.0	0
261.0	0
260.0	0
257.0	0
259.0	0
259.0	0
184.0	2
260.0	0
258.0	0
258.0	0
256.0	0
258.0	0
258.0	0
259.0	0
219.0	2
113.0	1
254.0	1
128.0	2
126.0	3
225.0	1
86.0	2
236.0	1
256.0	0
144.0	4
258.0	0
64.0	3
171.0	3
107.0	6
51.0	13
86.0	23
56.0	26
41.0	35
73.0	24
58.0	38
56.0	41
35.0	50
80.0	35
111.0	21
130.0	9
51.0	6
259.0	0
259.0	0
260.0	0
259.0	0
262.0	0
262.0	0
262.0	0
263.0	0
263.0	0
263.0	0
265.0	0
265.0	0
96.0	1
266.0	0
265.0	0
267.0	0
266.0	0
265.0	0
264.0	0
263.0	0
264.0	0
257.0	1
263.0	0
36.0	1
263.0	0
240.0	1
264.0	0
197.0	1
264.0	0
157.0	1
264.0	0
50.0	1
263.0	0
108.0	2
262.0	0
262.0	0
261.0	0
181.0	2
260.0	0
259.0	0
213.0	1
30.0	1
228.0	1
258.0	0
207.0	1
136.0	2
232.0	1
158.0	2
260.0	0
171.0	2
96.0	4
51.0	1
205.0	2
260.0	0
175.0	3
100.0	3
107.0	1
124.0	2
147.0	6
73.0	10
85.0	21
94.0	21
13.0	40
69.0	52
29.0	44
28.0	58
32.0	58
61.0	58
65.0	37
65.0	20
160.0	11
163.0	3
260.0	0
260.0	0
173.0	1
260.0	0
257.0	0
259.0	0
262.0	0
261.0	0
264.0	0
261.0	0
265.0	0
262.0	0
265.0	0
264.0	0
265.0	0
267.0	0
267.0	0
268.0	0
264.0	0
264.0	0
262.0	1
264.0	0
264.0	0
265.0	0
263.0	0
187.0	2
263.0	0
262.0	0
263.0	0
264.0	0
194.0	1
53.0	1
108.0	2
220.0	2
262.0	0
119.0	2
129.0	1
34.0	3
90.0	2
214.0	2
247.0	1
73.0	2
149.0	3
258.0	0
114.0	5
128.0	3
124.0	3
253.0	1
42.0	5
102.0	5
97.0	5
124.0	5
113.0	3
37.0	4
60.0	5
108.0	3
211.0	1
115.0	6
49.0	9
91.0	12
81.0	16
88.0	40
15.0	48
50.0	56
15.0	75
34.0	73
66.0	68
69.0	64
59.0	44
58.0	20
94.0	11
142.0	2
259.0	0
194.0	2
84.0	2
189.0	1
260.0	0
261.0	0
262.0	0
262.0	0
173.0	1
263.0	0
264.0	0
262.0	0
265.0	0
264.0	0
265.0	0
264.0	0
263.0	0
264.0	0
263.0	0
264.0	0
264.0	0
264.0	0
262.0	0
153.0	1
192.0	1
183.0	2
262.0	0
102.0	1
86.0	1
258.0	0
99.0	2
111.0	2
121.0	3
44.0	2
111.0	4
148.0	3
149.0	4
49.0	4
93.0	5
55.0	6
78.0	5
20.0	6
65.0	8
184.0	4
85.0	5
194.0	1
95.0	4
54.0	10
243.0	1
42.0	7
72.0	6
142.0	6
88.0	3
148.0	2
102.0	3
53.0	7
119.0	5
137.0	13
90.0	13
82.0	21
91.0	22
80.0	51
48.0	76
62.0	66
27.0	73
35.0	80
63.0	87
40.0	61
39.0	49
98.0	18
70.0	12
115.0	6
164.0	3
185.0	1
214.0	1
261.0	0
126.0	2
259.0	0
263.0	0
259.0	0
263.0	0
263.0	0
261.0	0
263.0	0
261.0	0
264.0	0
264.0	0
265.0	0
264.0	0
263.0	0
263.0	0
262.0	0
264.0	0
263.0	0
262.0	0
60.0	4
263.0	0
262.0	0
140.0	5
62.0	2
264.0	0
57.0	3
61.0	6
50.0	7
107.0	5
55.0	4
97.0	4
61.0	3
75.0	8
130.0	7
52.0	14
102.0	7
40.0	6
101.0	9
57.0	12
73.0	4
101.0	3
112.0	5
229.0	1
127.0	2
119.0	7
86.0	6
137.0	8
76.0	9
113.0	9
11.0	13
6.0	4
114.0	11
41.0	13
109.0	15
90.0	14
56.0	26
81.0	29
54.0	61
52.0	59
22.0	77
79.0	82
44.0	80
46.0	66
53.0	57
121.0	26
77.0	24
104.0	15
103.0	5
116.0	2
81.0	3
238.0	1
262.0	0
262.0	0
261.0	0
131.0	1
260.0	0
261.0	0
263.0	0
172.0	1
266.0	0
129.0	1
264.0	0
37.0	1
265.0	0
90.0	1
264.0	0
264.0	0
265.0	0
264.0	0
42.0	1
263.0	0
266.0	0
217.0	2
217.0	1
132.0	2
146.0	3
92.0	3
83.0	4
112.0	1
116.0	7
80.0	9
151.0	3
116.0	8
132.0	9
135.0	9
120.0	10
107.0	9
26.0	13
190.0	5
52.0	7
178.0	5
21.0	8
95.0	3
171.0	1
97.0	4
228.0	3
73.0	5
110.0	5
30.0	9
71.0	4
63.0	8
138.0	4
120.0	5
94.0	9
86.0	5
79.0	12
67.0	24
30.0	32
82.0	47
96.0	59
36.0	57
36.0	70
11.0	82
31.0	57
90.0	56
56.0	24
67.0	27
114.0	16
93.0	4
69.0	3
162.0	1
200.0	1
119.0	2
165.0	2
259.0	0
190.0	1
262.0	0
261.0	0
264.0	0
85.0	2
263.0	0
153.0	1
265.0	0
194.0	1
206.0	1
265.0	0
263.0	0
134.0	1
73.0	1
262.0	0
263.0	0
263.0	0
265.0	0
105.0	3
61.0	4
181.0	1
124.0	5
154.0	2
81.0	1
74.0	4
80.0	7
74.0	9
26.0	9
84.0	4
45.0	6
33.0	10
104.0	11
46.0	16
66.0	20
56.0	16
84.0	12
19.0	12
98.0	4
209.0	1
263.0	0
266.0	0
212.0	2
262.0	0
204.0	2
88.0	1
216.0	1
92.0	3
196.0	3
76.0	5
117.0	3
112.0	7
95.0	8
128.0	10
116.0	16
47.0	23
54.0	34
47.0	59
85.0	63
61.0	72
90.0	57
90.0	53
71.0	52
101.0	28
32.0	20
96.0	15
73.0	8
101.0	5
167.0	2
120.0	2
168.0	1
261.0	0
259.0	0
264.0	0
263.0	0
264.0	0
264.0	0
265.0	0
265.0	0
265.0	0
266.0	0
267.0	0
264.0	0
262.0	0
189.0	1
264.0	0
212.0	1
262.0	1
258.0	1
265.0	0
134.0	1
266.0	0
239.0	1
120.0	4
266.0	0
111.0	3
89.0	5
179.0	5
65.0	11
89.0	9
37.0	11
58.0	17
50.0	12
73.0	8
24.0	14
49.0	18
63.0	22
41.0	19
89.0	8
33.0	3
172.0	6
200.0	2
212.0	1
179.0	2
167.0	2
201.0	1
52.0	1
41.0	1
216.0	1
261.0	0
154.0	1
116.0	4
162.0	2
69.0	8
103.0	9
107.0	11
87.0	22
85.0	32
67.0	36
55.0	63
63.0	73
98.0	60
57.0	34
89.0	36
29.0	32
97.0	22
82.0	15
102.0	6
102.0	7
147.0	3
165.0	2
186.0	2
260.0	0
259.0	0
123.0	1
155.0	1
262.0	0
262.0	0
262.0	0
263.0	0
264.0	0
264.0	0
264.0	0
217.0	1
265.0	0
264.0	0
264.0	0
264.0	0
87.0	1
253.0	1
261.0	0
100.0	1
264.0	0
221.0	2
261.0	0
92.0	3
114.0	5
22.0	7
80.0	6
116.0	4
93.0	13
82.0	11
65.0	12
55.0	13
49.0	15
65.0	18
51.0	36
36.0	28
50.0	23
60.0	18
18.0	11
82.0	5
165.0	1
30.0	4
171.0	1
263.0	0
223.0	1
263.0	0
263.0	0
263.0	0
263.0	0
121.0	1
260.0	0
153.0	1
44.0	3
61.0	3
41.0	10
76.0	25
17.0	30
64.0	28
63.0	34
76.0	62
49.0	64
54.0	51
71.0	41
50.0	37
72.0	31
51.0	22
90.0	14
89.0	9
87.0	4
131.0	3
260.0	0
150.0	2
263.0	0
262.0	0
262.0	0
262.0	0
264.0	0
212.0	1
263.0	0
265.0	0
261.0	0
264.0	0
122.0	1
266.0	0
265.0	0
112.0	1
204.0	1
171.0	1
264.0	0
263.0	0
265.0	0
229.0	1
262.0	0
263.0	0
142.0	1
252.0	1
37.0	6
47.0	6
109.0	6
89.0	12
44.0	11
82.0	11
81.0	17
60.0	7
44.0	22
57.0	28
16.0	36
37.0	38
14.0	31
42.0	19
91.0	14
22.0	6
77.0	2
101.0	2
161.0	1
171.0	1
59.0	2
266.0	0
266.0	0
191.0	1
176.0	3
260.0	2
144.0	1
155.0	3
46.0	5
91.0	4
153.0	12
121.0	5
18.0	17
82.0	36
26.0	40
54.0	52
61.0	49
13.0	59
68.0	33
56.0	30
84.0	22
51.0	26
32.0	13
75.0	5
91.0	4
125.0	3
132.0	2
263.0	0
259.0	0
200.0	1
263.0	0
167.0	1
200.0	1
261.0	0
263.0	0
263.0	0
265.0	0
262.0	0
265.0	0
264.0	0
262.0	0
265.0	0
266.0	0
263.0	0
265.0	0
267.0	0
229.0	1
100.0	2
264.0	0
264.0	0
149.0	2
189.0	2
71.0	4
48.0	6
36.0	10
30.0	10
39.0	14
44.0	23
24.0	16
43.0	18
22.0	27
18.0	33
27.0	42
49.0	28
42.0	30
58.0	11
53.0	8
84.0	5
17.0	1
181.0	1
264.0	0
110.0	1
247.0	1
142.0	1
157.0	2
163.0	3
165.0	2
265.0	0
151.0	2
168.0	2
47.0	4
138.0	5
28.0	12
45.0	19
47.0	34
65.0	44
41.0	45
26.0	55
45.0	51
54.0	51
50.0	39
84.0	33
5.0	25
53.0	15
34.0	12
71.0	12
170.0	4
255.0	0
188.0	1
260.0	0
259.0	0
257.0	0
260.0	0
260.0	0
261.0	0
118.0	1
260.0	0
261.0	0
261.0	0
261.0	0
263.0	0
263.0	0
263.0	0
263.0	0
103.0	1
263.0	0
263.0	0
262.0	0
262.0	0
261.0	0
263.0	0
260.0	1
116.0	5
69.0	4
81.0	5
104.0	10
137.0	7
21.0	18
70.0	15
30.0	17
66.0	24
62.0	17
10.0	43
40.0	38
30.0	60
37.0	31
20.0	25
61.0	9
121.0	2
151.0	2
6.0	2
12.0	2
269.0	0
15.0	1
147.0	1
184.0	1
14.0	2
143.0	4
50.0	5
145.0	3
115.0	3
23.0	5
242.0	2
13.0	4
137.0	7
97.0	16
40.0	28
81.0	24
94.0	36
19.0	38
90.0	40
81.0	26
75.0	39
21.0	26
53.0	22
62.0	21
103.0	12
109.0	9
79.0	2
83.0	2
138.0	1
226.0	1
124.0	1
261.0	0
260.0	0
200.0	1
262.0	0
261.0	0
264.0	0
262.0	0
263.0	0
262.0	0
263.0	0
263.0	0
264.0	0
264.0	0
261.0	0
262.0	0
263.0	0
264.0	0
263.0	0
190.0	1
197.0	2
264.0	0
84.0	5
61.0	3
149.0	5
64.0	12
78.0	13
52.0	30
44.0	21
46.0	33
49.0	30
35.0	40
6.0	59
13.0	52
21.0	50
25.0	25
74.0	15
134.0	4
56.0	2
137.0	1
268.0	0
271.0	0
80.0	2
230.0	1
268.0	0
51.0	3
51.0	6
61.0	12
59.0	7
153.0	4
204.0	1
154.0	7
58.0	4
113.0	6
66.0	8
39.0	15
109.0	23
108.0	22
34.0	48
65.0	34
45.0	27
8.0	52
101.0	21
66.0	22
20.0	33
93.0	12
104.0	12
53.0	15
149.0	7
92.0	2
236.0	1
103.0	1
261.0	0
259.0	0
158.0	1
261.0	0
259.0	0
262.0	0
263.0	0
263.0	0
264.0	0
262.0	0
263.0	0
262.0	0
193.0	1
263.0	0
261.0	0
263.0	0
263.0	0
263.0	0
262.0	0
111.0	1
262.0	0
51.0	4
110.0	4
46.0	6
108.0	11
68.0	19
54.0	41
7.0	26
48.0	33
38.0	34
23.0	47
43.0	48
23.0	56
29.0	71
30.0	45
18.0	11
97.0	4
271.0	0
92.0	1
271.0	0
268.0	0
270.0	0
267.0	0
148.0	2
150.0	2
119.0	3
179.0	3
19.0	7
21.0	8
10.0	8
197.0	3
50.0	5
38.0	10
20.0	8
82.0	9
66.0	14
82.0	23
61.0	18
23.0	39
34.0	50
40.0	45
47.0	44
75.0	36
80.0	35
28.0	34
71.0	22
92.0	16
46.0	21
98.0	6
49.0	3
259.0	0
133.0	3
260.0	0
84.0	2
259.0	0
259.0	0
260.0	0
262.0	0
262.0	0
193.0	1
261.0	0
262.0	0
263.0	0
264.0	0
262.0	0
263.0	0
263.0	0
263.0	0
263.0	0
261.0	0
264.0	0
262.0	0
265.0	0
139.0	2
88.0	7
95.0	10
84.0	19
17.0	38
18.0	59
17.0	53
27.0	44
26.0	40
2.0	69
34.0	61
56.0	57
42.0	36
52.0	20
60.0	4
267.0	0
270.0	0
23.0	1
226.0	1
267.0	0
268.0	0
268.0	0
269.0	0
66.0	1
269.0	0
188.0	2
142.0	1
170.0	3
96.0	4
147.0	2
193.0	2
110.0	3
127.0	4
67.0	5
61.0	17
125.0	8
35.0	25
5.0	41
45.0	47
67.0	47
30.0	55
25.0	41
33.0	46
46.0	33
48.0	27
11.0	26
22.0	15
106.0	8
136.0	3
141.0	1
260.0	0
59.0	1
208.0	1
260.0	0
263.0	0
261.0	0
264.0	0
264.0	0
264.0	0
264.0	0
264.0	0
263.0	0
264.0	0
265.0	0
265.0	0
261.0	0
262.0	0
264.0	0
265.0	0
265.0	0
265.0	1
264.0	0
151.0	2
204.0	2
55.0	17
29.0	27
14.0	119
50.0	153
61.0	139
38.0	117
36.0	68
18.0	82
7.0	91
15.0	63
82.0	23
137.0	3
151.0	3
271.0	0
273.0	0
272.0	0
35.0	1
274.0	0
272.0	0
269.0	0
274.0	0
271.0	0
272.0	0
272.0	0
179.0	1
93.0	2
239.0	1
268.0	0
122.0	1
160.0	3
268.0	0
155.0	4
94.0	4
109.0	10
111.0	8
27.0	30
33.0	53
72.0	58
8.0	60
72.0	62
23.0	56
48.0	44
47.0	29
56.0	20
30.0	17
131.0	13
78.0	3
181.0	1
200.0	1
262.0	0
262.0	0
263.0	0
263.0	0
264.0	0
263.0	0
264.0	0
264.0	0
265.0	0
264.0	0
265.0	0
264.0	0
264.0	0
265.0	0
265.0	0
265.0	0
264.0	0
266.0	0
265.0	0
263.0	0
229.0	1
73.0	1
42.0	6
109.0	23
53.0	133
22.0	462
41.0	712
28.0	385
53.0	164
38.0	125
11.0	126
19.0	95
26.0	38
47.0	11
124.0	1
274.0	0
275.0	0
275.0	0
44.0	1
275.0	0
276.0	0
271.0	0
271.0	0
275.0	0
274.0	0
270.0	0
270.0	0
130.0	1
273.0	0
273.0	0
271.0	0
268.0	0
266.0	0
266.0	0
213.0	1
167.0	1
108.0	7
62.0	7
32.0	22
85.0	33
9.0	57
18.0	71
49.0	84
18.0	63
50.0	52
56.0	49
35.0	26
44.0	5
117.0	3
110.0	1
27.0	1
259.0	0
259.0	0
261.0	0
259.0	0
260.0	0
261.0	0
261.0	0
262.0	0
263.0	0
264.0	0
264.0	0
264.0	0
266.0	0
264.0	0
265.0	0
264.0	0
262.0	0
263.0	0
265.0	0
266.0	0
264.0	1
265.0	0
107.0	2
93.0	6
64.0	50
40.0	441
14.0	1434
7.0	1266
5.0	429
12.0	244
12.0	187
26.0	115
45.0	42
88.0	8
39.0	3
272.0	0
273.0	0
271.0	0
272.0	0
272.0	0
273.0	0
273.0	0
274.0	0
273.0	0
272.0	0
272.0	0
271.0	0
271.0	0
271.0	0
271.0	0
269.0	0
267.0	0
269.0	0
267.0	0
269.0	0
224.0	1
267.0	0
105.0	4
83.0	5
88.0	16
16.0	42
12.0	78
22.0	74
50.0	64
31.0	59
34.0	53
36.0	35
87.0	8
91.0	9
259.0	0
261.0	0
262.0	0
263.0	0
258.0	0
76.0	1
263.0	0
260.0	0
261.0	0
262.0	0
258.0	0
262.0	0
264.0	0
263.0	0
264.0	0
261.0	0
264.0	0
263.0	0
263.0	0
265.0	0
264.0	0
267.0	0
266.0	0
264.0	0
269.0	0
161.0	1
97.0	13
47.0	100
34.0	618
41.0	1156
32.0	576
23.0	243
30.0	161
23.0	76
52.0	32
96.0	8
121.0	3
271.0	0
173.0	1
275.0	0
273.0	0
276.0	0
277.0	0
274.0	0
273.0	0
275.0	0
275.0	0
276.0	0
274.0	0
273.0	0
272.0	0
270.0	0
274.0	0
272.0	0
271.0	0
271.0	0
266.0	0
269.0	0
269.0	0
264.0	0
135.0	2
130.0	5
45.0	18
22.0	47
5.0	53
24.0	64
21.0	53
31.0	39
12.0	24
78.0	10
128.0	3
260.0	0
260.0	0
262.0	0
258.0	0
262.0	0
259.0	0
259.0	0
262.0	0
261.0	0
262.0	0
259.0	0
263.0	0
189.0	1
262.0	0
265.0	0
264.0	0
264.0	0
265.0	0
262.0	0
265.0	0
266.0	0
265.0	0
266.0	0
265.0	0
267.0	0
268.0	0
97.0	1
62.0	8
55.0	64
18.0	280
43.0	245
20.0	156
38.0	90
63.0	25
27.0	15
74.0	2
274.0	0
277.0	0
274.0	0
273.0	0
276.0	0
271.0	0
276.0	0
277.0	0
275.0	0
276.0	0
276.0	0
277.0	0
275.0	0
275.0	0
275.0	0
275.0	0
271.0	0
273.0	0
274.0	0
273.0	0
269.0	0
268.0	0
267.0	0
269.0	0
103.0	1
265.0	0
117.0	3
48.0	13
14.0	26
56.0	36
21.0	33
70.0	26
45.0	19
51.0	9
105.0	2
136.0	1
180.0	1
257.0	0
261.0	0
257.0	0
258.0	0
259.0	0
259.0	0
259.0	0
260.0	0
261.0	0
262.0	0
262.0	0
263.0	0
260.0	0
263.0	0
264.0	0
263.0	0
263.0	0
262.0	0
264.0	0
265.0	0
266.0	0
266.0	0
264.0	0
267.0	0
180.0	1
78.0	2
155.0	5
72.0	19
43.0	52
57.0	52
14.0	28
59.0	19
98.0	1
271.0	1
274.0	0
275.0	0
146.0	1
274.0	0
273.0	0
276.0	0
275.0	0
275.0	0
275.0	0
273.0	0
277.0	0
275.0	0
274.0	0
274.0	0
274.0	0
274.0	0
274.0	0
272.0	0
271.0	0
269.0	0
271.0	0
269.0	0
266.0	0
269.0	0
266.0	0
268.0	0
265.0	0
55.0	2
37.0	7
27.0	18
12.0	20
67.0	12
188.0	2
104.0	3
180.0	1
261.0	0
258.0	0
259.0	0
256.0	0
260.0	0
257.0	0
259.0	0
262.0	0
260.0	0
259.0	0
259.0	0
260.0	0
262.0	0
261.0	0
261.0	0
263.0	0
261.0	0
263.0	0
264.0	0
265.0	0
263.0	0
264.0	0
264.0	0
266.0	0
268.0	0
270.0	0
268.0	0
269.0	0
57.0	2
147.0	4
50.0	8
35.0	13
52.0	10
69.0	2
219.0	1
274.0	0
275.0	0
276.0	0
276.0	0
276.0	0
278.0	0
276.0	0
278.0	0
278.0	0
278.0	0
278.0	0
277.0	0
278.0	0
279.0	0
277.0	0
276.0	0
276.0	0
271.0	0
276.0	0
275.0	0
272.0	0
272.0	0
268.0	0
272.0	0
271.0	0
83.0	1
266.0	0
267.0	0
267.0	0
143.0	1
142.0	3
76.0	7
151.0	4
179.0	4
113.0	1
259.0	0
263.0	0
262.0	0
263.0	0
261.0	0
259.0	0
258.0	0
260.0	0
261.0	0
258.0	0
259.0	0
257.0	0
261.0	0
260.0	0
258.0	0
261.0	0
259.0	0
263.0	0
263.0	0
258.0	0
263.0	0
264.0	0
265.0	0
266.0	0
266.0	0
267.0	0
269.0	0
267.0	0
269.0	0
270.0	0
272.0	0
127.0	2
220.0	2
140.0	5
167.0	1
213.0	1
275.0	0
274.0	0
276.0	0
278.0	0
276.0	0
278.0	0
277.0	0
276.0	0
278.0	0
278.0	0
279.0	0
277.0	0
276.0	0
278.0	0
277.0	0
278.0	0
272.0	0
272.0	0
274.0	0
276.0	0
269.0	0
272.0	0
272.0	0
270.0	0
270.0	0
270.0	0
266.0	0
267.0	0
267.0	0
266.0	0
264.0	0
214.0	1
61.0	2
265.0	0
262.0	0
263.0	0
263.0	0
263.0	0
263.0	0
257.0	0
260.0	0
261.0	0
256.0	0
257.0	0
258.0	0
258.0	0
260.0	0
260.0	0
259.0	0
260.0	0
263.0	0
263.0	0
260.0	0
263.0	0
264.0	0
259.0	0
259.0	0
262.0	0
266.0	0
266.0	0
268.0	0
267.0	0
268.0	0
269.0	0
271.0	0
271.0	0
272.0	0
89.0	3
272.0	0
139.0	2
275.0	0
277.0	0
276.0	0
277.0	0
280.0	0
278.0	0
277.0	0
276.0	0
280.0	0
278.0	0
280.0	0
278.0	0
280.0	0
276.0	0
278.0	0
279.0	0
274.0	0
277.0	0
277.0	0
273.0	0
274.0	0
273.0	0
274.0	0
273.0	0
273.0	0
271.0	0
271.0	0
271.0	0
267.0	0
267.0	0
268.0	0
267.0	0
64.0	1
263.0	0
263.0	0
265.0	0
263.0	0
263.0	0
261.0	0
260.0	0
260.0	0
258.0	0
259.0	0
259.0	0
257.0	0
258.0	0
258.0	0
256.0	0
256.0	0
259.0	0
260.0	0
259.0	0
261.0	0
261.0	0
259.0	0
264.0	0
262.0	0
261.0	0
264.0	0
264.0	0
266.0	0
265.0	0
267.0	0
268.0	0
269.0	0
271.0	0
271.0	0
273.0	0
274.0	0
275.0	0
210.0	1
276.0	0
276.0	0
276.0	0
276.0	0
279.0	0
280.0	0
280.0	0
279.0	0
280.0	0
280.0	0
279.0	0
281.0	0
278.0	0
277.0	0
280.0	0
281.0	0
278.0	0
279.0	0
278.0	0
277.0	0
277.0	0
276.0	0
275.0	0
273.0	0
273.0	0
271.0	0
271.0	0
269.0	0
269.0	0
270.0	0
267.0	0
265.0	0
267.0	0
267.0	0
264.0	0
263.0	0
205.0	1
112.0	1
261.0	0
261.0	0
260.0	0
259.0	0
255.0	0
259.0	0
258.0	0
260.0	0
256.0	0
256.0	0
258.0	0
258.0	0
259.0	0
259.0	0
258.0	0
260.0	0
260.0	0
260.0	0
264.0	0
263.0	0
264.0	0
266.0	0
265.0	0
265.0	0
267.0	0
269.0	0
270.0	0
270.0	0
272.0	0
271.0	0
274.0	0
277.0	0
279.0	0
278.0	0
276.0	0
278.0	0
274.0	0
276.0	0
281.0	0
279.0	0
279.0	0
278.0	0
281.0	0
280.0	0
279.0	0
281.0	0
281.0	0
277.0	0
279.0	0
279.0	0
275.0	0
276.0	0
274.0	0
273.0	0
275.0	0
272.0	0
272.0	0
272.0	0
273.0	0
269.0	0
270.0	0
270.0	0
270.0	0
269.0	0
269.0	0
266.0	0
265.0	0
264.0	0
264.0	0
262.0	0
263.0	0
262.0	0
260.0	0
257.0	0
259.0	0
257.0	0
258.0	0
259.0	0
257.0	0
257.0	0
259.0	0
259.0	0
259.0	0
258.0	0
260.0	0
260.0	0
260.0	0
262.0	0
262.0	0
262.0	0
264.0	0
266.0	0
266.0	0
266.0	0
269.0	0
270.0	0
268.0	0
271.0	0
272.0	0
274.0	0
273.0	0
273.0	0
274.0	0
276.0	0
276.0	0
276.0	0
276.0	0
276.0	0
279.0	0
280.0	0
280.0	0
278.0	0
281.0	0
280.0	0
280.0	0
280.0	0
280.0	0
280.0	0
281.0	0
279.0	0
280.0	0
279.0	0
278.0	0
278.0	0
277.0	0
276.0	0
275.0	0
273.0	0
273.0	0
274.0	0
272.0	0
273.0	0
272.0	0
271.0	0
272.0	0
269.0	0
269.0	0
267.0	0
267.0	0
266.0	0
262.0	0
265.0	0
262.0	0
264.0	0
262.0	0
259.0	0
257.0	0
259.0	0
259.0	0
260.0	0
260.0	0
260.0	0
260.0	0
261.0	0
258.0	0
260.0	0
260.0	0
260.0	0
261.0	0
265.0	0
263.0	0
263.0	0
265.0	0
266.0	0
265.0	0
268.0	0
268.0	0
270.0	0
272.0	0
273.0	0
273.0	0
275.0	0
273.0	0
274.0	0
277.0	0
278.0	0
278.0	0
278.0	0
279.0	0
279.0	0
281.0	0
279.0	0
279.0	0
282.0	0
281.0	0
282.0	0
282.0	0
279.0	0
282.0	0
281.0	0
281.0	0
280.0	0
281.0	0
281.0	0
280.0	0
280.0	0
279.0	0
276.0	0
276.0	0
278.0	0
273.0	0
275.0	0
271.0	0
272.0	0
270.0	0
270.0	0
270.0	0
268.0	0
269.0	0
268.0	0
266.0	0
264.0	0
265.0	0
263.0	0
263.0	0
262.0	0
262.0	0
259.0	0
261.0	0
262.0	0
256.0	0
259.0	0
259.0	0
260.0	0
259.0	0
258.0	0
257.0	0
260.0	0
260.0	0
261.0	0
262.0	0
261.0	0
266.0	0
266.0	0
266.0	0
267.0	0
270.0	0
271.0	0
272.0	0
272.0	0
272.0	0
273.0	0
273.0	0
275.0	0
273.0	0
277.0	0
277.0	0
277.0	0
279.0	0
279.0	0
279.0	0
280.0	0
281.0	0
281.0	0
281.0	0
281.0	0
282.0	0
279.0	0
280.0	0
280.0	0
279.0	0
279.0	0
279.0	0
280.0	0
280.0	0
281.0	0
275.0	0
278.0	0
276.0	0
275.0	0
275.0	0
269.0	0
272.0	0
270.0	0
270.0	0
269.0	0
272.0	0
271.0	0
268.0	0
266.0	0
263.0	0
265.0	0
266.0	0
264.0	0
262.0	0
264.0	0
262.0	0
262.0	0
259.0	0
260.0	0
254.0	0
257.0	0
256.0	0
259.0	0
256.0	0
256.0	0
256.0	0
256.0	0
257.0	0
257.0	0
257.0	0
260.0	0
258.0	0
261.0	0
261.0	0
264.0	0
263.0	0
267.0	0
269.0	0
270.0	0
270.0	0
272.0	0
271.0	0
272.0	0
273.0	0
271.0	0
274.0	0
275.0	0
276.0	0
276.0	0
275.0	0
277.0	0
279.0	0
278.0	0
278.0	0
280.0	0
279.0	0
279.0	0
280.0	0
278.0	0
279.0	0
280.0	0
280.0	0
280.0	0
279.0	0
280.0	0
279.0	0
276.0	0
276.0	0
274.0	0
274.0	0
271.0	0
272.0	0
271.0	0
270.0	0
269.0	0
269.0	0
266.0	0
267.0	0
266.0	0
265.0	0
265.0	0
264.0	0
264.0	0
262.0	0
261.0	0
261.0	0
260.0	0
259.0	0
259.0	0
258.0	0
257.0	0
258.0	0
257.0	0
255.0	0
257.0	0
256.0	0
254.0	0
256.0	0
257.0	0
256.0	0
258.0	0
260.0	0
260.0	0
263.0	0
263.0	0
261.0	0
265.0	0
268.0	0
268.0	0
271.0	0
272.0	0
270.0	0
271.0	0
270.0	0
276.0	0
277.0	0
274.0	0
275.0	0
276.0	0
277.0	0
276.0	0
281.0	0
278.0	0
282.0	0
280.0	0
281.0	0
282.0	0
279.0	0
281.0	0
282.0	0
278.0	0
282.0	0
283.0	0
280.0	0
279.0	0
278.0	0
279.0	0
277.0	0
276.0	0
277.0	0
273.0	0
274.0	0
275.0	0
274.0	0
272.0	0
269.0	0
270.0	0
269.0	0
270.0	0
268.0	0
265.0	0
266.0	0
263.0	0
265.0	0
261.0	0
261.0	0
263.0	0
261.0	0
262.0	0
260.0	0
259.0	0
259.0	0
260.0	0
257.0	0
259.0	0
259.0	0
257.0	0
257.0	0
260.0	0
256.0	0
255.0	0
258.0	0
257.0	0
258.0	0
261.0	0
261.0	0
262.0	0
265.0	0
268.0	0
267.0	0
268.0	0
271.0	0
270.0	0
270.0	0
272.0	0
271.0	0
274.0	0
275.0	0
277.0	0
276.0	0
278.0	0
279.0	0
281.0	0
282.0	0
279.0	0
280.0	0
279.0	0
282.0	0
280.0	0
282.0	0
281.0	0
284.0	0
284.0	0
282.0	0
282.0	0
278.0	0
281.0	0
280.0	0
279.0	0
281.0	0
277.0	0
277.0	0
274.0	0
270.0	0
273.0	0
270.0	0
271.0	0
271.0	0
271.0	0
268.0	0
268.0	0
265.0	0
266.0	0
266.0	0
264.0	0
263.0	0
264.0	0
261.0	0
260.0	0
260.0	0
260.0	0
259.0	0
256.0	0
258.0	0
257.0	0
255.0	0
258.0	0
257.0	0
256.0	0
255.0	0
257.0	0
256.0	0
259.0	0
260.0	0
262.0	0
260.0	0
264.0	0
266.0	0
265.0	0
266.0	0
267.0	0
269.0	0
270.0	0
271.0	0
272.0	0
271.0	0
275.0	0
272.0	0
274.0	0
275.0	0
277.0	0
277.0	0
277.0	0
279.0	0
279.0	0
279.0	0
280.0	0
279.0	0
282.0	0
284.0	0
280.0	0
281.0	0
281.0	0
283.0	0
282.0	0
281.0	0
282.0	0
282.0	0
284.0	0
284.0	0
283.0	0
280.0	0
279.0	0
276.0	0
276.0	0
276.0	0
274.0	0
274.0	0
273.0	0
272.0	0
269.0	0
270.0	0
269.0	0
269.0	0
266.0	0
267.0	0
265.0	0
263.0	0
263.0	0
262.0	0
261.0	0
258.0	0
260.0	0
259.0	0
259.0	0
257.0	0
260.0	0
259.0	0
259.0	0
257.0	0
260.0	0
257.0	0
258.0	0
256.0	0
259.0	0
261.0	0
259.0	0
258.0	0
261.0	0
262.0	0
263.0	0
265.0	0
268.0	0
268.0	0
271.0	0
271.0	0
272.0	0
272.0	0
274.0	0
273.0	0
275.0	0
275.0	0
276.0	0
278.0	0
278.0	0
279.0	0
279.0	0
280.0	0
280.0	0
282.0	0
279.0	0
282.0	0
282.0	0
283.0	0
283.0	0
283.0	0
281.0	0
280.0	0
281.0	0
277.0	0
281.0	0
277.0	0
276.0	0
276.0	0
278.0	0
275.0	0
275.0	0
272.0	0
272.0	0
271.0	0
268.0	0
268.0	0
267.0	0
267.0	0
265.0	0
267.0	0
263.0	0
265.0	0
262.0	0
261.0	0
259.0	0
261.0	0
259.0	0
258.0	0
256.0	0
258.0	0
259.0	0
255.0	0
257.0	0
259.0	0
257.0	0
258.0	0
258.0	0
259.0	0
258.0	0
258.0	0
259.0	0
258.0	0
262.0	0
259.0	0
261.0	0
263.0	0
265.0	0
263.0	0
266.0	0
266.0	0
269.0	0
272.0	0
273.0	0
273.0	0
273.0	0
273.0	0
276.0	0
276.0	0
277.0	0
277.0	0
278.0	0
282.0	0
279.0	0
281.0	0
281.0	0
282.0	0
284.0	0
282.0	0
281.0	0
283.0	0
280.0	0
283.0	0
281.0	0
282.0	0
281.0	0
280.0	0
277.0	0
278.0	0
278.0	0
277.0	0
274.0	0
275.0	0
271.0	0
272.0	0
271.0	0
273.0	0
269.0	0
267.0	0
267.0	0
267.0	0
266.0	0
264.0	0
264.0	0
262.0	0
262.0	0
262.0	0
262.0	0
259.0	0
259.0	0
257.0	0
257.0	0
256.0	0
258.0	0
259.0	0
258.0	0
260.0	0
256.0	0
256.0	0
259.0	0
258.0	0
260.0	0
261.0	0
261.0	0
259.0	0
263.0	0
262.0	0
263.0	0
262.0	0
267.0	0
268.0	0
271.0	0
273.0	0
270.0	0
269.0	0
236.0	1
276.0	0
274.0	0
276.0	0
278.0	0
276.0	0
276.0	0
278.0	0
279.0	0
281.0	0
278.0	0
279.0	0
281.0	0
282.0	0
285.0	0
280.0	0
283.0	0
280.0	0
281.0	0
280.0	0
283.0	0
283.0	0
282.0	0
280.0	0
279.0	0
278.0	0
275.0	0
278.0	0
273.0	0
275.0	0
269.0	0
272.0	0
270.0	0
267.0	0
270.0	0
77.0	1
264.0	0
265.0	0
263.0	0
265.0	0
264.0	0
264.0	0
259.0	0
260.0	0
260.0	0
259.0	0
259.0	0
258.0	0
259.0	0
258.0	0
257.0	0
258.0	0
258.0	0
258.0	0
257.0	0
257.0	0
259.0	0
260.0	0
259.0	0
263.0	0
261.0	0
260.0	0
262.0	0
267.0	0
265.0	0
268.0	0
270.0	0
271.0	0
272.0	0
273.0	0
275.0	0
274.0	0
273.0	0
277.0	0
278.0	0
280.0	0
278.0	0
280.0	0
280.0	0
279.0	0
279.0	0
282.0	0
283.0	0
281.0	0
283.0	0
283.0	0
282.0	0
282.0	0
285.0	0
283.0	0
284.0	0
283.0	0
283.0	0
279.0	0
279.0	0
283.0	0
281.0	0
282.0	0
278.0	0
275.0	0
274.0	0
278.0	0
109.0	1
272.0	0
269.0	0
270.0	0
270.0	0
267.0	0
266.0	0
267.0	0
264.0	0
264.0	0
266.0	0
259.0	0
265.0	0
261.0	0
262.0	0
258.0	0
259.0	0
259.0	0
261.0	0
257.0	0
259.0	0
260.0	0
260.0	0
262.0	0
258.0	0
261.0	0
257.0	0
257.0	0
261.0	0
258.0	0
260.0	0
261.0	0
264.0	0
263.0	0
266.0	0
263.0	0
266.0	0
268.0	0
270.0	0
268.0	0
273.0	0
274.0	0
272.0	0
271.0	0
277.0	0
277.0	0
276.0	0
280.0	0
279.0	0
278.0	0
278.0	0
282.0	0
280.0	0
281.0	0
281.0	0
283.0	0
282.0	0
282.0	0
284.0	0
279.0	0
283.0	0
281.0	0
279.0	0
280.0	0
277.0	0
279.0	0
276.0	0
277.0	0
272.0	0
274.0	0
275.0	0
271.0	0
273.0	0
270.0	0
269.0	0
49.0	1
267.0	0
148.0	1
144.0	1
265.0	0
266.0	0
259.0	0
260.0	0
260.0	0
261.0	0
260.0	0
257.0	0
261.0	0
257.0	0
259.0	0
260.0	0
258.0	0
260.0	0
258.0	0
260.0	0
259.0	0
263.0	0
260.0	0
262.0	0
261.0	0
260.0	0
258.0	0
261.0	0
258.0	0
261.0	0
262.0	0
261.0	0
265.0	0
266.0	0
268.0	0
103.0	2
236.0	1
83.0	2
106.0	1
274.0	0
275.0	0
275.0	0
275.0	0
277.0	0
277.0	0
277.0	0
279.0	0
279.0	0
279.0	0
280.0	0
280.0	0
278.0	0
281.0	0
280.0	0
280.0	0
280.0	0
281.0	0
282.0	0
279.0	0
277.0	0
277.0	0
275.0	0
278.0	0
278.0	0
274.0	0
274.0	0
274.0	0
272.0	0
271.0	0
187.0	1
183.0	2
41.0	7
101.0	7
70.0	4
80.0	4
166.0	1
265.0	0
261.0	0
264.0	0
258.0	0
258.0	0
258.0	0
260.0	0
257.0	0
258.0	0
261.0	0
259.0	0
258.0	0
259.0	0
260.0	0
258.0	0
260.0	0
259.0	0
258.0	0
257.0	0
262.0	0
258.0	0
258.0	0
259.0	0
262.0	0
263.0	0
262.0	0
261.0	0
262.0	0
264.0	0
268.0	0
268.0	0
121.0	1
241.0	1
71.0	1
235.0	1
182.0	1
273.0	0
275.0	0
276.0	0
274.0	0
277.0	0
278.0	0
277.0	0
280.0	0
279.0	0
280.0	0
277.0	0
279.0	0
280.0	0
283.0	0
280.0	0
282.0	0
282.0	0
282.0	0
279.0	0
279.0	0
279.0	0
275.0	0
277.0	0
277.0	0
275.0	0
276.0	0
177.0	1
270.0	0
34.0	1
35.0	10
53.0	21
36.0	19
59.0	13
44.0	11
56.0	4
75.0	4
261.0	0
261.0	0
263.0	0
258.0	0
261.0	0
261.0	0
261.0	0
259.0	0
259.0	0
260.0	0
261.0	0
259.0	0
261.0	0
259.0	0
259.0	0
261.0	0
260.0	0
257.0	0
261.0	0
261.0	0
261.0	0
260.0	0
262.0	0
263.0	0
263.0	0
262.0	0
71.0	2
263.0	0
266.0	0
267.0	0
165.0	1
107.0	3
99.0	1
82.0	4
128.0	3
271.0	0
272.0	0
274.0	0
275.0	0
275.0	0
277.0	0
277.0	0
275.0	0
279.0	0
280.0	0
280.0	0
279.0	0
277.0	0
279.0	0
282.0	0
278.0	0
279.0	0
282.0	0
280.0	0
281.0	0
280.0	0
279.0	0
278.0	0
277.0	0
276.0	0
273.0	0
66.0	1
224.0	1
35.0	7
30.0	16
42.0	23
35.0	38
38.0	28
31.0	16
56.0	9
57.0	4
177.0	1
58.0	1
262.0	0
261.0	0
259.0	0
262.0	0
259.0	0
261.0	0
258.0	0
260.0	0
256.0	0
256.0	0
260.0	0
260.0	0
259.0	0
259.0	0
258.0	0
261.0	0
258.0	0
257.0	0
261.0	0
261.0	0
259.0	0
262.0	0
264.0	0
265.0	0
261.0	0
265.0	0
199.0	2
265.0	0
56.0	1
270.0	0
141.0	1
192.0	1
78.0	4
89.0	1
39.0	3
113.0	1
273.0	0
274.0	0
275.0	0
272.0	0
276.0	0
276.0	0
275.0	0
277.0	0
281.0	0
276.0	0
281.0	0
281.0	0
282.0	0
280.0	0
282.0	0
279.0	0
276.0	0
281.0	0
277.0	0
279.0	0
278.0	0
277.0	0
274.0	0
252.0	1
99.0	5
78.0	5
17.0	19
33.0	25
34.0	36
32.0	29
24.0	24
47.0	15
136.0	4
39.0	5
78.0	1
264.0	0
263.0	0
223.0	1
261.0	0
259.0	0
261.0	0
258.0	0
259.0	0
259.0	0
258.0	0
261.0	0
260.0	0
260.0	0
257.0	0
261.0	0
260.0	0
260.0	0
259.0	0
261.0	0
258.0	0
259.0	0
260.0	0
258.0	0
258.0	0
259.0	0
262.0	0
262.0	0
108.0	1
264.0	0
263.0	0
106.0	2
269.0	0
267.0	0
267.0	0
272.0	0
272.0	0
271.0	0
273.0	0
272.0	0
272.0	0
274.0	0
278.0	0
275.0	0
276.0	0
275.0	0
276.0	0
279.0	0
277.0	1
277.0	0
279.0	0
277.0	0
276.0	0
278.0	0
276.0	0
273.0	0
275.0	0
276.0	0
274.0	0
211.0	1
232.0	1
60.0	4
34.0	8
48.0	19
34.0	16
41.0	15
39.0	24
44.0	11
40.0	5
240.0	1
262.0	0
54.0	2
51.0	3
173.0	1
258.0	0
259.0	0
260.0	0
258.0	0
258.0	0
258.0	0
257.0	0
258.0	0
258.0	0
259.0	0
257.0	0
258.0	0
259.0	0
258.0	0
259.0	0
259.0	0
260.0	0
258.0	0
259.0	0
161.0	2
111.0	1
259.0	0
260.0	0
262.0	0
262.0	0
262.0	0
262.0	0
265.0	0
265.0	0
267.0	0
266.0	0
267.0	0
269.0	0
268.0	0
271.0	0
270.0	0
270.0	0
272.0	0
272.0	0
89.0	1
274.0	0
276.0	0
276.0	0
276.0	0
259.0	1
277.0	0
144.0	1
140.0	2
276.0	0
278.0	0
277.0	0
156.0	1
276.0	0
276.0	0
275.0	0
23.0	1
273.0	0
63.0	1
40.0	6
59.0	11
32.0	10
96.0	5
28.0	13
41.0	7
18.0	6
264.0	0
241.0	1
259.0	0
262.0	0
262.0	0
260.0	0
259.0	0
258.0	0
259.0	0
256.0	0
257.0	0
258.0	0
257.0	0
260.0	0
259.0	0
50.0	1
258.0	0
260.0	0
260.0	0
261.0	0
259.0	0
260.0	0
258.0	0
259.0	0
259.0	0
259.0	0
259.0	0
189.0	1
259.0	0
263.0	0
260.0	0
261.0	0
260.0	0
263.0	0
191.0	1
265.0	0
265.0	0
265.0	0
268.0	0
270.0	0
271.0	0
270.0	0
271.0	0
272.0	0
271.0	0
273.0	0
273.0	0
274.0	0
275.0	0
276.0	0
275.0	0
162.0	2
55.0	2
275.0	0
65.0	1
30.0	1
158.0	1
234.0	1
151.0	1
147.0	1
189.0	1
273.0	0
115.0	1
20.0	2
96.0	4
118.0	4
52.0	4
52.0	6
183.0	4
96.0	2
112.0	2
238.0	1
263.0	0
141.0	1
263.0	0
264.0	0
261.0	0
261.0	0
260.0	0
259.0	0
260.0	0
259.0	0
258.0	0
259.0	0
259.0	0
261.0	0
259.0	0
258.0	0
259.0	0
260.0	0
261.0	0
260.0	0
256.0	0
258.0	0
202.0	1
260.0	0
261.0	0
258.0	0
259.0	0
262.0	0
261.0	0
263.0	0
263.0	0
261.0	0
260.0	0
264.0	0
264.0	0
266.0	0
267.0	0
266.0	1
268.0	0
270.0	0
271.0	0
271.0	0
272.0	0
273.0	0
272.0	0
274.0	0
274.0	0
274.0	0
276.0	0
276.0	0
276.0	0
276.0	0
276.0	0
233.0	1
276.0	0
274.0	0
277.0	0
170.0	1
277.0	0
277.0	0
276.0	0
114.0	1
125.0	1
122.0	3
65.0	3
160.0	3
37.0	3
270.0	0
267.0	0
151.0	1
265.0	0
264.0	0
263.0	0
265.0	0
261.0	0
262.0	0
263.0	0
261.0	0
260.0	0
261.0	0
262.0	0
235.0	1
259.0	0
260.0	0
257.0	0
260.0	0
259.0	0
258.0	0
260.0	0
260.0	0
260.0	0
262.0	0
260.0	0
259.0	0
262.0	0
260.0	0
262.0	0
263.0	0
262.0	0
259.0	0
264.0	0
264.0	0
266.0	0
263.0	0
263.0	0
266.0	0
264.0	0
263.0	0
265.0	0
269.0	0
268.0	0
267.0	0
272.0	0
272.0	0
272.0	0
273.0	0
270.0	0
269.0	0
276.0	0
276.0	0
276.0	0
273.0	0
278.0	0
275.0	0
276.0	0
274.0	0
277.0	0
276.0	0
271.0	0
276.0	0
274.0	0
274.0	0
274.0	0
83.0	2
60.0	1
271.0	0
274.0	0
272.0	0
269.0	0
142.0	1
265.0	0
125.0	1
268.0	0
269.0	0
268.0	0
265.0	0
264.0	0
263.0	0
259.0	0
262.0	0
265.0	0
262.0	0
261.0	0
264.0	0
262.0	0
261.0	0
262.0	0
261.0	0
261.0	0
260.0	0
195.0	1
264.0	0
263.0	0
107.0	1
229.0	1
264.0	0
261.0	0
264.0	0
262.0	0
265.0	0
264.0	0
264.0	0
262.0	0
262.0	0
261.0	0
262.0	0
263.0	0
264.0	0
263.0	0
265.0	0
265.0	0
266.0	0
266.0	0
268.0	0
268.0	0
268.0	0
268.0	0
271.0	0
270.0	0
272.0	0
272.0	0
271.0	0
271.0	0
273.0	0
273.0	0
273.0	0
274.0	0
275.0	0
274.0	0
275.0	0
274.0	0
273.0	0
273.0	0
273.0	0
271.0	0
272.0	0
271.0	0
271.0	0
216.0	1
271.0	0
269.0	0
267.0	0
265.0	0
265.0	0
264.0	0
264.0	0
264.0	0
264.0	0
262.0	0
260.0	0
260.0	0
261.0	0
259.0	0
261.0	0
261.0	0
261.0	0
259.0	0
260.0	0
260.0	0
259.0	0
258.0	0
259.0	0
259.0	0
260.0	0
259.0	0
258.0	0
204.0	1
259.0	0
260.0	0
261.0	0
258.0	0
260.0	0
261.0	0
260.0	0
263.0	0
264.0	0
263.0	0
265.0	0
264.0	0
265.0	0
262.0	0
264.0	0
264.0	0
267.0	0
266.0	0
267.0	0
266.0	0
269.0	0
270.0	0
273.0	0
270.0	0
269.0	0
271.0	0
272.0	0
271.0	0
275.0	0
275.0	0
273.0	0
272.0	0
274.0	0
273.0	0
275.0	0
275.0	0
273.0	0
211.0	1
272.0	0
273.0	0
271.0	0
270.0	0
271.0	0
272.0	0
271.0	0
268.0	0
270.0	0
265.0	0
266.0	0
265.0	0
264.0	0
262.0	0
260.0	0
260.0	0
263.0	0
262.0	0
259.0	0
261.0	0
261.0	0
260.0	0
259.0	0
258.0	0
261.0	0
261.0	0
257.0	0
263.0	0
258.0	0
260.0	0
261.0	0
261.0	0
260.0	0
259.0	0
258.0	0
261.0	0
261.0	0
261.0	0
264.0	0
262.0	0
263.0	0
265.0	0
263.0	0
261.0	0
261.0	0
264.0	0
263.0	0
263.0	0
263.0	0
265.0	0
265.0	0
263.0	0
266.0	0
268.0	0
267.0	0
265.0	0
270.0	0
270.0	0
272.0	0
271.0	0
267.0	0
271.0	0
271.0	0
273.0	0
274.0	0
271.0	0
272.0	0
273.0	0
271.0	0
273.0	0
271.0	0
270.0	0
271.0	0
271.0	0
272.0	0
270.0	0
271.0	0
268.0	0
270.0	0
268.0	0
268.0	0
266.0	0
265.0	0
264.0	0
263.0	0
262.0	0
261.0	0
260.0	0
259.0	0
260.0	0
260.0	0
261.0	0
259.0	0
258.0	0
262.0	0
259.0	0
259.0	0
257.0	0
260.0	0
258.0	0
260.0	0
263.0	0
260.0	0
260.0	0
260.0	0
263.0	0
262.0	0
263.0	0
261.0	0
262.0	0
262.0	0
261.0	0
263.0	0
262.0	0
264.0	0
260.0	0
265.0	0
264.0	0
264.0	0
264.0	0
261.0	0
265.0	0
265.0	0
266.0	0
265.0	0
268.0	0
268.0	0
267.0	0
265.0	0
269.0	0
269.0	0
268.0	0
271.0	0
274.0	0
270.0	0
270.0	0
271.0	0
273.0	0
271.0	0
273.0	0
273.0	0
273.0	0
274.0	0
272.0	0
270.0	0
270.0	0
272.0	0
269.0	0
270.0	0
266.0	0
267.0	0
267.0	0
267.0	0
266.0	0
264.0	0
263.0	0
263.0	0
262.0	0
261.0	0
264.0	0
262.0	0
262.0	0
257.0	0
256.0	0
256.0	0
260.0	0
262.0	0
262.0	0
260.0	0
260.0	0
261.0	0
259.0	0
260.0	0
262.0	0
259.0	0
263.0	0
260.0	0
262.0	0
263.0	0
262.0	0
263.0	0
261.0	0
261.0	0
261.0	0
261.0	0
264.0	0
263.0	0
263.0	0
258.0	0
262.0	0
261.0	0
263.0	0
264.0	0
263.0	0
262.0	0
262.0	0
265.0	0
264.0	0
266.0	0
267.0	0
268.0	0
268.0	0
269.0	0
267.0	0
268.0	0
271.0	0
269.0	0
270.0	0
269.0	0
270.0	0
269.0	0
272.0	0
271.0	0
268.0	0
269.0	0
267.0	0
269.0	0
269.0	0
269.0	0
270.0	0
269.0	0
265.0	0
268.0	0
264.0	0
263.0	0
266.0	0
263.0	0
263.0	0
260.0	0
262.0	0
262.0	0
262.0	0
261.0	0
259.0	0
260.0	0
260.0	0
258.0	0
259.0	0
259.0	0
258.0	0
258.0	0
257.0	0
259.0	0
259.0	0
261.0	0
261.0	0
260.0	0
262.0	0
260.0	0
263.0	0
263.0	0
261.0	0
261.0	0
262.0	0
260.0	0
262.0	0
261.0	0
262.0	0
263.0	0
261.0	0
261.0	0
264.0	0
262.0	0
263.0	0
265.0	0
264.0	0
264.0	0
262.0	0
266.0	0
264.0	0
265.0	0
268.0	0
267.0	0
268.0	0
268.0	0
270.0	0
268.0	0
269.0	0
270.0	0
268.0	0
273.0	0
271.0	0
272.0	0
272.0	0
270.0	0
268.0	0
269.0	0
269.0	0
271.0	0
270.0	0
269.0	0
268.0	0
268.0	0
266.0	0
266.0	0
265.0	0
266.0	0
265.0	0
264.0	0
263.0	0
262.0	0
261.0	0
262.0	0
262.0	0
261.0	0
261.0	0
259.0	0
261.0	0
260.0	0
260.0	0
261.0	0
260.0	0
259.0	0
261.0	0
260.0	0
261.0	0
261.0	0
260.0	0
262.0	0
261.0	0
263.0	0
263.0	0
261.0	0
260.0	0
260.0	0
264.0	0
263.0	0
262.0	0
259.0	0
265.0	0
263.0	0
263.0	0
260.0	0
262.0	0
262.0	0
264.0	0
262.0	0
265.0	0
265.0	0
268.0	0
267.0	0
266.0	0
267.0	0
266.0	0
271.0	0
265.0	0
267.0	0
269.0	0
269.0	0
268.0	0
270.0	0
267.0	0
273.0	0
267.0	0
269.0	0
272.0	0
270.0	0
267.0	0
271.0	0
272.0	0
271.0	0
272.0	0
268.0	0
267.0	0
268.0	0
268.0	0
266.0	0
266.0	0
264.0	0
264.0	0
266.0	0
266.0	0
260.0	0
259.0	0
261.0	0
261.0	0
259.0	0
263.0	0
260.0	0
264.0	0
264.0	0
263.0	0
263.0	0
262.0	0
263.0	0
263.0	0
259.0	0
264.0	0
262.0	0
263.0	0
262.0	0
259.0	0
262.0	0
267.0	0
266.0	0
258.0	0
262.0	0
265.0	0
264.0	0
264.0	0
262.0	0
263.0	0
261.0	0
264.0	0
267.0	0
265.0	0
263.0	0
265.0	0
263.0	0
266.0	0
267.0	0
268.0	0
267.0	0
269.0	0
269.0	0
267.0	0
270.0	0
270.0	0
271.0	0
271.0	0
270.0	0
271.0	0
270.0	0
271.0	0
270.0	0
267.0	0
271.0	0
272.0	0
271.0	0
271.0	0
270.0	0
269.0	0
271.0	0
269.0	0
270.0	0
271.0	0
268.0	0
266.0	0
266.0	0
265.0	0
265.0	0
263.0	0
265.0	0
263.0	0
266.0	0
264.0	0
266.0	0
264.0	0
262.0	0
263.0	0
262.0	0
261.0	0
263.0	0
261.0	0
262.0	0
262.0	0
262.0	0
264.0	0
262.0	0
264.0	0
261.0	0
262.0	0
264.0	0
262.0	0
264.0	0
264.0	0
266.0	0
265.0	0
264.0	0
264.0	0
264.0	0
265.0	0
264.0	0
262.0	0
262.0	0
262.0	0
260.0	0
266.0	0
261.0	0
263.0	0
265.0	0
265.0	0
265.0	0
266.0	0
267.0	0
266.0	0
266.0	0
264.0	0
266.0	0
266.0	0
266.0	0
270.0	0
265.0	0
269.0	0
268.0	0
268.0	0
270.0	0
168.0	1
268.0	0
268.0	0
270.0	0
270.0	0
270.0	0
269.0	0
266.0	0
269.0	0
268.0	0
267.0	0
269.0	0
264.0	0
261.0	0
263.0	0
261.0	0
265.0	0
262.0	0
263.0	0
265.0	0
261.0	0
265.0	0
262.0	0
262.0	0
261.0	0
264.0	0
263.0	0
262.0	0
262.0	0
261.0	0
261.0	0
261.0	0
259.0	0
262.0	0
262.0	0
260.0	0
260.0	0
260.0	0
261.0	0
260.0	0
260.0	0
260.0	0
261.0	0
262.0	0
263.0	0
258.0	0
262.0	0
259.0	0
263.0	0
263.0	0
261.0	0
264.0	0
263.0	0
266.0	0
261.0	0
265.0	0
264.0	0
268.0	0
262.0	0
267.0	0
268.0	0
266.0	0
269.0	0
267.0	0
270.0	0
268.0	0
268.0	0
268.0	0
271.0	0
269.0	0
270.0	0
269.0	0
266.0	0
271.0	0
271.0	0
267.0	0
267.0	0
269.0	0
268.0	0
270.0	0
268.0	0
266.0	0
265.0	0
268.0	0
264.0	0
267.0	0
265.0	0
264.0	0
264.0	0
266.0	0
262.0	0
260.0	0
263.0	0
263.0	0
261.0	0
262.0	0
264.0	0
263.0	0
260.0	0
259.0	0
261.0	0
263.0	0
263.0	0
262.0	0
263.0	0
262.0	0
258.0	0
262.0	0
258.0	0
258.0	0
263.0	0
262.0	0
263.0	0
262.0	0
263.0	0
264.0	0
262.0	0
264.0	0
264.0	0
262.0	0
262.0	0
264.0	0
264.0	0
261.0	0
262.0	0
262.0	0
263.0	0
265.0	0
264.0	0
265.0	0
261.0	0
267.0	0
266.0	0
266.0	0
267.0	0
267.0	0
266.0	0
268.0	0
266.0	0
266.0	0
267.0	0
266.0	0
267.0	0
267.0	0
267.0	0
266.0	0
268.0	0
267.0	0
266.0	0
267.0	0
267.0	0
269.0	0
268.0	0
268.0	0
264.0	0
263.0	0
265.0	0
263.0	0
264.0	0
263.0	0
263.0	0
260.0	0
263.0	0
264.0	0
264.0	0
262.0	0
258.0	0
263.0	0
262.0	0
263.0	0
263.0	0
261.0	0
262.0	0
259.0	0
260.0	0
262.0	0
264.0	0
262.0	0
261.0	0
259.0	0
262.0	0
60.0	1
262.0	0
262.0	0
260.0	0
262.0	0
263.0	0
260.0	0
262.0	0
262.0	0
262.0	0
264.0	0
268.0	0
264.0	0
264.0	0
265.0	0
263.0	0
268.0	0
266.0	0
263.0	0
268.0	0
266.0	0
266.0	0
266.0	0
263.0	0
268.0	0
268.0	0
265.0	0
269.0	0
270.0	0
269.0	0
266.0	0
268.0	0
268.0	0
269.0	0
267.0	0
264.0	0
270.0	0
268.0	0
266.0	0
270.0	0
271.0	0
266.0	0
270.0	0
269.0	0
266.0	0
269.0	0
266.0	0
266.0	0
264.0	0
262.0	0
267.0	0
262.0	0
265.0	0
267.0	0
266.0	0
266.0	0
267.0	0
265.0	0
265.0	0
259.0	0
264.0	0
263.0	0
264.0	0
264.0	0
263.0	0
263.0	0
263.0	0
263.0	0
264.0	0
263.0	0
259.0	0
263.0	0
265.0	0
260.0	0
259.0	0
260.0	0
264.0	0
219.0	1
267.0	0
267.0	0
266.0	0
265.0	0
265.0	0
260.0	0
262.0	0
263.0	0
262.0	0
260.0	0
263.0	0
263.0	0
264.0	0
266.0	0
265.0	0
266.0	0
264.0	0
265.0	0
267.0	0
266.0	0
267.0	0
267.0	0
263.0	0
268.0	0
263.0	0
267.0	0
265.0	0
268.0	0
267.0	0
267.0	0
268.0	0
268.0	0
265.0	0
264.0	0
267.0	0
268.0	0
265.0	0
264.0	0
264.0	0
264.0	0
263.0	0
265.0	0
263.0	0
263.0	0
262.0	0
259.0	0
263.0	0
263.0	0
260.0	0
262.0	0
263.0	0
259.0	0
262.0	0
261.0	0
263.0	0
261.0	0
259.0	0
258.0	0
262.0	0
259.0	0
261.0	0
259.0	0
262.0	0
261.0	0
263.0	0
258.0	0
261.0	0
263.0	0
258.0	0
263.0	0
263.0	0
262.0	0
262.0	0
262.0	0
260.0	0
260.0	0
260.0	0
263.0	0
262.0	0
262.0	0
264.0	0
264.0	0
263.0	0
262.0	0
264.0	0
265.0	0
263.0	0
265.0	0
266.0	0
264.0	0
264.0	0
267.0	0
263.0	0
264.0	0
267.0	0
264.0	0
266.0	0
268.0	0
267.0	0
269.0	0
267.0	0
267.0	0
267.0	0
264.0	0
267.0	0
266.0	0
268.0	0
264.0	0
266.0	0
267.0	0
265.0	0
265.0	0
262.0	0
264.0	0
265.0	0
262.0	0
264.0	0
259.0	0
261.0	0
264.0	0
261.0	0
263.0	0
261.0	0
259.0	0
260.0	0
261.0	0
260.0	0
259.0	0
261.0	0
260.0	0
261.0	0
262.0	0
258.0	0
260.0	0
260.0	0
261.0	0
261.0	0
260.0	0
255.0	0
260.0	0
263.0	0
262.0	0
263.0	0
263.0	0
261.0	0
262.0	0
263.0	0
262.0	0
260.0	0
260.0	0
261.0	0
261.0	0
262.0	0
262.0	0
263.0	0
264.0	0
264.0	0
265.0	0
265.0	0
263.0	0
265.0	0
265.0	0
267.0	0
268.0	0
265.0	0
265.0	0
266.0	0
264.0	0
267.0	0
265.0	0
266.0	0
266.0	0
266.0	0
264.0	0
265.0	0
265.0	0
265.0	0
266.0	0
265.0	0
264.0	0
40.0	1
262.0	0
265.0	0
265.0	0
263.0	0
262.0	0
259.0	0
261.0	0
261.0	0
260.0	0
262.0	0
260.0	0
262.0	0
261.0	0
262.0	0
258.0	0
261.0	0
261.0	0
264.0	0
261.0	0
171.0	1
259.0	0
260.0	0
260.0	0
262.0	0
260.0	0
259.0	0
259.0	0
261.0	0
257.0	0
258.0	0
255.0	0
260.0	0
259.0	0
261.0	0
258.0	0
260.0	0
260.0	0
263.0	0
262.0	0
259.0	0
262.0	0
262.0	0
262.0	0
263.0	0
262.0	0
263.0	0
265.0	0
264.0	0
261.0	0
265.0	0
265.0	0
263.0	0
263.0	0
264.0	0
265.0	0
265.0	0
265.0	0
266.0	0
266.0	0
266.0	0
265.0	0
266.0	0
265.0	0
265.0	0
266.0	0
265.0	0
267.0	0
266.0	0
265.0	0
263.0	0
264.0	0
263.0	0
264.0	0
261.0	0
263.0	0
264.0	0
263.0	0
265.0	0
264.0	0
263.0	0
262.0	0
260.0	0
262.0	0
260.0	0
262.0	0
259.0	0
261.0	0
260.0	0
261.0	0
261.0	0
261.0	0
260.0	0
260.0	0
259.0	0
259.0	0
262.0	0
260.0	0
261.0	0
259.0	0
261.0	0
260.0	0
261.0	0
261.0	0
262.0	0
261.0	0
260.0	0
261.0	0
263.0	0
260.0	0
260.0	0
260.0	0
260.0	0
260.0	0
261.0	0
260.0	0
262.0	0
261.0	0
260.0	0
263.0	0
262.0	0
261.0	0
265.0	0
263.0	0
263.0	0
263.0	0
266.0	0
263.0	0
265.0	0
265.0	0
266.0	0
265.0	0
266.0	0
265.0	0
267.0	0
266.0	0
266.0	0
266.0	0
266.0	0
265.0	0
266.0	0
265.0	0
264.0	0
264.0	0
266.0	0
262.0	0
264.0	0
262.0	0
264.0	0
261.0	0
262.0	0
264.0	0
263.0	0
263.0	0
263.0	0
262.0	0
259.0	0
262.0	0
261.0	0
261.0	0
262.0	0
261.0	0
263.0	0
260.0	0
259.0	0
260.0	0
261.0	0
260.0	0
260.0	0
260.0	0
259.0	0
82.0	1
261.0	0
258.0	0
260.0	0
257.0	0
261.0	0
260.0	0
255.0	0
260.0	0
260.0	0
261.0	0
261.0	0
261.0	0
262.0	0
260.0	0
261.0	0
262.0	0
259.0	0
262.0	0
264.0	0
263.0	0
261.0	0
263.0	0
267.0	0
265.0	0
266.0	0
265.0	0
264.0	0
265.0	0
266.0	0
264.0	0
263.0	0
266.0	0
262.0	0
266.0	0
264.0	0
264.0	0
265.0	0
264.0	0
265.0	0
266.0	0
267.0	0
264.0	0
264.0	0
264.0	0
262.0	0
264.0	0
263.0	0
260.0	0
263.0	0
262.0	0
263.0	0
260.0	0
130.0	1
263.0	0
260.0	0
259.0	0
262.0	0
262.0	0
257.0	0
263.0	0
260.0	0
259.0	0
259.0	0
260.0	0
262.0	0
259.0	0
260.0	0
262.0	0
258.0	0
259.0	0
261.0	0
257.0	0
260.0	0
259.0	0
260.0	0
262.0	0
257.0	0
259.0	0
261.0	0
261.0	0
261.0	0
260.0	0
261.0	0
261.0	0
262.0	0
260.0	0
258.0	0
258.0	0
259.0	0
261.0	0
260.0	0
261.0	0
260.0	0
264.0	0
263.0	0
264.0	0
264.0	0
263.0	0
265.0	0
265.0	0
264.0	0
264.0	0
264.0	0
266.0	0
267.0	0
265.0	0
264.0	0
265.0	0
263.0	0
265.0	0
263.0	0
263.0	0
262.0	0
262.0	0
262.0	0
265.0	0
262.0	0
262.0	0
263.0	0
261.0	0
261.0	0
260.0	0
261.0	0
81.0	1
261.0	0
258.0	0
261.0	0
257.0	0
260.0	0
261.0	0
261.0	0
260.0	0
260.0	0
259.0	0
261.0	0
261.0	0
261.0	0
261.0	0
259.0	0
261.0	0
259.0	0
260.0	0
258.0	0
259.0	0
256.0	0
256.0	0
260.0	0
258.0	0
258.0	0
202.0	1
258.0	0
258.0	0
259.0	0
260.0	0
258.0	0
130.0	2
260.0	0
