SA_diff	pop
207.0	0
207.0	0
208.0	0
207.0	0
208.0	0
209.0	0
208.0	0
209.0	0
211.0	0
210.0	0
211.0	0
210.0	0
212.0	0
212.0	0
213.0	0
213.0	0
213.0	0
212.0	0
213.0	0
213.0	0
212.0	0
212.0	0
212.0	0
212.0	0
211.0	0
212.0	0
95.0	1
211.0	0
212.0	0
211.0	0
211.0	0
210.0	0
210.0	0
210.0	0
209.0	0
208.0	0
208.0	0
208.0	0
209.0	0
207.0	0
208.0	0
208.0	0
208.0	0
208.0	0
208.0	0
208.0	0
208.0	0
209.0	0
208.0	0
208.0	0
208.0	0
207.0	0
207.0	0
207.0	0
208.0	0
208.0	0
207.0	0
206.0	0
207.0	0
206.0	0
206.0	0
207.0	0
206.0	0
194.0	1
117.0	1
207.0	0
207.0	0
206.0	0
132.0	1
117.0	2
207.0	0
207.0	0
79.0	1
207.0	0
208.0	0
206.0	0
207.0	0
208.0	0
208.0	0
209.0	0
209.0	0
209.0	0
210.0	0
212.0	0
212.0	0
210.0	0
212.0	0
212.0	0
213.0	0
212.0	0
213.0	0
212.0	0
211.0	0
212.0	0
211.0	0
211.0	0
211.0	0
211.0	0
210.0	0
212.0	0
212.0	0
211.0	0
211.0	0
209.0	0
209.0	0
211.0	0
209.0	0
210.0	0
209.0	0
208.0	0
209.0	0
207.0	0
208.0	0
207.0	0
208.0	0
206.0	0
207.0	0
208.0	0
206.0	0
207.0	0
207.0	0
206.0	0
206.0	0
206.0	0
151.0	1
205.0	0
207.0	0
204.0	0
206.0	0
206.0	0
85.0	2
205.0	0
205.0	0
205.0	0
205.0	0
63.0	1
172.0	1
206.0	0
136.0	1
169.0	1
94.0	3
40.0	3
129.0	2
172.0	1
72.0	2
206.0	0
208.0	0
206.0	0
208.0	0
207.0	0
210.0	0
209.0	0
209.0	0
210.0	0
209.0	0
210.0	0
210.0	0
211.0	0
211.0	0
83.0	1
212.0	0
212.0	0
213.0	0
211.0	0
212.0	0
212.0	0
212.0	0
211.0	0
211.0	0
211.0	0
210.0	0
211.0	0
211.0	0
210.0	0
209.0	0
209.0	0
210.0	0
208.0	0
209.0	0
209.0	0
209.0	0
208.0	0
209.0	0
208.0	0
208.0	0
207.0	0
183.0	1
208.0	0
206.0	0
208.0	0
207.0	0
205.0	0
205.0	0
206.0	0
206.0	0
205.0	0
206.0	0
204.0	0
206.0	0
205.0	0
133.0	1
108.0	1
206.0	0
206.0	0
205.0	0
205.0	0
206.0	0
139.0	1
125.0	2
96.0	5
78.0	4
93.0	9
122.0	4
142.0	7
103.0	1
207.0	0
157.0	3
193.0	1
180.0	1
211.0	0
208.0	0
209.0	0
209.0	0
211.0	0
210.0	0
212.0	0
212.0	0
211.0	0
211.0	0
212.0	0
212.0	0
213.0	0
213.0	0
213.0	0
212.0	0
212.0	0
212.0	0
211.0	0
211.0	0
212.0	0
212.0	0
212.0	0
212.0	0
98.0	1
211.0	0
130.0	1
211.0	0
211.0	0
210.0	0
211.0	0
210.0	0
210.0	0
36.0	1
210.0	0
212.0	0
209.0	0
210.0	0
211.0	0
209.0	0
209.0	0
208.0	0
208.0	0
207.0	0
208.0	0
207.0	0
207.0	0
206.0	0
207.0	0
95.0	1
115.0	1
206.0	1
204.0	0
202.0	1
188.0	1
206.0	0
150.0	3
90.0	2
182.0	2
132.0	4
62.0	10
101.0	13
76.0	16
74.0	13
104.0	14
77.0	21
56.0	12
72.0	5
150.0	3
205.0	1
61.0	1
209.0	0
209.0	0
192.0	1
209.0	0
209.0	0
210.0	0
209.0	0
212.0	0
211.0	0
212.0	0
214.0	0
211.0	0
212.0	0
211.0	0
212.0	0
212.0	0
213.0	0
212.0	0
213.0	0
213.0	0
212.0	0
31.0	1
213.0	0
128.0	1
212.0	0
153.0	1
211.0	0
146.0	1
212.0	0
211.0	0
211.0	0
210.0	0
209.0	0
210.0	0
209.0	0
208.0	0
209.0	0
209.0	0
209.0	0
206.0	0
79.0	1
209.0	0
206.0	0
206.0	0
208.0	0
208.0	0
207.0	0
195.0	1
208.0	0
207.0	0
206.0	0
205.0	0
206.0	0
206.0	0
206.0	0
206.0	0
40.0	2
119.0	3
77.0	2
97.0	5
98.0	10
57.0	26
52.0	18
57.0	26
44.0	22
56.0	34
66.0	40
70.0	17
113.0	4
122.0	4
206.0	0
206.0	0
131.0	1
207.0	0
207.0	0
207.0	0
209.0	0
208.0	0
209.0	0
208.0	0
210.0	0
210.0	0
210.0	0
211.0	0
211.0	0
211.0	0
212.0	0
211.0	0
212.0	0
212.0	0
212.0	0
213.0	0
212.0	0
213.0	0
213.0	0
214.0	0
214.0	0
215.0	0
147.0	1
212.0	0
211.0	0
58.0	1
211.0	0
210.0	0
210.0	0
210.0	0
207.0	0
207.0	0
208.0	0
109.0	1
206.0	0
206.0	0
100.0	1
64.0	1
206.0	0
206.0	0
206.0	0
193.0	1
206.0	0
205.0	0
205.0	0
204.0	1
78.0	2
203.0	1
168.0	2
204.0	0
153.0	1
204.0	0
125.0	3
100.0	4
103.0	7
60.0	13
72.0	26
89.0	38
44.0	32
48.0	27
47.0	46
68.0	40
55.0	30
80.0	19
108.0	9
109.0	2
186.0	1
208.0	0
183.0	1
209.0	0
208.0	0
208.0	0
209.0	0
209.0	0
210.0	0
202.0	1
210.0	0
211.0	0
212.0	0
211.0	0
212.0	0
213.0	0
212.0	0
213.0	0
213.0	0
212.0	0
212.0	0
212.0	0
212.0	0
212.0	0
211.0	0
211.0	0
213.0	0
211.0	0
211.0	0
211.0	0
203.0	1
211.0	0
49.0	1
210.0	0
54.0	2
209.0	0
56.0	1
209.0	0
208.0	0
176.0	1
209.0	0
100.0	1
207.0	0
208.0	0
208.0	0
207.0	0
207.0	0
207.0	0
86.0	3
113.0	1
111.0	2
134.0	2
146.0	2
207.0	0
82.0	2
207.0	0
77.0	4
207.0	0
56.0	5
46.0	5
71.0	10
49.0	25
75.0	29
48.0	35
60.0	40
46.0	51
31.0	45
35.0	44
44.0	32
71.0	26
71.0	15
64.0	10
77.0	4
208.0	0
207.0	0
209.0	0
209.0	0
207.0	0
209.0	0
209.0	0
210.0	0
66.0	1
211.0	0
212.0	0
212.0	0
212.0	0
212.0	0
213.0	0
195.0	1
212.0	0
213.0	0
127.0	1
100.0	1
213.0	0
212.0	0
213.0	0
77.0	1
211.0	0
211.0	0
212.0	0
211.0	0
212.0	0
66.0	1
210.0	0
122.0	2
210.0	0
209.0	0
208.0	0
49.0	2
208.0	0
208.0	0
195.0	1
144.0	1
208.0	0
56.0	1
151.0	2
200.0	1
208.0	0
38.0	1
63.0	3
208.0	0
209.0	1
48.0	1
207.0	0
48.0	3
60.0	2
66.0	3
140.0	2
197.0	1
107.0	3
51.0	7
105.0	5
61.0	14
54.0	34
18.0	39
47.0	40
38.0	55
43.0	55
40.0	53
48.0	52
43.0	35
70.0	18
93.0	10
98.0	2
208.0	0
130.0	1
209.0	0
208.0	0
207.0	0
210.0	0
210.0	0
136.0	1
211.0	0
211.0	0
212.0	0
212.0	0
212.0	0
212.0	0
212.0	0
213.0	0
213.0	0
214.0	0
214.0	0
213.0	0
213.0	0
212.0	0
211.0	1
213.0	0
214.0	0
59.0	1
148.0	1
212.0	0
213.0	0
213.0	0
213.0	0
212.0	0
43.0	2
211.0	0
212.0	0
211.0	0
210.0	0
152.0	2
199.0	2
209.0	1
210.0	0
26.0	3
211.0	0
210.0	0
119.0	2
209.0	1
23.0	4
114.0	2
93.0	5
175.0	2
120.0	5
29.0	4
24.0	5
53.0	5
107.0	2
16.0	3
102.0	5
54.0	7
21.0	11
59.0	17
58.0	20
48.0	33
60.0	56
52.0	58
62.0	53
33.0	70
27.0	71
23.0	66
63.0	42
64.0	20
63.0	8
94.0	6
83.0	1
208.0	0
209.0	0
209.0	0
210.0	0
211.0	0
92.0	1
211.0	1
211.0	0
211.0	0
212.0	0
212.0	0
212.0	0
212.0	0
122.0	1
212.0	1
212.0	0
212.0	0
212.0	0
212.0	0
213.0	0
211.0	0
117.0	1
127.0	1
212.0	1
50.0	3
212.0	0
130.0	3
198.0	1
96.0	2
62.0	3
60.0	3
33.0	3
210.0	0
135.0	1
21.0	2
170.0	2
211.0	0
54.0	2
45.0	1
32.0	2
161.0	1
64.0	4
196.0	1
111.0	2
131.0	2
210.0	0
175.0	1
140.0	4
147.0	2
61.0	4
93.0	5
44.0	2
170.0	3
178.0	2
23.0	7
97.0	3
57.0	11
49.0	16
36.0	22
61.0	27
50.0	42
61.0	53
37.0	55
35.0	73
63.0	61
60.0	62
17.0	51
55.0	27
63.0	20
47.0	8
48.0	6
81.0	3
206.0	0
142.0	1
206.0	0
208.0	0
208.0	0
72.0	1
209.0	0
209.0	0
147.0	1
211.0	0
211.0	0
210.0	0
211.0	0
211.0	0
213.0	0
212.0	0
212.0	0
212.0	0
155.0	1
210.0	0
211.0	0
210.0	0
100.0	2
89.0	2
92.0	1
103.0	2
57.0	2
53.0	3
55.0	3
73.0	4
64.0	3
35.0	4
57.0	1
105.0	3
57.0	5
89.0	5
90.0	4
48.0	4
92.0	5
35.0	5
66.0	8
59.0	1
108.0	1
127.0	3
39.0	4
98.0	1
147.0	3
123.0	4
25.0	5
64.0	6
40.0	6
75.0	6
46.0	5
97.0	3
94.0	5
73.0	3
43.0	12
77.0	14
99.0	22
44.0	31
46.0	47
8.0	50
38.0	65
33.0	75
21.0	60
54.0	48
73.0	33
77.0	14
69.0	12
106.0	7
97.0	2
208.0	0
98.0	1
209.0	0
209.0	0
209.0	0
210.0	0
211.0	0
211.0	0
211.0	0
211.0	0
210.0	0
93.0	1
212.0	0
212.0	0
214.0	0
202.0	1
213.0	0
149.0	1
213.0	0
212.0	0
212.0	0
213.0	0
212.0	0
170.0	1
212.0	0
212.0	0
45.0	6
61.0	2
55.0	2
41.0	4
15.0	2
74.0	6
76.0	4
47.0	8
69.0	3
59.0	7
51.0	11
32.0	7
45.0	13
84.0	4
46.0	4
100.0	5
46.0	4
64.0	5
81.0	5
212.0	0
58.0	4
209.0	1
52.0	2
65.0	3
100.0	4
39.0	5
51.0	10
48.0	3
26.0	8
72.0	5
54.0	8
71.0	13
44.0	21
71.0	25
60.0	31
24.0	49
22.0	74
47.0	65
67.0	51
52.0	58
46.0	48
16.0	41
71.0	19
69.0	14
53.0	9
98.0	4
129.0	1
164.0	1
43.0	1
76.0	1
208.0	0
210.0	0
210.0	0
211.0	0
212.0	0
212.0	0
212.0	0
212.0	0
213.0	0
213.0	0
214.0	0
176.0	2
117.0	1
106.0	1
67.0	1
103.0	1
137.0	2
120.0	1
211.0	0
211.0	0
147.0	1
64.0	2
83.0	3
77.0	2
43.0	3
81.0	4
57.0	6
98.0	8
105.0	5
53.0	6
120.0	6
74.0	7
46.0	9
46.0	17
61.0	9
68.0	11
81.0	9
109.0	2
77.0	3
213.0	0
102.0	2
59.0	2
213.0	0
97.0	2
17.0	1
16.0	2
78.0	4
151.0	1
51.0	5
103.0	3
68.0	10
54.0	12
61.0	6
109.0	7
45.0	15
29.0	40
24.0	46
67.0	63
10.0	60
33.0	61
53.0	60
76.0	41
42.0	48
45.0	25
30.0	21
43.0	14
80.0	8
113.0	3
210.0	0
209.0	0
210.0	0
210.0	0
210.0	0
135.0	1
211.0	0
211.0	0
214.0	0
214.0	0
108.0	2
212.0	0
206.0	1
213.0	0
213.0	0
140.0	1
212.0	0
214.0	0
213.0	0
213.0	0
212.0	0
213.0	0
155.0	1
213.0	0
154.0	1
35.0	4
91.0	6
77.0	8
109.0	4
37.0	5
47.0	18
47.0	17
48.0	14
94.0	13
58.0	12
25.0	17
59.0	15
42.0	19
35.0	10
31.0	15
65.0	6
67.0	3
214.0	0
125.0	1
193.0	2
150.0	1
101.0	1
214.0	0
107.0	1
162.0	1
159.0	2
66.0	1
213.0	0
29.0	2
113.0	4
50.0	9
81.0	8
92.0	10
40.0	19
33.0	30
38.0	56
68.0	51
68.0	46
40.0	55
49.0	40
29.0	36
61.0	33
24.0	21
65.0	15
59.0	14
55.0	6
99.0	3
93.0	1
103.0	2
209.0	0
211.0	0
211.0	0
212.0	0
211.0	0
211.0	0
212.0	0
113.0	1
213.0	0
208.0	1
213.0	0
215.0	0
214.0	0
213.0	0
206.0	1
213.0	0
213.0	0
213.0	0
155.0	1
213.0	0
110.0	1
175.0	1
76.0	2
93.0	2
129.0	6
68.0	4
58.0	8
45.0	14
56.0	17
38.0	6
60.0	14
15.0	12
36.0	19
37.0	15
18.0	27
24.0	25
45.0	19
14.0	18
79.0	9
35.0	6
124.0	5
148.0	2
216.0	0
120.0	3
216.0	0
216.0	0
215.0	0
215.0	0
214.0	0
40.0	2
190.0	1
12.0	6
56.0	3
69.0	9
93.0	8
23.0	21
35.0	20
48.0	40
53.0	43
34.0	49
27.0	57
22.0	51
74.0	43
63.0	41
71.0	28
87.0	23
56.0	15
114.0	8
82.0	5
68.0	2
109.0	2
203.0	1
140.0	2
210.0	0
210.0	0
210.0	0
210.0	0
211.0	0
211.0	0
211.0	0
212.0	0
211.0	0
212.0	0
213.0	0
212.0	0
212.0	0
89.0	2
44.0	1
208.0	1
212.0	0
183.0	1
100.0	1
212.0	0
76.0	2
66.0	3
55.0	4
61.0	7
47.0	5
79.0	12
93.0	12
58.0	15
40.0	21
77.0	20
46.0	18
35.0	28
31.0	45
23.0	38
15.0	35
33.0	42
28.0	18
48.0	13
92.0	5
110.0	1
126.0	1
216.0	0
215.0	0
85.0	1
140.0	1
213.0	0
35.0	2
111.0	3
136.0	1
153.0	1
85.0	2
22.0	5
43.0	8
55.0	10
68.0	12
31.0	32
47.0	38
20.0	53
47.0	51
65.0	67
28.0	52
39.0	34
55.0	28
16.0	28
54.0	21
76.0	13
60.0	10
30.0	6
77.0	4
21.0	2
210.0	0
34.0	1
89.0	1
211.0	0
210.0	0
211.0	0
212.0	0
211.0	0
212.0	0
212.0	0
212.0	0
212.0	0
212.0	0
213.0	0
212.0	0
212.0	0
212.0	0
203.0	1
32.0	1
213.0	0
211.0	0
58.0	1
212.0	0
94.0	2
42.0	5
51.0	7
70.0	7
33.0	20
35.0	14
39.0	26
25.0	22
51.0	23
44.0	31
16.0	37
20.0	45
25.0	69
26.0	46
33.0	24
56.0	26
50.0	6
21.0	5
109.0	2
48.0	2
217.0	0
216.0	0
117.0	2
207.0	1
121.0	1
130.0	1
213.0	0
49.0	1
49.0	2
177.0	2
78.0	6
41.0	3
69.0	13
67.0	22
17.0	34
45.0	33
38.0	45
12.0	54
21.0	53
65.0	44
36.0	39
22.0	29
52.0	31
61.0	23
51.0	14
59.0	17
70.0	10
47.0	2
208.0	0
209.0	0
209.0	0
53.0	1
209.0	0
210.0	0
209.0	1
210.0	0
210.0	0
210.0	0
211.0	0
211.0	0
212.0	0
211.0	0
211.0	0
210.0	0
210.0	0
211.0	0
212.0	0
210.0	0
210.0	0
137.0	1
211.0	0
29.0	3
52.0	2
65.0	7
73.0	7
36.0	9
45.0	21
38.0	20
58.0	22
20.0	23
41.0	23
15.0	34
31.0	51
20.0	65
36.0	80
29.0	47
42.0	18
35.0	8
44.0	6
113.0	2
67.0	1
160.0	1
134.0	1
216.0	0
216.0	0
215.0	0
93.0	3
97.0	5
33.0	7
121.0	1
40.0	2
115.0	5
81.0	8
34.0	10
72.0	12
47.0	15
48.0	27
15.0	45
28.0	46
22.0	41
26.0	57
17.0	48
11.0	44
52.0	29
22.0	30
51.0	23
41.0	15
81.0	12
62.0	6
134.0	1
131.0	1
208.0	0
208.0	0
208.0	0
210.0	0
210.0	0
210.0	0
211.0	0
212.0	0
212.0	0
211.0	0
211.0	0
210.0	0
212.0	0
210.0	0
213.0	0
211.0	0
211.0	0
211.0	0
213.0	0
211.0	0
210.0	1
196.0	1
163.0	1
47.0	2
42.0	6
49.0	12
22.0	24
64.0	21
74.0	30
13.0	36
51.0	36
26.0	43
24.0	63
16.0	71
16.0	82
26.0	68
17.0	30
52.0	7
99.0	2
113.0	2
45.0	1
218.0	0
90.0	1
136.0	1
142.0	1
30.0	4
157.0	5
57.0	6
133.0	5
53.0	8
82.0	4
10.0	7
74.0	6
53.0	7
46.0	14
58.0	11
30.0	28
40.0	31
63.0	28
52.0	38
28.0	48
49.0	52
25.0	53
38.0	36
39.0	41
62.0	35
26.0	29
33.0	19
28.0	16
68.0	4
46.0	5
95.0	4
77.0	1
211.0	0
209.0	0
211.0	0
120.0	2
209.0	0
210.0	0
212.0	0
211.0	0
212.0	0
212.0	0
193.0	1
211.0	0
212.0	0
213.0	0
211.0	0
211.0	0
212.0	0
212.0	0
177.0	1
112.0	1
213.0	0
90.0	2
45.0	3
32.0	11
30.0	15
46.0	39
19.0	58
20.0	61
33.0	48
37.0	53
44.0	50
18.0	81
27.0	103
9.0	75
11.0	60
54.0	19
54.0	3
193.0	1
219.0	0
218.0	0
219.0	0
219.0	0
218.0	0
42.0	2
181.0	1
112.0	5
32.0	4
42.0	10
43.0	4
108.0	6
23.0	6
90.0	7
64.0	4
62.0	8
44.0	14
83.0	13
69.0	17
29.0	29
66.0	41
37.0	62
25.0	50
19.0	55
50.0	49
32.0	49
45.0	42
40.0	22
17.0	27
49.0	16
67.0	8
61.0	4
209.0	0
208.0	0
209.0	0
208.0	0
209.0	0
208.0	0
210.0	0
210.0	0
210.0	0
209.0	0
210.0	0
212.0	0
211.0	0
211.0	0
210.0	0
212.0	0
212.0	0
210.0	0
211.0	0
211.0	0
212.0	0
212.0	0
65.0	2
64.0	4
53.0	6
32.0	8
38.0	30
15.0	65
21.0	96
23.0	84
4.0	71
21.0	49
30.0	88
13.0	100
16.0	107
29.0	63
38.0	30
7.0	8
27.0	7
131.0	1
95.0	1
219.0	0
219.0	0
218.0	0
217.0	0
193.0	2
219.0	0
158.0	1
33.0	6
34.0	2
89.0	1
75.0	4
145.0	1
29.0	6
24.0	5
92.0	3
79.0	3
10.0	9
12.0	19
18.0	20
19.0	42
22.0	48
16.0	58
24.0	56
15.0	57
31.0	56
21.0	59
38.0	46
34.0	23
36.0	11
21.0	12
103.0	5
208.0	0
208.0	0
209.0	0
209.0	0
210.0	0
210.0	0
209.0	0
210.0	0
211.0	0
211.0	0
212.0	0
212.0	0
212.0	0
212.0	0
213.0	0
214.0	0
212.0	0
212.0	0
212.0	0
212.0	0
213.0	0
44.0	1
76.0	1
49.0	3
43.0	4
25.0	19
48.0	41
18.0	161
26.0	322
28.0	266
26.0	141
22.0	125
11.0	137
23.0	124
19.0	74
33.0	42
30.0	10
52.0	5
220.0	0
63.0	1
32.0	1
221.0	0
222.0	0
221.0	0
195.0	1
220.0	0
219.0	0
28.0	1
219.0	0
111.0	1
36.0	2
38.0	2
26.0	3
217.0	0
216.0	0
152.0	2
87.0	3
93.0	13
92.0	7
48.0	23
24.0	35
8.0	55
26.0	68
19.0	69
18.0	79
34.0	48
18.0	54
26.0	43
22.0	32
27.0	11
103.0	5
57.0	5
209.0	0
209.0	0
210.0	0
209.0	0
210.0	0
211.0	0
211.0	0
211.0	0
211.0	0
212.0	0
212.0	0
212.0	0
213.0	0
212.0	0
212.0	0
212.0	0
212.0	0
212.0	0
213.0	0
213.0	0
213.0	0
103.0	2
215.0	0
215.0	0
103.0	4
46.0	24
18.0	195
11.0	861
24.0	1219
14.0	678
20.0	284
14.0	249
12.0	232
24.0	205
16.0	76
52.0	17
49.0	3
147.0	1
119.0	1
93.0	1
223.0	0
223.0	0
223.0	0
223.0	0
223.0	0
222.0	0
221.0	0
222.0	0
161.0	1
220.0	0
220.0	0
220.0	0
143.0	1
218.0	0
94.0	1
218.0	0
32.0	1
215.0	0
53.0	4
25.0	12
30.0	33
38.0	52
25.0	78
16.0	77
10.0	96
10.0	72
16.0	70
42.0	61
59.0	26
68.0	9
111.0	2
209.0	0
208.0	0
209.0	0
208.0	0
208.0	0
208.0	0
209.0	0
210.0	0
211.0	0
210.0	0
210.0	0
210.0	0
211.0	0
211.0	0
212.0	0
212.0	0
212.0	0
211.0	0
212.0	0
212.0	0
39.0	1
115.0	1
214.0	0
114.0	1
119.0	1
52.0	8
46.0	67
21.0	598
20.0	2241
15.0	1850
16.0	767
15.0	348
20.0	281
20.0	222
11.0	77
38.0	20
47.0	4
63.0	1
221.0	0
221.0	0
79.0	1
223.0	0
222.0	0
222.0	0
222.0	0
222.0	0
221.0	0
220.0	0
202.0	1
220.0	0
219.0	0
219.0	0
219.0	0
217.0	0
218.0	0
218.0	0
80.0	2
216.0	0
204.0	1
59.0	1
37.0	13
16.0	31
22.0	54
10.0	91
18.0	127
14.0	102
21.0	81
13.0	61
44.0	31
69.0	11
74.0	4
208.0	0
208.0	0
208.0	0
209.0	0
208.0	0
209.0	0
210.0	0
210.0	0
209.0	0
210.0	0
210.0	0
211.0	0
211.0	0
212.0	0
211.0	0
211.0	0
212.0	0
213.0	0
213.0	0
214.0	0
214.0	0
215.0	0
215.0	0
214.0	0
57.0	1
94.0	1
37.0	15
45.0	89
14.0	756
15.0	1550
8.0	928
8.0	419
20.0	272
10.0	174
26.0	65
27.0	11
155.0	1
33.0	3
221.0	0
223.0	0
223.0	0
224.0	0
224.0	0
224.0	0
224.0	0
222.0	0
224.0	0
224.0	0
223.0	0
223.0	0
222.0	0
221.0	0
221.0	0
221.0	0
218.0	0
220.0	0
218.0	0
78.0	1
119.0	1
216.0	0
26.0	1
15.0	7
19.0	25
22.0	68
9.0	101
20.0	97
14.0	79
36.0	52
36.0	35
35.0	12
117.0	4
183.0	1
208.0	0
209.0	0
209.0	0
210.0	0
209.0	0
209.0	0
210.0	0
211.0	0
210.0	0
210.0	0
210.0	0
212.0	0
212.0	0
213.0	0
213.0	0
213.0	0
214.0	0
212.0	0
214.0	0
160.0	1
214.0	0
215.0	0
214.0	0
215.0	0
108.0	1
165.0	1
53.0	10
16.0	64
5.0	283
9.0	337
19.0	204
7.0	133
12.0	62
36.0	39
81.0	4
177.0	1
34.0	1
223.0	0
223.0	0
223.0	0
223.0	0
225.0	0
225.0	0
226.0	0
225.0	0
224.0	0
225.0	0
224.0	0
224.0	0
224.0	0
223.0	0
222.0	0
221.0	0
220.0	0
219.0	0
220.0	0
219.0	0
217.0	0
217.0	0
151.0	2
195.0	1
53.0	4
12.0	17
1.0	48
11.0	75
11.0	44
29.0	39
49.0	17
24.0	9
116.0	1
197.0	1
208.0	0
208.0	0
209.0	0
207.0	0
207.0	0
207.0	0
209.0	0
207.0	0
207.0	0
208.0	0
207.0	0
209.0	0
208.0	0
209.0	0
209.0	0
211.0	0
211.0	0
212.0	0
211.0	0
211.0	0
213.0	0
213.0	0
214.0	0
214.0	0
68.0	1
82.0	1
75.0	4
56.0	6
35.0	30
11.0	67
13.0	86
19.0	47
53.0	20
16.0	8
58.0	5
222.0	0
223.0	0
223.0	0
223.0	0
224.0	0
224.0	0
222.0	0
223.0	0
223.0	0
223.0	0
223.0	0
223.0	0
224.0	0
221.0	0
222.0	0
221.0	0
222.0	0
220.0	0
221.0	0
220.0	0
217.0	0
217.0	0
217.0	0
217.0	0
215.0	0
215.0	0
55.0	3
20.0	3
39.0	16
18.0	24
12.0	37
66.0	19
64.0	7
12.0	6
206.0	1
208.0	0
208.0	0
207.0	0
207.0	0
207.0	0
209.0	0
209.0	0
208.0	0
209.0	0
210.0	0
170.0	1
210.0	0
210.0	0
209.0	0
210.0	0
211.0	0
210.0	0
37.0	1
213.0	0
213.0	0
56.0	1
213.0	0
214.0	0
215.0	0
217.0	0
217.0	0
64.0	2
218.0	0
131.0	1
73.0	5
44.0	11
24.0	14
41.0	13
64.0	4
92.0	2
45.0	1
119.0	1
225.0	0
224.0	0
224.0	0
225.0	0
225.0	0
227.0	0
227.0	0
228.0	0
228.0	0
226.0	0
226.0	0
225.0	0
226.0	0
224.0	0
225.0	0
223.0	0
221.0	0
221.0	0
222.0	0
219.0	0
220.0	0
220.0	0
218.0	0
217.0	0
217.0	0
216.0	0
215.0	0
162.0	1
45.0	4
15.0	9
39.0	5
36.0	2
22.0	1
211.0	0
211.0	0
211.0	0
210.0	0
208.0	0
207.0	0
207.0	0
207.0	0
207.0	0
207.0	0
207.0	0
208.0	0
208.0	0
208.0	0
208.0	0
209.0	0
210.0	0
212.0	0
211.0	0
210.0	0
211.0	0
213.0	0
214.0	0
215.0	0
215.0	0
216.0	0
80.0	1
28.0	1
218.0	0
23.0	1
66.0	1
39.0	3
43.0	3
14.0	4
76.0	1
222.0	0
91.0	1
224.0	0
224.0	0
224.0	0
225.0	0
226.0	0
226.0	0
226.0	0
225.0	0
226.0	0
226.0	0
227.0	0
226.0	0
226.0	0
225.0	0
224.0	0
224.0	0
224.0	0
223.0	0
222.0	0
222.0	0
220.0	0
220.0	0
219.0	0
219.0	0
217.0	0
217.0	0
76.0	1
215.0	0
80.0	1
214.0	0
70.0	3
49.0	2
23.0	3
125.0	1
150.0	1
210.0	0
210.0	0
211.0	0
209.0	0
209.0	0
208.0	0
207.0	0
207.0	0
206.0	0
207.0	0
208.0	0
208.0	0
209.0	0
208.0	0
209.0	0
210.0	0
211.0	0
211.0	0
212.0	0
212.0	0
213.0	0
213.0	0
214.0	0
215.0	0
215.0	0
216.0	0
216.0	0
218.0	0
219.0	0
219.0	0
56.0	1
221.0	0
222.0	0
222.0	0
124.0	1
224.0	0
224.0	0
28.0	1
224.0	0
225.0	0
226.0	0
226.0	0
105.0	1
228.0	0
226.0	0
226.0	0
227.0	0
227.0	0
227.0	0
226.0	0
225.0	0
226.0	0
225.0	0
223.0	0
223.0	0
223.0	0
222.0	0
221.0	0
221.0	0
219.0	0
218.0	0
218.0	0
217.0	0
216.0	0
216.0	0
215.0	0
30.0	1
79.0	1
128.0	2
212.0	0
50.0	1
96.0	1
211.0	0
210.0	0
209.0	0
208.0	0
208.0	0
208.0	0
207.0	0
208.0	0
207.0	0
207.0	0
207.0	0
207.0	0
207.0	0
208.0	0
208.0	0
209.0	0
210.0	0
210.0	0
210.0	0
211.0	0
211.0	0
213.0	0
214.0	0
215.0	0
216.0	0
217.0	0
136.0	1
218.0	0
219.0	0
221.0	0
221.0	0
222.0	0
224.0	0
223.0	0
223.0	0
225.0	0
225.0	0
227.0	0
227.0	0
227.0	0
227.0	0
227.0	0
227.0	0
228.0	0
228.0	0
228.0	0
227.0	0
229.0	0
227.0	0
227.0	0
226.0	0
225.0	0
224.0	0
225.0	0
223.0	0
222.0	0
222.0	0
220.0	0
219.0	0
219.0	0
218.0	0
217.0	0
218.0	0
217.0	0
216.0	0
215.0	0
214.0	0
214.0	0
213.0	0
213.0	0
212.0	0
210.0	0
210.0	0
209.0	0
208.0	0
208.0	0
207.0	0
207.0	0
207.0	0
208.0	0
208.0	0
208.0	0
209.0	0
208.0	0
210.0	0
209.0	0
209.0	0
210.0	0
211.0	0
213.0	0
212.0	0
213.0	0
215.0	0
215.0	0
216.0	0
217.0	0
218.0	0
220.0	0
221.0	0
221.0	0
223.0	0
224.0	0
224.0	0
224.0	0
225.0	0
226.0	0
227.0	0
227.0	0
227.0	0
227.0	0
227.0	0
228.0	0
229.0	0
229.0	0
229.0	0
231.0	0
230.0	0
230.0	0
228.0	0
229.0	0
228.0	0
228.0	0
227.0	0
225.0	0
225.0	0
225.0	0
223.0	0
224.0	0
223.0	0
222.0	0
221.0	0
220.0	0
220.0	0
219.0	0
219.0	0
218.0	0
216.0	0
215.0	0
214.0	0
214.0	0
213.0	0
213.0	0
211.0	0
210.0	0
211.0	0
209.0	0
209.0	0
208.0	0
209.0	0
208.0	0
208.0	0
207.0	0
206.0	0
208.0	0
207.0	0
207.0	0
208.0	0
208.0	0
208.0	0
209.0	0
210.0	0
211.0	0
212.0	0
213.0	0
214.0	0
215.0	0
216.0	0
218.0	0
219.0	0
220.0	0
221.0	0
221.0	0
223.0	0
224.0	0
225.0	0
224.0	0
225.0	0
225.0	0
226.0	0
225.0	0
227.0	0
228.0	0
227.0	0
229.0	0
228.0	0
228.0	0
228.0	0
228.0	0
228.0	0
230.0	0
230.0	0
228.0	0
227.0	0
227.0	0
226.0	0
226.0	0
225.0	0
224.0	0
223.0	0
223.0	0
221.0	0
220.0	0
220.0	0
219.0	0
218.0	0
218.0	0
217.0	0
50.0	1
215.0	0
213.0	0
214.0	0
213.0	0
211.0	0
211.0	0
211.0	0
210.0	0
209.0	0
208.0	0
208.0	0
207.0	0
207.0	0
208.0	0
207.0	0
208.0	0
208.0	0
208.0	0
210.0	0
211.0	0
211.0	0
210.0	0
210.0	0
211.0	0
212.0	0
213.0	0
214.0	0
217.0	0
218.0	0
218.0	0
219.0	0
219.0	0
220.0	0
222.0	0
222.0	0
223.0	0
223.0	0
225.0	0
225.0	0
226.0	0
226.0	0
229.0	0
230.0	0
230.0	0
230.0	0
231.0	0
232.0	0
232.0	0
231.0	0
231.0	0
231.0	0
231.0	0
231.0	0
230.0	0
230.0	0
230.0	0
228.0	0
230.0	0
228.0	0
227.0	0
225.0	0
225.0	0
224.0	0
223.0	0
222.0	0
221.0	0
221.0	0
220.0	0
218.0	0
218.0	0
217.0	0
216.0	0
216.0	0
216.0	0
215.0	0
214.0	0
213.0	0
212.0	0
212.0	0
211.0	0
211.0	0
210.0	0
210.0	0
209.0	0
208.0	0
208.0	0
207.0	0
206.0	0
206.0	0
206.0	0
207.0	0
208.0	0
209.0	0
209.0	0
209.0	0
212.0	0
212.0	0
212.0	0
214.0	0
216.0	0
217.0	0
219.0	0
220.0	0
219.0	0
221.0	0
223.0	0
223.0	0
225.0	0
224.0	0
225.0	0
225.0	0
227.0	0
226.0	0
229.0	0
228.0	0
229.0	0
230.0	0
230.0	0
231.0	0
229.0	0
231.0	0
231.0	0
229.0	0
228.0	0
229.0	0
227.0	0
228.0	0
228.0	0
227.0	0
227.0	0
226.0	0
225.0	0
224.0	0
224.0	0
221.0	0
222.0	0
221.0	0
220.0	0
219.0	0
219.0	0
217.0	0
217.0	0
216.0	0
215.0	0
214.0	0
214.0	0
213.0	0
212.0	0
210.0	0
210.0	0
209.0	0
209.0	0
208.0	0
207.0	0
207.0	0
208.0	0
207.0	0
206.0	0
205.0	0
206.0	0
206.0	0
207.0	0
207.0	0
208.0	0
208.0	0
209.0	0
210.0	0
210.0	0
212.0	0
213.0	0
214.0	0
215.0	0
216.0	0
218.0	0
218.0	0
219.0	0
220.0	0
221.0	0
222.0	0
223.0	0
224.0	0
226.0	0
225.0	0
227.0	0
227.0	0
229.0	0
229.0	0
229.0	0
229.0	0
230.0	0
231.0	0
230.0	0
230.0	0
230.0	0
230.0	0
230.0	0
229.0	0
228.0	0
228.0	0
228.0	0
227.0	0
227.0	0
224.0	0
224.0	0
222.0	0
222.0	0
220.0	0
220.0	0
218.0	0
218.0	0
217.0	0
216.0	0
216.0	0
214.0	0
66.0	1
213.0	0
213.0	0
213.0	0
211.0	0
210.0	0
210.0	0
209.0	0
207.0	0
206.0	0
207.0	0
207.0	0
207.0	0
206.0	0
208.0	0
206.0	0
205.0	0
209.0	0
209.0	0
208.0	0
210.0	0
210.0	0
209.0	0
211.0	0
212.0	0
214.0	0
215.0	0
215.0	0
217.0	0
217.0	0
219.0	0
219.0	0
221.0	0
223.0	0
223.0	0
224.0	0
224.0	0
226.0	0
226.0	0
228.0	0
228.0	0
229.0	0
229.0	0
230.0	0
230.0	0
230.0	0
231.0	0
231.0	0
232.0	0
232.0	0
231.0	0
231.0	0
232.0	0
230.0	0
232.0	0
230.0	0
229.0	0
229.0	0
228.0	0
227.0	0
225.0	0
225.0	0
223.0	0
223.0	0
223.0	0
221.0	0
220.0	0
219.0	0
219.0	0
218.0	0
217.0	0
215.0	0
215.0	0
214.0	0
213.0	0
212.0	0
211.0	0
211.0	0
210.0	0
210.0	0
210.0	0
209.0	0
209.0	0
208.0	0
208.0	0
208.0	0
207.0	0
208.0	0
209.0	0
207.0	0
207.0	0
207.0	0
208.0	0
209.0	0
210.0	0
210.0	0
212.0	0
213.0	0
214.0	0
216.0	0
216.0	0
218.0	0
218.0	0
219.0	0
222.0	0
222.0	0
223.0	0
223.0	0
224.0	0
226.0	0
227.0	0
228.0	0
229.0	0
229.0	0
229.0	0
231.0	0
231.0	0
229.0	0
231.0	0
231.0	0
233.0	0
230.0	0
230.0	0
230.0	0
230.0	0
229.0	0
230.0	0
229.0	0
228.0	0
227.0	0
226.0	0
225.0	0
225.0	0
223.0	0
223.0	0
222.0	0
222.0	0
221.0	0
218.0	0
218.0	0
217.0	0
215.0	0
216.0	0
215.0	0
213.0	0
214.0	0
212.0	0
211.0	0
211.0	0
210.0	0
208.0	0
208.0	0
208.0	0
208.0	0
207.0	0
207.0	0
207.0	0
206.0	0
206.0	0
206.0	0
206.0	0
207.0	0
207.0	0
208.0	0
208.0	0
210.0	0
211.0	0
212.0	0
213.0	0
214.0	0
215.0	0
216.0	0
217.0	0
219.0	0
220.0	0
222.0	0
222.0	0
222.0	0
225.0	0
225.0	0
226.0	0
226.0	0
225.0	0
226.0	0
226.0	0
228.0	0
228.0	0
229.0	0
230.0	0
230.0	0
229.0	0
230.0	0
230.0	0
231.0	0
230.0	0
229.0	0
231.0	0
229.0	0
229.0	0
229.0	0
229.0	0
227.0	0
226.0	0
226.0	0
223.0	0
222.0	0
221.0	0
221.0	0
220.0	0
219.0	0
218.0	0
218.0	0
217.0	0
215.0	0
215.0	0
213.0	0
212.0	0
212.0	0
211.0	0
210.0	0
208.0	0
208.0	0
207.0	0
206.0	0
207.0	0
206.0	0
206.0	0
207.0	0
207.0	0
206.0	0
206.0	0
206.0	0
207.0	0
208.0	0
209.0	0
210.0	0
210.0	0
211.0	0
212.0	0
213.0	0
214.0	0
216.0	0
217.0	0
219.0	0
221.0	0
221.0	0
222.0	0
224.0	0
225.0	0
225.0	0
226.0	0
227.0	0
227.0	0
227.0	0
228.0	0
229.0	0
230.0	0
230.0	0
230.0	0
232.0	0
232.0	0
231.0	0
231.0	0
232.0	0
232.0	0
232.0	0
231.0	0
231.0	0
232.0	0
230.0	0
230.0	0
231.0	0
229.0	0
229.0	0
228.0	0
227.0	0
225.0	0
225.0	0
223.0	0
222.0	0
221.0	0
221.0	0
220.0	0
219.0	0
219.0	0
217.0	0
216.0	0
215.0	0
212.0	0
212.0	0
211.0	0
209.0	0
210.0	0
209.0	0
208.0	0
208.0	0
208.0	0
208.0	0
207.0	0
208.0	0
209.0	0
208.0	0
209.0	0
209.0	0
208.0	0
208.0	0
208.0	0
208.0	0
211.0	0
211.0	0
211.0	0
211.0	0
213.0	0
215.0	0
217.0	0
218.0	0
218.0	0
220.0	0
221.0	0
222.0	0
223.0	0
223.0	0
223.0	0
225.0	0
225.0	0
227.0	0
227.0	0
228.0	0
228.0	0
230.0	0
230.0	0
230.0	0
233.0	0
231.0	0
232.0	0
232.0	0
231.0	0
231.0	0
230.0	0
231.0	0
231.0	0
230.0	0
229.0	0
228.0	0
227.0	0
226.0	0
225.0	0
224.0	0
223.0	0
222.0	0
222.0	0
221.0	0
219.0	0
218.0	0
216.0	0
216.0	0
213.0	0
214.0	0
213.0	0
213.0	0
211.0	0
210.0	0
209.0	0
208.0	0
208.0	0
207.0	0
208.0	0
208.0	0
207.0	0
208.0	0
208.0	0
208.0	0
209.0	0
208.0	0
207.0	0
209.0	0
208.0	0
208.0	0
209.0	0
210.0	0
211.0	0
210.0	0
211.0	0
212.0	0
215.0	0
215.0	0
217.0	0
217.0	0
219.0	0
220.0	0
221.0	0
222.0	0
223.0	0
224.0	0
225.0	0
225.0	0
226.0	0
227.0	0
228.0	0
229.0	0
229.0	0
229.0	0
230.0	0
231.0	0
232.0	0
232.0	0
232.0	0
232.0	0
231.0	0
231.0	0
231.0	0
230.0	0
230.0	0
231.0	0
228.0	0
228.0	0
226.0	0
225.0	0
224.0	0
222.0	0
222.0	0
221.0	0
220.0	0
219.0	0
219.0	0
218.0	0
34.0	1
216.0	0
216.0	0
214.0	0
213.0	0
212.0	0
211.0	0
211.0	0
209.0	0
208.0	0
208.0	0
207.0	0
207.0	0
208.0	0
207.0	0
207.0	0
208.0	0
208.0	0
208.0	0
208.0	0
208.0	0
208.0	0
208.0	0
208.0	0
209.0	0
208.0	0
210.0	0
212.0	0
213.0	0
214.0	0
215.0	0
216.0	0
217.0	0
218.0	0
219.0	0
222.0	0
222.0	0
223.0	0
223.0	0
225.0	0
224.0	0
225.0	0
226.0	0
226.0	0
227.0	0
227.0	0
228.0	0
228.0	0
229.0	0
229.0	0
230.0	0
230.0	0
230.0	0
229.0	0
230.0	0
229.0	0
229.0	0
228.0	0
228.0	0
227.0	0
228.0	0
78.0	1
224.0	0
223.0	0
223.0	0
222.0	0
222.0	0
220.0	0
219.0	0
98.0	1
27.0	1
59.0	2
215.0	0
214.0	0
195.0	1
212.0	0
211.0	0
211.0	0
210.0	0
209.0	0
208.0	0
207.0	0
207.0	0
207.0	0
207.0	0
207.0	0
206.0	0
206.0	0
207.0	0
208.0	0
207.0	0
209.0	0
207.0	0
207.0	0
208.0	0
207.0	0
208.0	0
209.0	0
210.0	0
210.0	0
213.0	0
213.0	0
214.0	0
215.0	0
216.0	0
217.0	0
116.0	2
221.0	0
222.0	0
222.0	0
223.0	0
224.0	0
225.0	0
226.0	0
226.0	0
227.0	0
228.0	0
228.0	0
229.0	0
229.0	0
229.0	0
229.0	0
231.0	0
230.0	0
231.0	0
231.0	0
231.0	0
229.0	0
230.0	0
228.0	0
227.0	0
227.0	0
225.0	0
225.0	0
225.0	0
223.0	0
223.0	0
221.0	0
94.0	1
218.0	0
217.0	0
94.0	2
41.0	3
189.0	1
164.0	1
214.0	0
213.0	0
212.0	0
210.0	0
112.0	1
208.0	0
208.0	0
208.0	0
208.0	0
207.0	0
207.0	0
207.0	0
207.0	0
208.0	0
208.0	0
209.0	0
208.0	0
208.0	0
208.0	0
208.0	0
207.0	0
207.0	0
209.0	0
210.0	0
145.0	1
211.0	0
211.0	0
212.0	0
213.0	0
214.0	0
216.0	0
105.0	1
219.0	0
219.0	0
219.0	0
221.0	0
223.0	0
222.0	0
223.0	0
224.0	0
225.0	0
227.0	0
227.0	0
228.0	0
228.0	0
229.0	0
229.0	0
229.0	0
229.0	0
230.0	0
229.0	0
230.0	0
229.0	0
229.0	0
229.0	0
228.0	0
228.0	0
227.0	0
226.0	0
225.0	0
224.0	0
224.0	0
222.0	0
222.0	0
63.0	1
213.0	1
52.0	2
58.0	3
51.0	8
42.0	7
99.0	6
97.0	2
213.0	0
212.0	0
211.0	0
210.0	0
210.0	0
208.0	0
208.0	0
208.0	0
206.0	0
208.0	0
208.0	0
207.0	0
208.0	0
208.0	0
208.0	0
208.0	0
208.0	0
208.0	0
208.0	0
208.0	0
208.0	0
209.0	0
209.0	0
209.0	0
210.0	0
211.0	0
211.0	0
213.0	0
213.0	0
215.0	0
215.0	0
208.0	1
71.0	1
89.0	2
42.0	2
222.0	0
222.0	0
224.0	0
224.0	0
224.0	0
52.0	1
225.0	0
228.0	0
227.0	0
228.0	0
227.0	0
228.0	0
229.0	0
228.0	0
229.0	0
229.0	0
229.0	0
229.0	0
229.0	0
228.0	0
227.0	0
227.0	0
226.0	0
226.0	0
224.0	0
224.0	0
223.0	0
95.0	1
221.0	0
105.0	3
37.0	4
58.0	17
29.0	14
30.0	20
34.0	10
70.0	4
72.0	1
212.0	0
211.0	0
210.0	0
209.0	0
209.0	0
208.0	0
208.0	0
207.0	0
113.0	1
208.0	0
208.0	0
208.0	0
209.0	0
208.0	0
207.0	0
208.0	0
207.0	0
208.0	0
208.0	0
208.0	0
208.0	0
208.0	0
210.0	0
209.0	0
210.0	0
211.0	0
212.0	0
212.0	0
214.0	0
215.0	0
211.0	1
33.0	3
56.0	4
108.0	2
71.0	1
90.0	1
222.0	0
75.0	1
224.0	0
225.0	0
225.0	0
225.0	0
226.0	0
227.0	0
228.0	0
229.0	0
228.0	0
228.0	0
228.0	0
229.0	0
229.0	0
229.0	0
230.0	0
227.0	0
227.0	0
227.0	0
227.0	0
226.0	0
224.0	0
223.0	0
222.0	0
223.0	0
72.0	3
58.0	2
37.0	14
22.0	32
24.0	38
15.0	27
115.0	12
38.0	14
32.0	8
11.0	3
212.0	0
211.0	0
210.0	0
209.0	0
210.0	0
209.0	0
208.0	0
208.0	0
208.0	0
207.0	0
207.0	0
210.0	0
209.0	0
208.0	0
208.0	0
208.0	0
208.0	0
209.0	0
209.0	0
210.0	0
208.0	0
209.0	0
209.0	0
210.0	0
210.0	0
153.0	1
212.0	0
214.0	0
214.0	0
214.0	0
216.0	0
216.0	1
105.0	2
62.0	3
68.0	1
86.0	2
221.0	0
37.0	1
223.0	0
224.0	0
224.0	0
225.0	0
226.0	0
226.0	0
226.0	0
227.0	0
227.0	0
228.0	0
228.0	0
228.0	0
228.0	0
227.0	0
228.0	0
228.0	0
226.0	0
227.0	0
226.0	0
226.0	0
112.0	1
224.0	0
221.0	0
50.0	5
53.0	13
46.0	17
31.0	22
30.0	20
29.0	20
29.0	21
65.0	6
126.0	1
33.0	4
211.0	1
210.0	0
210.0	0
209.0	0
209.0	0
208.0	0
208.0	0
208.0	0
209.0	0
208.0	0
209.0	0
207.0	0
208.0	0
208.0	0
208.0	0
209.0	0
209.0	0
210.0	0
209.0	0
209.0	0
209.0	0
209.0	0
209.0	0
209.0	0
212.0	0
212.0	0
213.0	0
101.0	1
215.0	0
215.0	0
54.0	1
217.0	0
218.0	0
219.0	0
54.0	2
75.0	1
221.0	0
93.0	1
58.0	1
224.0	0
224.0	0
94.0	1
227.0	0
227.0	0
226.0	0
227.0	0
228.0	0
229.0	0
229.0	0
229.0	0
229.0	0
229.0	0
228.0	0
229.0	0
229.0	0
47.0	1
227.0	0
227.0	0
227.0	0
224.0	0
224.0	0
25.0	8
15.0	12
35.0	11
42.0	14
53.0	16
45.0	12
59.0	7
24.0	6
66.0	4
86.0	3
214.0	0
213.0	0
210.0	0
210.0	0
211.0	0
210.0	0
210.0	0
210.0	0
209.0	0
210.0	0
210.0	0
210.0	0
210.0	0
210.0	0
210.0	0
211.0	0
210.0	0
211.0	0
211.0	0
211.0	0
210.0	0
166.0	1
210.0	0
211.0	0
209.0	0
211.0	0
200.0	1
211.0	0
211.0	0
211.0	0
213.0	0
213.0	0
215.0	0
215.0	0
217.0	0
217.0	0
217.0	0
218.0	0
219.0	0
220.0	0
221.0	0
221.0	0
223.0	0
224.0	0
224.0	0
225.0	0
226.0	0
225.0	0
85.0	1
120.0	2
227.0	0
64.0	1
224.0	1
226.0	0
225.0	0
225.0	0
224.0	0
224.0	0
222.0	0
222.0	0
64.0	6
53.0	7
14.0	11
33.0	11
41.0	9
37.0	9
40.0	5
114.0	1
34.0	3
212.0	0
30.0	2
37.0	2
210.0	1
209.0	0
209.0	0
208.0	0
209.0	0
207.0	0
45.0	1
208.0	0
207.0	0
69.0	1
208.0	0
50.0	1
208.0	0
208.0	0
208.0	0
209.0	0
209.0	0
209.0	0
207.0	0
208.0	0
208.0	0
185.0	1
209.0	0
210.0	0
210.0	0
212.0	0
210.0	0
156.0	1
212.0	0
56.0	2
212.0	0
214.0	0
215.0	0
215.0	0
217.0	0
218.0	0
218.0	0
219.0	0
220.0	0
221.0	0
221.0	0
222.0	0
61.0	1
224.0	0
225.0	0
226.0	0
225.0	0
226.0	0
181.0	2
63.0	3
115.0	1
226.0	0
226.0	0
91.0	2
226.0	0
224.0	0
224.0	0
223.0	0
45.0	2
31.0	3
89.0	3
32.0	4
43.0	8
109.0	2
96.0	2
170.0	1
216.0	0
214.0	0
213.0	0
213.0	0
211.0	0
211.0	0
211.0	0
210.0	0
58.0	1
208.0	0
209.0	0
209.0	0
209.0	0
209.0	0
163.0	1
209.0	0
181.0	1
209.0	0
209.0	0
209.0	0
209.0	0
209.0	0
208.0	0
208.0	0
208.0	0
209.0	0
208.0	0
77.0	1
143.0	1
211.0	0
211.0	0
210.0	0
210.0	0
211.0	0
211.0	0
212.0	0
213.0	0
213.0	0
215.0	0
215.0	0
216.0	0
217.0	0
218.0	0
218.0	0
219.0	0
31.0	1
221.0	0
221.0	0
222.0	0
223.0	0
224.0	0
224.0	0
224.0	0
223.0	0
203.0	1
24.0	2
225.0	0
225.0	0
225.0	0
225.0	0
225.0	0
224.0	0
223.0	0
224.0	0
59.0	4
52.0	2
44.0	4
71.0	3
143.0	1
91.0	2
64.0	1
215.0	0
215.0	0
214.0	0
214.0	0
212.0	0
211.0	0
211.0	0
40.0	1
210.0	0
209.0	0
210.0	0
210.0	0
209.0	0
209.0	0
143.0	1
208.0	0
125.0	1
208.0	0
208.0	0
209.0	0
210.0	0
209.0	0
210.0	0
210.0	0
210.0	0
210.0	0
211.0	0
211.0	0
211.0	0
210.0	0
211.0	0
150.0	1
212.0	0
213.0	0
214.0	0
214.0	0
214.0	0
215.0	0
215.0	0
216.0	0
217.0	0
218.0	0
218.0	0
219.0	0
219.0	0
221.0	0
221.0	0
222.0	0
223.0	0
224.0	0
224.0	0
225.0	0
225.0	0
226.0	0
225.0	0
226.0	0
225.0	0
91.0	1
225.0	0
225.0	0
226.0	0
126.0	1
225.0	0
223.0	0
46.0	1
77.0	1
84.0	2
221.0	0
221.0	0
220.0	0
219.0	0
218.0	0
217.0	0
217.0	0
215.0	0
214.0	0
213.0	0
214.0	0
213.0	0
214.0	0
212.0	0
212.0	0
211.0	0
211.0	0
212.0	0
212.0	0
211.0	0
153.0	1
211.0	0
99.0	1
42.0	1
212.0	0
212.0	0
200.0	1
210.0	0
212.0	0
212.0	0
213.0	0
213.0	0
212.0	0
212.0	0
212.0	0
213.0	0
211.0	0
211.0	0
211.0	0
212.0	0
213.0	0
213.0	0
213.0	0
215.0	0
214.0	0
215.0	0
118.0	1
217.0	0
217.0	0
219.0	0
218.0	0
220.0	0
221.0	0
220.0	0
221.0	0
220.0	0
221.0	0
221.0	0
221.0	0
222.0	0
224.0	0
223.0	0
224.0	0
225.0	0
224.0	0
223.0	0
223.0	0
224.0	0
221.0	0
221.0	0
221.0	0
219.0	0
220.0	0
218.0	0
218.0	0
218.0	0
215.0	0
215.0	0
215.0	0
214.0	0
211.0	0
212.0	0
212.0	0
210.0	0
211.0	0
210.0	0
211.0	0
209.0	0
210.0	0
208.0	0
209.0	0
209.0	0
210.0	0
208.0	0
209.0	0
208.0	0
209.0	0
209.0	0
209.0	0
209.0	0
210.0	0
209.0	0
210.0	0
210.0	0
209.0	0
209.0	0
209.0	0
210.0	0
214.0	0
213.0	0
215.0	0
215.0	0
214.0	0
215.0	0
215.0	0
217.0	0
217.0	0
218.0	0
218.0	0
218.0	0
219.0	0
220.0	0
220.0	0
221.0	0
221.0	0
222.0	0
221.0	0
224.0	0
225.0	0
223.0	0
225.0	0
224.0	0
55.0	1
225.0	0
224.0	0
225.0	0
225.0	0
33.0	1
223.0	0
223.0	0
223.0	0
224.0	0
222.0	0
221.0	0
220.0	0
221.0	0
220.0	0
217.0	0
219.0	0
217.0	0
216.0	0
215.0	0
214.0	0
214.0	0
213.0	0
213.0	0
211.0	0
213.0	0
211.0	0
212.0	0
212.0	0
211.0	0
211.0	0
211.0	0
212.0	0
210.0	0
213.0	0
212.0	0
210.0	0
211.0	0
211.0	0
212.0	0
189.0	1
212.0	0
210.0	0
212.0	0
213.0	0
212.0	0
213.0	0
213.0	0
213.0	0
213.0	0
213.0	0
212.0	0
214.0	0
214.0	0
214.0	0
214.0	0
214.0	0
215.0	0
216.0	0
216.0	0
217.0	0
217.0	0
218.0	0
220.0	0
219.0	0
221.0	0
221.0	0
27.0	1
221.0	0
223.0	0
223.0	0
223.0	0
223.0	0
221.0	0
222.0	0
223.0	0
222.0	0
223.0	0
223.0	0
221.0	0
223.0	0
220.0	0
220.0	0
220.0	0
220.0	0
219.0	0
217.0	0
218.0	0
216.0	0
215.0	0
214.0	0
212.0	0
213.0	0
212.0	0
212.0	0
211.0	0
212.0	0
212.0	0
211.0	0
212.0	0
210.0	0
210.0	0
210.0	0
209.0	0
211.0	0
210.0	0
211.0	0
211.0	0
210.0	0
96.0	1
210.0	0
211.0	0
211.0	0
211.0	0
212.0	0
211.0	0
212.0	0
212.0	0
212.0	0
212.0	0
211.0	0
211.0	0
211.0	0
211.0	0
210.0	0
212.0	0
212.0	0
212.0	0
212.0	0
213.0	0
212.0	0
215.0	0
216.0	0
216.0	0
217.0	0
216.0	0
217.0	0
217.0	0
218.0	0
219.0	0
220.0	0
220.0	0
219.0	0
220.0	0
219.0	0
220.0	0
221.0	0
220.0	0
222.0	0
221.0	0
221.0	0
220.0	0
219.0	0
219.0	0
218.0	0
217.0	0
218.0	0
216.0	0
214.0	0
215.0	0
213.0	0
213.0	0
213.0	0
211.0	0
210.0	0
210.0	0
210.0	0
210.0	0
210.0	0
210.0	0
208.0	0
208.0	0
208.0	0
210.0	0
208.0	0
209.0	0
208.0	0
208.0	0
209.0	0
209.0	0
209.0	0
209.0	0
211.0	0
211.0	0
209.0	0
211.0	0
210.0	0
210.0	0
210.0	0
211.0	0
211.0	0
210.0	0
213.0	0
213.0	0
214.0	0
212.0	0
214.0	0
213.0	0
214.0	0
216.0	0
215.0	0
214.0	0
216.0	0
214.0	0
216.0	0
216.0	0
217.0	0
218.0	0
219.0	0
219.0	0
219.0	0
219.0	0
219.0	0
220.0	0
220.0	0
222.0	0
222.0	0
219.0	0
222.0	0
221.0	0
222.0	0
221.0	0
220.0	0
220.0	0
220.0	0
219.0	0
218.0	0
218.0	0
217.0	0
217.0	0
216.0	0
216.0	0
215.0	0
215.0	0
214.0	0
213.0	0
211.0	0
212.0	0
211.0	0
212.0	0
212.0	0
212.0	0
210.0	0
212.0	0
211.0	0
211.0	0
211.0	0
210.0	0
210.0	0
211.0	0
210.0	0
212.0	0
212.0	0
211.0	0
211.0	0
210.0	0
212.0	0
212.0	0
213.0	0
212.0	0
213.0	0
212.0	0
212.0	0
213.0	0
213.0	0
214.0	0
212.0	0
212.0	0
214.0	0
213.0	0
214.0	0
215.0	0
214.0	0
214.0	0
215.0	0
215.0	0
216.0	0
217.0	0
217.0	0
218.0	0
219.0	0
219.0	0
220.0	0
219.0	0
219.0	0
220.0	0
221.0	0
221.0	0
221.0	0
221.0	0
222.0	0
221.0	0
220.0	0
220.0	0
220.0	0
220.0	0
219.0	0
219.0	0
219.0	0
35.0	1
217.0	0
217.0	0
216.0	0
216.0	0
215.0	0
214.0	0
213.0	0
213.0	0
212.0	0
211.0	0
211.0	0
212.0	0
212.0	0
212.0	0
210.0	0
211.0	0
211.0	0
210.0	0
211.0	0
211.0	0
211.0	0
211.0	0
211.0	0
212.0	0
211.0	0
213.0	0
212.0	0
212.0	0
212.0	0
212.0	0
212.0	0
211.0	0
213.0	0
213.0	0
212.0	0
213.0	0
214.0	0
213.0	0
213.0	0
213.0	0
213.0	0
214.0	0
214.0	0
215.0	0
216.0	0
215.0	0
216.0	0
216.0	0
216.0	0
217.0	0
216.0	0
218.0	0
217.0	0
217.0	0
219.0	0
218.0	0
220.0	0
219.0	0
220.0	0
220.0	0
219.0	0
219.0	0
220.0	0
219.0	0
220.0	0
221.0	0
219.0	0
220.0	0
220.0	0
219.0	0
218.0	0
218.0	0
218.0	0
218.0	0
217.0	0
216.0	0
215.0	0
215.0	0
213.0	0
212.0	0
212.0	0
213.0	0
212.0	0
211.0	0
212.0	0
212.0	0
211.0	0
212.0	0
212.0	0
210.0	0
212.0	0
211.0	0
211.0	0
211.0	0
211.0	0
211.0	0
211.0	0
213.0	0
211.0	0
212.0	0
212.0	0
213.0	0
212.0	0
213.0	0
213.0	0
213.0	0
213.0	0
213.0	0
214.0	0
213.0	0
215.0	0
214.0	0
215.0	0
215.0	0
215.0	0
217.0	0
216.0	0
218.0	0
218.0	0
218.0	0
219.0	0
218.0	0
219.0	0
220.0	0
220.0	0
221.0	0
221.0	0
221.0	0
221.0	0
220.0	0
222.0	0
221.0	0
222.0	0
90.0	1
221.0	0
222.0	0
220.0	0
222.0	0
221.0	0
220.0	0
221.0	0
220.0	0
221.0	0
220.0	0
218.0	0
216.0	0
217.0	0
216.0	0
216.0	0
215.0	0
215.0	0
215.0	0
214.0	0
215.0	0
213.0	0
214.0	0
213.0	0
215.0	0
213.0	0
214.0	0
214.0	0
212.0	0
214.0	0
212.0	0
214.0	0
213.0	0
213.0	0
213.0	0
212.0	0
213.0	0
214.0	0
213.0	0
213.0	0
214.0	0
214.0	0
214.0	0
214.0	0
213.0	0
214.0	0
214.0	0
213.0	0
213.0	0
214.0	0
215.0	0
216.0	0
214.0	0
216.0	0
216.0	0
216.0	0
217.0	0
217.0	0
217.0	0
217.0	0
216.0	0
217.0	0
219.0	0
218.0	0
217.0	0
220.0	0
220.0	0
219.0	0
219.0	0
221.0	0
220.0	0
220.0	0
222.0	0
220.0	0
221.0	0
221.0	0
220.0	0
220.0	0
87.0	1
219.0	0
218.0	0
219.0	0
219.0	0
216.0	0
216.0	0
216.0	0
215.0	0
215.0	0
214.0	0
214.0	0
214.0	0
213.0	0
214.0	0
214.0	0
213.0	0
213.0	0
213.0	0
213.0	0
213.0	0
213.0	0
211.0	0
37.0	1
124.0	1
212.0	0
211.0	0
212.0	0
212.0	0
212.0	0
212.0	0
213.0	0
212.0	0
212.0	0
213.0	0
213.0	0
213.0	0
213.0	0
213.0	0
213.0	0
214.0	0
213.0	0
212.0	0
213.0	0
212.0	0
212.0	0
213.0	0
213.0	0
214.0	0
214.0	0
214.0	0
215.0	0
215.0	0
215.0	0
215.0	0
215.0	0
217.0	0
218.0	0
217.0	0
218.0	0
217.0	0
219.0	0
219.0	0
218.0	0
218.0	0
218.0	0
219.0	0
218.0	0
218.0	0
218.0	0
218.0	0
218.0	0
217.0	0
216.0	0
216.0	0
214.0	0
215.0	0
215.0	0
214.0	0
214.0	0
212.0	0
213.0	0
213.0	0
213.0	0
212.0	0
212.0	0
213.0	0
211.0	0
212.0	0
211.0	0
212.0	0
211.0	0
213.0	0
210.0	0
211.0	0
212.0	0
211.0	0
211.0	0
211.0	0
211.0	0
211.0	0
211.0	0
212.0	0
213.0	0
212.0	0
212.0	0
210.0	0
212.0	0
212.0	0
211.0	0
211.0	0
211.0	0
212.0	0
211.0	0
211.0	0
212.0	0
212.0	0
213.0	0
213.0	0
213.0	0
214.0	0
215.0	0
216.0	0
214.0	0
216.0	0
214.0	0
214.0	0
216.0	0
217.0	0
216.0	0
217.0	0
217.0	0
216.0	0
218.0	0
217.0	0
217.0	0
217.0	0
216.0	0
217.0	0
216.0	0
217.0	0
217.0	0
216.0	0
217.0	0
217.0	0
216.0	0
215.0	0
214.0	0
212.0	0
213.0	0
212.0	0
213.0	0
212.0	0
213.0	0
212.0	0
213.0	0
212.0	0
212.0	0
211.0	0
212.0	0
212.0	0
211.0	0
211.0	0
212.0	0
211.0	0
210.0	0
211.0	0
211.0	0
211.0	0
211.0	0
210.0	0
210.0	0
209.0	0
210.0	0
211.0	0
212.0	0
212.0	0
212.0	0
211.0	0
210.0	0
210.0	0
212.0	0
211.0	0
211.0	0
212.0	0
211.0	0
213.0	0
212.0	0
213.0	0
213.0	0
214.0	0
213.0	0
214.0	0
215.0	0
216.0	0
215.0	0
216.0	0
215.0	0
215.0	0
215.0	0
215.0	0
216.0	0
216.0	0
216.0	0
216.0	0
216.0	0
217.0	0
216.0	0
216.0	0
217.0	0
215.0	0
217.0	0
216.0	0
216.0	0
217.0	0
217.0	0
217.0	0
216.0	0
216.0	0
215.0	0
213.0	0
213.0	0
212.0	0
212.0	0
212.0	0
214.0	0
212.0	0
213.0	0
212.0	0
212.0	0
212.0	0
211.0	0
211.0	0
211.0	0
211.0	0
211.0	0
210.0	0
210.0	0
210.0	0
209.0	0
210.0	0
210.0	0
210.0	0
210.0	0
210.0	0
211.0	0
210.0	0
210.0	0
211.0	0
211.0	0
211.0	0
210.0	0
213.0	0
212.0	0
212.0	0
213.0	0
212.0	0
210.0	0
211.0	0
211.0	0
211.0	0
212.0	0
212.0	0
212.0	0
213.0	0
214.0	0
213.0	0
214.0	0
214.0	0
215.0	0
216.0	0
215.0	0
215.0	0
214.0	0
215.0	0
217.0	0
216.0	0
216.0	0
217.0	0
216.0	0
216.0	0
217.0	0
217.0	0
217.0	0
217.0	0
216.0	0
215.0	0
215.0	0
214.0	0
214.0	0
214.0	0
212.0	0
212.0	0
213.0	0
212.0	0
213.0	0
211.0	0
212.0	0
212.0	0
212.0	0
212.0	0
210.0	0
211.0	0
211.0	0
211.0	0
211.0	0
210.0	0
209.0	0
210.0	0
210.0	0
211.0	0
211.0	0
209.0	0
209.0	0
211.0	0
211.0	0
211.0	0
211.0	0
211.0	0
210.0	0
210.0	0
211.0	0
211.0	0
211.0	0
211.0	0
210.0	0
211.0	0
211.0	0
212.0	0
211.0	0
211.0	0
211.0	0
212.0	0
212.0	0
211.0	0
211.0	0
212.0	0
213.0	0
213.0	0
213.0	0
213.0	0
213.0	0
214.0	0
214.0	0
214.0	0
214.0	0
214.0	0
214.0	0
215.0	0
214.0	0
215.0	0
215.0	0
216.0	0
215.0	0
216.0	0
215.0	0
216.0	0
216.0	0
216.0	0
216.0	0
215.0	0
216.0	0
213.0	0
213.0	0
212.0	0
212.0	0
212.0	0
213.0	0
212.0	0
211.0	0
211.0	0
210.0	0
211.0	0
212.0	0
211.0	0
211.0	0
210.0	0
209.0	0
211.0	0
209.0	0
209.0	0
210.0	0
209.0	0
209.0	0
209.0	0
209.0	0
208.0	0
209.0	0
210.0	0
209.0	0
209.0	0
210.0	0
210.0	0
211.0	0
211.0	0
211.0	0
210.0	0
210.0	0
211.0	0
211.0	0
212.0	0
210.0	0
210.0	0
209.0	0
210.0	0
210.0	0
211.0	0
211.0	0
211.0	0
213.0	0
211.0	0
212.0	0
213.0	0
212.0	0
214.0	0
214.0	0
214.0	0
214.0	0
214.0	0
98.0	1
214.0	0
214.0	0
215.0	0
214.0	0
214.0	0
213.0	0
213.0	0
214.0	0
213.0	0
214.0	0
212.0	0
213.0	0
212.0	0
212.0	0
212.0	0
212.0	0
211.0	0
211.0	0
210.0	0
210.0	0
211.0	0
211.0	0
210.0	0
211.0	0
211.0	0
211.0	0
209.0	0
209.0	0
209.0	0
209.0	0
211.0	0
208.0	0
209.0	0
210.0	0
209.0	0
209.0	0
209.0	0
209.0	0
207.0	0
209.0	0
209.0	0
208.0	0
208.0	0
210.0	0
210.0	0
210.0	0
210.0	0
208.0	0
209.0	0
209.0	0
209.0	0
210.0	0
209.0	0
209.0	0
210.0	0
209.0	0
210.0	0
209.0	0
209.0	0
211.0	0
211.0	0
211.0	0
212.0	0
212.0	0
210.0	0
211.0	0
211.0	0
212.0	0
212.0	0
212.0	0
212.0	0
213.0	0
213.0	0
213.0	0
212.0	0
212.0	0
213.0	0
212.0	0
213.0	0
213.0	0
80.0	1
95.0	1
79.0	1
212.0	0
212.0	0
211.0	0
212.0	0
211.0	0
211.0	0
210.0	0
210.0	0
210.0	0
210.0	0
210.0	0
209.0	0
210.0	0
208.0	0
208.0	0
209.0	0
209.0	0
207.0	0
207.0	0
207.0	0
207.0	0
208.0	0
208.0	0
207.0	0
21.0	1
207.0	0
207.0	0
207.0	0
207.0	0
208.0	0
208.0	0
208.0	0
208.0	0
208.0	0
208.0	0
208.0	0
209.0	0
208.0	0
208.0	0
208.0	0
208.0	0
209.0	0
208.0	0
209.0	0
209.0	0
208.0	0
209.0	0
209.0	0
210.0	0
211.0	0
211.0	0
212.0	0
212.0	0
212.0	0
212.0	0
213.0	0
213.0	0
213.0	0
213.0	0
213.0	0
213.0	0
212.0	0
213.0	0
213.0	0
212.0	0
212.0	0
212.0	0
213.0	0
213.0	0
213.0	0
213.0	0
212.0	0
211.0	0
211.0	0
212.0	0
210.0	0
209.0	0
209.0	0
209.0	0
211.0	0
210.0	0
210.0	0
210.0	0
210.0	0
209.0	0
208.0	0
209.0	0
208.0	0
208.0	0
208.0	0
208.0	0
208.0	0
208.0	0
207.0	0
207.0	0
207.0	0
208.0	0
208.0	0
207.0	0
207.0	0
207.0	0
207.0	0
207.0	0
208.0	0
208.0	0
208.0	0
141.0	1
207.0	0
207.0	0
208.0	0
208.0	0
207.0	0
208.0	0
209.0	0
207.0	0
208.0	0
208.0	0
208.0	0
209.0	0
209.0	0
209.0	0
209.0	0
210.0	0
211.0	0
212.0	0
211.0	0
211.0	0
211.0	0
212.0	0
211.0	0
211.0	0
211.0	0
213.0	0
212.0	0
212.0	0
212.0	0
212.0	0
211.0	0
210.0	0
212.0	0
211.0	0
211.0	0
211.0	0
122.0	1
211.0	0
210.0	0
209.0	0
210.0	0
209.0	0
210.0	0
209.0	0
209.0	0
208.0	0
208.0	0
208.0	0
207.0	0
207.0	0
207.0	0
208.0	0
208.0	0
208.0	0
207.0	0
207.0	0
206.0	0
207.0	0
208.0	0
207.0	0
207.0	0
206.0	0
206.0	0
207.0	0
206.0	0
206.0	0
206.0	0
207.0	0
206.0	0
207.0	0
206.0	0
133.0	1
206.0	0
206.0	0
206.0	0
207.0	0
206.0	0
207.0	0
209.0	0
207.0	0
207.0	0
207.0	0
208.0	0
210.0	0
209.0	0
209.0	0
209.0	0
209.0	0
211.0	0
211.0	0
211.0	0
212.0	0
211.0	0
212.0	0
212.0	0
212.0	0
212.0	0
190.0	1
213.0	0
212.0	0
212.0	0
211.0	0
211.0	0
211.0	0
211.0	0
211.0	0
211.0	0
211.0	0
211.0	0
211.0	0
209.0	0
209.0	0
210.0	0
209.0	0
210.0	0
209.0	0
208.0	0
209.0	0
208.0	0
208.0	0
208.0	0
208.0	0
207.0	0
208.0	0
208.0	0
207.0	0
208.0	0
208.0	0
207.0	0
207.0	0
208.0	0
208.0	0
208.0	0
208.0	0
207.0	0
207.0	0
205.0	0
206.0	0
206.0	0
206.0	0
205.0	0
206.0	0
206.0	0
206.0	0
206.0	0
205.0	0
206.0	0
70.0	1
206.0	0
91.0	1
207.0	0
