SA_diff	pop
102.0	4
178.0	0
94.0	1
178.0	0
179.0	0
180.0	0
181.0	0
181.0	0
182.0	0
182.0	0
182.0	0
182.0	0
182.0	0
183.0	0
183.0	0
184.0	0
184.0	0
184.0	0
183.0	0
184.0	0
183.0	0
184.0	0
183.0	0
183.0	0
183.0	0
183.0	0
183.0	0
183.0	0
183.0	0
182.0	0
182.0	0
182.0	0
181.0	0
181.0	0
180.0	0
180.0	0
179.0	0
180.0	0
180.0	0
46.0	1
179.0	0
179.0	0
180.0	0
179.0	0
180.0	0
179.0	0
180.0	0
179.0	0
179.0	0
179.0	0
179.0	0
178.0	0
179.0	0
178.0	0
179.0	0
179.0	0
132.0	1
177.0	0
68.0	1
178.0	0
100.0	1
178.0	0
178.0	0
178.0	0
178.0	0
178.0	0
178.0	0
136.0	1
92.0	2
178.0	0
102.0	2
116.0	1
113.0	4
150.0	1
180.0	0
146.0	3
180.0	0
180.0	0
179.0	0
180.0	0
181.0	0
181.0	0
181.0	0
35.0	1
182.0	0
181.0	0
182.0	0
182.0	0
183.0	0
182.0	0
183.0	0
182.0	0
183.0	0
182.0	0
182.0	0
182.0	0
182.0	0
183.0	0
181.0	0
182.0	0
56.0	1
183.0	0
183.0	0
181.0	0
180.0	0
182.0	0
181.0	0
183.0	0
182.0	0
180.0	0
181.0	0
181.0	0
180.0	0
180.0	0
179.0	0
179.0	0
178.0	0
177.0	0
177.0	0
177.0	0
177.0	0
179.0	0
165.0	1
178.0	0
177.0	0
118.0	2
178.0	0
177.0	0
178.0	0
115.0	1
177.0	0
177.0	1
176.0	0
177.0	0
178.0	0
131.0	1
177.0	1
91.0	3
133.0	1
108.0	4
46.0	2
107.0	8
80.0	4
97.0	6
85.0	9
96.0	5
116.0	2
87.0	3
178.0	0
157.0	1
179.0	0
179.0	0
179.0	0
180.0	0
179.0	0
179.0	0
180.0	0
180.0	0
181.0	0
180.0	0
181.0	0
181.0	0
181.0	0
181.0	0
182.0	0
182.0	0
181.0	0
181.0	0
180.0	0
181.0	0
180.0	0
180.0	0
180.0	0
181.0	0
181.0	0
180.0	0
179.0	0
178.0	0
179.0	0
181.0	0
180.0	0
178.0	0
179.0	0
177.0	0
83.0	1
178.0	0
177.0	0
177.0	0
176.0	1
176.0	0
175.0	0
175.0	0
126.0	1
177.0	0
177.0	0
175.0	0
177.0	0
176.0	0
175.0	0
108.0	2
129.0	2
107.0	2
107.0	7
107.0	3
105.0	2
87.0	1
176.0	0
120.0	2
106.0	4
132.0	2
97.0	1
82.0	9
79.0	4
51.0	8
85.0	16
93.0	9
84.0	20
92.0	8
116.0	2
108.0	4
162.0	1
179.0	1
179.0	0
180.0	0
179.0	0
180.0	0
180.0	0
180.0	0
181.0	0
180.0	0
180.0	0
181.0	0
180.0	0
180.0	0
181.0	0
180.0	0
180.0	0
180.0	0
179.0	0
93.0	1
180.0	0
181.0	0
180.0	0
180.0	0
180.0	0
180.0	0
180.0	0
180.0	0
179.0	0
179.0	0
179.0	0
100.0	1
179.0	0
178.0	0
179.0	0
178.0	0
178.0	0
178.0	0
177.0	0
177.0	0
176.0	0
176.0	0
177.0	0
177.0	0
107.0	2
88.0	2
39.0	2
70.0	4
112.0	4
162.0	1
94.0	4
67.0	7
104.0	5
93.0	6
125.0	1
168.0	1
113.0	5
99.0	4
102.0	4
80.0	13
60.0	5
88.0	13
61.0	11
82.0	16
70.0	22
61.0	17
53.0	23
73.0	19
83.0	24
101.0	18
93.0	8
95.0	9
178.0	0
179.0	0
179.0	0
181.0	0
160.0	1
182.0	0
181.0	0
181.0	0
182.0	0
180.0	0
180.0	0
181.0	0
181.0	0
182.0	0
182.0	0
183.0	0
182.0	0
182.0	0
182.0	0
183.0	0
182.0	0
181.0	0
181.0	0
181.0	0
180.0	0
180.0	0
181.0	0
180.0	0
180.0	0
180.0	0
180.0	0
180.0	0
69.0	1
129.0	1
179.0	0
179.0	0
84.0	1
140.0	2
96.0	1
179.0	0
140.0	3
176.0	0
111.0	3
178.0	0
51.0	3
61.0	8
37.0	8
64.0	11
43.0	5
53.0	6
70.0	6
91.0	4
94.0	9
118.0	8
94.0	8
85.0	14
89.0	7
116.0	10
59.0	8
94.0	11
93.0	15
99.0	12
87.0	11
49.0	27
77.0	20
79.0	36
89.0	25
69.0	30
67.0	12
78.0	15
84.0	20
176.0	2
90.0	4
179.0	0
178.0	1
178.0	0
180.0	0
180.0	0
179.0	0
180.0	0
180.0	0
180.0	0
181.0	0
181.0	0
181.0	0
180.0	0
181.0	0
182.0	0
182.0	0
182.0	0
181.0	0
181.0	0
121.0	1
182.0	0
182.0	0
182.0	0
180.0	0
168.0	1
180.0	0
179.0	0
180.0	0
180.0	0
178.0	1
105.0	1
179.0	0
177.0	0
179.0	0
93.0	4
153.0	1
104.0	1
178.0	0
160.0	1
177.0	0
177.0	0
124.0	2
103.0	3
28.0	7
56.0	11
45.0	6
79.0	6
23.0	11
78.0	8
80.0	20
58.0	14
66.0	22
82.0	18
37.0	19
101.0	9
92.0	8
67.0	7
89.0	10
90.0	5
99.0	9
87.0	19
99.0	15
55.0	17
70.0	18
89.0	22
72.0	23
70.0	30
84.0	11
71.0	16
90.0	5
94.0	5
80.0	5
141.0	1
178.0	0
179.0	0
124.0	2
179.0	0
179.0	0
180.0	0
180.0	0
179.0	0
180.0	0
181.0	0
126.0	1
181.0	0
182.0	0
182.0	0
181.0	0
120.0	1
183.0	0
182.0	0
181.0	0
182.0	0
182.0	0
181.0	0
181.0	0
182.0	0
182.0	0
182.0	0
181.0	0
54.0	1
127.0	1
179.0	0
178.0	2
120.0	1
83.0	2
47.0	6
120.0	1
152.0	2
35.0	2
157.0	1
178.0	0
107.0	3
40.0	6
131.0	2
144.0	3
62.0	8
152.0	3
56.0	7
57.0	8
91.0	8
52.0	9
91.0	18
84.0	10
71.0	21
47.0	12
92.0	14
57.0	11
70.0	7
102.0	7
106.0	7
90.0	13
112.0	6
18.0	15
73.0	20
64.0	28
80.0	22
97.0	15
75.0	27
56.0	13
100.0	12
106.0	13
97.0	6
141.0	2
114.0	2
178.0	0
178.0	0
178.0	0
180.0	0
180.0	0
180.0	0
181.0	0
180.0	1
181.0	0
181.0	0
126.0	1
181.0	0
181.0	0
91.0	1
180.0	1
181.0	0
180.0	0
181.0	0
180.0	0
180.0	0
179.0	0
181.0	0
179.0	0
180.0	0
180.0	0
178.0	0
63.0	1
91.0	1
109.0	1
178.0	0
142.0	1
76.0	1
27.0	10
31.0	7
52.0	3
40.0	7
122.0	2
64.0	3
177.0	0
145.0	1
84.0	4
82.0	4
91.0	7
78.0	9
16.0	9
50.0	11
90.0	9
94.0	8
49.0	16
99.0	15
74.0	17
77.0	21
55.0	21
101.0	20
70.0	14
70.0	7
87.0	11
94.0	11
65.0	9
69.0	13
62.0	14
63.0	18
54.0	9
92.0	16
65.0	22
81.0	9
68.0	10
81.0	16
86.0	10
86.0	7
91.0	4
114.0	1
178.0	0
179.0	0
179.0	0
180.0	0
180.0	0
180.0	0
180.0	0
181.0	0
181.0	0
181.0	0
181.0	0
181.0	0
181.0	0
181.0	0
181.0	0
153.0	1
181.0	0
181.0	0
110.0	1
182.0	0
181.0	0
130.0	2
180.0	0
180.0	0
181.0	0
180.0	0
49.0	1
76.0	1
123.0	1
76.0	5
27.0	5
37.0	9
81.0	5
24.0	8
33.0	5
32.0	10
74.0	4
91.0	2
74.0	3
81.0	4
136.0	3
141.0	2
13.0	1
15.0	10
83.0	9
25.0	4
52.0	13
30.0	7
90.0	14
49.0	20
45.0	22
73.0	24
52.0	24
61.0	17
52.0	12
56.0	12
58.0	21
37.0	21
62.0	7
69.0	8
59.0	8
26.0	9
46.0	10
53.0	13
65.0	8
34.0	10
112.0	4
84.0	10
111.0	6
109.0	3
179.0	0
150.0	1
174.0	1
181.0	0
181.0	0
181.0	0
182.0	0
181.0	0
181.0	0
180.0	0
181.0	0
182.0	0
128.0	1
182.0	0
182.0	0
182.0	0
164.0	1
127.0	2
182.0	0
183.0	0
95.0	2
171.0	2
47.0	1
181.0	0
181.0	0
181.0	0
181.0	0
180.0	0
179.0	0
179.0	0
180.0	0
62.0	5
55.0	11
21.0	8
66.0	9
77.0	7
83.0	10
43.0	5
154.0	4
86.0	5
60.0	8
121.0	4
179.0	0
91.0	7
125.0	4
111.0	6
72.0	7
62.0	10
27.0	10
80.0	13
57.0	12
81.0	15
66.0	24
86.0	30
39.0	20
86.0	19
102.0	13
57.0	14
52.0	13
20.0	10
123.0	5
60.0	9
66.0	14
47.0	11
78.0	13
71.0	11
91.0	7
116.0	11
89.0	9
74.0	7
67.0	9
121.0	7
109.0	3
121.0	2
179.0	0
178.0	0
179.0	0
179.0	0
179.0	0
54.0	1
179.0	0
180.0	0
181.0	0
180.0	0
180.0	0
71.0	1
180.0	0
180.0	0
144.0	1
95.0	1
180.0	0
178.0	1
179.0	0
180.0	0
155.0	1
180.0	0
180.0	0
179.0	0
89.0	1
179.0	0
52.0	3
76.0	1
84.0	4
81.0	5
33.0	13
63.0	13
46.0	15
41.0	11
21.0	11
80.0	9
61.0	12
27.0	9
34.0	4
21.0	5
101.0	4
98.0	2
43.0	4
80.0	6
108.0	3
140.0	4
72.0	13
71.0	14
19.0	17
53.0	20
76.0	32
82.0	27
84.0	19
73.0	24
80.0	13
39.0	17
61.0	16
76.0	13
91.0	10
81.0	14
113.0	5
66.0	12
56.0	6
75.0	10
103.0	13
50.0	2
92.0	7
128.0	4
64.0	5
121.0	3
105.0	2
179.0	0
125.0	2
181.0	0
181.0	0
98.0	1
181.0	0
173.0	1
183.0	0
169.0	1
184.0	0
184.0	0
182.0	0
185.0	0
55.0	2
183.0	0
181.0	2
102.0	1
182.0	0
172.0	1
182.0	0
183.0	0
76.0	1
127.0	1
182.0	0
63.0	1
125.0	2
181.0	1
50.0	3
153.0	1
43.0	7
74.0	9
69.0	11
23.0	18
19.0	22
18.0	20
24.0	14
20.0	16
30.0	8
62.0	9
82.0	6
73.0	1
98.0	1
138.0	1
66.0	1
116.0	1
112.0	2
72.0	10
42.0	10
88.0	8
84.0	18
47.0	19
32.0	32
48.0	33
64.0	32
84.0	22
90.0	16
63.0	18
72.0	13
43.0	18
18.0	23
37.0	17
32.0	16
53.0	14
64.0	6
81.0	5
104.0	1
83.0	10
91.0	7
68.0	8
108.0	6
46.0	2
98.0	3
178.0	0
135.0	1
181.0	0
180.0	0
181.0	0
90.0	1
181.0	0
182.0	0
182.0	0
183.0	0
182.0	0
181.0	0
79.0	1
181.0	0
69.0	1
166.0	1
181.0	0
180.0	0
181.0	0
181.0	0
66.0	1
180.0	0
56.0	2
180.0	0
138.0	3
139.0	2
71.0	4
69.0	4
96.0	4
53.0	7
44.0	8
17.0	15
46.0	16
30.0	25
35.0	20
20.0	25
23.0	19
45.0	8
33.0	2
105.0	6
182.0	0
66.0	3
51.0	2
33.0	1
116.0	3
32.0	4
105.0	2
113.0	10
78.0	10
22.0	26
47.0	32
62.0	36
28.0	38
42.0	25
55.0	26
33.0	18
70.0	18
18.0	26
53.0	21
91.0	22
27.0	22
50.0	18
59.0	10
49.0	11
84.0	8
59.0	8
101.0	5
75.0	6
84.0	9
130.0	5
121.0	4
147.0	2
102.0	2
181.0	0
180.0	0
180.0	0
182.0	0
141.0	1
181.0	0
181.0	0
182.0	0
182.0	0
38.0	2
183.0	0
57.0	1
180.0	1
182.0	0
74.0	1
182.0	0
165.0	1
99.0	3
140.0	1
45.0	2
58.0	2
177.0	1
116.0	2
63.0	9
69.0	5
52.0	3
65.0	3
68.0	12
27.0	11
27.0	18
16.0	25
17.0	26
24.0	38
9.0	44
22.0	33
11.0	24
48.0	14
73.0	5
96.0	2
50.0	4
95.0	2
147.0	1
183.0	0
63.0	5
148.0	1
99.0	4
59.0	7
76.0	9
16.0	17
30.0	31
52.0	49
66.0	39
10.0	38
56.0	31
11.0	25
88.0	21
43.0	25
43.0	21
55.0	25
76.0	11
67.0	25
56.0	13
75.0	17
91.0	7
117.0	7
90.0	4
109.0	5
105.0	6
146.0	1
147.0	2
153.0	2
181.0	0
168.0	1
119.0	2
121.0	1
181.0	0
183.0	0
182.0	0
182.0	0
169.0	1
183.0	0
183.0	0
184.0	0
75.0	1
183.0	0
183.0	0
183.0	0
182.0	0
87.0	2
182.0	0
125.0	2
63.0	2
30.0	1
117.0	7
50.0	8
47.0	4
102.0	3
53.0	13
54.0	14
28.0	13
38.0	31
56.0	27
19.0	42
15.0	54
26.0	61
17.0	60
22.0	40
39.0	17
41.0	17
36.0	4
78.0	4
185.0	0
185.0	0
185.0	0
108.0	1
41.0	5
184.0	0
174.0	1
62.0	4
82.0	6
34.0	25
65.0	39
32.0	45
58.0	44
80.0	52
82.0	47
89.0	30
44.0	35
60.0	27
60.0	23
34.0	23
17.0	20
84.0	13
47.0	14
69.0	15
87.0	10
79.0	9
87.0	18
79.0	14
64.0	10
105.0	8
50.0	4
179.0	0
149.0	2
136.0	1
180.0	0
180.0	0
181.0	0
181.0	0
180.0	0
181.0	0
182.0	0
174.0	1
63.0	1
144.0	1
181.0	0
182.0	0
181.0	0
74.0	2
120.0	3
125.0	1
138.0	1
48.0	4
96.0	2
150.0	2
47.0	5
109.0	8
50.0	17
43.0	21
21.0	18
19.0	13
30.0	31
34.0	22
21.0	34
11.0	73
25.0	78
26.0	93
12.0	81
24.0	37
44.0	17
35.0	13
119.0	2
19.0	3
161.0	1
51.0	2
66.0	1
179.0	1
22.0	3
52.0	4
58.0	5
78.0	6
83.0	6
57.0	20
58.0	26
63.0	63
22.0	62
27.0	59
49.0	47
21.0	26
28.0	18
78.0	25
44.0	34
57.0	26
21.0	23
19.0	16
79.0	17
86.0	11
66.0	5
35.0	15
77.0	13
60.0	18
95.0	12
53.0	2
96.0	4
154.0	2
63.0	3
111.0	2
182.0	0
162.0	1
182.0	0
182.0	0
182.0	0
82.0	1
138.0	1
183.0	0
182.0	0
182.0	0
161.0	1
182.0	0
182.0	0
47.0	2
110.0	2
182.0	0
63.0	3
140.0	1
43.0	3
87.0	7
67.0	12
30.0	16
21.0	23
15.0	28
62.0	26
62.0	21
28.0	28
42.0	26
26.0	67
21.0	111
20.0	101
18.0	128
24.0	67
31.0	29
61.0	20
49.0	14
98.0	4
46.0	4
25.0	4
186.0	0
12.0	2
185.0	1
55.0	5
108.0	5
39.0	6
32.0	9
32.0	23
44.0	22
49.0	40
41.0	57
13.0	93
26.0	58
76.0	28
21.0	40
43.0	37
59.0	29
13.0	24
50.0	22
69.0	17
98.0	21
48.0	19
50.0	17
70.0	10
65.0	14
55.0	17
91.0	34
100.0	24
98.0	10
121.0	6
107.0	1
180.0	0
128.0	1
180.0	0
180.0	0
181.0	0
107.0	1
181.0	0
182.0	0
94.0	1
182.0	0
55.0	1
181.0	0
109.0	1
23.0	1
68.0	1
62.0	1
106.0	2
91.0	3
58.0	1
106.0	2
135.0	3
37.0	6
48.0	15
41.0	23
67.0	22
15.0	32
22.0	40
15.0	28
23.0	31
11.0	72
16.0	79
14.0	165
14.0	129
13.0	101
17.0	51
13.0	21
36.0	11
42.0	9
84.0	2
121.0	1
78.0	4
95.0	2
63.0	4
11.0	8
51.0	9
29.0	14
63.0	17
39.0	18
17.0	23
25.0	33
23.0	50
31.0	68
15.0	93
22.0	75
24.0	57
26.0	45
26.0	27
66.0	30
25.0	27
36.0	38
65.0	15
68.0	18
85.0	18
75.0	13
83.0	18
51.0	18
87.0	18
62.0	40
82.0	32
72.0	17
110.0	4
178.0	0
99.0	2
171.0	1
179.0	0
180.0	0
180.0	0
180.0	0
180.0	0
180.0	0
180.0	0
180.0	0
180.0	0
180.0	0
145.0	1
171.0	1
180.0	0
153.0	2
43.0	2
36.0	2
164.0	2
114.0	2
28.0	7
81.0	6
59.0	8
24.0	22
35.0	28
40.0	40
52.0	31
29.0	41
11.0	63
12.0	102
11.0	117
15.0	162
16.0	120
19.0	70
38.0	20
40.0	6
79.0	4
128.0	1
53.0	6
107.0	3
58.0	4
62.0	8
28.0	16
18.0	17
20.0	29
12.0	25
60.0	30
17.0	29
17.0	33
49.0	45
28.0	47
52.0	70
48.0	94
43.0	84
38.0	71
26.0	39
54.0	34
35.0	31
38.0	36
26.0	30
27.0	28
46.0	25
42.0	15
35.0	18
96.0	14
74.0	20
61.0	36
73.0	44
70.0	44
66.0	17
97.0	3
67.0	1
72.0	1
179.0	0
180.0	0
180.0	0
180.0	0
181.0	0
180.0	0
180.0	0
180.0	0
182.0	0
181.0	0
181.0	0
181.0	0
181.0	0
181.0	0
69.0	5
94.0	1
182.0	0
18.0	3
48.0	5
31.0	7
33.0	12
29.0	21
23.0	34
29.0	45
31.0	45
3.0	44
11.0	57
25.0	84
16.0	117
8.0	128
16.0	143
18.0	62
23.0	23
22.0	3
63.0	4
12.0	4
55.0	4
7.0	2
39.0	2
53.0	2
16.0	8
21.0	5
48.0	25
10.0	33
18.0	29
17.0	39
43.0	28
39.0	36
41.0	39
21.0	56
10.0	74
31.0	86
27.0	76
28.0	78
33.0	42
48.0	29
15.0	32
45.0	31
49.0	25
19.0	36
55.0	25
65.0	29
81.0	21
58.0	33
35.0	32
29.0	56
79.0	34
73.0	22
83.0	8
99.0	3
180.0	0
179.0	0
118.0	1
181.0	0
181.0	0
181.0	0
42.0	1
182.0	0
182.0	0
181.0	0
181.0	0
183.0	0
68.0	1
181.0	0
181.0	0
182.0	0
183.0	0
183.0	0
117.0	1
144.0	2
52.0	5
62.0	8
18.0	24
40.0	21
43.0	48
20.0	72
16.0	80
7.0	51
13.0	98
10.0	96
20.0	85
17.0	99
16.0	125
45.0	36
104.0	5
82.0	1
190.0	0
57.0	1
190.0	0
184.0	1
190.0	0
92.0	2
81.0	1
66.0	6
78.0	10
23.0	15
27.0	12
82.0	21
1.0	21
27.0	28
28.0	30
56.0	34
50.0	51
52.0	60
47.0	68
31.0	81
26.0	53
7.0	45
50.0	44
21.0	38
49.0	21
25.0	32
12.0	51
32.0	32
36.0	38
48.0	38
38.0	36
63.0	53
90.0	10
82.0	13
134.0	2
162.0	1
180.0	0
76.0	1
180.0	0
180.0	0
182.0	0
182.0	0
182.0	0
181.0	0
182.0	0
182.0	0
182.0	0
182.0	0
181.0	0
181.0	0
182.0	0
183.0	0
183.0	0
51.0	2
184.0	0
78.0	6
71.0	3
76.0	11
30.0	29
18.0	96
12.0	156
35.0	180
13.0	100
10.0	71
13.0	108
9.0	132
32.0	108
15.0	79
29.0	50
28.0	10
51.0	3
93.0	1
87.0	2
191.0	0
192.0	0
192.0	0
191.0	0
131.0	1
129.0	1
72.0	2
142.0	1
26.0	2
28.0	1
105.0	4
174.0	2
98.0	4
64.0	4
82.0	16
25.0	22
41.0	35
24.0	67
29.0	58
38.0	63
46.0	59
23.0	36
40.0	54
39.0	61
26.0	56
32.0	54
23.0	53
48.0	49
64.0	44
65.0	34
42.0	25
116.0	2
94.0	2
148.0	1
178.0	0
179.0	0
180.0	0
180.0	0
179.0	0
181.0	0
182.0	0
181.0	0
181.0	0
181.0	0
181.0	0
181.0	0
181.0	0
182.0	0
182.0	0
181.0	0
182.0	0
182.0	0
183.0	0
70.0	1
152.0	1
62.0	7
52.0	23
12.0	97
11.0	351
13.0	586
12.0	380
10.0	224
12.0	146
8.0	175
15.0	140
23.0	90
16.0	25
50.0	11
190.0	0
191.0	0
191.0	0
191.0	0
191.0	0
192.0	0
192.0	0
192.0	0
191.0	0
191.0	0
191.0	0
130.0	2
188.0	0
64.0	1
80.0	1
12.0	1
12.0	2
186.0	0
86.0	5
48.0	9
17.0	13
60.0	37
53.0	47
35.0	56
17.0	59
13.0	65
30.0	61
22.0	75
23.0	75
28.0	72
28.0	66
40.0	51
73.0	35
79.0	12
96.0	6
131.0	1
179.0	0
178.0	0
179.0	0
179.0	0
178.0	0
179.0	0
180.0	0
179.0	0
179.0	0
179.0	0
180.0	0
181.0	0
180.0	0
181.0	0
181.0	0
180.0	0
181.0	0
182.0	0
183.0	0
35.0	1
184.0	0
181.0	1
141.0	1
44.0	6
40.0	50
26.0	277
28.0	1122
8.0	1186
19.0	470
10.0	271
6.0	175
11.0	150
15.0	76
29.0	16
66.0	4
47.0	3
192.0	0
192.0	0
192.0	0
193.0	0
192.0	0
192.0	0
192.0	0
191.0	0
191.0	0
190.0	0
190.0	0
190.0	0
189.0	0
189.0	0
189.0	0
188.0	0
188.0	1
131.0	1
186.0	0
134.0	1
78.0	4
78.0	13
64.0	28
33.0	54
15.0	63
8.0	75
26.0	69
19.0	106
15.0	114
19.0	85
2.0	53
58.0	21
82.0	10
58.0	4
178.0	0
179.0	0
178.0	0
179.0	0
179.0	0
180.0	0
179.0	0
179.0	0
180.0	0
179.0	0
179.0	0
180.0	0
181.0	0
181.0	0
180.0	0
183.0	0
82.0	1
182.0	0
182.0	0
182.0	0
183.0	0
182.0	0
184.0	0
69.0	2
127.0	1
59.0	8
20.0	67
15.0	420
20.0	958
7.0	617
6.0	267
8.0	179
16.0	98
20.0	38
36.0	15
72.0	2
191.0	0
191.0	0
192.0	0
192.0	0
193.0	0
193.0	0
193.0	0
193.0	0
192.0	0
192.0	0
192.0	0
191.0	0
191.0	0
190.0	0
190.0	0
189.0	0
190.0	0
188.0	0
188.0	0
188.0	0
186.0	0
186.0	0
167.0	1
43.0	13
63.0	38
35.0	49
38.0	71
11.0	93
17.0	79
17.0	104
38.0	63
23.0	45
60.0	16
80.0	7
108.0	2
179.0	0
179.0	0
178.0	0
178.0	0
179.0	0
179.0	0
178.0	0
179.0	0
179.0	0
179.0	0
180.0	0
180.0	0
181.0	0
180.0	0
180.0	0
182.0	0
182.0	0
181.0	0
181.0	0
183.0	0
183.0	0
183.0	0
183.0	0
184.0	0
186.0	0
92.0	1
46.0	5
22.0	59
15.0	210
20.0	249
14.0	168
24.0	99
10.0	43
55.0	11
85.0	3
192.0	0
193.0	0
194.0	0
194.0	0
192.0	0
193.0	0
193.0	0
194.0	0
195.0	0
194.0	0
194.0	0
194.0	0
193.0	0
193.0	0
192.0	0
192.0	0
191.0	0
190.0	0
190.0	0
188.0	0
188.0	0
187.0	0
187.0	0
186.0	0
186.0	0
17.0	8
74.0	21
20.0	29
13.0	53
8.0	79
14.0	55
10.0	45
73.0	17
46.0	14
84.0	4
177.0	0
177.0	0
177.0	0
177.0	0
178.0	0
178.0	0
178.0	0
179.0	0
179.0	0
178.0	0
178.0	0
180.0	0
179.0	0
179.0	0
180.0	0
180.0	0
181.0	0
181.0	0
181.0	0
182.0	0
182.0	0
183.0	0
184.0	0
184.0	0
185.0	0
136.0	1
186.0	0
57.0	2
45.0	4
68.0	13
44.0	43
29.0	41
62.0	26
82.0	12
22.0	4
192.0	0
146.0	1
193.0	0
195.0	0
195.0	0
195.0	0
196.0	0
196.0	0
194.0	0
195.0	0
194.0	0
195.0	0
194.0	0
195.0	0
193.0	0
194.0	0
193.0	0
193.0	0
191.0	0
191.0	0
190.0	0
189.0	0
189.0	0
187.0	0
187.0	0
186.0	0
186.0	0
34.0	1
86.0	7
58.0	14
16.0	24
34.0	30
56.0	22
74.0	7
85.0	7
181.0	0
180.0	0
179.0	0
178.0	0
178.0	0
179.0	0
179.0	0
179.0	0
179.0	0
179.0	0
180.0	0
179.0	0
180.0	0
180.0	0
179.0	0
180.0	0
180.0	0
181.0	0
181.0	0
181.0	0
181.0	0
182.0	0
183.0	0
184.0	0
185.0	0
185.0	0
186.0	0
186.0	0
48.0	1
15.0	2
104.0	3
73.0	6
48.0	10
57.0	5
46.0	3
104.0	1
193.0	0
193.0	0
195.0	0
195.0	0
195.0	0
195.0	0
196.0	0
197.0	0
197.0	0
198.0	0
198.0	0
196.0	0
196.0	0
197.0	0
197.0	0
194.0	0
195.0	0
193.0	0
192.0	0
192.0	0
192.0	0
190.0	0
190.0	0
190.0	0
188.0	0
48.0	1
187.0	0
186.0	0
185.0	0
19.0	9
29.0	11
21.0	10
71.0	9
98.0	3
103.0	1
62.0	1
137.0	1
181.0	0
180.0	0
179.0	0
178.0	0
178.0	0
177.0	0
178.0	0
178.0	0
177.0	0
178.0	0
178.0	0
179.0	0
179.0	0
179.0	0
179.0	0
181.0	0
180.0	0
180.0	0
181.0	0
182.0	0
183.0	0
183.0	0
184.0	0
185.0	0
186.0	0
187.0	0
188.0	0
189.0	0
54.0	1
189.0	0
176.0	2
87.0	1
192.0	0
50.0	1
115.0	1
193.0	0
195.0	0
195.0	0
195.0	0
195.0	0
196.0	0
196.0	0
196.0	0
196.0	0
197.0	0
198.0	0
196.0	0
196.0	0
195.0	0
195.0	0
194.0	0
194.0	0
194.0	0
193.0	0
192.0	0
190.0	0
190.0	0
190.0	0
189.0	0
188.0	0
188.0	0
186.0	0
185.0	0
111.0	4
106.0	2
124.0	5
165.0	3
182.0	0
181.0	0
151.0	1
181.0	0
121.0	1
181.0	0
181.0	0
179.0	0
177.0	0
177.0	0
177.0	0
176.0	0
178.0	0
179.0	0
178.0	0
178.0	0
178.0	0
180.0	0
180.0	0
180.0	0
181.0	0
181.0	0
181.0	0
181.0	0
182.0	0
183.0	0
184.0	0
184.0	0
185.0	0
186.0	0
187.0	0
189.0	0
189.0	0
190.0	0
117.0	1
179.0	1
192.0	0
193.0	0
194.0	0
194.0	0
194.0	0
194.0	0
195.0	0
196.0	0
196.0	0
198.0	0
198.0	0
197.0	0
196.0	0
197.0	0
197.0	0
197.0	0
197.0	0
195.0	0
196.0	0
195.0	0
193.0	0
193.0	0
193.0	0
192.0	0
191.0	0
191.0	0
189.0	0
189.0	0
188.0	0
187.0	0
186.0	0
121.0	1
185.0	0
160.0	1
183.0	0
183.0	0
171.0	1
182.0	0
181.0	0
181.0	0
180.0	0
180.0	0
178.0	0
178.0	0
178.0	0
178.0	0
178.0	0
178.0	0
178.0	0
177.0	0
179.0	0
178.0	0
179.0	0
179.0	0
180.0	0
180.0	0
180.0	0
180.0	0
181.0	0
182.0	0
183.0	0
185.0	0
187.0	0
187.0	0
187.0	0
188.0	0
189.0	0
189.0	0
190.0	0
191.0	0
193.0	0
194.0	0
194.0	0
195.0	0
195.0	0
196.0	0
197.0	0
55.0	1
197.0	0
197.0	0
198.0	0
198.0	0
198.0	0
198.0	0
199.0	0
198.0	0
198.0	0
198.0	0
197.0	0
196.0	0
197.0	0
195.0	0
195.0	0
195.0	0
193.0	0
192.0	0
191.0	0
190.0	0
189.0	0
189.0	0
188.0	0
187.0	0
187.0	0
122.0	1
186.0	0
152.0	1
184.0	0
184.0	0
183.0	0
182.0	0
181.0	0
181.0	0
179.0	0
179.0	0
178.0	0
178.0	0
177.0	0
178.0	0
177.0	0
177.0	0
178.0	0
178.0	0
177.0	0
179.0	0
180.0	0
179.0	0
180.0	0
181.0	0
182.0	0
182.0	0
183.0	0
184.0	0
185.0	0
186.0	0
186.0	0
188.0	0
189.0	0
190.0	0
191.0	0
192.0	0
193.0	0
63.0	1
195.0	0
195.0	0
195.0	0
197.0	0
197.0	0
197.0	0
198.0	0
197.0	0
198.0	0
199.0	0
200.0	0
199.0	0
201.0	0
199.0	0
200.0	0
199.0	0
198.0	0
198.0	0
198.0	0
196.0	0
195.0	0
195.0	0
194.0	0
192.0	0
193.0	0
193.0	0
191.0	0
38.0	1
189.0	0
189.0	0
189.0	0
188.0	0
187.0	0
134.0	1
185.0	0
88.0	1
183.0	0
131.0	1
182.0	0
181.0	0
181.0	0
180.0	0
179.0	0
179.0	0
178.0	0
179.0	0
179.0	0
177.0	0
177.0	0
177.0	0
177.0	0
178.0	0
178.0	0
178.0	0
178.0	0
179.0	0
180.0	0
181.0	0
182.0	0
183.0	0
184.0	0
185.0	0
185.0	0
186.0	0
187.0	0
190.0	0
190.0	0
191.0	0
192.0	0
194.0	0
194.0	0
194.0	0
194.0	0
196.0	0
196.0	0
196.0	0
197.0	0
197.0	0
198.0	0
198.0	0
199.0	0
198.0	0
199.0	0
199.0	0
200.0	0
199.0	0
200.0	0
200.0	0
199.0	0
198.0	0
198.0	0
197.0	0
196.0	0
196.0	0
195.0	0
193.0	0
193.0	0
192.0	0
191.0	0
191.0	0
190.0	0
189.0	0
189.0	0
188.0	0
187.0	0
185.0	0
185.0	0
184.0	0
183.0	0
182.0	0
181.0	0
181.0	0
180.0	0
180.0	0
179.0	0
178.0	0
178.0	0
178.0	0
179.0	0
177.0	0
177.0	0
177.0	0
177.0	0
178.0	0
178.0	0
178.0	0
178.0	0
179.0	0
179.0	0
181.0	0
181.0	0
183.0	0
184.0	0
185.0	0
185.0	0
188.0	0
189.0	0
189.0	0
80.0	1
191.0	0
192.0	0
192.0	0
194.0	0
194.0	0
72.0	1
195.0	0
197.0	0
198.0	0
198.0	0
198.0	0
199.0	0
199.0	0
199.0	0
199.0	0
199.0	0
200.0	0
199.0	0
199.0	0
199.0	0
198.0	0
198.0	0
198.0	0
197.0	0
196.0	0
196.0	0
195.0	0
194.0	0
194.0	0
193.0	0
191.0	0
191.0	0
190.0	0
189.0	0
189.0	0
188.0	0
187.0	0
185.0	0
184.0	0
184.0	0
183.0	0
184.0	0
182.0	0
182.0	0
180.0	0
179.0	0
179.0	0
179.0	0
179.0	0
177.0	0
177.0	0
176.0	0
177.0	0
178.0	0
179.0	0
178.0	0
179.0	0
180.0	0
182.0	0
181.0	0
182.0	0
183.0	0
183.0	0
185.0	0
186.0	0
187.0	0
188.0	0
189.0	0
190.0	0
191.0	0
192.0	0
194.0	0
194.0	0
170.0	1
196.0	0
196.0	0
197.0	0
198.0	0
116.0	1
199.0	0
200.0	0
200.0	0
201.0	0
202.0	0
202.0	0
202.0	0
201.0	0
202.0	0
202.0	0
201.0	0
201.0	0
200.0	0
200.0	0
200.0	0
199.0	0
199.0	0
197.0	0
197.0	0
196.0	0
196.0	0
194.0	0
194.0	0
193.0	0
191.0	0
191.0	0
191.0	0
190.0	0
170.0	1
186.0	0
134.0	1
186.0	0
185.0	0
184.0	0
183.0	0
182.0	0
182.0	0
182.0	0
180.0	0
180.0	0
179.0	0
178.0	0
178.0	0
178.0	0
179.0	0
178.0	0
177.0	0
177.0	0
178.0	0
178.0	0
178.0	0
179.0	0
179.0	0
180.0	0
181.0	0
182.0	0
182.0	0
185.0	0
186.0	0
186.0	0
187.0	0
188.0	0
189.0	0
190.0	0
191.0	0
192.0	0
193.0	0
193.0	0
195.0	0
196.0	0
197.0	0
197.0	0
199.0	0
199.0	0
198.0	0
199.0	0
199.0	0
200.0	0
200.0	0
200.0	0
200.0	0
200.0	0
201.0	0
201.0	0
199.0	0
199.0	0
199.0	0
197.0	0
197.0	0
195.0	0
195.0	0
193.0	0
193.0	0
191.0	0
191.0	0
190.0	0
189.0	0
188.0	0
188.0	0
187.0	0
185.0	0
105.0	1
184.0	0
184.0	0
184.0	0
181.0	0
181.0	0
180.0	0
179.0	0
178.0	0
177.0	0
177.0	0
177.0	0
177.0	0
177.0	0
178.0	0
177.0	0
176.0	0
179.0	0
179.0	0
179.0	0
180.0	0
180.0	0
179.0	0
182.0	0
182.0	0
184.0	0
185.0	0
185.0	0
187.0	0
188.0	0
189.0	0
189.0	0
192.0	0
194.0	0
194.0	0
194.0	0
195.0	0
196.0	0
196.0	0
198.0	0
197.0	0
200.0	0
199.0	0
200.0	0
200.0	0
200.0	0
201.0	0
202.0	0
203.0	0
203.0	0
202.0	0
202.0	0
203.0	0
201.0	0
202.0	0
201.0	0
199.0	0
199.0	0
198.0	0
198.0	0
195.0	0
196.0	0
194.0	0
194.0	0
193.0	0
191.0	0
190.0	0
190.0	0
189.0	0
188.0	0
187.0	0
186.0	0
185.0	0
184.0	0
182.0	0
182.0	0
182.0	0
181.0	0
180.0	0
180.0	0
180.0	0
179.0	0
179.0	0
178.0	0
178.0	0
178.0	0
177.0	0
178.0	0
178.0	0
178.0	0
179.0	0
179.0	0
179.0	0
180.0	0
181.0	0
181.0	0
184.0	0
185.0	0
185.0	0
186.0	0
187.0	0
188.0	0
189.0	0
190.0	0
191.0	0
192.0	0
194.0	0
194.0	0
195.0	0
197.0	0
197.0	0
198.0	0
198.0	0
200.0	0
200.0	0
200.0	0
201.0	0
200.0	0
201.0	0
203.0	0
204.0	0
201.0	0
202.0	0
201.0	0
202.0	0
201.0	0
201.0	0
200.0	0
199.0	0
199.0	0
198.0	0
198.0	0
196.0	0
194.0	0
193.0	0
193.0	0
192.0	0
192.0	0
190.0	0
189.0	0
189.0	0
187.0	0
187.0	0
186.0	0
185.0	0
185.0	0
183.0	0
183.0	0
182.0	0
181.0	0
180.0	0
179.0	0
179.0	0
178.0	0
178.0	0
177.0	0
178.0	0
179.0	0
178.0	0
178.0	0
179.0	0
178.0	0
178.0	0
179.0	0
179.0	0
181.0	0
182.0	0
183.0	0
184.0	0
185.0	0
186.0	0
187.0	0
188.0	0
189.0	0
191.0	0
190.0	0
192.0	0
193.0	0
194.0	0
194.0	0
195.0	0
196.0	0
196.0	0
197.0	0
61.0	1
199.0	0
199.0	0
200.0	0
201.0	0
201.0	0
200.0	0
200.0	0
201.0	0
201.0	0
202.0	0
201.0	0
202.0	0
201.0	0
201.0	0
201.0	0
200.0	0
199.0	0
197.0	0
197.0	0
195.0	0
194.0	0
193.0	0
192.0	0
192.0	0
190.0	0
190.0	0
189.0	0
188.0	0
187.0	0
186.0	0
184.0	0
184.0	0
184.0	0
183.0	0
181.0	0
180.0	0
180.0	0
180.0	0
178.0	0
177.0	0
177.0	0
177.0	0
178.0	0
178.0	0
177.0	0
178.0	0
178.0	0
178.0	0
177.0	0
177.0	0
178.0	0
179.0	0
179.0	0
181.0	0
183.0	0
183.0	0
185.0	0
186.0	0
186.0	0
188.0	0
189.0	0
190.0	0
191.0	0
192.0	0
193.0	0
194.0	0
194.0	0
195.0	0
196.0	0
196.0	0
197.0	0
198.0	0
199.0	0
199.0	0
200.0	0
200.0	0
200.0	0
200.0	0
200.0	0
201.0	0
201.0	0
200.0	0
200.0	0
200.0	0
199.0	0
198.0	0
199.0	0
198.0	0
197.0	0
196.0	0
195.0	0
194.0	0
193.0	0
192.0	0
191.0	0
190.0	0
189.0	0
188.0	0
187.0	0
187.0	0
185.0	0
184.0	0
183.0	0
181.0	0
181.0	0
180.0	0
178.0	0
178.0	0
177.0	0
178.0	0
178.0	0
177.0	0
177.0	0
177.0	0
177.0	0
178.0	0
177.0	0
177.0	0
178.0	0
177.0	0
177.0	0
178.0	0
178.0	0
179.0	0
180.0	0
181.0	0
182.0	0
184.0	0
185.0	0
186.0	0
188.0	0
189.0	0
190.0	0
190.0	0
192.0	0
192.0	0
194.0	0
195.0	0
195.0	0
195.0	0
197.0	0
197.0	0
198.0	0
199.0	0
200.0	0
201.0	0
200.0	0
202.0	0
202.0	0
202.0	0
201.0	0
201.0	0
201.0	0
200.0	0
200.0	0
200.0	0
199.0	0
199.0	0
197.0	0
196.0	0
196.0	0
194.0	0
194.0	0
193.0	0
192.0	0
191.0	0
192.0	0
190.0	0
188.0	0
187.0	0
186.0	0
20.0	1
185.0	0
184.0	0
183.0	0
182.0	0
181.0	0
180.0	0
180.0	0
179.0	0
177.0	0
178.0	0
178.0	0
178.0	0
178.0	0
178.0	0
177.0	0
178.0	0
178.0	0
177.0	0
178.0	0
177.0	0
177.0	0
178.0	0
179.0	0
179.0	0
180.0	0
180.0	0
182.0	0
184.0	0
185.0	0
186.0	0
187.0	0
189.0	0
190.0	0
191.0	0
192.0	0
193.0	0
193.0	0
194.0	0
194.0	0
195.0	0
196.0	0
196.0	0
197.0	0
197.0	0
198.0	0
199.0	0
199.0	0
201.0	0
201.0	0
200.0	0
200.0	0
200.0	0
200.0	0
200.0	0
199.0	0
199.0	0
199.0	0
197.0	0
197.0	0
196.0	0
194.0	0
194.0	0
193.0	0
191.0	0
189.0	0
190.0	0
188.0	0
187.0	0
57.0	1
186.0	0
185.0	0
184.0	0
183.0	0
182.0	0
180.0	0
180.0	0
179.0	0
178.0	0
177.0	0
176.0	0
176.0	0
176.0	0
176.0	0
176.0	0
176.0	0
177.0	0
177.0	0
177.0	0
177.0	0
177.0	0
177.0	0
177.0	0
178.0	0
178.0	0
178.0	0
179.0	0
181.0	0
183.0	0
185.0	0
185.0	0
186.0	0
187.0	0
188.0	0
189.0	0
190.0	0
192.0	0
192.0	0
192.0	0
193.0	0
194.0	0
194.0	0
196.0	0
196.0	0
196.0	0
198.0	0
198.0	0
199.0	0
199.0	0
199.0	0
200.0	0
199.0	0
199.0	0
199.0	0
200.0	0
199.0	0
199.0	0
198.0	0
197.0	0
198.0	0
197.0	0
197.0	0
195.0	0
193.0	0
192.0	0
192.0	0
192.0	0
189.0	0
189.0	0
189.0	0
188.0	0
186.0	0
186.0	0
184.0	0
183.0	0
182.0	0
181.0	0
181.0	0
180.0	0
179.0	0
178.0	0
177.0	0
177.0	0
177.0	0
177.0	0
177.0	0
176.0	0
176.0	0
177.0	0
177.0	0
177.0	0
178.0	0
177.0	0
177.0	0
177.0	0
178.0	0
179.0	0
179.0	0
181.0	0
180.0	0
184.0	0
184.0	0
184.0	0
186.0	0
186.0	0
188.0	0
189.0	0
191.0	0
191.0	0
43.0	2
193.0	0
195.0	0
196.0	0
195.0	0
197.0	0
198.0	0
198.0	0
198.0	0
199.0	0
200.0	0
199.0	0
200.0	0
200.0	0
200.0	0
201.0	0
200.0	0
200.0	0
199.0	0
199.0	0
198.0	0
197.0	0
198.0	0
195.0	0
196.0	0
195.0	0
193.0	0
193.0	0
192.0	0
190.0	0
189.0	0
116.0	1
53.0	5
21.0	5
143.0	1
49.0	2
184.0	0
183.0	0
182.0	0
174.0	1
180.0	0
178.0	0
178.0	0
178.0	0
178.0	0
178.0	0
178.0	0
177.0	0
177.0	0
178.0	0
178.0	0
179.0	0
178.0	0
179.0	0
179.0	0
179.0	0
177.0	0
178.0	0
182.0	0
182.0	0
182.0	0
183.0	0
184.0	0
185.0	0
186.0	0
187.0	0
189.0	0
29.0	2
36.0	2
116.0	2
192.0	0
195.0	0
37.0	1
195.0	0
196.0	0
196.0	0
198.0	0
198.0	0
199.0	0
200.0	0
200.0	0
201.0	0
202.0	0
201.0	0
201.0	0
202.0	0
202.0	0
202.0	0
202.0	0
202.0	0
202.0	0
200.0	0
201.0	0
198.0	0
199.0	0
198.0	0
197.0	0
197.0	0
195.0	0
194.0	0
192.0	0
78.0	3
51.0	6
41.0	11
26.0	11
40.0	15
16.0	3
40.0	2
184.0	0
184.0	0
183.0	0
181.0	0
180.0	0
180.0	0
180.0	0
179.0	0
179.0	0
180.0	0
180.0	0
181.0	0
181.0	0
180.0	0
181.0	0
180.0	0
180.0	0
179.0	0
181.0	0
181.0	0
181.0	0
182.0	0
180.0	0
180.0	0
180.0	0
182.0	0
182.0	0
183.0	0
184.0	0
67.0	1
186.0	0
43.0	2
34.0	5
41.0	4
62.0	3
193.0	0
189.0	1
194.0	0
195.0	0
195.0	0
196.0	0
196.0	0
198.0	0
199.0	0
199.0	0
198.0	0
199.0	0
199.0	0
200.0	0
201.0	0
200.0	0
200.0	0
199.0	0
46.0	1
199.0	0
198.0	0
198.0	0
197.0	0
196.0	0
196.0	0
98.0	1
193.0	0
192.0	0
45.0	4
37.0	3
33.0	18
17.0	53
17.0	53
21.0	43
38.0	26
73.0	5
184.0	0
95.0	1
182.0	0
181.0	0
180.0	0
180.0	0
179.0	0
178.0	0
178.0	0
178.0	0
180.0	0
178.0	0
179.0	0
179.0	0
179.0	0
178.0	0
179.0	0
179.0	0
178.0	0
178.0	0
179.0	0
179.0	0
179.0	0
180.0	0
181.0	0
181.0	0
181.0	0
183.0	0
183.0	0
185.0	0
181.0	1
113.0	4
38.0	5
59.0	5
51.0	3
27.0	5
86.0	1
192.0	0
194.0	0
135.0	1
195.0	0
195.0	0
196.0	0
197.0	0
198.0	0
198.0	0
198.0	0
198.0	0
198.0	0
199.0	0
199.0	0
199.0	0
200.0	0
200.0	0
198.0	0
198.0	0
198.0	0
197.0	0
197.0	0
195.0	0
194.0	0
190.0	1
38.0	1
61.0	6
23.0	13
34.0	30
18.0	71
14.0	97
15.0	82
18.0	48
26.0	25
44.0	9
184.0	0
121.0	1
182.0	0
149.0	1
180.0	0
181.0	0
179.0	0
179.0	0
179.0	0
179.0	0
179.0	0
178.0	0
180.0	0
180.0	0
179.0	0
177.0	0
178.0	0
178.0	0
179.0	0
179.0	0
179.0	0
180.0	0
179.0	0
179.0	0
182.0	0
182.0	0
183.0	0
147.0	1
124.0	1
128.0	1
100.0	1
114.0	1
111.0	4
47.0	3
31.0	3
18.0	5
53.0	1
58.0	1
193.0	0
194.0	0
194.0	0
195.0	0
195.0	0
197.0	0
197.0	0
198.0	0
198.0	0
198.0	0
199.0	0
198.0	0
199.0	0
199.0	0
199.0	0
198.0	0
198.0	0
198.0	0
44.0	1
197.0	0
196.0	0
195.0	0
195.0	0
127.0	1
15.0	6
37.0	17
31.0	34
21.0	65
21.0	74
20.0	74
27.0	47
36.0	26
31.0	22
42.0	9
23.0	5
56.0	2
92.0	1
180.0	0
179.0	0
179.0	0
179.0	0
178.0	0
179.0	0
179.0	0
180.0	0
179.0	0
179.0	0
72.0	1
179.0	0
180.0	0
180.0	0
180.0	0
180.0	0
180.0	0
180.0	0
180.0	0
180.0	0
179.0	0
109.0	1
181.0	0
182.0	0
96.0	2
123.0	1
184.0	0
185.0	0
164.0	1
53.0	1
189.0	0
50.0	3
112.0	1
190.0	0
34.0	2
193.0	0
193.0	0
193.0	0
115.0	1
196.0	0
196.0	0
196.0	0
196.0	0
197.0	0
199.0	0
198.0	0
88.0	1
199.0	0
199.0	0
198.0	0
198.0	0
198.0	0
197.0	0
196.0	0
197.0	0
196.0	0
74.0	3
25.0	2
46.0	14
13.0	24
31.0	36
28.0	27
15.0	37
27.0	32
25.0	28
10.0	9
20.0	9
98.0	2
71.0	3
87.0	5
117.0	2
180.0	0
79.0	1
180.0	0
179.0	0
179.0	0
35.0	1
179.0	0
179.0	0
179.0	0
180.0	0
179.0	0
179.0	0
180.0	0
180.0	0
180.0	0
180.0	0
181.0	0
180.0	0
150.0	1
166.0	1
181.0	0
180.0	0
181.0	0
160.0	2
182.0	0
181.0	0
183.0	0
184.0	0
184.0	0
185.0	0
186.0	0
148.0	1
37.0	2
188.0	0
189.0	0
103.0	1
191.0	0
191.0	0
65.0	1
194.0	0
194.0	0
48.0	1
196.0	0
195.0	0
196.0	0
196.0	0
51.0	1
196.0	0
196.0	0
197.0	0
40.0	2
195.0	0
195.0	0
160.0	1
194.0	0
193.0	0
33.0	2
14.0	8
38.0	19
23.0	28
24.0	23
31.0	20
28.0	22
33.0	12
35.0	7
96.0	6
183.0	0
64.0	8
47.0	4
179.0	1
86.0	3
180.0	0
46.0	1
154.0	1
135.0	1
120.0	1
178.0	0
178.0	0
180.0	0
179.0	0
178.0	0
178.0	0
178.0	0
179.0	0
179.0	0
179.0	0
180.0	0
178.0	0
179.0	0
178.0	1
179.0	0
146.0	1
119.0	1
180.0	1
112.0	2
181.0	0
182.0	0
182.0	0
157.0	1
183.0	0
185.0	0
185.0	0
24.0	1
187.0	0
188.0	0
189.0	0
190.0	0
191.0	0
191.0	0
193.0	0
194.0	0
194.0	0
194.0	0
191.0	2
190.0	1
196.0	0
76.0	1
147.0	2
196.0	0
97.0	1
197.0	0
196.0	0
196.0	0
160.0	1
195.0	0
194.0	0
50.0	1
38.0	2
48.0	8
38.0	18
48.0	14
16.0	14
35.0	14
36.0	12
67.0	5
33.0	4
66.0	1
184.0	0
183.0	0
182.0	0
184.0	0
182.0	0
181.0	0
180.0	0
180.0	0
115.0	2
180.0	0
180.0	0
113.0	1
180.0	0
179.0	0
179.0	0
179.0	0
180.0	0
180.0	0
179.0	0
179.0	0
179.0	0
180.0	0
180.0	0
179.0	0
179.0	0
176.0	1
89.0	1
180.0	0
180.0	0
180.0	0
180.0	0
175.0	1
181.0	0
181.0	0
183.0	0
183.0	0
185.0	0
185.0	0
40.0	1
187.0	0
188.0	0
188.0	0
190.0	0
191.0	0
12.0	1
192.0	0
192.0	0
193.0	0
194.0	0
194.0	0
119.0	1
194.0	0
93.0	1
194.0	0
77.0	1
196.0	0
195.0	0
48.0	1
51.0	2
194.0	0
193.0	0
193.0	0
42.0	4
37.0	7
45.0	10
41.0	5
43.0	8
71.0	2
51.0	3
185.0	0
185.0	0
184.0	0
107.0	1
183.0	0
178.0	1
183.0	0
181.0	0
181.0	0
179.0	0
156.0	1
180.0	0
179.0	0
180.0	0
179.0	0
179.0	0
140.0	2
178.0	0
179.0	0
179.0	0
179.0	0
180.0	0
179.0	0
179.0	1
179.0	0
179.0	0
139.0	1
180.0	0
180.0	0
180.0	0
180.0	0
180.0	0
180.0	0
180.0	0
181.0	0
181.0	0
181.0	0
182.0	0
183.0	0
183.0	0
185.0	0
185.0	0
186.0	0
187.0	0
188.0	0
188.0	0
188.0	0
189.0	0
190.0	0
191.0	0
191.0	0
191.0	0
192.0	0
193.0	0
192.0	0
192.0	0
177.0	1
192.0	0
193.0	0
192.0	0
192.0	0
192.0	0
192.0	0
141.0	1
36.0	4
20.0	4
165.0	1
188.0	0
70.0	2
187.0	0
186.0	0
118.0	2
184.0	0
184.0	0
183.0	0
182.0	0
181.0	0
181.0	0
180.0	0
180.0	0
179.0	0
179.0	0
179.0	0
179.0	0
178.0	0
178.0	0
171.0	1
177.0	0
177.0	0
178.0	0
178.0	0
179.0	0
179.0	0
178.0	0
178.0	0
179.0	0
180.0	0
180.0	0
181.0	0
164.0	1
176.0	1
178.0	0
179.0	0
181.0	0
182.0	0
64.0	1
182.0	0
183.0	0
183.0	0
183.0	0
184.0	0
185.0	0
186.0	0
187.0	0
188.0	0
188.0	0
189.0	0
190.0	0
190.0	0
192.0	0
192.0	0
193.0	0
191.0	0
192.0	0
193.0	0
194.0	0
193.0	0
195.0	0
195.0	0
195.0	0
196.0	0
17.0	1
194.0	0
194.0	0
55.0	1
193.0	0
193.0	0
193.0	0
71.0	2
190.0	0
189.0	0
188.0	0
187.0	0
187.0	0
183.0	1
186.0	0
185.0	0
183.0	0
184.0	0
183.0	0
182.0	0
182.0	0
182.0	0
181.0	0
181.0	0
181.0	0
180.0	0
180.0	0
179.0	0
180.0	0
180.0	0
180.0	0
179.0	0
180.0	0
181.0	0
180.0	0
181.0	0
181.0	0
182.0	0
182.0	0
181.0	0
180.0	0
175.0	1
181.0	0
180.0	0
182.0	0
182.0	0
183.0	0
182.0	0
183.0	0
182.0	0
183.0	0
184.0	0
184.0	0
184.0	0
185.0	0
185.0	0
187.0	0
187.0	0
188.0	0
188.0	0
188.0	0
190.0	0
190.0	0
191.0	0
192.0	0
192.0	0
192.0	0
192.0	0
193.0	0
192.0	0
193.0	0
192.0	0
193.0	0
192.0	0
191.0	0
191.0	0
192.0	0
190.0	0
35.0	2
189.0	0
189.0	0
188.0	0
187.0	0
187.0	0
186.0	0
185.0	0
184.0	0
183.0	0
182.0	0
181.0	0
181.0	0
181.0	0
180.0	0
181.0	0
179.0	0
180.0	0
179.0	0
179.0	0
179.0	0
179.0	0
179.0	0
179.0	0
39.0	1
180.0	0
179.0	0
180.0	0
180.0	0
181.0	0
180.0	0
180.0	0
180.0	0
181.0	0
181.0	0
181.0	0
182.0	0
182.0	0
184.0	0
184.0	0
183.0	0
182.0	0
183.0	0
184.0	0
184.0	0
183.0	0
184.0	0
185.0	0
185.0	0
186.0	0
188.0	0
187.0	0
188.0	0
189.0	0
190.0	0
191.0	0
190.0	0
191.0	0
191.0	0
192.0	0
192.0	0
194.0	0
193.0	0
192.0	0
193.0	0
192.0	0
193.0	0
192.0	0
192.0	0
191.0	0
159.0	1
191.0	0
191.0	0
190.0	0
189.0	0
188.0	0
188.0	0
187.0	0
186.0	0
185.0	0
184.0	0
183.0	0
184.0	0
182.0	0
182.0	0
181.0	0
182.0	0
182.0	0
181.0	0
180.0	0
180.0	0
181.0	0
179.0	0
181.0	0
180.0	0
180.0	0
181.0	0
180.0	0
181.0	0
181.0	0
182.0	0
181.0	0
181.0	0
182.0	0
182.0	0
182.0	0
182.0	0
182.0	0
182.0	0
183.0	0
180.0	0
180.0	0
180.0	0
180.0	0
180.0	0
182.0	0
181.0	0
181.0	0
181.0	0
182.0	0
182.0	0
184.0	0
185.0	0
185.0	0
186.0	0
185.0	0
186.0	0
186.0	0
188.0	0
188.0	0
189.0	0
190.0	0
190.0	0
189.0	0
189.0	0
189.0	0
190.0	0
190.0	0
190.0	0
189.0	0
190.0	0
189.0	0
188.0	0
187.0	0
187.0	0
187.0	0
186.0	0
185.0	0
185.0	0
184.0	0
183.0	0
182.0	0
182.0	0
181.0	0
93.0	1
179.0	0
179.0	0
179.0	0
179.0	0
179.0	0
177.0	0
177.0	0
177.0	0
178.0	0
178.0	0
178.0	0
177.0	0
177.0	0
177.0	0
178.0	0
179.0	0
179.0	0
180.0	0
179.0	0
180.0	0
180.0	0
180.0	0
179.0	0
180.0	0
180.0	0
180.0	0
180.0	0
182.0	0
181.0	0
182.0	0
181.0	0
183.0	0
182.0	0
183.0	0
185.0	0
185.0	0
183.0	0
184.0	0
185.0	0
185.0	0
186.0	0
187.0	0
187.0	0
188.0	0
188.0	0
188.0	0
188.0	0
188.0	0
188.0	0
190.0	0
191.0	0
190.0	0
190.0	0
191.0	0
190.0	0
190.0	0
190.0	0
188.0	0
189.0	0
189.0	0
188.0	0
187.0	0
187.0	0
186.0	0
187.0	0
185.0	0
184.0	0
184.0	0
184.0	0
183.0	0
182.0	0
182.0	0
181.0	0
180.0	0
181.0	0
181.0	0
181.0	0
180.0	0
181.0	0
180.0	0
180.0	0
179.0	0
180.0	0
179.0	0
180.0	0
179.0	0
181.0	0
181.0	0
180.0	0
180.0	0
180.0	0
181.0	0
181.0	0
181.0	0
181.0	0
124.0	1
182.0	0
181.0	0
182.0	0
182.0	0
183.0	0
182.0	0
183.0	0
183.0	0
183.0	0
184.0	0
185.0	0
185.0	0
184.0	0
185.0	0
185.0	0
186.0	0
187.0	0
188.0	0
188.0	0
188.0	0
189.0	0
190.0	0
189.0	0
190.0	0
191.0	0
191.0	0
191.0	0
191.0	0
191.0	0
192.0	0
191.0	0
190.0	0
190.0	0
190.0	0
190.0	0
189.0	0
189.0	0
189.0	0
188.0	0
187.0	0
187.0	0
186.0	0
185.0	0
185.0	0
184.0	0
183.0	0
183.0	0
182.0	0
182.0	0
181.0	0
182.0	0
182.0	0
181.0	0
181.0	0
181.0	0
181.0	0
180.0	0
182.0	0
182.0	0
181.0	0
181.0	0
181.0	0
181.0	0
181.0	0
182.0	0
181.0	0
182.0	0
182.0	0
182.0	0
182.0	0
181.0	0
183.0	0
182.0	0
139.0	1
183.0	0
183.0	0
183.0	0
183.0	0
184.0	0
182.0	0
184.0	0
184.0	0
185.0	0
185.0	0
185.0	0
185.0	0
185.0	0
186.0	0
186.0	0
187.0	0
187.0	0
187.0	0
188.0	0
188.0	0
188.0	0
190.0	0
189.0	0
190.0	0
191.0	0
190.0	0
190.0	0
190.0	0
190.0	0
190.0	0
191.0	0
189.0	0
189.0	0
189.0	0
189.0	0
189.0	0
188.0	0
38.0	1
187.0	0
187.0	0
185.0	0
185.0	0
31.0	1
183.0	0
182.0	0
181.0	0
183.0	0
182.0	0
181.0	0
181.0	0
182.0	0
180.0	0
182.0	0
182.0	0
180.0	0
181.0	0
181.0	0
180.0	0
180.0	0
181.0	0
181.0	0
182.0	0
182.0	0
182.0	0
182.0	0
183.0	0
183.0	0
183.0	0
182.0	0
182.0	0
182.0	0
183.0	0
182.0	0
183.0	0
183.0	0
183.0	0
184.0	0
185.0	0
184.0	0
185.0	0
186.0	0
186.0	0
187.0	0
187.0	0
188.0	0
188.0	0
187.0	0
188.0	0
189.0	0
189.0	0
189.0	0
189.0	0
190.0	0
190.0	0
189.0	0
191.0	0
190.0	0
191.0	0
192.0	0
190.0	0
191.0	0
190.0	0
190.0	0
190.0	0
189.0	0
189.0	0
189.0	0
189.0	0
189.0	0
187.0	0
185.0	0
185.0	0
185.0	0
185.0	0
185.0	0
184.0	0
184.0	0
183.0	0
183.0	0
183.0	0
182.0	0
183.0	0
183.0	0
183.0	0
183.0	0
182.0	0
181.0	0
182.0	0
182.0	0
182.0	0
182.0	0
182.0	0
183.0	0
181.0	0
182.0	0
182.0	0
182.0	0
183.0	0
182.0	0
182.0	0
183.0	0
183.0	0
183.0	0
183.0	0
183.0	0
184.0	0
184.0	0
183.0	0
185.0	0
186.0	0
185.0	0
186.0	0
185.0	0
186.0	0
186.0	0
187.0	0
187.0	0
187.0	0
187.0	0
188.0	0
189.0	0
190.0	0
188.0	0
190.0	0
190.0	0
190.0	0
190.0	0
191.0	0
191.0	0
191.0	0
192.0	0
190.0	0
191.0	0
191.0	0
191.0	0
190.0	0
189.0	0
188.0	0
189.0	0
189.0	0
189.0	0
187.0	0
186.0	0
186.0	0
186.0	0
186.0	0
184.0	0
185.0	0
185.0	0
184.0	0
184.0	0
183.0	0
184.0	0
184.0	0
184.0	0
183.0	0
184.0	0
184.0	0
183.0	0
184.0	0
183.0	0
183.0	0
182.0	0
183.0	0
182.0	0
182.0	0
183.0	0
184.0	0
183.0	0
184.0	0
183.0	0
184.0	0
183.0	0
183.0	0
183.0	0
183.0	0
183.0	0
185.0	0
183.0	0
185.0	0
185.0	0
184.0	0
185.0	0
185.0	0
186.0	0
186.0	0
187.0	0
187.0	0
187.0	0
187.0	0
187.0	0
188.0	0
190.0	0
190.0	0
189.0	0
190.0	0
188.0	0
190.0	0
190.0	0
189.0	0
190.0	0
190.0	0
191.0	0
190.0	0
173.0	1
190.0	0
190.0	0
189.0	0
189.0	0
189.0	0
188.0	0
187.0	0
187.0	0
187.0	0
187.0	0
186.0	0
184.0	0
185.0	0
185.0	0
184.0	0
184.0	0
185.0	0
184.0	0
183.0	0
184.0	0
183.0	0
183.0	0
183.0	0
183.0	0
182.0	0
182.0	0
182.0	0
182.0	0
183.0	0
182.0	0
182.0	0
182.0	0
182.0	0
183.0	0
184.0	0
183.0	0
184.0	0
183.0	0
184.0	0
184.0	0
184.0	0
184.0	0
184.0	0
185.0	0
184.0	0
184.0	0
184.0	0
185.0	0
186.0	0
186.0	0
187.0	0
187.0	0
187.0	0
188.0	0
187.0	0
189.0	0
189.0	0
188.0	0
189.0	0
189.0	0
190.0	0
190.0	0
190.0	0
190.0	0
191.0	0
190.0	0
190.0	0
190.0	0
190.0	0
190.0	0
190.0	0
190.0	0
190.0	0
190.0	0
190.0	0
190.0	0
189.0	0
189.0	0
187.0	0
187.0	0
186.0	0
186.0	0
186.0	0
186.0	0
186.0	0
185.0	0
186.0	0
185.0	0
186.0	0
185.0	0
185.0	0
186.0	0
184.0	0
185.0	0
184.0	0
184.0	0
183.0	0
184.0	0
185.0	0
184.0	0
185.0	0
184.0	0
183.0	0
182.0	0
183.0	0
184.0	0
184.0	0
185.0	0
184.0	0
183.0	0
185.0	0
184.0	0
184.0	0
184.0	0
184.0	0
185.0	0
184.0	0
185.0	0
184.0	0
185.0	0
185.0	0
185.0	0
185.0	0
186.0	0
187.0	0
188.0	0
186.0	0
188.0	0
187.0	0
187.0	0
187.0	0
188.0	0
188.0	0
189.0	0
189.0	0
188.0	0
189.0	0
189.0	0
188.0	0
189.0	0
189.0	0
187.0	0
188.0	0
188.0	0
182.0	1
188.0	0
188.0	0
188.0	0
188.0	0
187.0	0
186.0	0
185.0	0
185.0	0
184.0	0
185.0	0
184.0	0
185.0	0
184.0	0
184.0	0
184.0	0
184.0	0
184.0	0
183.0	0
183.0	0
183.0	0
183.0	0
183.0	0
182.0	0
182.0	0
182.0	0
182.0	0
182.0	0
182.0	0
182.0	0
182.0	0
182.0	0
183.0	0
182.0	0
182.0	0
183.0	0
183.0	0
182.0	0
182.0	0
185.0	0
184.0	0
184.0	0
185.0	0
183.0	0
183.0	0
183.0	0
184.0	0
183.0	0
183.0	0
184.0	0
185.0	0
185.0	0
186.0	0
185.0	0
185.0	0
186.0	0
186.0	0
187.0	0
186.0	0
187.0	0
187.0	0
187.0	0
187.0	0
188.0	0
188.0	0
188.0	0
188.0	0
187.0	0
188.0	0
188.0	0
188.0	0
188.0	0
187.0	0
187.0	0
187.0	0
185.0	0
186.0	0
185.0	0
185.0	0
184.0	0
185.0	0
184.0	0
183.0	0
183.0	0
184.0	0
183.0	0
185.0	0
185.0	0
182.0	0
183.0	0
182.0	0
183.0	0
183.0	0
182.0	0
182.0	0
182.0	0
182.0	0
183.0	0
182.0	0
182.0	0
181.0	0
182.0	0
182.0	0
182.0	0
183.0	0
182.0	0
182.0	0
182.0	0
184.0	0
183.0	0
183.0	0
183.0	0
182.0	0
184.0	0
183.0	0
184.0	0
93.0	1
183.0	0
183.0	0
183.0	0
184.0	0
183.0	0
183.0	0
184.0	0
184.0	0
185.0	0
185.0	0
185.0	0
185.0	0
186.0	0
186.0	0
185.0	0
185.0	0
186.0	0
186.0	0
186.0	0
186.0	0
187.0	0
187.0	0
187.0	0
187.0	0
187.0	0
187.0	0
188.0	0
188.0	0
187.0	0
187.0	0
187.0	0
186.0	0
185.0	0
184.0	0
184.0	0
185.0	0
184.0	0
185.0	0
184.0	0
183.0	0
183.0	0
183.0	0
183.0	0
183.0	0
182.0	0
182.0	0
182.0	0
181.0	0
182.0	0
182.0	0
180.0	0
181.0	0
181.0	0
181.0	0
180.0	0
180.0	0
180.0	0
181.0	0
181.0	0
181.0	0
181.0	0
181.0	0
182.0	0
182.0	0
182.0	0
182.0	0
181.0	0
182.0	0
183.0	0
182.0	0
184.0	0
182.0	0
182.0	0
182.0	0
183.0	0
182.0	0
183.0	0
184.0	0
185.0	0
185.0	0
185.0	0
185.0	0
185.0	0
186.0	0
186.0	0
186.0	0
186.0	0
187.0	0
186.0	0
187.0	0
187.0	0
186.0	0
187.0	0
187.0	0
187.0	0
185.0	0
186.0	0
65.0	1
186.0	0
186.0	0
185.0	0
174.0	1
185.0	0
184.0	0
185.0	0
184.0	0
184.0	0
184.0	0
184.0	0
182.0	0
183.0	0
183.0	0
183.0	0
183.0	0
184.0	0
182.0	0
182.0	0
182.0	0
183.0	0
182.0	0
183.0	0
181.0	0
181.0	0
181.0	0
181.0	0
181.0	0
181.0	0
68.0	1
182.0	0
181.0	0
180.0	0
179.0	0
180.0	0
181.0	0
181.0	0
181.0	0
181.0	0
182.0	0
181.0	0
182.0	0
182.0	0
183.0	0
181.0	0
183.0	0
184.0	0
183.0	0
183.0	0
183.0	0
184.0	0
184.0	0
186.0	0
185.0	0
187.0	0
186.0	0
185.0	0
185.0	0
185.0	0
186.0	0
187.0	0
186.0	0
186.0	0
187.0	0
187.0	0
187.0	0
187.0	0
187.0	0
187.0	0
187.0	0
187.0	0
187.0	0
187.0	0
186.0	0
185.0	0
186.0	0
186.0	0
186.0	0
186.0	0
185.0	0
185.0	0
184.0	0
184.0	0
184.0	0
185.0	0
183.0	0
183.0	0
184.0	0
183.0	0
183.0	0
183.0	0
183.0	0
182.0	0
181.0	0
182.0	0
181.0	0
182.0	0
182.0	0
181.0	0
181.0	0
183.0	0
182.0	0
182.0	0
181.0	0
181.0	0
182.0	0
182.0	0
183.0	0
182.0	0
182.0	0
182.0	0
183.0	0
183.0	0
182.0	0
183.0	0
183.0	0
183.0	0
182.0	0
182.0	0
183.0	0
183.0	0
183.0	0
183.0	0
183.0	0
185.0	0
185.0	0
186.0	0
185.0	0
185.0	0
184.0	0
186.0	0
186.0	0
186.0	0
186.0	0
186.0	0
186.0	0
186.0	0
187.0	0
187.0	0
186.0	0
186.0	0
186.0	0
187.0	0
187.0	0
187.0	0
186.0	0
186.0	0
185.0	0
185.0	0
186.0	0
185.0	0
183.0	0
183.0	0
183.0	0
185.0	0
184.0	0
183.0	0
184.0	0
184.0	0
183.0	0
183.0	0
184.0	0
182.0	0
182.0	0
182.0	0
182.0	0
183.0	0
182.0	0
180.0	0
181.0	0
181.0	0
181.0	0
127.0	1
181.0	0
181.0	0
181.0	0
182.0	0
181.0	0
181.0	0
182.0	0
182.0	0
181.0	0
181.0	0
181.0	0
182.0	0
182.0	0
181.0	0
182.0	0
183.0	0
181.0	0
181.0	0
181.0	0
182.0	0
183.0	0
182.0	0
181.0	0
182.0	0
185.0	0
185.0	0
185.0	0
184.0	0
184.0	0
185.0	0
185.0	0
185.0	0
184.0	0
185.0	0
186.0	0
186.0	0
127.0	1
186.0	0
185.0	0
186.0	0
185.0	0
185.0	0
184.0	0
184.0	0
184.0	0
184.0	0
184.0	0
184.0	0
182.0	0
182.0	0
182.0	0
182.0	0
181.0	0
181.0	0
181.0	0
182.0	0
182.0	0
181.0	0
181.0	0
181.0	0
181.0	0
181.0	0
181.0	0
180.0	0
179.0	0
180.0	0
180.0	0
180.0	0
180.0	0
179.0	0
180.0	0
179.0	0
180.0	0
180.0	0
180.0	0
180.0	0
180.0	0
179.0	0
180.0	0
179.0	0
179.0	0
180.0	0
181.0	0
180.0	0
180.0	0
180.0	0
128.0	1
181.0	0
180.0	0
179.0	0
180.0	0
180.0	0
182.0	0
181.0	0
181.0	0
181.0	0
182.0	0
183.0	0
183.0	0
184.0	0
184.0	0
184.0	0
184.0	0
184.0	0
184.0	0
185.0	0
185.0	0
186.0	0
185.0	0
184.0	0
185.0	0
184.0	0
184.0	0
184.0	0
185.0	0
185.0	0
184.0	0
184.0	0
183.0	0
182.0	0
182.0	0
182.0	0
182.0	0
183.0	0
181.0	0
181.0	0
181.0	0
180.0	0
180.0	0
180.0	0
180.0	0
179.0	0
180.0	0
180.0	0
180.0	0
181.0	0
180.0	0
180.0	0
180.0	0
181.0	0
182.0	0
181.0	0
181.0	0
180.0	0
179.0	0
178.0	0
178.0	0
178.0	0
177.0	0
178.0	0
179.0	0
179.0	0
178.0	0
179.0	0
179.0	0
179.0	1
180.0	0
180.0	0
179.0	0
180.0	0
