SA_diff	pop
182.0	0
184.0	0
184.0	0
184.0	0
184.0	0
187.0	0
187.0	0
189.0	0
189.0	0
188.0	0
189.0	0
189.0	0
189.0	0
190.0	0
191.0	0
190.0	0
190.0	0
189.0	0
188.0	0
190.0	0
190.0	0
190.0	0
189.0	0
190.0	0
190.0	0
191.0	0
191.0	0
190.0	0
190.0	0
188.0	0
190.0	0
189.0	0
188.0	0
189.0	0
188.0	0
186.0	0
186.0	0
185.0	0
185.0	0
184.0	0
184.0	0
183.0	0
184.0	0
184.0	0
183.0	0
182.0	0
182.0	0
181.0	0
181.0	0
181.0	0
181.0	0
181.0	0
181.0	0
180.0	0
182.0	0
181.0	0
180.0	0
180.0	0
181.0	0
182.0	0
182.0	0
181.0	0
181.0	0
181.0	0
181.0	0
182.0	0
182.0	0
181.0	0
180.0	0
182.0	0
183.0	0
183.0	0
182.0	0
184.0	0
184.0	0
185.0	0
184.0	0
185.0	0
186.0	0
188.0	0
188.0	0
188.0	0
189.0	0
189.0	0
189.0	0
188.0	0
189.0	0
189.0	0
189.0	0
189.0	0
191.0	0
190.0	0
190.0	0
191.0	0
189.0	0
191.0	0
190.0	0
191.0	0
188.0	0
190.0	0
190.0	0
190.0	0
190.0	0
190.0	0
189.0	0
189.0	0
188.0	0
188.0	0
188.0	0
186.0	0
187.0	0
186.0	0
185.0	0
183.0	0
184.0	0
184.0	0
184.0	0
184.0	0
183.0	0
182.0	0
182.0	0
182.0	0
182.0	0
181.0	0
181.0	0
181.0	0
181.0	0
180.0	0
180.0	0
180.0	0
180.0	0
180.0	0
181.0	0
180.0	0
181.0	0
181.0	0
176.0	1
178.0	1
183.0	0
181.0	0
182.0	0
182.0	0
182.0	0
183.0	0
182.0	0
182.0	0
182.0	0
183.0	0
184.0	0
185.0	0
186.0	0
186.0	0
186.0	0
186.0	0
186.0	0
188.0	0
188.0	0
187.0	0
187.0	0
187.0	0
188.0	0
188.0	0
188.0	0
188.0	0
189.0	0
189.0	0
189.0	0
189.0	0
188.0	0
190.0	0
189.0	0
188.0	0
188.0	0
187.0	0
187.0	0
187.0	0
186.0	0
186.0	0
186.0	0
186.0	0
186.0	0
185.0	0
185.0	0
183.0	0
182.0	0
182.0	0
181.0	0
181.0	0
181.0	0
180.0	0
179.0	0
179.0	0
179.0	0
179.0	0
179.0	0
179.0	0
180.0	0
180.0	0
181.0	0
181.0	0
180.0	0
181.0	0
181.0	0
181.0	0
181.0	0
181.0	0
181.0	0
180.0	0
146.0	2
170.0	1
179.0	1
73.0	2
180.0	0
181.0	1
181.0	0
182.0	0
183.0	0
183.0	0
183.0	0
185.0	0
185.0	0
187.0	0
186.0	0
188.0	0
187.0	0
188.0	0
189.0	0
189.0	0
189.0	0
189.0	0
189.0	0
188.0	0
189.0	0
189.0	0
189.0	0
188.0	0
188.0	0
188.0	0
188.0	0
189.0	0
187.0	0
189.0	0
189.0	0
187.0	0
187.0	0
187.0	0
186.0	0
187.0	0
186.0	0
186.0	0
186.0	0
185.0	0
185.0	0
184.0	0
183.0	0
182.0	0
182.0	0
181.0	0
181.0	0
180.0	0
180.0	0
180.0	0
180.0	0
181.0	0
180.0	0
181.0	0
180.0	0
181.0	0
180.0	0
180.0	0
181.0	0
167.0	1
181.0	0
181.0	0
182.0	0
181.0	0
181.0	0
151.0	1
125.0	2
161.0	3
83.0	4
129.0	7
115.0	8
172.0	6
183.0	1
180.0	1
182.0	0
182.0	0
183.0	0
183.0	0
184.0	0
184.0	0
184.0	0
185.0	0
186.0	0
187.0	0
188.0	0
189.0	0
188.0	0
188.0	0
188.0	0
187.0	0
188.0	0
186.0	0
188.0	0
187.0	0
187.0	0
189.0	0
189.0	0
188.0	0
187.0	0
187.0	0
188.0	0
187.0	0
187.0	0
186.0	0
48.0	1
186.0	0
186.0	0
185.0	0
186.0	0
185.0	0
184.0	0
183.0	0
182.0	0
183.0	0
183.0	0
183.0	0
182.0	0
180.0	0
180.0	0
180.0	0
179.0	0
179.0	0
179.0	0
179.0	0
180.0	0
181.0	0
180.0	0
179.0	0
180.0	0
180.0	0
179.0	0
160.0	1
181.0	0
181.0	0
178.0	1
181.0	0
181.0	0
177.0	1
131.0	6
94.0	6
117.0	14
108.0	22
137.0	19
60.0	6
150.0	5
174.0	1
182.0	0
181.0	0
180.0	0
181.0	0
181.0	0
183.0	0
182.0	0
185.0	0
185.0	0
183.0	0
185.0	0
186.0	0
186.0	0
185.0	0
186.0	0
187.0	0
186.0	0
186.0	0
186.0	0
187.0	0
186.0	0
187.0	0
187.0	0
187.0	0
187.0	0
188.0	0
188.0	0
188.0	0
188.0	0
188.0	0
187.0	0
187.0	0
186.0	0
186.0	0
187.0	0
185.0	0
185.0	0
185.0	0
183.0	0
183.0	0
182.0	0
182.0	0
181.0	0
180.0	0
179.0	0
179.0	0
117.0	1
178.0	0
178.0	0
178.0	0
177.0	0
178.0	1
173.0	1
178.0	0
178.0	0
178.0	0
178.0	0
179.0	0
179.0	0
179.0	0
178.0	0
179.0	1
156.0	1
176.0	2
88.0	6
115.0	10
81.0	25
105.0	25
77.0	18
123.0	8
178.0	4
180.0	0
180.0	0
140.0	1
150.0	1
181.0	0
182.0	0
185.0	0
183.0	0
184.0	0
185.0	0
186.0	0
186.0	0
188.0	0
188.0	0
187.0	0
187.0	0
187.0	0
187.0	0
187.0	0
188.0	0
188.0	0
187.0	0
187.0	0
188.0	0
187.0	0
187.0	0
188.0	0
186.0	0
187.0	0
187.0	0
186.0	0
185.0	0
185.0	0
117.0	1
185.0	0
186.0	0
185.0	0
185.0	0
184.0	0
184.0	0
183.0	0
182.0	0
183.0	0
182.0	0
177.0	1
180.0	1
165.0	1
180.0	0
180.0	1
180.0	0
180.0	0
180.0	0
179.0	0
179.0	0
181.0	0
171.0	1
180.0	0
178.0	1
138.0	1
180.0	0
180.0	0
179.0	0
71.0	2
132.0	6
107.0	6
122.0	21
85.0	30
102.0	44
79.0	20
128.0	13
59.0	4
114.0	7
137.0	6
135.0	1
181.0	0
182.0	0
181.0	0
182.0	0
182.0	0
184.0	0
182.0	1
186.0	0
187.0	0
186.0	0
187.0	0
189.0	0
189.0	0
189.0	0
188.0	0
188.0	0
188.0	0
187.0	0
187.0	0
187.0	0
187.0	0
188.0	0
188.0	0
188.0	0
187.0	0
187.0	0
188.0	0
72.0	1
186.0	0
187.0	0
186.0	0
187.0	0
186.0	0
187.0	0
186.0	0
185.0	0
185.0	0
184.0	1
183.0	0
183.0	0
183.0	0
183.0	1
166.0	1
181.0	0
181.0	1
176.0	1
182.0	0
181.0	0
67.0	1
181.0	0
181.0	0
180.0	0
180.0	0
180.0	0
181.0	0
180.0	0
177.0	1
114.0	2
139.0	4
78.0	7
97.0	7
84.0	13
82.0	19
104.0	29
19.0	50
98.0	33
126.0	34
79.0	28
96.0	14
74.0	18
116.0	18
78.0	5
127.0	1
160.0	2
112.0	2
183.0	0
184.0	1
184.0	0
185.0	0
186.0	0
187.0	0
187.0	0
188.0	0
189.0	0
189.0	0
190.0	0
188.0	0
188.0	0
188.0	0
188.0	0
188.0	0
189.0	0
188.0	0
187.0	0
187.0	0
188.0	0
120.0	1
187.0	0
189.0	0
188.0	0
186.0	0
187.0	0
81.0	1
187.0	0
75.0	1
186.0	1
180.0	1
186.0	0
152.0	2
103.0	1
141.0	1
179.0	1
176.0	2
183.0	0
182.0	0
182.0	0
182.0	0
174.0	1
180.0	1
181.0	0
181.0	1
173.0	1
181.0	0
144.0	2
152.0	2
181.0	0
181.0	0
153.0	2
118.0	2
108.0	3
98.0	3
139.0	11
73.0	28
91.0	30
60.0	62
60.0	89
27.0	109
61.0	53
36.0	44
38.0	44
39.0	53
19.0	68
71.0	27
86.0	14
143.0	13
180.0	1
143.0	1
183.0	0
183.0	0
184.0	0
185.0	0
186.0	0
188.0	0
189.0	0
188.0	0
189.0	0
189.0	0
188.0	0
187.0	0
189.0	0
187.0	0
188.0	0
188.0	0
187.0	0
187.0	0
188.0	0
188.0	0
187.0	0
94.0	3
188.0	0
101.0	1
188.0	0
179.0	1
186.0	0
186.0	0
187.0	0
185.0	0
181.0	2
186.0	0
59.0	2
172.0	1
59.0	5
120.0	1
183.0	4
49.0	3
184.0	0
104.0	2
183.0	0
108.0	1
182.0	1
157.0	1
182.0	0
147.0	1
159.0	3
159.0	1
152.0	6
116.0	3
172.0	4
159.0	3
68.0	5
111.0	6
122.0	10
89.0	23
55.0	39
28.0	65
26.0	102
17.0	148
49.0	179
63.0	153
32.0	88
29.0	58
25.0	56
41.0	98
35.0	107
40.0	56
94.0	22
102.0	8
116.0	5
172.0	2
182.0	0
169.0	2
184.0	0
184.0	0
179.0	1
186.0	0
187.0	0
187.0	0
186.0	0
187.0	0
187.0	0
187.0	0
188.0	0
187.0	0
187.0	0
186.0	0
187.0	0
186.0	0
186.0	0
187.0	0
186.0	1
160.0	3
186.0	0
81.0	5
114.0	2
142.0	2
33.0	2
31.0	3
163.0	1
183.0	1
166.0	1
87.0	6
34.0	7
96.0	9
22.0	9
155.0	4
93.0	7
50.0	4
51.0	3
133.0	5
115.0	2
124.0	2
169.0	4
157.0	1
181.0	2
117.0	5
181.0	0
158.0	2
176.0	2
117.0	7
86.0	7
80.0	8
75.0	12
120.0	13
93.0	21
24.0	40
41.0	59
30.0	116
79.0	199
33.0	233
27.0	247
70.0	149
84.0	84
26.0	55
63.0	85
29.0	92
85.0	97
81.0	61
33.0	23
98.0	10
182.0	0
182.0	0
181.0	1
185.0	0
184.0	0
187.0	0
188.0	0
187.0	0
188.0	0
188.0	0
188.0	0
190.0	0
188.0	0
189.0	0
189.0	0
189.0	0
189.0	0
189.0	0
189.0	0
189.0	0
188.0	0
98.0	2
189.0	1
109.0	4
48.0	6
179.0	3
78.0	6
70.0	4
189.0	1
188.0	0
35.0	4
52.0	6
91.0	12
101.0	10
71.0	19
32.0	12
59.0	17
98.0	5
16.0	16
63.0	15
87.0	9
140.0	5
131.0	7
175.0	2
75.0	3
157.0	2
185.0	0
185.0	0
184.0	0
96.0	1
43.0	4
181.0	1
163.0	4
120.0	9
81.0	16
62.0	18
84.0	31
93.0	40
22.0	80
65.0	160
47.0	276
52.0	299
54.0	269
46.0	180
90.0	79
39.0	47
65.0	72
76.0	65
63.0	56
82.0	39
79.0	22
43.0	10
157.0	1
130.0	2
184.0	1
183.0	0
185.0	0
186.0	0
186.0	0
188.0	0
188.0	0
188.0	0
189.0	0
190.0	0
189.0	0
190.0	0
190.0	0
189.0	0
188.0	0
189.0	0
188.0	0
188.0	0
187.0	0
182.0	1
48.0	2
74.0	4
119.0	6
24.0	13
83.0	11
104.0	6
55.0	6
95.0	2
102.0	4
109.0	9
56.0	14
107.0	16
88.0	13
97.0	19
36.0	12
73.0	9
96.0	14
69.0	17
106.0	10
109.0	8
140.0	6
170.0	1
184.0	0
165.0	2
185.0	0
184.0	1
183.0	0
184.0	0
184.0	0
184.0	1
171.0	1
180.0	3
64.0	7
54.0	16
34.0	31
9.0	53
29.0	128
37.0	174
40.0	284
33.0	323
60.0	253
33.0	167
33.0	57
56.0	46
76.0	48
80.0	35
61.0	30
85.0	21
119.0	6
158.0	5
152.0	2
143.0	1
183.0	0
184.0	0
185.0	0
186.0	0
186.0	0
187.0	0
188.0	0
189.0	0
189.0	0
189.0	0
190.0	0
190.0	0
189.0	0
189.0	0
188.0	0
188.0	0
92.0	1
187.0	0
64.0	1
131.0	1
85.0	2
24.0	6
92.0	5
39.0	13
67.0	6
59.0	9
68.0	8
62.0	4
110.0	5
73.0	13
55.0	13
103.0	19
27.0	21
78.0	15
27.0	19
33.0	16
35.0	21
30.0	18
137.0	8
143.0	13
76.0	2
186.0	1
187.0	0
186.0	0
186.0	0
181.0	1
186.0	0
185.0	0
53.0	1
185.0	1
185.0	0
152.0	6
147.0	8
29.0	19
94.0	36
26.0	69
55.0	110
6.0	168
13.0	314
40.0	267
8.0	232
59.0	122
85.0	55
84.0	27
43.0	26
59.0	22
123.0	15
136.0	9
158.0	3
131.0	1
181.0	0
181.0	0
182.0	0
183.0	0
185.0	0
186.0	0
186.0	0
186.0	0
187.0	0
187.0	0
188.0	0
188.0	0
188.0	0
189.0	0
187.0	0
187.0	0
187.0	0
187.0	0
187.0	0
98.0	1
134.0	3
188.0	1
85.0	4
63.0	7
103.0	10
71.0	10
81.0	8
134.0	11
77.0	9
94.0	6
95.0	2
38.0	7
44.0	16
90.0	13
56.0	12
79.0	20
28.0	24
37.0	12
38.0	19
87.0	19
97.0	13
168.0	1
187.0	0
186.0	0
186.0	0
185.0	0
185.0	0
100.0	1
184.0	0
184.0	0
184.0	0
186.0	0
138.0	3
139.0	2
142.0	5
22.0	14
99.0	33
10.0	78
38.0	116
34.0	187
13.0	251
37.0	233
40.0	197
45.0	97
44.0	38
6.0	26
71.0	17
123.0	16
75.0	8
70.0	10
103.0	6
180.0	0
89.0	2
184.0	0
185.0	1
186.0	0
186.0	0
187.0	0
188.0	0
189.0	0
189.0	0
190.0	0
190.0	0
190.0	0
190.0	0
191.0	0
190.0	0
190.0	0
189.0	0
171.0	1
189.0	1
188.0	0
188.0	0
184.0	1
188.0	2
46.0	10
37.0	9
32.0	17
31.0	23
75.0	15
56.0	9
95.0	4
121.0	5
116.0	8
95.0	13
69.0	14
21.0	32
19.0	24
30.0	18
73.0	23
96.0	18
94.0	11
156.0	3
186.0	1
189.0	0
189.0	0
166.0	1
188.0	0
188.0	0
188.0	0
64.0	1
188.0	0
187.0	0
188.0	1
184.0	2
186.0	2
68.0	5
99.0	14
105.0	35
44.0	59
51.0	101
29.0	165
15.0	219
19.0	232
70.0	153
24.0	82
37.0	27
139.0	15
141.0	9
66.0	14
146.0	4
99.0	1
127.0	4
141.0	2
183.0	0
87.0	1
185.0	0
184.0	0
186.0	0
186.0	0
187.0	0
188.0	0
188.0	0
188.0	0
189.0	0
190.0	0
189.0	0
189.0	0
189.0	0
189.0	0
189.0	0
81.0	1
173.0	1
188.0	0
188.0	0
159.0	3
188.0	0
48.0	5
107.0	11
88.0	10
79.0	31
37.0	28
87.0	7
91.0	7
46.0	5
80.0	8
116.0	8
46.0	16
79.0	12
35.0	17
61.0	21
42.0	17
84.0	19
124.0	6
153.0	3
188.0	1
188.0	0
183.0	1
189.0	0
189.0	0
189.0	0
189.0	0
188.0	0
189.0	0
149.0	2
132.0	3
185.0	3
182.0	3
47.0	8
66.0	16
94.0	23
71.0	50
11.0	87
54.0	126
45.0	190
33.0	164
40.0	112
82.0	55
50.0	24
30.0	19
117.0	7
86.0	9
125.0	7
148.0	3
144.0	1
182.0	0
174.0	1
184.0	0
183.0	0
184.0	0
186.0	0
185.0	0
187.0	0
186.0	0
187.0	0
188.0	0
188.0	0
189.0	0
189.0	0
189.0	0
189.0	0
140.0	1
188.0	0
188.0	0
188.0	0
187.0	0
179.0	1
173.0	1
188.0	1
121.0	3
36.0	12
56.0	23
52.0	37
79.0	25
47.0	18
70.0	12
85.0	8
20.0	9
109.0	20
97.0	14
43.0	16
102.0	21
57.0	25
111.0	10
111.0	7
153.0	3
46.0	1
84.0	2
189.0	0
188.0	0
188.0	0
189.0	0
188.0	0
188.0	0
188.0	0
188.0	0
114.0	2
119.0	3
153.0	10
132.0	7
135.0	11
95.0	12
77.0	35
31.0	62
37.0	76
36.0	105
41.0	142
56.0	143
40.0	88
110.0	59
116.0	12
95.0	11
62.0	9
90.0	3
98.0	2
164.0	3
65.0	1
183.0	0
181.0	0
176.0	1
183.0	0
183.0	0
185.0	0
184.0	0
185.0	0
186.0	0
187.0	0
187.0	0
187.0	0
188.0	0
188.0	0
188.0	0
187.0	0
186.0	0
187.0	0
187.0	0
186.0	0
188.0	0
188.0	0
188.0	0
158.0	1
65.0	3
118.0	7
32.0	19
94.0	26
62.0	35
65.0	23
14.0	18
87.0	8
19.0	13
131.0	13
92.0	20
76.0	20
22.0	26
56.0	16
59.0	7
76.0	1
191.0	1
125.0	1
191.0	0
190.0	1
190.0	0
190.0	0
74.0	1
189.0	0
189.0	0
189.0	0
187.0	3
67.0	2
100.0	5
131.0	9
144.0	10
147.0	6
74.0	18
89.0	27
35.0	35
24.0	63
71.0	96
15.0	119
39.0	129
17.0	100
81.0	48
92.0	26
100.0	8
116.0	6
64.0	6
176.0	2
89.0	4
153.0	3
181.0	0
182.0	0
182.0	0
184.0	0
184.0	0
185.0	0
186.0	0
186.0	0
186.0	0
188.0	0
187.0	0
189.0	0
188.0	0
188.0	0
187.0	0
189.0	0
188.0	0
187.0	0
187.0	0
187.0	0
187.0	0
187.0	0
188.0	0
142.0	1
147.0	2
45.0	9
67.0	18
33.0	35
44.0	37
45.0	27
57.0	24
92.0	11
80.0	9
59.0	21
18.0	19
75.0	21
118.0	20
53.0	8
193.0	0
191.0	0
192.0	0
191.0	0
190.0	0
190.0	0
190.0	0
190.0	0
190.0	0
189.0	0
190.0	0
189.0	0
190.0	0
188.0	1
185.0	3
48.0	8
155.0	5
91.0	5
67.0	14
41.0	21
123.0	28
60.0	52
36.0	101
23.0	139
26.0	115
37.0	81
52.0	49
87.0	18
96.0	16
60.0	5
85.0	10
17.0	11
177.0	1
182.0	0
181.0	1
183.0	0
184.0	0
183.0	0
183.0	0
184.0	0
185.0	0
187.0	0
188.0	0
187.0	0
188.0	0
188.0	0
189.0	0
190.0	0
188.0	0
187.0	0
187.0	0
187.0	0
188.0	0
188.0	0
187.0	0
188.0	0
188.0	0
189.0	0
182.0	3
20.0	7
48.0	28
72.0	55
60.0	66
58.0	52
91.0	39
106.0	20
8.0	20
68.0	21
63.0	22
63.0	20
102.0	7
83.0	6
102.0	3
193.0	0
191.0	0
191.0	0
191.0	0
191.0	0
190.0	0
191.0	0
190.0	0
190.0	0
191.0	0
191.0	0
190.0	0
191.0	0
189.0	1
189.0	1
188.0	1
129.0	3
83.0	2
152.0	8
62.0	12
44.0	36
31.0	67
13.0	108
54.0	115
4.0	93
52.0	53
74.0	24
85.0	7
162.0	4
49.0	6
120.0	10
61.0	8
131.0	2
180.0	2
181.0	0
181.0	0
182.0	0
182.0	0
183.0	0
184.0	0
184.0	0
186.0	0
187.0	0
187.0	0
187.0	0
187.0	0
186.0	0
187.0	0
186.0	0
187.0	0
186.0	0
186.0	0
186.0	0
186.0	0
187.0	0
188.0	0
189.0	0
133.0	3
179.0	4
64.0	30
51.0	99
28.0	172
59.0	169
74.0	92
38.0	70
75.0	40
61.0	33
45.0	37
46.0	21
55.0	12
96.0	4
192.0	0
194.0	0
193.0	0
193.0	0
192.0	0
192.0	0
191.0	0
191.0	0
191.0	0
192.0	0
192.0	0
190.0	0
189.0	0
189.0	0
189.0	1
188.0	0
151.0	2
188.0	0
184.0	2
134.0	4
112.0	3
89.0	10
31.0	53
41.0	90
51.0	112
17.0	99
46.0	67
39.0	32
129.0	20
19.0	12
112.0	10
76.0	9
43.0	3
156.0	4
117.0	1
182.0	0
182.0	0
183.0	0
184.0	0
184.0	0
185.0	0
186.0	0
186.0	0
186.0	0
188.0	0
187.0	0
187.0	0
187.0	0
188.0	0
187.0	0
187.0	0
187.0	0
187.0	0
187.0	0
187.0	0
188.0	0
189.0	0
190.0	0
189.0	3
114.0	13
59.0	54
24.0	398
26.0	784
54.0	568
48.0	212
40.0	109
18.0	76
39.0	62
35.0	41
57.0	20
20.0	4
171.0	3
194.0	0
194.0	0
194.0	0
194.0	0
195.0	0
195.0	0
193.0	0
193.0	0
193.0	0
192.0	0
193.0	0
192.0	0
191.0	0
82.0	1
191.0	0
190.0	0
191.0	0
191.0	0
189.0	0
133.0	1
129.0	3
103.0	6
7.0	18
78.0	49
41.0	86
36.0	85
22.0	62
67.0	31
47.0	18
95.0	17
151.0	12
91.0	10
130.0	2
181.0	0
181.0	0
184.0	0
184.0	0
185.0	0
186.0	0
186.0	0
187.0	0
188.0	0
188.0	0
188.0	0
188.0	0
189.0	0
189.0	0
190.0	0
189.0	0
189.0	0
189.0	0
189.0	0
189.0	0
190.0	0
190.0	0
191.0	0
191.0	0
101.0	1
114.0	5
90.0	18
56.0	113
32.0	1067
33.0	1861
23.0	734
55.0	222
56.0	139
0.0	87
17.0	53
34.0	23
149.0	3
196.0	0
197.0	0
196.0	0
195.0	0
196.0	0
196.0	0
195.0	0
195.0	0
195.0	0
195.0	0
195.0	0
194.0	0
194.0	0
194.0	0
194.0	0
194.0	0
194.0	0
193.0	0
192.0	0
192.0	0
192.0	0
162.0	1
190.0	0
187.0	1
115.0	9
64.0	46
12.0	57
50.0	75
29.0	60
47.0	31
49.0	21
34.0	24
102.0	11
127.0	6
48.0	2
182.0	0
182.0	0
183.0	0
185.0	0
185.0	0
187.0	0
186.0	0
186.0	0
187.0	0
188.0	0
188.0	0
189.0	0
189.0	0
188.0	0
189.0	0
188.0	0
189.0	0
188.0	0
188.0	0
189.0	0
190.0	0
190.0	0
190.0	0
191.0	0
32.0	1
143.0	2
93.0	15
26.0	142
36.0	1038
11.0	1087
47.0	352
53.0	160
9.0	130
58.0	65
89.0	13
88.0	2
197.0	0
197.0	0
197.0	0
197.0	0
196.0	0
196.0	0
196.0	0
196.0	0
196.0	0
196.0	0
195.0	0
196.0	0
194.0	0
195.0	0
195.0	0
194.0	0
194.0	0
194.0	0
193.0	0
193.0	0
193.0	0
193.0	0
173.0	1
45.0	1
186.0	1
104.0	1
75.0	15
26.0	43
30.0	49
6.0	35
58.0	15
100.0	13
77.0	11
134.0	2
183.0	0
183.0	0
183.0	0
183.0	0
185.0	0
185.0	0
185.0	0
185.0	0
187.0	0
188.0	0
189.0	0
188.0	0
188.0	0
189.0	0
189.0	0
190.0	0
188.0	0
191.0	0
190.0	0
190.0	0
190.0	0
191.0	0
191.0	0
192.0	0
190.0	0
191.0	0
193.0	0
100.0	1
89.0	11
84.0	53
47.0	212
34.0	187
44.0	97
17.0	61
63.0	31
53.0	10
166.0	2
198.0	0
198.0	0
199.0	0
199.0	0
199.0	0
198.0	0
199.0	0
199.0	0
199.0	0
198.0	0
198.0	0
198.0	0
197.0	0
197.0	0
196.0	0
197.0	0
194.0	0
196.0	0
195.0	0
195.0	0
194.0	0
193.0	0
7.0	1
193.0	0
193.0	0
191.0	0
191.0	0
22.0	7
4.0	18
12.0	24
74.0	26
51.0	7
166.0	4
186.0	0
185.0	0
183.0	0
181.0	1
181.0	0
184.0	0
184.0	0
185.0	0
185.0	0
185.0	0
186.0	0
187.0	0
187.0	0
188.0	0
188.0	0
189.0	0
190.0	0
190.0	0
189.0	0
191.0	0
190.0	0
190.0	0
191.0	0
191.0	0
191.0	0
192.0	0
191.0	0
192.0	0
193.0	0
194.0	0
195.0	1
88.0	17
130.0	25
37.0	33
20.0	18
61.0	6
164.0	2
197.0	0
198.0	0
198.0	0
199.0	0
198.0	0
199.0	0
199.0	0
199.0	0
197.0	0
199.0	0
199.0	0
198.0	0
198.0	0
198.0	0
197.0	0
198.0	0
196.0	0
198.0	0
196.0	0
197.0	0
197.0	0
193.0	0
194.0	0
193.0	0
193.0	0
193.0	0
193.0	0
191.0	0
191.0	0
18.0	4
43.0	6
83.0	12
91.0	9
163.0	7
113.0	1
185.0	0
185.0	0
184.0	0
184.0	0
184.0	0
184.0	0
182.0	0
183.0	0
183.0	0
183.0	0
185.0	0
184.0	0
185.0	0
186.0	0
186.0	0
187.0	0
187.0	0
186.0	0
188.0	0
188.0	0
187.0	0
188.0	0
189.0	0
189.0	0
190.0	0
191.0	0
191.0	0
192.0	0
192.0	0
193.0	0
108.0	2
151.0	4
65.0	6
74.0	4
147.0	1
198.0	1
198.0	0
198.0	0
199.0	0
198.0	0
199.0	0
200.0	0
199.0	0
200.0	0
200.0	0
198.0	0
198.0	0
198.0	0
198.0	0
197.0	0
197.0	0
196.0	0
195.0	0
195.0	0
194.0	0
193.0	0
194.0	0
193.0	0
193.0	0
192.0	0
192.0	0
192.0	0
191.0	0
191.0	0
189.0	0
188.0	0
188.0	0
144.0	2
39.0	3
187.0	0
186.0	0
185.0	0
185.0	0
184.0	0
182.0	0
183.0	0
182.0	0
181.0	0
181.0	0
183.0	0
182.0	0
183.0	0
184.0	0
184.0	0
186.0	0
185.0	0
185.0	0
186.0	0
188.0	0
188.0	0
188.0	0
188.0	0
189.0	0
188.0	0
190.0	0
191.0	0
192.0	0
193.0	0
194.0	0
195.0	0
195.0	0
195.0	0
158.0	2
196.0	0
199.0	0
65.0	1
199.0	0
200.0	0
132.0	1
199.0	0
200.0	0
200.0	0
200.0	0
200.0	0
201.0	0
201.0	0
200.0	0
201.0	0
201.0	0
199.0	0
198.0	0
198.0	0
198.0	0
197.0	0
197.0	0
196.0	0
194.0	0
195.0	0
194.0	0
195.0	0
193.0	0
193.0	0
192.0	0
191.0	0
191.0	0
190.0	0
189.0	0
189.0	0
189.0	0
166.0	1
186.0	0
185.0	0
185.0	0
126.0	1
183.0	0
184.0	0
183.0	0
182.0	0
182.0	0
182.0	0
183.0	0
183.0	0
184.0	0
184.0	0
184.0	0
185.0	0
186.0	0
187.0	0
188.0	0
188.0	0
188.0	0
190.0	0
188.0	0
189.0	0
188.0	0
190.0	0
191.0	0
191.0	0
192.0	0
194.0	0
194.0	0
195.0	0
195.0	1
196.0	0
197.0	0
197.0	0
198.0	0
198.0	0
76.0	1
200.0	0
201.0	0
201.0	0
201.0	0
202.0	0
202.0	0
202.0	0
201.0	0
200.0	0
201.0	0
201.0	0
201.0	0
200.0	0
200.0	0
198.0	0
198.0	0
197.0	0
196.0	0
196.0	0
197.0	0
195.0	0
195.0	0
195.0	0
193.0	0
192.0	0
192.0	0
192.0	0
191.0	0
190.0	0
190.0	0
189.0	0
188.0	0
187.0	0
187.0	0
187.0	0
186.0	0
185.0	0
184.0	0
185.0	0
182.0	0
183.0	0
183.0	0
182.0	0
182.0	0
182.0	0
183.0	0
183.0	0
185.0	0
184.0	0
186.0	0
186.0	0
187.0	0
189.0	0
188.0	0
188.0	0
189.0	0
189.0	0
191.0	0
191.0	0
192.0	0
192.0	0
193.0	0
194.0	0
196.0	0
195.0	0
197.0	0
198.0	0
198.0	0
199.0	0
199.0	0
200.0	0
200.0	0
200.0	0
201.0	0
201.0	0
202.0	0
201.0	0
202.0	0
203.0	0
203.0	0
202.0	0
202.0	0
200.0	0
201.0	0
200.0	0
199.0	0
199.0	0
199.0	0
198.0	0
198.0	0
197.0	0
197.0	0
196.0	0
196.0	0
195.0	0
194.0	0
193.0	0
193.0	0
192.0	0
191.0	0
191.0	0
190.0	0
190.0	0
188.0	0
187.0	0
188.0	0
187.0	0
186.0	0
185.0	0
184.0	0
184.0	0
183.0	0
183.0	0
181.0	0
182.0	0
183.0	0
183.0	0
184.0	0
183.0	0
184.0	0
185.0	0
185.0	0
186.0	0
185.0	0
186.0	0
187.0	0
188.0	0
188.0	0
190.0	0
190.0	0
191.0	0
93.0	1
192.0	0
193.0	0
195.0	0
196.0	0
198.0	0
199.0	0
199.0	0
200.0	0
202.0	0
201.0	0
202.0	0
202.0	0
203.0	0
203.0	0
204.0	0
204.0	0
205.0	0
205.0	0
204.0	0
204.0	0
205.0	0
204.0	0
203.0	0
203.0	0
201.0	0
200.0	0
200.0	0
199.0	0
198.0	0
196.0	0
196.0	0
196.0	0
194.0	0
194.0	0
193.0	0
193.0	0
193.0	0
192.0	0
191.0	0
191.0	0
190.0	0
190.0	0
188.0	0
189.0	0
186.0	0
186.0	0
185.0	0
184.0	0
183.0	0
183.0	0
181.0	0
182.0	0
182.0	0
181.0	0
181.0	0
181.0	0
180.0	0
182.0	0
182.0	0
183.0	0
185.0	0
184.0	0
186.0	0
186.0	0
187.0	0
188.0	0
189.0	0
190.0	0
190.0	0
192.0	0
193.0	0
194.0	0
196.0	0
196.0	0
197.0	0
197.0	0
199.0	0
200.0	0
200.0	0
202.0	0
201.0	0
202.0	0
203.0	0
203.0	0
204.0	0
204.0	0
204.0	0
205.0	0
205.0	0
204.0	0
204.0	0
204.0	0
203.0	0
204.0	0
204.0	0
201.0	0
201.0	0
201.0	0
199.0	0
199.0	0
198.0	0
196.0	0
197.0	0
195.0	0
195.0	0
193.0	0
193.0	0
192.0	0
192.0	0
192.0	0
191.0	0
190.0	0
190.0	0
189.0	0
188.0	0
188.0	0
186.0	0
187.0	0
186.0	0
184.0	0
184.0	0
183.0	0
183.0	0
181.0	0
181.0	0
181.0	0
181.0	0
181.0	0
181.0	0
181.0	0
182.0	0
183.0	0
184.0	0
185.0	0
186.0	0
187.0	0
187.0	0
188.0	0
191.0	0
192.0	0
193.0	0
193.0	0
193.0	0
194.0	0
195.0	0
195.0	0
196.0	0
197.0	0
197.0	0
199.0	0
199.0	0
201.0	0
201.0	0
202.0	0
203.0	0
203.0	0
203.0	0
205.0	0
205.0	0
205.0	0
204.0	0
204.0	0
205.0	0
204.0	0
203.0	0
203.0	0
202.0	0
201.0	0
201.0	0
201.0	0
198.0	0
198.0	0
197.0	0
196.0	0
195.0	0
195.0	0
193.0	0
193.0	0
191.0	0
191.0	0
191.0	0
191.0	0
190.0	0
189.0	0
189.0	0
189.0	0
187.0	0
187.0	0
186.0	0
186.0	0
185.0	0
183.0	0
182.0	0
182.0	0
182.0	0
181.0	0
181.0	0
180.0	0
182.0	0
182.0	0
183.0	0
182.0	0
183.0	0
184.0	0
185.0	0
186.0	0
187.0	0
188.0	0
189.0	0
190.0	0
193.0	0
194.0	0
194.0	0
194.0	0
195.0	0
196.0	0
197.0	0
198.0	0
198.0	0
199.0	0
200.0	0
200.0	0
200.0	0
201.0	0
201.0	0
203.0	0
203.0	0
204.0	0
204.0	0
205.0	0
205.0	0
204.0	0
204.0	0
206.0	0
205.0	0
205.0	0
205.0	0
202.0	0
203.0	0
202.0	0
202.0	0
201.0	0
199.0	0
198.0	0
196.0	0
198.0	0
195.0	0
195.0	0
195.0	0
194.0	0
193.0	0
193.0	0
192.0	0
192.0	0
190.0	0
190.0	0
190.0	0
190.0	0
188.0	0
187.0	0
186.0	0
186.0	0
184.0	0
184.0	0
183.0	0
182.0	0
182.0	0
182.0	0
181.0	0
181.0	0
181.0	0
179.0	0
180.0	0
181.0	0
183.0	0
183.0	0
184.0	0
185.0	0
186.0	0
188.0	0
189.0	0
191.0	0
191.0	0
192.0	0
193.0	0
194.0	0
193.0	0
195.0	0
195.0	0
198.0	0
198.0	0
198.0	0
199.0	0
201.0	0
200.0	0
202.0	0
203.0	0
203.0	0
204.0	0
203.0	0
203.0	0
204.0	0
204.0	0
206.0	0
206.0	0
204.0	0
204.0	0
203.0	0
203.0	0
202.0	0
201.0	0
200.0	0
198.0	0
198.0	0
198.0	0
197.0	0
195.0	0
195.0	0
193.0	0
193.0	0
192.0	0
192.0	0
192.0	0
190.0	0
190.0	0
189.0	0
188.0	0
188.0	0
187.0	0
185.0	0
185.0	0
185.0	0
184.0	0
182.0	0
181.0	0
180.0	0
180.0	0
180.0	0
179.0	0
179.0	0
179.0	0
179.0	0
180.0	0
182.0	0
182.0	0
183.0	0
184.0	0
184.0	0
184.0	0
187.0	0
188.0	0
190.0	0
191.0	0
192.0	0
195.0	0
195.0	0
196.0	0
197.0	0
198.0	0
199.0	0
200.0	0
200.0	0
200.0	0
201.0	0
201.0	0
203.0	0
203.0	0
205.0	0
204.0	0
206.0	0
206.0	0
205.0	0
207.0	0
207.0	0
207.0	0
207.0	0
207.0	0
207.0	0
208.0	0
206.0	0
207.0	0
206.0	0
205.0	0
203.0	0
203.0	0
200.0	0
200.0	0
199.0	0
198.0	0
196.0	0
195.0	0
194.0	0
193.0	0
192.0	0
191.0	0
192.0	0
191.0	0
190.0	0
189.0	0
187.0	0
187.0	0
187.0	0
185.0	0
185.0	0
186.0	0
184.0	0
185.0	0
183.0	0
182.0	0
181.0	0
182.0	0
182.0	0
181.0	0
181.0	0
182.0	0
181.0	0
181.0	0
182.0	0
183.0	0
185.0	0
186.0	0
188.0	0
190.0	0
191.0	0
192.0	0
192.0	0
195.0	0
195.0	0
196.0	0
196.0	0
197.0	0
198.0	0
199.0	0
199.0	0
200.0	0
201.0	0
202.0	0
204.0	0
204.0	0
205.0	0
205.0	0
206.0	0
205.0	0
206.0	0
206.0	0
207.0	0
208.0	0
207.0	0
206.0	0
207.0	0
206.0	0
205.0	0
206.0	0
204.0	0
203.0	0
203.0	0
202.0	0
200.0	0
198.0	0
198.0	0
196.0	0
196.0	0
194.0	0
193.0	0
192.0	0
190.0	0
190.0	0
190.0	0
190.0	0
189.0	0
188.0	0
187.0	0
187.0	0
186.0	0
185.0	0
184.0	0
183.0	0
182.0	0
183.0	0
181.0	0
180.0	0
180.0	0
179.0	0
180.0	0
180.0	0
181.0	0
181.0	0
183.0	0
182.0	0
183.0	0
184.0	0
187.0	0
187.0	0
188.0	0
189.0	0
191.0	0
192.0	0
194.0	0
194.0	0
195.0	0
196.0	0
196.0	0
198.0	0
198.0	0
199.0	0
200.0	0
159.0	1
201.0	0
201.0	0
201.0	0
203.0	0
204.0	0
204.0	0
204.0	0
205.0	0
205.0	0
206.0	0
206.0	0
206.0	0
206.0	0
206.0	0
205.0	0
205.0	0
204.0	0
203.0	0
203.0	0
202.0	0
202.0	0
199.0	0
199.0	0
196.0	0
196.0	0
195.0	0
194.0	0
193.0	0
191.0	0
191.0	0
190.0	0
189.0	0
188.0	0
187.0	0
187.0	0
186.0	0
186.0	0
185.0	0
183.0	0
183.0	0
182.0	0
181.0	0
180.0	0
181.0	0
180.0	0
180.0	0
181.0	0
180.0	0
180.0	0
181.0	0
182.0	0
182.0	0
182.0	0
183.0	0
184.0	0
184.0	0
185.0	0
186.0	0
188.0	0
189.0	0
192.0	0
193.0	0
194.0	0
195.0	0
195.0	0
197.0	0
198.0	0
199.0	0
199.0	0
200.0	0
200.0	0
202.0	0
204.0	0
204.0	0
204.0	0
204.0	0
206.0	0
206.0	0
206.0	0
206.0	0
207.0	0
207.0	0
206.0	0
207.0	0
207.0	0
206.0	0
205.0	0
206.0	0
203.0	0
203.0	0
204.0	0
202.0	0
201.0	0
200.0	0
199.0	0
198.0	0
197.0	0
197.0	0
196.0	0
193.0	0
192.0	0
192.0	0
190.0	0
189.0	0
188.0	0
188.0	0
188.0	0
188.0	0
185.0	0
184.0	0
184.0	0
182.0	0
182.0	0
182.0	0
182.0	0
181.0	0
180.0	0
180.0	0
180.0	0
182.0	0
182.0	0
181.0	0
181.0	0
182.0	0
183.0	0
185.0	0
186.0	0
186.0	0
187.0	0
188.0	0
189.0	0
191.0	0
193.0	0
194.0	0
194.0	0
195.0	0
198.0	0
198.0	0
199.0	0
199.0	0
200.0	0
201.0	0
201.0	0
203.0	0
204.0	0
204.0	0
206.0	0
205.0	0
205.0	0
206.0	0
206.0	0
208.0	0
206.0	0
208.0	0
208.0	0
208.0	0
207.0	0
207.0	0
206.0	0
205.0	0
205.0	0
204.0	0
203.0	0
202.0	0
201.0	0
199.0	0
198.0	0
198.0	0
196.0	0
194.0	0
194.0	0
192.0	0
191.0	0
189.0	0
188.0	0
188.0	0
187.0	0
186.0	0
185.0	0
184.0	0
184.0	0
183.0	0
183.0	0
181.0	0
180.0	0
180.0	0
181.0	0
180.0	0
181.0	0
182.0	0
182.0	0
182.0	0
182.0	0
182.0	0
184.0	0
184.0	0
183.0	0
184.0	0
185.0	0
185.0	0
187.0	0
187.0	0
189.0	0
192.0	0
193.0	0
195.0	0
196.0	0
196.0	0
198.0	0
198.0	0
199.0	0
199.0	0
200.0	0
201.0	0
202.0	0
203.0	0
203.0	0
203.0	0
205.0	0
204.0	0
205.0	0
206.0	0
206.0	0
207.0	0
207.0	0
207.0	0
208.0	0
208.0	0
206.0	0
207.0	0
206.0	0
205.0	0
204.0	0
202.0	0
203.0	0
201.0	0
200.0	0
200.0	0
198.0	0
196.0	0
194.0	0
194.0	0
192.0	0
191.0	0
190.0	0
190.0	0
189.0	0
189.0	0
188.0	0
187.0	0
185.0	0
185.0	0
184.0	0
183.0	0
183.0	0
181.0	0
181.0	0
181.0	0
181.0	0
181.0	0
182.0	0
183.0	0
182.0	0
182.0	0
182.0	0
183.0	0
182.0	0
182.0	0
185.0	0
184.0	0
185.0	0
186.0	0
188.0	0
190.0	0
193.0	0
192.0	0
193.0	0
195.0	0
196.0	0
197.0	0
199.0	0
200.0	0
200.0	0
201.0	0
202.0	0
202.0	0
202.0	0
204.0	0
204.0	0
204.0	0
205.0	0
205.0	0
207.0	0
207.0	0
206.0	0
207.0	0
207.0	0
208.0	0
207.0	0
208.0	0
207.0	0
207.0	0
206.0	0
205.0	0
205.0	0
204.0	0
203.0	0
200.0	0
200.0	0
199.0	0
199.0	0
198.0	0
196.0	0
194.0	0
193.0	0
192.0	0
189.0	1
189.0	0
189.0	0
189.0	0
186.0	0
186.0	0
184.0	0
184.0	0
183.0	0
183.0	0
183.0	0
182.0	0
182.0	0
182.0	0
183.0	0
183.0	0
183.0	0
182.0	0
183.0	0
183.0	0
184.0	0
184.0	0
183.0	0
184.0	0
185.0	0
184.0	0
186.0	0
187.0	0
188.0	0
190.0	0
191.0	0
192.0	0
194.0	0
197.0	0
197.0	0
198.0	0
200.0	0
200.0	0
200.0	0
200.0	0
202.0	0
203.0	0
204.0	0
204.0	0
203.0	0
204.0	0
204.0	0
205.0	0
205.0	0
205.0	0
205.0	0
206.0	0
206.0	0
207.0	0
207.0	0
207.0	0
205.0	0
206.0	0
205.0	0
50.0	1
203.0	0
203.0	0
201.0	0
200.0	0
198.0	0
198.0	0
197.0	0
195.0	0
184.0	1
193.0	0
192.0	0
191.0	0
189.0	0
189.0	0
188.0	0
188.0	0
186.0	0
185.0	0
184.0	0
183.0	0
184.0	0
183.0	0
182.0	0
182.0	0
182.0	0
183.0	0
182.0	0
182.0	0
183.0	0
183.0	0
182.0	0
183.0	0
184.0	0
184.0	0
183.0	0
183.0	0
183.0	0
185.0	0
186.0	0
188.0	0
188.0	0
190.0	0
191.0	0
192.0	0
194.0	0
196.0	0
197.0	0
198.0	0
199.0	0
200.0	0
200.0	0
200.0	0
202.0	0
203.0	0
203.0	0
204.0	0
204.0	0
204.0	0
204.0	0
205.0	0
205.0	0
205.0	0
205.0	0
206.0	0
205.0	0
206.0	0
205.0	0
205.0	0
204.0	0
203.0	0
203.0	0
202.0	0
201.0	0
201.0	0
200.0	0
199.0	0
198.0	0
197.0	0
194.0	0
194.0	0
194.0	0
191.0	0
190.0	0
190.0	0
189.0	0
188.0	0
187.0	0
187.0	0
27.0	1
185.0	0
185.0	0
184.0	0
183.0	0
184.0	0
182.0	0
182.0	0
183.0	0
183.0	0
184.0	0
183.0	0
183.0	0
183.0	0
183.0	0
183.0	0
183.0	0
184.0	0
182.0	0
184.0	0
184.0	0
185.0	0
184.0	0
186.0	0
187.0	0
188.0	0
89.0	1
191.0	0
192.0	0
193.0	0
195.0	0
195.0	0
196.0	0
198.0	0
199.0	0
199.0	0
199.0	0
200.0	0
200.0	0
201.0	0
202.0	0
203.0	0
203.0	0
204.0	0
204.0	0
205.0	0
206.0	0
206.0	0
205.0	0
205.0	0
205.0	0
205.0	0
204.0	0
203.0	0
203.0	0
202.0	0
202.0	0
202.0	0
199.0	0
198.0	0
196.0	0
195.0	0
194.0	0
193.0	0
192.0	1
190.0	0
189.0	0
185.0	1
187.0	0
186.0	0
185.0	0
184.0	0
183.0	0
136.0	1
182.0	0
182.0	0
181.0	0
181.0	0
181.0	0
182.0	0
181.0	0
182.0	0
182.0	0
182.0	0
182.0	0
183.0	0
183.0	0
182.0	0
183.0	0
183.0	0
183.0	0
183.0	0
183.0	0
184.0	0
184.0	0
185.0	0
187.0	0
188.0	0
191.0	0
191.0	0
191.0	1
192.0	1
196.0	0
196.0	0
197.0	0
198.0	0
198.0	0
199.0	0
199.0	0
200.0	0
201.0	0
201.0	0
202.0	0
203.0	0
203.0	0
203.0	0
203.0	0
204.0	0
205.0	0
206.0	0
204.0	0
205.0	0
206.0	0
205.0	0
204.0	0
203.0	0
202.0	0
201.0	0
199.0	0
199.0	0
198.0	0
198.0	0
195.0	0
195.0	0
194.0	0
191.0	0
191.0	0
189.0	0
158.0	1
188.0	0
187.0	0
186.0	0
184.0	0
185.0	0
182.0	0
183.0	0
182.0	0
182.0	0
181.0	0
181.0	0
181.0	0
181.0	0
181.0	0
182.0	0
183.0	0
182.0	0
181.0	0
183.0	0
183.0	0
182.0	0
183.0	0
183.0	0
40.0	1
184.0	0
184.0	0
186.0	0
186.0	0
186.0	0
188.0	0
190.0	0
191.0	0
191.0	0
194.0	0
195.0	0
195.0	0
197.0	0
198.0	0
199.0	0
199.0	0
104.0	1
200.0	0
201.0	0
202.0	0
201.0	0
203.0	0
202.0	0
204.0	0
203.0	0
203.0	0
204.0	0
205.0	0
204.0	0
204.0	0
203.0	0
205.0	0
204.0	1
202.0	0
202.0	0
202.0	0
201.0	0
200.0	0
199.0	0
197.0	0
196.0	0
196.0	0
194.0	0
192.0	0
191.0	0
190.0	0
188.0	0
188.0	0
187.0	0
184.0	1
186.0	0
184.0	0
185.0	0
183.0	0
182.0	0
182.0	0
182.0	0
183.0	0
182.0	0
183.0	0
184.0	0
182.0	0
182.0	0
182.0	0
184.0	0
185.0	0
185.0	0
184.0	0
185.0	0
184.0	0
185.0	0
185.0	0
185.0	0
184.0	0
186.0	0
186.0	0
187.0	0
189.0	0
190.0	0
191.0	0
192.0	0
194.0	0
195.0	0
196.0	0
197.0	0
198.0	0
198.0	0
198.0	0
200.0	0
200.0	0
201.0	0
201.0	0
202.0	0
202.0	0
202.0	0
202.0	0
74.0	1
203.0	0
204.0	0
204.0	0
204.0	0
203.0	0
203.0	0
204.0	0
203.0	0
203.0	0
202.0	0
202.0	0
201.0	0
199.0	0
199.0	0
198.0	0
197.0	0
196.0	0
194.0	0
192.0	0
190.0	0
189.0	0
188.0	0
188.0	0
186.0	0
186.0	0
185.0	0
184.0	0
183.0	0
183.0	0
183.0	0
73.0	1
183.0	0
183.0	0
184.0	0
184.0	0
184.0	0
183.0	0
183.0	0
183.0	0
184.0	0
185.0	0
184.0	0
184.0	0
186.0	0
185.0	0
184.0	0
185.0	0
184.0	0
185.0	0
185.0	0
185.0	0
187.0	0
188.0	0
189.0	0
190.0	0
190.0	0
193.0	0
194.0	0
195.0	0
195.0	0
196.0	0
196.0	0
196.0	0
197.0	0
198.0	0
198.0	0
199.0	0
199.0	0
109.0	1
201.0	0
201.0	0
201.0	1
172.0	2
200.0	0
201.0	0
200.0	0
202.0	0
201.0	0
200.0	0
200.0	0
199.0	0
199.0	0
198.0	0
197.0	0
197.0	0
196.0	0
194.0	0
193.0	0
191.0	0
191.0	0
190.0	0
189.0	0
173.0	1
186.0	0
186.0	0
184.0	1
183.0	0
183.0	0
183.0	0
133.0	1
182.0	0
181.0	0
181.0	0
181.0	0
182.0	0
182.0	0
181.0	1
181.0	0
182.0	0
182.0	0
183.0	0
183.0	0
183.0	0
184.0	0
181.0	0
183.0	0
183.0	0
183.0	0
184.0	0
185.0	0
185.0	0
184.0	0
184.0	0
185.0	0
184.0	0
187.0	0
188.0	0
190.0	0
190.0	0
192.0	0
194.0	0
53.0	1
194.0	0
195.0	0
197.0	0
197.0	0
197.0	0
199.0	0
197.0	1
199.0	0
198.0	0
200.0	0
89.0	1
200.0	0
202.0	0
79.0	1
202.0	0
202.0	0
116.0	1
201.0	0
200.0	0
201.0	0
199.0	0
198.0	0
197.0	0
197.0	0
196.0	0
195.0	0
194.0	0
192.0	0
191.0	0
190.0	0
190.0	0
188.0	0
188.0	0
186.0	0
185.0	0
185.0	0
184.0	0
183.0	0
182.0	0
182.0	0
182.0	0
183.0	0
183.0	0
183.0	0
183.0	0
183.0	0
183.0	0
183.0	0
183.0	0
183.0	0
184.0	0
184.0	0
182.0	0
184.0	0
184.0	0
184.0	0
184.0	0
184.0	0
184.0	0
184.0	0
186.0	0
186.0	0
186.0	0
185.0	0
186.0	0
188.0	0
189.0	0
189.0	0
191.0	0
191.0	0
193.0	0
194.0	0
195.0	0
195.0	0
197.0	0
196.0	0
196.0	0
197.0	0
197.0	0
199.0	0
200.0	0
200.0	0
199.0	0
199.0	0
200.0	0
200.0	0
202.0	0
201.0	0
201.0	0
201.0	0
201.0	0
201.0	0
200.0	0
199.0	0
198.0	0
197.0	0
197.0	0
195.0	0
195.0	0
193.0	0
193.0	0
190.0	0
190.0	0
189.0	0
187.0	0
186.0	0
186.0	0
185.0	0
183.0	0
184.0	0
182.0	1
183.0	0
183.0	0
183.0	0
183.0	0
183.0	0
183.0	0
182.0	0
182.0	0
140.0	1
182.0	0
183.0	0
183.0	0
184.0	0
183.0	0
184.0	0
184.0	0
186.0	0
186.0	0
185.0	0
185.0	0
185.0	0
186.0	0
186.0	0
186.0	0
188.0	0
188.0	0
189.0	0
190.0	0
191.0	0
192.0	0
193.0	0
194.0	0
195.0	0
195.0	0
196.0	0
197.0	0
197.0	0
198.0	0
198.0	0
199.0	0
199.0	0
199.0	0
199.0	0
200.0	0
199.0	0
200.0	0
201.0	0
198.0	1
199.0	0
200.0	0
200.0	0
199.0	0
200.0	0
200.0	0
199.0	0
198.0	0
197.0	0
196.0	0
195.0	0
2.0	1
194.0	0
192.0	0
191.0	0
191.0	0
190.0	0
188.0	0
188.0	0
186.0	0
185.0	0
184.0	0
183.0	0
184.0	0
184.0	0
183.0	0
183.0	0
183.0	0
184.0	0
184.0	0
183.0	0
183.0	0
184.0	0
152.0	1
185.0	0
184.0	0
184.0	0
184.0	0
185.0	0
186.0	0
185.0	0
186.0	0
185.0	0
185.0	0
187.0	0
186.0	0
186.0	0
186.0	0
186.0	0
187.0	0
189.0	0
190.0	0
192.0	0
191.0	0
193.0	0
194.0	0
194.0	0
194.0	0
195.0	0
196.0	0
197.0	0
197.0	0
196.0	0
197.0	0
196.0	0
197.0	0
197.0	0
198.0	0
198.0	0
199.0	0
199.0	0
199.0	0
199.0	0
199.0	0
198.0	0
198.0	0
198.0	0
197.0	0
197.0	0
197.0	0
194.0	0
195.0	0
193.0	0
194.0	0
192.0	0
191.0	0
190.0	0
189.0	0
188.0	0
187.0	0
186.0	0
185.0	0
184.0	0
184.0	0
183.0	0
184.0	0
183.0	0
183.0	0
181.0	0
182.0	0
182.0	0
183.0	0
182.0	0
183.0	0
182.0	0
183.0	0
184.0	0
183.0	0
183.0	0
184.0	0
183.0	0
185.0	0
184.0	0
184.0	0
184.0	0
184.0	0
184.0	0
186.0	0
186.0	0
188.0	0
187.0	0
187.0	0
189.0	0
189.0	0
191.0	0
191.0	0
193.0	0
194.0	0
194.0	0
194.0	0
195.0	0
195.0	0
196.0	0
195.0	0
195.0	0
196.0	0
197.0	0
198.0	0
198.0	0
198.0	0
198.0	0
199.0	0
198.0	0
199.0	0
198.0	0
200.0	0
198.0	0
198.0	0
198.0	0
198.0	0
197.0	0
196.0	0
196.0	0
195.0	0
194.0	0
194.0	0
193.0	0
191.0	0
191.0	0
190.0	0
189.0	0
188.0	0
187.0	0
186.0	0
185.0	0
185.0	0
184.0	0
183.0	0
184.0	0
183.0	0
182.0	0
183.0	0
183.0	0
183.0	0
182.0	0
184.0	0
184.0	0
183.0	0
183.0	0
184.0	0
185.0	0
185.0	0
184.0	0
185.0	0
185.0	0
185.0	0
185.0	0
186.0	0
186.0	0
187.0	0
187.0	0
187.0	0
188.0	0
187.0	0
188.0	0
188.0	0
188.0	0
191.0	0
192.0	0
192.0	0
193.0	0
193.0	0
194.0	0
193.0	0
194.0	0
194.0	0
194.0	0
194.0	0
196.0	0
196.0	0
196.0	0
198.0	0
198.0	0
198.0	0
198.0	0
198.0	0
198.0	0
198.0	0
199.0	0
199.0	0
198.0	0
198.0	0
197.0	0
197.0	0
196.0	0
196.0	0
194.0	0
193.0	0
192.0	0
190.0	0
189.0	0
188.0	0
188.0	0
188.0	0
186.0	0
187.0	0
185.0	0
185.0	0
184.0	0
183.0	0
183.0	0
183.0	0
184.0	0
183.0	0
183.0	0
183.0	0
183.0	0
183.0	0
184.0	0
185.0	0
185.0	0
184.0	0
184.0	0
185.0	0
186.0	0
186.0	0
186.0	0
186.0	0
187.0	0
187.0	0
187.0	0
186.0	0
186.0	0
186.0	0
187.0	0
186.0	0
189.0	0
189.0	0
188.0	0
191.0	0
191.0	0
192.0	0
191.0	0
193.0	0
193.0	0
194.0	0
194.0	0
194.0	0
195.0	0
194.0	0
196.0	0
196.0	0
197.0	0
197.0	0
197.0	0
196.0	0
196.0	0
197.0	0
198.0	0
197.0	0
197.0	0
198.0	0
196.0	0
196.0	0
196.0	0
195.0	0
194.0	0
195.0	0
193.0	0
193.0	0
192.0	0
190.0	0
189.0	0
188.0	0
187.0	0
186.0	0
185.0	0
186.0	0
185.0	0
183.0	0
183.0	0
184.0	0
182.0	0
183.0	0
183.0	0
183.0	0
182.0	0
183.0	0
182.0	0
183.0	0
184.0	0
185.0	0
183.0	0
185.0	0
185.0	0
184.0	0
186.0	0
185.0	0
185.0	0
186.0	0
187.0	0
186.0	0
185.0	0
186.0	0
187.0	0
188.0	0
186.0	0
187.0	0
188.0	0
189.0	0
189.0	0
190.0	0
191.0	0
192.0	0
191.0	0
191.0	0
192.0	0
192.0	0
192.0	0
193.0	0
193.0	0
193.0	0
195.0	0
196.0	0
196.0	0
195.0	0
195.0	0
196.0	0
197.0	0
198.0	0
196.0	0
197.0	0
197.0	0
197.0	0
197.0	0
195.0	0
195.0	0
195.0	0
193.0	0
192.0	0
192.0	0
191.0	0
190.0	0
189.0	0
187.0	0
187.0	0
186.0	0
185.0	0
185.0	0
185.0	0
184.0	0
184.0	0
182.0	0
182.0	0
182.0	0
182.0	0
182.0	0
182.0	0
183.0	0
183.0	0
182.0	0
182.0	0
182.0	0
183.0	0
184.0	0
184.0	0
184.0	0
184.0	0
185.0	0
185.0	0
185.0	0
185.0	0
186.0	0
186.0	0
186.0	0
187.0	0
186.0	0
186.0	0
188.0	0
188.0	0
186.0	0
188.0	0
189.0	0
191.0	0
191.0	0
191.0	0
191.0	0
190.0	0
193.0	0
193.0	0
193.0	0
194.0	0
194.0	0
194.0	0
194.0	0
195.0	0
195.0	0
195.0	0
196.0	0
196.0	0
196.0	0
195.0	0
195.0	0
196.0	0
195.0	0
195.0	0
196.0	0
194.0	0
194.0	0
194.0	0
194.0	0
193.0	0
192.0	0
191.0	0
190.0	0
190.0	0
189.0	0
187.0	0
187.0	0
186.0	0
185.0	0
185.0	0
184.0	0
184.0	0
184.0	0
183.0	0
183.0	0
183.0	0
181.0	0
184.0	0
184.0	0
184.0	0
184.0	0
183.0	0
184.0	0
184.0	0
185.0	0
184.0	0
184.0	0
184.0	0
185.0	0
184.0	0
185.0	0
186.0	0
185.0	0
186.0	0
186.0	0
186.0	0
186.0	0
187.0	0
187.0	0
186.0	0
189.0	0
189.0	0
188.0	0
191.0	0
191.0	0
192.0	0
192.0	0
192.0	0
193.0	0
192.0	0
194.0	0
194.0	0
194.0	0
194.0	0
194.0	0
195.0	0
194.0	0
197.0	0
197.0	0
195.0	0
195.0	0
196.0	0
196.0	0
195.0	0
196.0	0
195.0	0
195.0	0
195.0	0
195.0	0
194.0	0
194.0	0
194.0	0
192.0	0
191.0	0
190.0	0
189.0	0
189.0	0
187.0	0
187.0	0
185.0	0
185.0	0
185.0	0
183.0	0
184.0	0
184.0	0
183.0	0
184.0	0
184.0	0
184.0	0
184.0	0
184.0	0
184.0	0
184.0	0
185.0	0
184.0	0
184.0	0
185.0	0
185.0	0
186.0	0
184.0	0
186.0	0
185.0	0
185.0	0
185.0	0
186.0	0
186.0	0
186.0	0
185.0	0
185.0	0
186.0	0
186.0	0
188.0	0
188.0	0
189.0	0
189.0	0
190.0	0
191.0	0
191.0	0
190.0	0
191.0	0
190.0	0
191.0	0
192.0	0
192.0	0
192.0	0
193.0	0
193.0	0
194.0	0
194.0	0
195.0	0
196.0	0
195.0	0
195.0	0
196.0	0
196.0	0
195.0	0
195.0	0
194.0	0
194.0	0
195.0	0
194.0	0
193.0	0
192.0	0
190.0	0
190.0	0
189.0	0
188.0	0
188.0	0
187.0	0
185.0	0
185.0	0
185.0	0
184.0	0
183.0	0
183.0	0
183.0	0
183.0	0
183.0	0
183.0	0
182.0	0
182.0	0
183.0	0
183.0	0
182.0	0
183.0	0
183.0	0
183.0	0
183.0	0
184.0	0
184.0	0
184.0	0
184.0	0
185.0	0
184.0	0
184.0	0
185.0	0
185.0	0
185.0	0
185.0	0
186.0	0
186.0	0
186.0	0
187.0	0
189.0	0
188.0	0
189.0	0
190.0	0
190.0	0
191.0	0
192.0	0
192.0	0
193.0	0
191.0	0
192.0	0
193.0	0
193.0	0
192.0	0
194.0	0
193.0	0
194.0	0
194.0	0
195.0	0
194.0	0
193.0	0
194.0	0
194.0	0
194.0	0
193.0	0
194.0	0
193.0	0
193.0	0
193.0	0
193.0	0
193.0	0
191.0	0
191.0	0
190.0	0
189.0	0
189.0	0
188.0	0
186.0	0
186.0	0
186.0	0
185.0	0
185.0	0
185.0	0
184.0	0
184.0	0
185.0	0
183.0	0
185.0	0
185.0	0
184.0	0
184.0	0
184.0	0
185.0	0
185.0	0
185.0	0
185.0	0
185.0	0
184.0	0
185.0	0
184.0	0
185.0	0
184.0	0
184.0	0
184.0	0
184.0	0
184.0	0
185.0	0
185.0	0
187.0	0
186.0	0
186.0	0
187.0	0
187.0	0
188.0	0
187.0	0
189.0	0
189.0	0
191.0	0
192.0	0
191.0	0
191.0	0
191.0	0
192.0	0
192.0	0
193.0	0
192.0	0
194.0	0
193.0	0
196.0	0
195.0	0
194.0	0
195.0	0
195.0	0
196.0	0
195.0	0
194.0	0
194.0	0
194.0	0
194.0	0
194.0	0
194.0	0
194.0	0
192.0	0
192.0	0
192.0	0
190.0	0
189.0	0
188.0	0
187.0	0
187.0	0
187.0	0
186.0	0
187.0	0
186.0	0
184.0	0
185.0	0
185.0	0
184.0	0
184.0	0
186.0	0
184.0	0
183.0	0
183.0	0
184.0	0
184.0	0
185.0	0
184.0	0
184.0	0
183.0	0
184.0	0
185.0	0
184.0	0
185.0	0
185.0	0
185.0	0
185.0	0
185.0	0
185.0	0
186.0	0
187.0	0
184.0	0
184.0	0
184.0	0
185.0	0
186.0	0
187.0	0
187.0	0
188.0	0
188.0	0
190.0	0
190.0	0
190.0	0
190.0	0
190.0	0
190.0	0
190.0	0
191.0	0
192.0	0
191.0	0
192.0	0
193.0	0
193.0	0
192.0	0
194.0	0
193.0	0
192.0	0
192.0	0
192.0	0
192.0	0
192.0	0
191.0	0
192.0	0
191.0	0
191.0	0
190.0	0
189.0	0
190.0	0
187.0	0
187.0	0
185.0	0
186.0	0
185.0	0
185.0	0
185.0	0
185.0	0
185.0	0
183.0	0
183.0	0
182.0	0
182.0	0
182.0	0
183.0	0
183.0	0
182.0	0
182.0	0
182.0	0
181.0	0
182.0	0
182.0	0
182.0	0
183.0	0
183.0	0
183.0	0
183.0	0
182.0	0
182.0	0
182.0	0
182.0	0
184.0	0
183.0	0
183.0	0
183.0	0
187.0	0
188.0	0
188.0	0
188.0	0
190.0	0
190.0	0
191.0	0
191.0	0
192.0	0
194.0	0
192.0	0
192.0	0
192.0	0
191.0	0
191.0	0
190.0	0
192.0	0
193.0	0
192.0	0
193.0	0
193.0	0
194.0	0
193.0	0
194.0	0
196.0	0
194.0	0
194.0	0
193.0	0
193.0	0
193.0	0
193.0	0
194.0	0
193.0	0
193.0	0
192.0	0
190.0	0
190.0	0
188.0	0
188.0	0
186.0	0
187.0	0
187.0	0
184.0	0
185.0	0
184.0	0
183.0	0
183.0	0
184.0	0
80.0	1
184.0	0
183.0	0
183.0	0
183.0	0
183.0	0
183.0	0
182.0	0
184.0	0
185.0	0
184.0	0
185.0	0
184.0	0
185.0	0
186.0	0
184.0	0
184.0	0
185.0	0
185.0	0
186.0	0
186.0	0
184.0	0
186.0	0
186.0	0
185.0	0
185.0	0
187.0	0
187.0	0
187.0	0
189.0	0
189.0	0
190.0	0
191.0	0
191.0	0
191.0	0
191.0	0
192.0	0
192.0	0
191.0	0
191.0	0
191.0	0
191.0	0
191.0	0
191.0	0
192.0	0
192.0	0
193.0	0
194.0	0
193.0	0
193.0	0
192.0	0
192.0	0
192.0	0
192.0	0
191.0	0
191.0	0
190.0	0
189.0	0
190.0	0
189.0	0
189.0	0
189.0	0
186.0	0
186.0	0
185.0	0
185.0	0
185.0	0
185.0	0
183.0	0
184.0	0
182.0	0
183.0	0
183.0	0
183.0	0
183.0	0
184.0	0
184.0	0
184.0	0
183.0	0
182.0	0
183.0	0
184.0	0
183.0	0
183.0	0
183.0	0
183.0	0
185.0	0
184.0	0
184.0	0
185.0	0
185.0	0
185.0	0
183.0	0
184.0	0
185.0	0
185.0	0
185.0	0
185.0	0
184.0	0
187.0	0
187.0	0
188.0	0
188.0	0
188.0	0
190.0	0
189.0	0
190.0	0
190.0	0
190.0	0
190.0	0
190.0	0
190.0	0
189.0	0
189.0	0
190.0	0
68.0	1
191.0	0
191.0	0
191.0	0
191.0	0
190.0	0
190.0	0
190.0	0
191.0	0
191.0	0
191.0	0
191.0	0
189.0	0
190.0	0
188.0	0
188.0	0
187.0	0
188.0	0
186.0	0
186.0	0
185.0	0
184.0	0
185.0	0
183.0	0
183.0	0
184.0	0
183.0	0
182.0	0
182.0	0
181.0	0
182.0	0
182.0	0
182.0	0
182.0	0
182.0	0
183.0	0
182.0	0
182.0	0
182.0	0
183.0	0
183.0	0
182.0	0
183.0	0
183.0	0
183.0	0
183.0	0
182.0	0
183.0	0
183.0	0
183.0	0
183.0	0
183.0	0
184.0	0
186.0	0
186.0	0
187.0	0
188.0	0
187.0	0
189.0	0
189.0	0
190.0	0
191.0	0
191.0	0
191.0	0
192.0	0
191.0	0
191.0	0
192.0	0
192.0	0
192.0	0
191.0	0
191.0	0
191.0	0
192.0	0
193.0	0
191.0	0
192.0	0
191.0	0
192.0	0
191.0	0
191.0	0
192.0	0
191.0	0
190.0	0
191.0	0
189.0	0
189.0	0
189.0	0
188.0	0
188.0	0
187.0	0
185.0	0
185.0	0
185.0	0
184.0	0
183.0	0
184.0	0
183.0	0
183.0	0
183.0	0
183.0	0
183.0	0
184.0	0
184.0	0
183.0	0
183.0	0
183.0	0
184.0	0
184.0	0
183.0	0
183.0	0
184.0	0
183.0	0
183.0	0
183.0	0
184.0	0
183.0	0
183.0	0
182.0	0
182.0	0
183.0	0
183.0	0
185.0	0
184.0	0
185.0	0
184.0	0
185.0	0
186.0	0
186.0	0
186.0	0
186.0	0
188.0	0
189.0	0
189.0	0
191.0	0
190.0	0
189.0	0
189.0	0
189.0	0
188.0	0
189.0	0
189.0	0
190.0	0
190.0	0
191.0	0
191.0	0
190.0	0
190.0	0
191.0	0
191.0	0
191.0	0
77.0	1
191.0	0
190.0	0
190.0	0
190.0	0
189.0	0
189.0	0
189.0	0
189.0	0
188.0	0
188.0	0
187.0	0
186.0	0
186.0	0
186.0	0
184.0	0
184.0	0
184.0	0
183.0	0
183.0	0
182.0	0
181.0	0
181.0	0
181.0	0
182.0	0
181.0	0
181.0	0
181.0	0
182.0	0
182.0	0
182.0	0
182.0	0
183.0	0
181.0	0
182.0	0
183.0	0
184.0	0
183.0	0
182.0	0
182.0	0
182.0	0
182.0	0
182.0	0
183.0	0
183.0	0
184.0	0
184.0	0
185.0	0
185.0	0
186.0	0
187.0	0
187.0	0
188.0	0
187.0	0
188.0	0
191.0	0
191.0	0
192.0	0
190.0	0
191.0	0
190.0	0
191.0	0
191.0	0
191.0	0
192.0	0
191.0	0
192.0	0
192.0	0
193.0	0
192.0	0
193.0	0
193.0	0
192.0	0
192.0	0
191.0	0
191.0	0
191.0	0
191.0	0
190.0	0
190.0	0
188.0	0
188.0	0
187.0	0
188.0	0
187.0	0
187.0	0
186.0	0
185.0	0
184.0	0
183.0	0
184.0	0
183.0	0
183.0	0
183.0	0
182.0	0
183.0	0
182.0	0
183.0	0
183.0	0
183.0	0
183.0	0
183.0	0
183.0	0
182.0	0
182.0	0
182.0	0
183.0	0
183.0	0
183.0	0
183.0	0
182.0	0
183.0	0
183.0	0
183.0	0
183.0	0
183.0	0
185.0	0
184.0	0
182.0	0
183.0	0
184.0	0
184.0	0
185.0	0
186.0	0
187.0	0
186.0	0
187.0	0
188.0	0
190.0	0
190.0	0
189.0	0
189.0	0
188.0	0
188.0	0
189.0	0
190.0	0
190.0	0
190.0	0
191.0	0
190.0	0
191.0	0
192.0	0
95.0	1
192.0	0
190.0	0
191.0	0
190.0	0
190.0	0
189.0	0
190.0	0
187.0	0
188.0	0
188.0	0
188.0	0
187.0	0
187.0	0
185.0	0
185.0	0
184.0	0
183.0	0
183.0	0
182.0	0
183.0	0
182.0	0
182.0	0
181.0	0
181.0	0
181.0	0
181.0	0
180.0	0
180.0	0
181.0	0
181.0	0
180.0	0
181.0	0
181.0	0
181.0	0
181.0	0
182.0	0
181.0	0
181.0	0
180.0	0
181.0	0
182.0	0
181.0	0
181.0	0
182.0	0
182.0	0
183.0	0
183.0	0
182.0	0
182.0	0
183.0	0
184.0	0
186.0	0
185.0	0
185.0	0
185.0	0
187.0	0
188.0	0
187.0	0
188.0	0
188.0	0
188.0	0
188.0	0
187.0	0
188.0	0
187.0	0
189.0	0
190.0	0
189.0	0
190.0	0
190.0	0
190.0	0
189.0	0
190.0	0
188.0	0
189.0	0
190.0	0
188.0	0
188.0	0
187.0	0
187.0	0
187.0	0
187.0	0
187.0	0
187.0	0
186.0	0
185.0	0
185.0	0
183.0	0
182.0	0
184.0	0
181.0	0
182.0	0
181.0	0
182.0	0
182.0	0
181.0	0
180.0	0
179.0	0
180.0	0
181.0	0
181.0	0
180.0	0
179.0	0
180.0	0
179.0	0
180.0	0
180.0	0
180.0	0
180.0	0
180.0	0
181.0	0
180.0	0
180.0	0
180.0	0
181.0	0
181.0	0
181.0	0
181.0	0
183.0	0
