SA_diff	pop
190.0	0
190.0	0
190.0	0
190.0	0
190.0	0
191.0	0
191.0	0
192.0	0
193.0	0
192.0	0
193.0	0
193.0	0
195.0	0
194.0	0
195.0	0
195.0	0
195.0	0
194.0	0
194.0	0
195.0	0
195.0	0
196.0	0
194.0	0
195.0	0
194.0	0
194.0	0
194.0	0
194.0	0
194.0	0
194.0	0
193.0	0
193.0	0
192.0	0
194.0	0
191.0	0
191.0	0
191.0	0
191.0	0
191.0	0
190.0	0
191.0	0
190.0	0
191.0	0
191.0	0
190.0	0
191.0	0
190.0	0
190.0	0
190.0	0
191.0	0
190.0	0
190.0	0
190.0	0
189.0	0
191.0	0
189.0	0
189.0	0
188.0	0
189.0	0
189.0	0
189.0	0
189.0	0
188.0	0
189.0	0
189.0	0
189.0	0
190.0	0
189.0	0
106.0	1
191.0	1
190.0	0
190.0	0
189.0	0
190.0	0
190.0	0
190.0	0
189.0	0
189.0	0
190.0	0
191.0	0
191.0	0
191.0	0
192.0	0
191.0	0
194.0	0
191.0	0
193.0	0
193.0	0
194.0	0
193.0	0
193.0	0
192.0	0
193.0	0
194.0	0
192.0	0
193.0	0
192.0	0
193.0	0
193.0	0
193.0	0
192.0	0
192.0	0
192.0	0
191.0	0
192.0	0
193.0	0
190.0	0
191.0	0
191.0	0
190.0	0
13.0	1
190.0	0
190.0	0
189.0	0
190.0	0
189.0	0
191.0	0
190.0	0
189.0	0
188.0	0
189.0	0
188.0	0
187.0	0
187.0	0
188.0	0
189.0	0
189.0	0
188.0	0
188.0	0
187.0	0
186.0	0
185.0	0
187.0	0
187.0	0
186.0	0
187.0	0
188.0	0
188.0	0
190.0	0
131.0	1
154.0	1
190.0	0
189.0	0
189.0	0
190.0	0
190.0	0
190.0	0
191.0	0
192.0	0
192.0	0
193.0	0
192.0	0
192.0	0
192.0	0
192.0	0
193.0	0
192.0	0
192.0	0
192.0	0
193.0	0
193.0	0
194.0	0
194.0	0
194.0	0
193.0	0
193.0	0
194.0	0
195.0	0
194.0	0
194.0	0
194.0	0
194.0	0
194.0	0
193.0	0
193.0	0
184.0	1
193.0	0
192.0	0
191.0	0
191.0	0
192.0	0
192.0	0
193.0	0
192.0	0
191.0	0
191.0	0
191.0	0
191.0	0
190.0	0
191.0	0
190.0	0
190.0	0
189.0	0
189.0	0
188.0	0
116.0	1
189.0	0
187.0	0
189.0	0
124.0	1
188.0	0
188.0	0
171.0	1
189.0	0
189.0	0
160.0	1
189.0	0
151.0	2
161.0	2
178.0	2
174.0	1
172.0	5
175.0	4
177.0	6
174.0	2
190.0	0
176.0	1
190.0	0
190.0	0
191.0	0
191.0	0
191.0	0
192.0	0
189.0	1
191.0	0
192.0	0
192.0	0
192.0	0
193.0	0
192.0	0
192.0	0
193.0	0
193.0	0
193.0	0
193.0	0
193.0	0
192.0	0
192.0	0
192.0	0
193.0	0
193.0	0
193.0	0
193.0	0
88.0	1
193.0	0
193.0	0
192.0	0
193.0	0
191.0	0
191.0	0
191.0	0
191.0	0
191.0	0
191.0	0
192.0	0
191.0	0
190.0	0
191.0	0
190.0	0
190.0	0
189.0	0
189.0	0
189.0	0
189.0	0
188.0	0
189.0	0
181.0	1
188.0	0
188.0	0
187.0	0
187.0	0
118.0	1
187.0	0
188.0	0
111.0	1
169.0	2
81.0	2
134.0	3
50.0	9
153.0	6
124.0	7
152.0	3
60.0	5
129.0	4
169.0	9
131.0	9
146.0	5
50.0	1
189.0	1
188.0	1
188.0	0
187.0	0
188.0	0
189.0	0
189.0	0
190.0	0
190.0	0
191.0	0
192.0	0
191.0	0
191.0	0
191.0	0
190.0	0
191.0	0
191.0	0
192.0	0
192.0	0
192.0	0
192.0	0
191.0	0
192.0	0
192.0	0
192.0	0
169.0	1
96.0	1
191.0	0
190.0	0
190.0	0
190.0	0
189.0	0
190.0	0
190.0	0
189.0	0
190.0	0
188.0	0
188.0	0
189.0	0
189.0	0
188.0	0
188.0	0
188.0	0
188.0	0
187.0	0
186.0	0
187.0	0
188.0	0
187.0	0
187.0	0
187.0	1
187.0	0
164.0	1
185.0	1
185.0	0
173.0	2
187.0	0
153.0	2
9.0	3
66.0	4
95.0	6
88.0	12
151.0	12
80.0	13
65.0	19
68.0	12
122.0	12
123.0	16
127.0	14
96.0	12
134.0	10
184.0	3
187.0	0
188.0	0
179.0	1
189.0	0
189.0	0
189.0	0
190.0	0
189.0	0
190.0	0
190.0	0
191.0	0
190.0	0
191.0	0
191.0	0
192.0	0
192.0	0
192.0	0
192.0	0
192.0	0
193.0	0
193.0	0
116.0	1
192.0	0
184.0	1
192.0	0
193.0	0
194.0	0
193.0	0
192.0	0
184.0	1
191.0	0
191.0	0
192.0	0
190.0	0
191.0	0
190.0	0
189.0	0
188.0	0
181.0	1
189.0	0
189.0	0
189.0	0
188.0	0
189.0	0
177.0	1
188.0	0
188.0	0
100.0	1
188.0	0
187.0	0
168.0	1
179.0	1
128.0	2
174.0	2
161.0	1
186.0	0
186.0	0
59.0	5
180.0	3
81.0	7
129.0	8
115.0	22
79.0	26
65.0	21
100.0	20
165.0	12
94.0	15
102.0	25
63.0	23
28.0	15
144.0	7
182.0	1
186.0	0
100.0	3
189.0	0
151.0	1
189.0	0
189.0	0
189.0	0
190.0	0
190.0	0
190.0	0
191.0	0
191.0	0
191.0	0
191.0	0
191.0	0
193.0	0
193.0	0
192.0	0
192.0	0
192.0	0
193.0	0
117.0	1
192.0	0
188.0	2
192.0	0
127.0	1
194.0	0
193.0	0
192.0	0
193.0	0
192.0	0
192.0	0
191.0	0
191.0	0
192.0	0
190.0	0
189.0	0
190.0	0
188.0	0
188.0	0
189.0	0
189.0	0
188.0	0
189.0	0
189.0	0
188.0	0
187.0	0
164.0	1
185.0	2
188.0	0
187.0	0
189.0	0
187.0	0
138.0	3
186.0	1
186.0	0
76.0	7
99.0	5
160.0	8
114.0	15
90.0	20
56.0	31
71.0	54
39.0	34
42.0	24
110.0	10
69.0	21
142.0	16
117.0	24
74.0	14
128.0	6
174.0	3
160.0	1
188.0	0
81.0	1
188.0	0
189.0	0
188.0	0
189.0	0
189.0	0
190.0	0
190.0	0
191.0	0
192.0	0
192.0	0
192.0	0
192.0	0
192.0	0
191.0	0
191.0	0
191.0	0
191.0	0
191.0	0
182.0	1
82.0	1
192.0	1
164.0	3
192.0	0
54.0	1
191.0	0
191.0	0
191.0	0
191.0	0
190.0	0
191.0	0
190.0	0
190.0	0
189.0	0
189.0	0
189.0	0
190.0	0
190.0	0
160.0	1
189.0	0
157.0	1
165.0	1
189.0	0
190.0	0
188.0	0
96.0	4
189.0	0
122.0	6
71.0	6
173.0	1
174.0	3
157.0	3
159.0	1
180.0	2
125.0	5
83.0	4
101.0	16
81.0	24
47.0	25
74.0	47
39.0	46
78.0	38
102.0	34
86.0	28
92.0	32
116.0	35
116.0	26
72.0	13
164.0	4
177.0	3
186.0	0
170.0	1
187.0	0
188.0	0
187.0	0
189.0	0
189.0	0
191.0	0
191.0	0
191.0	0
192.0	0
192.0	0
193.0	0
192.0	0
192.0	0
192.0	0
178.0	1
191.0	0
191.0	0
190.0	0
191.0	0
184.0	1
190.0	1
191.0	0
189.0	2
192.0	0
123.0	1
190.0	0
190.0	0
182.0	1
190.0	0
190.0	0
190.0	0
189.0	0
127.0	1
151.0	1
188.0	1
88.0	2
189.0	0
182.0	1
189.0	0
189.0	0
187.0	1
163.0	2
175.0	2
50.0	2
188.0	0
140.0	1
106.0	2
69.0	3
176.0	3
167.0	3
157.0	2
126.0	2
170.0	3
121.0	3
137.0	4
53.0	9
43.0	16
75.0	42
81.0	58
45.0	65
76.0	56
41.0	48
90.0	49
50.0	56
78.0	40
73.0	38
162.0	17
35.0	14
38.0	11
188.0	1
179.0	2
186.0	0
186.0	0
187.0	0
188.0	0
190.0	0
188.0	0
190.0	0
191.0	0
191.0	0
192.0	0
191.0	0
191.0	0
190.0	0
191.0	0
190.0	0
190.0	0
190.0	0
191.0	0
190.0	0
190.0	0
189.0	0
190.0	0
191.0	0
191.0	0
191.0	0
136.0	1
190.0	0
133.0	1
190.0	0
94.0	1
90.0	1
93.0	1
182.0	1
189.0	2
156.0	1
125.0	2
183.0	1
137.0	3
186.0	2
189.0	1
172.0	1
43.0	5
188.0	1
128.0	3
188.0	0
158.0	4
105.0	6
149.0	3
10.0	10
155.0	5
136.0	4
143.0	6
33.0	2
172.0	2
168.0	3
158.0	6
34.0	15
78.0	25
55.0	41
38.0	83
71.0	89
96.0	96
98.0	66
81.0	78
100.0	66
68.0	76
108.0	57
53.0	32
61.0	11
160.0	10
95.0	6
113.0	2
150.0	1
148.0	1
187.0	0
188.0	0
188.0	0
189.0	0
189.0	0
189.0	0
189.0	0
189.0	0
190.0	0
189.0	0
113.0	1
190.0	0
191.0	0
190.0	0
190.0	0
190.0	0
190.0	0
159.0	1
190.0	0
190.0	0
179.0	1
133.0	2
190.0	0
190.0	0
60.0	1
179.0	1
158.0	3
178.0	1
59.0	1
62.0	4
6.0	3
113.0	6
108.0	6
95.0	5
134.0	3
124.0	3
162.0	5
115.0	5
181.0	3
157.0	1
102.0	3
148.0	4
61.0	3
170.0	1
180.0	5
123.0	5
133.0	9
29.0	8
132.0	11
26.0	10
187.0	1
164.0	7
127.0	9
21.0	15
90.0	12
64.0	42
63.0	62
56.0	105
21.0	127
72.0	111
51.0	108
55.0	126
35.0	108
72.0	84
71.0	52
78.0	40
41.0	18
129.0	6
101.0	4
174.0	2
169.0	1
176.0	1
74.0	2
186.0	0
137.0	1
188.0	0
189.0	0
189.0	0
189.0	0
190.0	0
191.0	0
190.0	0
190.0	0
192.0	0
191.0	0
191.0	0
192.0	0
92.0	1
56.0	1
189.0	0
190.0	0
183.0	1
64.0	2
189.0	1
105.0	3
111.0	5
63.0	6
79.0	5
56.0	6
184.0	2
129.0	5
167.0	5
34.0	10
48.0	7
107.0	9
39.0	10
105.0	4
18.0	8
57.0	11
76.0	5
129.0	11
115.0	8
109.0	7
81.0	1
139.0	3
186.0	2
165.0	2
139.0	1
90.0	6
148.0	7
109.0	10
74.0	11
41.0	12
121.0	11
82.0	12
123.0	11
44.0	38
57.0	50
78.0	87
72.0	124
40.0	157
77.0	134
53.0	120
60.0	130
71.0	112
102.0	90
32.0	66
24.0	46
125.0	20
143.0	5
129.0	8
154.0	2
78.0	4
179.0	2
164.0	1
189.0	0
189.0	0
189.0	0
191.0	0
188.0	1
192.0	0
192.0	0
192.0	0
113.0	1
193.0	0
100.0	1
192.0	0
69.0	2
192.0	0
183.0	1
42.0	1
192.0	0
191.0	0
190.0	0
183.0	1
166.0	2
92.0	3
121.0	3
49.0	7
112.0	6
35.0	6
61.0	12
34.0	14
57.0	16
67.0	11
29.0	9
58.0	12
126.0	14
119.0	15
9.0	19
52.0	15
26.0	23
143.0	10
85.0	10
109.0	5
123.0	6
193.0	1
163.0	3
192.0	2
176.0	2
141.0	3
153.0	2
162.0	5
173.0	5
109.0	14
125.0	16
72.0	21
165.0	21
43.0	45
51.0	68
38.0	103
65.0	153
26.0	205
52.0	155
13.0	178
53.0	148
53.0	138
60.0	99
52.0	55
64.0	42
60.0	23
102.0	16
59.0	5
132.0	2
155.0	3
188.0	0
188.0	1
188.0	0
189.0	0
189.0	0
189.0	0
191.0	0
133.0	1
191.0	0
158.0	1
191.0	0
192.0	0
192.0	0
168.0	1
28.0	2
192.0	0
191.0	0
107.0	1
189.0	1
191.0	0
192.0	0
186.0	3
53.0	5
119.0	3
17.0	5
41.0	9
101.0	9
29.0	11
41.0	7
36.0	15
95.0	16
36.0	28
57.0	28
89.0	22
82.0	32
24.0	19
103.0	29
72.0	31
29.0	19
109.0	13
68.0	9
124.0	7
150.0	1
187.0	1
178.0	2
180.0	1
191.0	1
116.0	1
192.0	1
191.0	1
103.0	4
14.0	10
119.0	20
68.0	21
86.0	28
72.0	53
105.0	85
42.0	142
78.0	176
47.0	209
49.0	203
49.0	144
59.0	150
43.0	110
29.0	110
75.0	67
63.0	34
75.0	22
119.0	5
94.0	4
165.0	5
188.0	0
189.0	0
188.0	0
185.0	1
190.0	0
190.0	0
189.0	0
190.0	0
154.0	1
192.0	0
191.0	0
191.0	0
192.0	0
192.0	0
189.0	1
191.0	0
190.0	0
191.0	0
185.0	1
191.0	0
139.0	1
141.0	2
191.0	0
71.0	5
39.0	9
77.0	12
96.0	14
102.0	20
111.0	9
71.0	29
57.0	27
29.0	30
23.0	34
73.0	39
74.0	46
13.0	48
21.0	46
29.0	58
48.0	36
37.0	28
41.0	15
143.0	7
178.0	2
178.0	1
194.0	0
193.0	0
193.0	0
134.0	1
181.0	2
156.0	1
192.0	0
122.0	1
131.0	6
78.0	16
77.0	16
117.0	31
101.0	76
70.0	81
65.0	150
25.0	184
63.0	215
70.0	196
46.0	160
46.0	144
51.0	132
12.0	93
63.0	54
111.0	30
73.0	18
125.0	11
115.0	6
146.0	2
139.0	2
189.0	0
190.0	0
98.0	2
125.0	1
190.0	0
140.0	1
192.0	0
191.0	0
191.0	0
192.0	0
192.0	0
193.0	0
191.0	0
147.0	1
191.0	0
192.0	0
192.0	0
192.0	0
192.0	0
188.0	2
137.0	6
192.0	0
117.0	6
88.0	13
24.0	17
22.0	21
85.0	23
63.0	22
40.0	27
33.0	29
50.0	27
53.0	41
28.0	57
13.0	71
28.0	87
25.0	70
39.0	60
131.0	30
45.0	22
79.0	13
76.0	5
21.0	3
196.0	0
194.0	0
159.0	2
194.0	1
112.0	1
124.0	1
181.0	4
194.0	1
192.0	1
192.0	3
40.0	10
131.0	14
86.0	38
96.0	56
58.0	99
38.0	139
38.0	199
90.0	198
42.0	171
56.0	117
34.0	113
11.0	101
6.0	82
34.0	62
79.0	45
29.0	10
129.0	15
63.0	6
135.0	1
137.0	3
186.0	1
99.0	2
190.0	0
190.0	0
190.0	0
191.0	0
83.0	1
191.0	0
192.0	0
186.0	1
191.0	0
192.0	0
193.0	0
192.0	0
192.0	0
179.0	1
191.0	0
111.0	1
145.0	1
191.0	0
177.0	2
133.0	2
140.0	8
93.0	10
48.0	17
104.0	24
36.0	30
57.0	37
60.0	34
42.0	42
17.0	43
36.0	52
18.0	69
33.0	81
9.0	111
16.0	82
33.0	48
25.0	28
31.0	23
108.0	10
190.0	3
107.0	3
195.0	0
82.0	2
102.0	1
185.0	3
95.0	3
188.0	2
96.0	2
93.0	2
118.0	8
160.0	5
153.0	9
49.0	13
96.0	42
89.0	55
80.0	69
56.0	129
51.0	153
57.0	156
36.0	161
42.0	125
40.0	100
29.0	105
81.0	62
61.0	53
65.0	24
36.0	29
110.0	15
67.0	5
78.0	1
113.0	2
121.0	2
188.0	0
190.0	0
155.0	1
191.0	0
190.0	0
159.0	1
191.0	0
191.0	0
192.0	0
193.0	0
193.0	0
193.0	0
192.0	0
191.0	0
183.0	1
192.0	0
184.0	1
190.0	1
121.0	2
191.0	0
187.0	2
70.0	10
107.0	13
58.0	17
43.0	25
30.0	42
61.0	47
57.0	48
7.0	43
31.0	45
24.0	68
30.0	110
36.0	106
21.0	136
29.0	68
67.0	33
59.0	16
132.0	7
14.0	4
169.0	2
191.0	1
146.0	1
26.0	3
150.0	3
87.0	6
174.0	5
91.0	5
145.0	6
117.0	7
58.0	6
103.0	11
29.0	6
77.0	19
104.0	29
41.0	49
78.0	59
48.0	109
52.0	146
23.0	135
79.0	115
51.0	99
20.0	84
77.0	73
27.0	55
90.0	44
73.0	40
27.0	19
115.0	12
119.0	6
151.0	2
129.0	2
179.0	1
103.0	3
189.0	0
190.0	0
190.0	0
154.0	1
191.0	0
192.0	0
191.0	0
191.0	0
192.0	0
191.0	0
191.0	0
192.0	0
191.0	0
192.0	0
145.0	1
191.0	0
192.0	0
191.0	0
192.0	0
130.0	3
124.0	4
86.0	8
56.0	26
105.0	27
31.0	47
16.0	55
29.0	58
10.0	52
30.0	73
27.0	78
37.0	120
9.0	116
18.0	126
29.0	49
49.0	25
194.0	4
83.0	2
47.0	2
195.0	3
12.0	2
192.0	1
197.0	0
195.0	1
187.0	3
93.0	10
132.0	9
89.0	23
121.0	10
78.0	18
127.0	10
36.0	15
58.0	21
114.0	32
66.0	41
50.0	56
30.0	95
68.0	126
40.0	103
40.0	101
19.0	80
87.0	81
59.0	70
59.0	77
33.0	57
63.0	34
105.0	23
108.0	10
123.0	5
150.0	1
114.0	1
189.0	1
151.0	2
149.0	1
189.0	0
188.0	0
189.0	0
190.0	0
190.0	0
191.0	0
191.0	0
167.0	1
190.0	0
191.0	0
191.0	0
190.0	0
190.0	0
191.0	0
191.0	0
190.0	0
156.0	1
143.0	2
191.0	0
164.0	4
113.0	14
90.0	20
28.0	41
30.0	66
16.0	84
18.0	61
55.0	79
11.0	69
4.0	133
24.0	140
32.0	141
13.0	84
18.0	23
33.0	7
143.0	1
197.0	0
40.0	1
130.0	2
170.0	1
197.0	0
146.0	1
138.0	2
109.0	6
153.0	10
97.0	17
85.0	12
112.0	19
57.0	11
6.0	11
87.0	10
112.0	8
27.0	20
44.0	41
14.0	47
31.0	85
22.0	82
46.0	103
14.0	103
22.0	87
42.0	108
28.0	116
46.0	71
31.0	52
101.0	28
35.0	25
79.0	7
148.0	6
170.0	1
147.0	2
187.0	0
188.0	0
188.0	0
189.0	0
189.0	0
191.0	0
192.0	0
191.0	0
192.0	0
192.0	0
191.0	0
191.0	0
191.0	0
190.0	0
191.0	0
190.0	0
191.0	0
189.0	0
190.0	0
75.0	2
178.0	1
178.0	2
43.0	10
48.0	23
52.0	43
60.0	57
59.0	111
17.0	121
24.0	110
37.0	106
62.0	98
32.0	133
18.0	110
50.0	84
58.0	35
74.0	9
106.0	3
198.0	0
198.0	0
193.0	1
173.0	1
197.0	0
197.0	0
198.0	0
199.0	0
198.0	0
133.0	6
32.0	5
190.0	3
60.0	7
63.0	5
73.0	5
21.0	7
63.0	8
124.0	11
25.0	21
37.0	35
48.0	47
10.0	94
56.0	113
33.0	97
59.0	96
34.0	113
37.0	98
14.0	90
32.0	70
35.0	49
86.0	19
78.0	8
95.0	4
179.0	1
167.0	1
188.0	0
188.0	0
190.0	0
153.0	1
189.0	0
190.0	0
190.0	0
191.0	0
191.0	0
191.0	0
190.0	0
191.0	0
192.0	0
192.0	0
190.0	0
190.0	0
191.0	0
192.0	0
101.0	1
192.0	0
178.0	1
193.0	0
12.0	12
60.0	33
41.0	83
34.0	220
30.0	393
13.0	321
34.0	204
23.0	137
71.0	155
17.0	148
39.0	71
12.0	41
55.0	12
133.0	3
123.0	1
200.0	0
178.0	1
200.0	0
103.0	1
199.0	0
200.0	0
199.0	0
199.0	0
200.0	0
198.0	0
197.0	0
198.0	0
197.0	1
196.0	0
61.0	1
194.0	0
6.0	5
164.0	4
116.0	18
113.0	15
92.0	54
18.0	87
21.0	101
30.0	138
30.0	120
30.0	121
17.0	131
25.0	104
17.0	69
86.0	44
86.0	28
130.0	12
180.0	3
188.0	0
188.0	0
189.0	0
188.0	0
188.0	0
190.0	0
190.0	0
189.0	0
190.0	0
191.0	0
190.0	0
190.0	0
190.0	0
191.0	0
191.0	0
191.0	0
192.0	0
191.0	0
191.0	0
192.0	0
192.0	0
193.0	0
194.0	0
123.0	2
111.0	10
51.0	60
11.0	303
48.0	1200
11.0	1658
42.0	867
13.0	370
22.0	271
39.0	185
27.0	127
49.0	54
119.0	9
197.0	2
201.0	0
201.0	0
75.0	2
201.0	0
201.0	0
202.0	0
202.0	0
202.0	0
201.0	0
200.0	0
200.0	0
200.0	0
199.0	0
199.0	0
198.0	0
197.0	0
197.0	0
197.0	0
197.0	0
124.0	1
164.0	3
78.0	14
84.0	33
76.0	69
16.0	109
27.0	128
0.0	135
37.0	152
29.0	129
34.0	94
46.0	73
32.0	39
60.0	11
150.0	4
188.0	0
188.0	0
188.0	0
188.0	0
189.0	0
188.0	0
189.0	0
190.0	0
191.0	0
190.0	0
190.0	0
191.0	0
190.0	0
191.0	0
191.0	0
191.0	0
191.0	0
191.0	0
177.0	1
192.0	0
193.0	0
193.0	0
51.0	1
194.0	0
194.0	0
70.0	23
56.0	143
45.0	1116
6.0	2996
24.0	2578
26.0	1003
9.0	394
38.0	257
24.0	146
28.0	44
116.0	10
67.0	3
201.0	0
49.0	1
202.0	0
201.0	0
202.0	0
201.0	0
202.0	0
182.0	1
200.0	0
201.0	0
200.0	0
200.0	0
200.0	0
199.0	0
199.0	0
199.0	0
197.0	0
197.0	0
198.0	0
196.0	0
195.0	0
195.0	0
25.0	4
85.0	17
15.0	48
29.0	88
13.0	132
9.0	129
27.0	141
67.0	94
18.0	64
44.0	33
81.0	15
108.0	3
59.0	1
187.0	0
186.0	0
187.0	0
188.0	0
188.0	0
188.0	0
188.0	0
189.0	0
189.0	0
189.0	0
189.0	0
190.0	0
191.0	0
191.0	0
190.0	0
191.0	0
190.0	0
190.0	0
191.0	0
190.0	0
191.0	0
191.0	0
192.0	0
192.0	0
102.0	2
54.0	22
65.0	203
40.0	1317
16.0	1968
15.0	1067
17.0	414
6.0	189
32.0	108
40.0	38
64.0	6
111.0	1
200.0	0
199.0	0
177.0	1
201.0	0
201.0	0
201.0	0
201.0	0
201.0	0
200.0	0
199.0	0
200.0	0
199.0	0
198.0	0
198.0	0
197.0	0
197.0	0
197.0	0
196.0	0
196.0	0
196.0	0
194.0	0
194.0	0
179.0	1
129.0	1
72.0	9
47.0	30
28.0	65
1.0	103
12.0	96
24.0	89
28.0	45
26.0	22
75.0	9
174.0	1
105.0	2
187.0	0
187.0	0
187.0	0
188.0	0
188.0	0
188.0	0
188.0	0
189.0	0
190.0	0
189.0	0
190.0	0
190.0	0
190.0	0
190.0	0
190.0	0
191.0	0
191.0	0
190.0	0
191.0	0
192.0	0
191.0	0
192.0	0
193.0	0
193.0	0
90.0	1
118.0	2
129.0	12
50.0	119
35.0	438
34.0	420
7.0	253
28.0	103
41.0	36
97.0	8
162.0	2
73.0	1
202.0	0
201.0	0
194.0	1
202.0	0
202.0	0
203.0	0
204.0	0
204.0	0
204.0	0
203.0	0
204.0	0
202.0	0
202.0	0
202.0	0
201.0	0
200.0	0
199.0	0
199.0	0
198.0	0
199.0	0
197.0	0
196.0	0
195.0	0
195.0	0
193.0	0
130.0	4
58.0	13
22.0	63
23.0	61
21.0	45
19.0	31
57.0	19
175.0	2
87.0	3
160.0	1
187.0	0
187.0	0
187.0	0
187.0	0
187.0	0
152.0	1
188.0	0
188.0	0
189.0	0
188.0	0
190.0	0
189.0	0
190.0	0
191.0	0
190.0	0
191.0	0
191.0	0
191.0	0
191.0	0
192.0	0
192.0	0
192.0	0
193.0	0
194.0	0
189.0	1
181.0	1
59.0	3
56.0	5
41.0	29
51.0	81
39.0	84
18.0	36
113.0	6
196.0	3
35.0	6
201.0	0
202.0	0
203.0	0
94.0	1
204.0	0
204.0	0
203.0	0
203.0	0
203.0	0
203.0	0
204.0	0
203.0	0
203.0	0
202.0	0
202.0	0
201.0	0
201.0	0
199.0	0
200.0	0
199.0	0
198.0	0
197.0	0
196.0	0
109.0	1
195.0	0
194.0	0
83.0	1
190.0	1
69.0	7
94.0	23
45.0	22
57.0	10
16.0	7
91.0	2
189.0	0
188.0	0
188.0	0
186.0	0
187.0	0
187.0	0
187.0	0
187.0	0
187.0	0
188.0	0
188.0	0
188.0	0
189.0	0
190.0	0
189.0	0
190.0	0
190.0	0
190.0	0
191.0	0
190.0	0
191.0	0
191.0	0
191.0	0
192.0	0
193.0	0
193.0	0
194.0	0
195.0	0
128.0	1
197.0	0
110.0	6
72.0	19
65.0	18
150.0	9
46.0	5
167.0	1
201.0	0
202.0	0
203.0	0
203.0	0
203.0	0
204.0	0
203.0	0
205.0	0
205.0	0
206.0	0
206.0	0
204.0	0
204.0	0
204.0	0
204.0	0
203.0	0
202.0	0
201.0	0
200.0	0
200.0	0
199.0	0
198.0	0
197.0	0
197.0	0
196.0	0
195.0	0
195.0	0
101.0	1
153.0	2
93.0	3
56.0	4
124.0	11
80.0	5
189.0	0
189.0	0
171.0	1
188.0	1
188.0	0
188.0	0
187.0	0
186.0	0
186.0	0
188.0	0
189.0	0
189.0	0
189.0	0
190.0	0
189.0	0
190.0	0
190.0	0
190.0	0
191.0	0
193.0	0
192.0	0
192.0	0
193.0	0
193.0	0
194.0	0
194.0	0
195.0	0
196.0	0
196.0	0
49.0	1
197.0	0
198.0	0
100.0	2
132.0	1
66.0	2
172.0	2
194.0	2
201.0	0
201.0	0
82.0	1
202.0	0
203.0	0
203.0	0
204.0	0
205.0	0
205.0	0
204.0	0
204.0	0
205.0	0
206.0	0
204.0	0
204.0	0
203.0	0
203.0	0
202.0	0
202.0	0
201.0	0
201.0	0
200.0	0
198.0	0
199.0	0
198.0	0
197.0	0
197.0	0
196.0	0
196.0	0
194.0	0
194.0	0
167.0	1
194.0	1
185.0	1
191.0	0
191.0	0
190.0	0
189.0	0
190.0	0
189.0	0
188.0	0
188.0	0
188.0	0
187.0	0
186.0	0
186.0	0
188.0	0
188.0	0
189.0	0
188.0	0
189.0	0
190.0	0
190.0	0
191.0	0
192.0	0
191.0	0
191.0	0
192.0	0
192.0	0
193.0	0
194.0	0
194.0	0
194.0	0
195.0	0
196.0	0
197.0	0
197.0	0
197.0	1
124.0	2
200.0	0
200.0	0
201.0	0
202.0	0
202.0	0
202.0	0
203.0	0
204.0	0
204.0	0
204.0	0
206.0	0
206.0	0
205.0	0
205.0	0
205.0	0
205.0	0
204.0	0
205.0	0
203.0	0
204.0	0
203.0	0
202.0	0
201.0	0
201.0	0
200.0	0
199.0	0
199.0	0
197.0	0
197.0	0
196.0	0
195.0	0
194.0	0
194.0	0
192.0	0
192.0	0
192.0	0
190.0	0
191.0	0
190.0	0
190.0	0
189.0	0
189.0	0
188.0	0
187.0	0
188.0	0
187.0	0
185.0	0
187.0	0
186.0	0
186.0	0
186.0	0
187.0	0
187.0	0
188.0	0
189.0	0
189.0	0
190.0	0
191.0	0
191.0	0
191.0	0
192.0	0
192.0	0
193.0	0
194.0	0
196.0	0
195.0	0
196.0	0
198.0	0
197.0	0
199.0	0
199.0	0
202.0	0
203.0	0
202.0	0
203.0	0
203.0	0
204.0	0
205.0	0
205.0	0
206.0	0
205.0	0
206.0	0
207.0	0
207.0	0
206.0	0
207.0	0
206.0	0
207.0	0
206.0	0
205.0	0
204.0	0
204.0	0
204.0	0
203.0	0
202.0	0
201.0	0
200.0	0
199.0	0
198.0	0
197.0	0
197.0	0
195.0	0
196.0	0
195.0	0
195.0	0
194.0	0
193.0	0
193.0	0
192.0	0
192.0	0
104.0	1
190.0	0
189.0	0
188.0	0
187.0	0
186.0	0
186.0	0
185.0	0
186.0	0
186.0	0
186.0	0
186.0	0
186.0	0
187.0	0
188.0	0
188.0	0
188.0	0
188.0	0
189.0	0
189.0	0
191.0	0
192.0	0
193.0	0
194.0	0
194.0	0
195.0	0
195.0	0
196.0	0
197.0	0
199.0	0
199.0	0
201.0	0
198.0	1
202.0	0
202.0	0
203.0	0
203.0	0
204.0	0
204.0	0
204.0	0
204.0	0
205.0	0
207.0	0
207.0	0
207.0	0
208.0	0
207.0	0
207.0	0
206.0	0
207.0	0
205.0	0
206.0	0
204.0	0
203.0	0
203.0	0
202.0	0
202.0	0
201.0	0
200.0	0
200.0	0
198.0	0
198.0	0
197.0	0
197.0	0
196.0	0
195.0	0
194.0	0
193.0	0
192.0	0
192.0	0
192.0	0
191.0	0
189.0	0
188.0	0
188.0	0
188.0	0
186.0	0
186.0	0
186.0	0
185.0	0
186.0	0
187.0	0
187.0	0
188.0	0
188.0	0
188.0	0
189.0	0
188.0	0
190.0	0
190.0	0
191.0	0
192.0	0
193.0	0
194.0	0
194.0	0
196.0	0
197.0	0
198.0	0
199.0	0
200.0	0
201.0	0
203.0	0
203.0	0
204.0	0
205.0	0
206.0	0
206.0	0
205.0	0
206.0	0
207.0	0
208.0	0
209.0	0
208.0	0
209.0	0
209.0	0
209.0	0
209.0	0
210.0	0
209.0	0
211.0	0
210.0	0
209.0	0
208.0	0
208.0	0
206.0	0
206.0	0
205.0	0
204.0	0
204.0	0
203.0	0
202.0	0
201.0	0
200.0	0
200.0	0
199.0	0
199.0	0
197.0	0
197.0	0
195.0	0
194.0	0
194.0	0
193.0	0
193.0	0
192.0	0
191.0	0
190.0	0
188.0	0
189.0	0
189.0	0
187.0	0
187.0	0
188.0	0
187.0	0
186.0	0
186.0	0
188.0	0
188.0	0
188.0	0
189.0	0
189.0	0
190.0	0
191.0	0
192.0	0
193.0	0
195.0	0
195.0	0
197.0	0
197.0	0
197.0	0
198.0	0
198.0	0
200.0	0
200.0	0
202.0	0
202.0	0
204.0	0
44.0	1
205.0	0
204.0	0
206.0	0
205.0	0
207.0	0
207.0	0
208.0	0
208.0	0
209.0	0
208.0	0
208.0	0
208.0	0
209.0	0
208.0	0
210.0	0
208.0	0
208.0	0
208.0	0
207.0	0
205.0	0
206.0	0
204.0	0
204.0	0
203.0	0
203.0	0
202.0	0
201.0	0
199.0	0
198.0	0
198.0	0
197.0	0
197.0	0
196.0	0
194.0	0
193.0	0
193.0	0
194.0	0
192.0	0
192.0	0
191.0	0
189.0	0
188.0	0
188.0	0
188.0	0
186.0	0
186.0	0
187.0	0
187.0	0
185.0	0
186.0	0
185.0	0
187.0	0
187.0	0
188.0	0
189.0	0
190.0	0
192.0	0
192.0	0
194.0	0
194.0	0
195.0	0
196.0	0
197.0	0
197.0	0
198.0	0
199.0	0
200.0	0
200.0	0
202.0	0
202.0	0
202.0	0
202.0	0
204.0	0
204.0	0
205.0	0
206.0	0
206.0	0
206.0	0
208.0	0
208.0	0
207.0	0
207.0	0
208.0	0
207.0	0
207.0	0
208.0	0
205.0	0
206.0	0
206.0	0
205.0	0
205.0	0
203.0	0
203.0	0
202.0	0
203.0	0
200.0	0
200.0	0
198.0	0
198.0	0
197.0	0
197.0	0
195.0	0
194.0	0
193.0	0
193.0	0
192.0	0
191.0	0
190.0	0
189.0	0
188.0	0
188.0	0
188.0	0
187.0	0
186.0	0
185.0	0
185.0	0
186.0	0
185.0	0
186.0	0
185.0	0
184.0	0
184.0	0
185.0	0
185.0	0
187.0	0
187.0	0
188.0	0
189.0	0
190.0	0
190.0	0
191.0	0
193.0	0
194.0	0
195.0	0
196.0	0
196.0	0
197.0	0
198.0	0
200.0	0
200.0	0
201.0	0
201.0	0
203.0	0
204.0	0
205.0	0
205.0	0
207.0	0
207.0	0
206.0	0
207.0	0
207.0	0
207.0	0
208.0	0
208.0	0
207.0	0
207.0	0
207.0	0
207.0	0
206.0	0
206.0	0
206.0	0
205.0	0
204.0	0
203.0	0
203.0	0
201.0	0
201.0	0
199.0	0
199.0	0
197.0	0
197.0	0
196.0	0
195.0	0
194.0	0
193.0	0
193.0	0
193.0	0
191.0	0
190.0	0
189.0	0
189.0	0
188.0	0
187.0	0
186.0	0
185.0	0
186.0	0
186.0	0
186.0	0
184.0	0
185.0	0
184.0	0
184.0	0
186.0	0
186.0	0
186.0	0
188.0	0
188.0	0
187.0	0
190.0	0
191.0	0
192.0	0
193.0	0
194.0	0
195.0	0
195.0	0
197.0	0
198.0	0
200.0	0
202.0	0
202.0	0
202.0	0
202.0	0
204.0	0
204.0	0
206.0	0
205.0	0
208.0	0
207.0	0
209.0	0
209.0	0
209.0	0
209.0	0
210.0	0
211.0	0
210.0	0
209.0	0
210.0	0
210.0	0
209.0	0
210.0	0
209.0	0
208.0	0
207.0	0
206.0	0
206.0	0
204.0	0
204.0	0
202.0	0
202.0	0
200.0	0
199.0	0
198.0	0
197.0	0
197.0	0
196.0	0
196.0	0
194.0	0
193.0	0
193.0	0
191.0	0
191.0	0
190.0	0
189.0	0
189.0	0
188.0	0
188.0	0
188.0	0
188.0	0
187.0	0
188.0	0
187.0	0
186.0	0
186.0	0
187.0	0
185.0	0
186.0	0
187.0	0
188.0	0
188.0	0
190.0	0
190.0	0
191.0	0
193.0	0
195.0	0
196.0	0
196.0	0
197.0	0
198.0	0
198.0	0
199.0	0
200.0	0
201.0	0
201.0	0
202.0	0
203.0	0
204.0	0
205.0	0
205.0	0
206.0	0
206.0	0
207.0	0
207.0	0
207.0	0
207.0	0
209.0	0
210.0	0
208.0	0
208.0	0
208.0	0
208.0	0
207.0	0
208.0	0
207.0	0
206.0	0
205.0	0
204.0	0
203.0	0
202.0	0
201.0	0
200.0	0
200.0	0
199.0	0
198.0	0
197.0	0
196.0	0
194.0	0
194.0	0
193.0	0
192.0	0
191.0	0
191.0	0
190.0	0
189.0	0
188.0	0
187.0	0
187.0	0
186.0	0
186.0	0
185.0	0
184.0	0
184.0	0
185.0	0
185.0	0
184.0	0
184.0	0
186.0	0
187.0	0
187.0	0
188.0	0
188.0	0
190.0	0
191.0	0
192.0	0
193.0	0
194.0	0
195.0	0
196.0	0
198.0	0
200.0	0
199.0	0
200.0	0
201.0	0
202.0	0
203.0	0
203.0	0
204.0	0
204.0	0
204.0	0
204.0	0
205.0	0
207.0	0
208.0	0
208.0	0
209.0	0
209.0	0
209.0	0
209.0	0
209.0	0
209.0	0
210.0	0
208.0	0
210.0	0
208.0	0
208.0	0
208.0	0
208.0	0
206.0	0
205.0	0
205.0	0
202.0	0
201.0	0
200.0	0
200.0	0
199.0	0
198.0	0
197.0	0
195.0	0
195.0	0
194.0	0
193.0	0
192.0	0
191.0	0
190.0	0
189.0	0
188.0	0
187.0	0
187.0	0
186.0	0
185.0	0
185.0	0
185.0	0
185.0	0
186.0	0
186.0	0
185.0	0
186.0	0
185.0	0
185.0	0
188.0	0
188.0	0
189.0	0
189.0	0
190.0	0
191.0	0
193.0	0
195.0	0
197.0	0
198.0	0
199.0	0
200.0	0
201.0	0
202.0	0
203.0	0
204.0	0
204.0	0
204.0	0
204.0	0
205.0	0
205.0	0
206.0	0
206.0	0
206.0	0
207.0	0
207.0	0
207.0	0
208.0	0
208.0	0
208.0	0
209.0	0
209.0	0
209.0	0
209.0	0
209.0	0
208.0	0
207.0	0
207.0	0
206.0	0
205.0	0
205.0	0
205.0	0
203.0	0
202.0	0
201.0	0
200.0	0
199.0	0
198.0	0
197.0	0
196.0	0
195.0	0
195.0	0
193.0	0
192.0	0
191.0	0
190.0	0
189.0	0
188.0	0
187.0	0
186.0	0
186.0	0
185.0	0
185.0	0
186.0	0
185.0	0
185.0	0
185.0	0
186.0	0
185.0	0
186.0	0
186.0	0
186.0	0
186.0	0
186.0	0
188.0	0
189.0	0
190.0	0
191.0	0
192.0	0
194.0	0
195.0	0
197.0	0
198.0	0
199.0	0
199.0	0
201.0	0
202.0	0
202.0	0
202.0	0
203.0	0
203.0	0
203.0	0
204.0	0
205.0	0
206.0	0
206.0	0
206.0	0
208.0	0
208.0	0
210.0	0
209.0	0
210.0	0
209.0	0
209.0	0
208.0	0
208.0	0
208.0	0
208.0	0
208.0	0
206.0	0
205.0	0
205.0	0
203.0	0
202.0	0
201.0	0
200.0	0
198.0	0
199.0	0
199.0	0
196.0	0
196.0	0
194.0	0
194.0	0
192.0	0
192.0	0
191.0	0
190.0	0
189.0	0
188.0	0
42.0	1
186.0	0
185.0	0
184.0	0
185.0	0
185.0	0
184.0	0
185.0	0
185.0	0
185.0	0
186.0	0
185.0	0
185.0	0
186.0	0
186.0	0
187.0	0
187.0	0
188.0	0
189.0	0
190.0	0
191.0	0
194.0	0
195.0	0
196.0	0
198.0	0
199.0	0
200.0	0
200.0	0
201.0	0
202.0	0
202.0	0
203.0	0
203.0	0
204.0	0
204.0	0
205.0	0
205.0	0
206.0	0
206.0	0
206.0	0
208.0	0
209.0	0
210.0	0
210.0	0
210.0	0
209.0	0
209.0	0
209.0	0
209.0	0
208.0	0
208.0	0
208.0	0
207.0	0
206.0	0
205.0	0
203.0	0
203.0	0
202.0	0
200.0	0
198.0	0
199.0	0
197.0	0
196.0	0
195.0	0
194.0	0
194.0	0
193.0	0
191.0	0
191.0	0
189.0	0
188.0	0
188.0	0
187.0	0
185.0	0
185.0	0
185.0	0
185.0	0
186.0	0
185.0	0
185.0	0
186.0	0
185.0	0
186.0	0
186.0	0
186.0	0
186.0	0
186.0	0
187.0	0
187.0	0
188.0	0
190.0	0
191.0	0
193.0	0
194.0	0
195.0	0
196.0	0
198.0	0
199.0	0
200.0	0
201.0	0
202.0	0
202.0	0
203.0	0
204.0	0
203.0	0
204.0	0
205.0	0
205.0	0
205.0	0
206.0	0
206.0	0
207.0	0
208.0	0
207.0	0
208.0	0
207.0	0
208.0	0
208.0	0
208.0	0
208.0	0
208.0	0
207.0	0
206.0	0
207.0	0
207.0	0
206.0	0
203.0	0
203.0	0
201.0	0
201.0	0
200.0	0
198.0	0
197.0	0
196.0	0
196.0	0
195.0	0
162.0	1
193.0	0
191.0	0
191.0	0
190.0	0
189.0	0
189.0	0
188.0	0
186.0	0
185.0	0
185.0	0
184.0	0
185.0	0
185.0	0
185.0	0
185.0	0
185.0	0
186.0	0
186.0	0
187.0	0
185.0	0
186.0	0
186.0	0
186.0	0
187.0	0
188.0	0
189.0	0
191.0	0
193.0	0
194.0	0
193.0	0
196.0	0
197.0	0
198.0	0
200.0	0
201.0	0
203.0	0
202.0	0
203.0	0
203.0	0
204.0	0
204.0	0
205.0	0
205.0	0
206.0	0
205.0	0
207.0	0
208.0	0
208.0	0
208.0	0
209.0	0
209.0	0
210.0	0
209.0	0
208.0	0
207.0	0
207.0	0
207.0	0
206.0	0
206.0	0
203.0	0
203.0	0
203.0	0
202.0	0
201.0	0
200.0	0
199.0	0
198.0	0
197.0	0
195.0	0
77.0	3
193.0	0
193.0	0
192.0	0
191.0	0
190.0	0
189.0	0
188.0	0
187.0	0
186.0	0
186.0	0
186.0	0
186.0	0
186.0	0
185.0	0
186.0	0
186.0	0
186.0	0
187.0	0
186.0	0
186.0	0
186.0	0
186.0	0
186.0	0
186.0	0
189.0	0
190.0	0
190.0	0
191.0	0
192.0	0
193.0	0
194.0	0
195.0	0
195.0	0
198.0	0
198.0	1
81.0	2
200.0	0
203.0	0
203.0	0
202.0	0
203.0	0
203.0	0
205.0	0
205.0	0
206.0	0
207.0	0
207.0	0
208.0	0
209.0	0
208.0	0
209.0	0
209.0	0
209.0	0
210.0	0
209.0	0
209.0	0
209.0	0
207.0	0
208.0	0
205.0	0
205.0	0
205.0	0
205.0	0
204.0	0
202.0	0
201.0	0
199.0	0
199.0	0
148.0	1
40.0	1
69.0	1
28.0	7
194.0	0
89.0	2
189.0	1
191.0	0
190.0	0
189.0	0
188.0	0
187.0	0
186.0	0
187.0	0
186.0	0
187.0	0
188.0	0
188.0	0
188.0	0
188.0	0
188.0	0
187.0	0
187.0	0
186.0	0
188.0	0
188.0	0
187.0	0
188.0	0
189.0	0
190.0	0
190.0	0
192.0	0
191.0	0
192.0	0
76.0	1
195.0	0
196.0	0
76.0	2
198.0	0
187.0	1
200.0	0
203.0	0
202.0	0
204.0	0
204.0	0
205.0	0
206.0	0
206.0	0
207.0	0
208.0	0
208.0	0
208.0	0
208.0	0
209.0	0
209.0	0
210.0	0
210.0	0
210.0	0
209.0	0
210.0	0
209.0	0
208.0	0
208.0	0
205.0	0
206.0	0
205.0	0
204.0	0
203.0	0
202.0	0
201.0	0
121.0	4
180.0	3
102.0	7
119.0	8
98.0	6
184.0	3
139.0	4
165.0	1
192.0	0
192.0	0
191.0	0
189.0	0
189.0	0
189.0	0
188.0	0
187.0	0
187.0	0
189.0	0
188.0	0
188.0	0
189.0	0
188.0	0
188.0	0
188.0	0
189.0	0
187.0	0
187.0	0
188.0	0
188.0	0
189.0	0
187.0	0
188.0	0
35.0	1
189.0	0
191.0	0
162.0	1
68.0	2
195.0	0
185.0	3
163.0	2
80.0	2
90.0	2
185.0	3
200.0	0
201.0	0
203.0	0
203.0	0
202.0	0
203.0	0
203.0	0
204.0	0
205.0	0
92.0	1
206.0	0
206.0	0
206.0	0
206.0	0
207.0	0
206.0	0
207.0	0
208.0	0
205.0	0
206.0	0
205.0	0
204.0	0
204.0	0
202.0	0
202.0	0
201.0	0
140.0	1
198.0	0
134.0	3
59.0	13
79.0	10
28.0	12
17.0	9
148.0	6
159.0	3
192.0	0
192.0	0
190.0	0
189.0	0
188.0	0
188.0	0
187.0	0
187.0	0
186.0	0
186.0	0
186.0	0
185.0	0
186.0	0
187.0	0
187.0	0
186.0	0
185.0	0
186.0	0
185.0	0
186.0	0
186.0	0
186.0	0
187.0	0
186.0	0
188.0	0
190.0	0
190.0	0
191.0	0
192.0	0
195.0	0
195.0	0
195.0	0
186.0	1
197.0	0
110.0	2
145.0	3
72.0	2
201.0	0
201.0	0
202.0	0
202.0	0
202.0	0
204.0	0
204.0	0
205.0	0
206.0	0
207.0	0
207.0	0
207.0	0
208.0	0
207.0	0
207.0	0
208.0	0
208.0	0
207.0	0
207.0	0
206.0	0
207.0	0
205.0	0
205.0	0
204.0	0
203.0	0
201.0	0
90.0	7
14.0	5
37.0	14
81.0	8
29.0	13
37.0	15
12.0	10
95.0	2
146.0	2
114.0	2
146.0	1
140.0	1
190.0	0
189.0	0
189.0	0
188.0	0
187.0	0
187.0	0
188.0	0
188.0	0
188.0	0
188.0	0
187.0	0
187.0	0
187.0	0
188.0	0
188.0	0
188.0	0
189.0	0
188.0	0
188.0	0
188.0	0
189.0	0
187.0	0
189.0	0
181.0	1
190.0	0
192.0	1
119.0	1
189.0	1
193.0	0
194.0	0
195.0	0
197.0	0
52.0	2
190.0	1
198.0	0
201.0	0
202.0	0
201.0	0
201.0	0
203.0	0
205.0	0
204.0	0
204.0	0
204.0	0
205.0	0
207.0	0
140.0	1
171.0	1
207.0	0
207.0	0
206.0	0
207.0	0
206.0	0
205.0	0
204.0	0
205.0	0
204.0	0
192.0	1
35.0	3
25.0	9
55.0	8
68.0	11
16.0	12
52.0	11
57.0	4
66.0	1
122.0	3
193.0	0
188.0	1
144.0	3
191.0	0
63.0	2
188.0	0
186.0	1
70.0	1
187.0	0
187.0	0
187.0	0
187.0	0
187.0	0
187.0	0
188.0	0
187.0	0
188.0	0
188.0	0
188.0	0
188.0	0
188.0	0
188.0	0
188.0	0
188.0	0
189.0	0
189.0	0
190.0	0
191.0	0
191.0	0
192.0	0
193.0	0
193.0	0
193.0	0
117.0	1
196.0	0
196.0	0
198.0	0
198.0	0
199.0	0
200.0	0
199.0	0
201.0	0
202.0	0
203.0	0
204.0	0
205.0	0
205.0	0
207.0	0
207.0	0
207.0	0
207.0	0
207.0	0
70.0	1
206.0	1
197.0	2
207.0	0
205.0	0
205.0	0
205.0	0
204.0	0
203.0	0
203.0	0
144.0	6
23.0	3
60.0	12
36.0	12
93.0	8
115.0	6
88.0	2
175.0	3
40.0	2
138.0	2
192.0	0
191.0	0
191.0	0
191.0	0
179.0	2
190.0	0
141.0	1
188.0	0
188.0	0
189.0	0
189.0	0
190.0	0
190.0	0
189.0	0
188.0	0
189.0	0
189.0	0
190.0	0
189.0	0
189.0	0
189.0	0
189.0	0
189.0	0
189.0	0
190.0	0
95.0	1
189.0	0
61.0	1
190.0	0
191.0	0
191.0	0
191.0	0
193.0	0
194.0	0
194.0	0
197.0	0
198.0	0
199.0	0
199.0	0
199.0	0
200.0	0
200.0	0
202.0	0
202.0	0
203.0	0
202.0	0
203.0	0
205.0	0
205.0	0
96.0	1
206.0	0
205.0	1
178.0	1
197.0	1
205.0	0
205.0	0
204.0	0
204.0	0
181.0	1
203.0	0
203.0	0
203.0	0
106.0	5
116.0	3
17.0	3
47.0	4
134.0	3
62.0	1
137.0	1
174.0	1
193.0	0
192.0	0
191.0	0
192.0	0
190.0	0
190.0	0
189.0	0
189.0	0
189.0	0
189.0	0
189.0	0
189.0	0
188.0	0
188.0	0
117.0	1
188.0	0
134.0	1
188.0	0
189.0	0
188.0	0
187.0	0
188.0	0
188.0	0
167.0	1
188.0	0
189.0	0
188.0	0
190.0	0
191.0	0
190.0	0
191.0	0
191.0	0
191.0	0
191.0	0
193.0	0
193.0	0
194.0	0
195.0	0
122.0	1
198.0	0
198.0	0
198.0	0
200.0	0
200.0	0
201.0	0
201.0	0
202.0	0
203.0	0
204.0	0
204.0	0
205.0	0
204.0	0
205.0	0
204.0	0
69.0	1
205.0	0
205.0	0
206.0	0
206.0	0
205.0	0
123.0	1
136.0	1
99.0	1
130.0	2
62.0	3
27.0	3
179.0	2
164.0	1
194.0	1
195.0	0
195.0	0
10.0	1
193.0	0
192.0	0
192.0	0
192.0	0
191.0	0
190.0	0
189.0	0
190.0	0
190.0	0
50.0	1
189.0	0
161.0	1
188.0	0
188.0	0
188.0	0
188.0	0
189.0	0
189.0	0
190.0	0
189.0	0
189.0	0
189.0	0
189.0	0
190.0	0
190.0	0
190.0	0
189.0	0
190.0	0
191.0	0
190.0	0
191.0	0
192.0	0
192.0	0
192.0	0
192.0	0
192.0	0
194.0	0
195.0	0
195.0	0
197.0	0
198.0	0
198.0	0
199.0	0
200.0	0
200.0	0
200.0	0
201.0	0
202.0	0
202.0	0
203.0	0
203.0	0
202.0	0
203.0	0
203.0	0
203.0	0
202.0	0
114.0	1
203.0	0
203.0	0
202.0	0
203.0	0
202.0	0
201.0	0
45.0	1
136.0	2
25.0	1
47.0	1
197.0	0
196.0	0
195.0	0
194.0	0
194.0	0
193.0	0
193.0	0
191.0	0
190.0	0
191.0	0
190.0	0
190.0	0
190.0	0
188.0	0
189.0	0
188.0	0
188.0	0
187.0	0
187.0	0
187.0	0
187.0	0
188.0	0
189.0	0
188.0	0
189.0	0
189.0	0
189.0	0
190.0	0
190.0	0
190.0	0
190.0	0
190.0	0
191.0	0
189.0	0
189.0	0
190.0	0
190.0	0
191.0	0
192.0	0
192.0	0
192.0	0
192.0	0
193.0	0
194.0	0
195.0	0
195.0	0
197.0	0
197.0	0
198.0	0
199.0	0
198.0	0
199.0	0
199.0	0
200.0	0
199.0	0
200.0	0
200.0	0
201.0	0
201.0	0
201.0	0
202.0	0
201.0	0
201.0	0
200.0	0
201.0	0
198.0	0
200.0	0
199.0	0
153.0	1
198.0	0
197.0	0
197.0	0
196.0	0
194.0	0
193.0	0
193.0	0
193.0	0
191.0	0
190.0	0
190.0	0
188.0	0
189.0	0
188.0	0
189.0	0
188.0	0
188.0	0
187.0	0
187.0	0
188.0	0
188.0	0
187.0	0
187.0	0
186.0	0
188.0	0
188.0	0
188.0	0
187.0	0
188.0	0
188.0	0
188.0	0
188.0	0
187.0	0
188.0	0
188.0	0
188.0	0
192.0	0
191.0	0
191.0	0
192.0	0
192.0	0
192.0	0
193.0	0
194.0	0
193.0	0
195.0	0
195.0	0
196.0	0
196.0	0
197.0	0
197.0	0
198.0	0
199.0	0
199.0	0
200.0	0
202.0	0
202.0	0
201.0	0
202.0	0
203.0	0
204.0	0
203.0	0
202.0	0
202.0	0
202.0	0
195.0	1
201.0	0
201.0	0
201.0	0
201.0	0
199.0	0
199.0	0
199.0	0
198.0	0
198.0	0
196.0	0
195.0	0
195.0	0
193.0	0
193.0	0
192.0	0
192.0	0
191.0	0
191.0	0
189.0	0
190.0	0
189.0	0
190.0	0
189.0	0
189.0	0
190.0	0
190.0	0
190.0	0
188.0	0
190.0	0
189.0	0
189.0	0
190.0	0
190.0	0
190.0	0
190.0	0
190.0	0
190.0	0
190.0	0
191.0	0
190.0	0
190.0	0
191.0	0
190.0	0
189.0	0
189.0	0
188.0	0
189.0	0
190.0	0
189.0	0
190.0	0
190.0	0
191.0	0
192.0	0
192.0	0
193.0	0
193.0	0
195.0	0
195.0	0
196.0	0
196.0	0
196.0	0
197.0	0
197.0	0
197.0	0
198.0	0
199.0	0
199.0	0
198.0	0
198.0	0
198.0	0
198.0	0
198.0	0
198.0	0
197.0	0
198.0	0
196.0	0
196.0	0
196.0	0
195.0	0
194.0	0
194.0	0
193.0	0
192.0	0
190.0	0
190.0	0
189.0	0
189.0	0
188.0	0
188.0	0
187.0	0
187.0	0
188.0	0
186.0	0
186.0	0
185.0	0
187.0	0
185.0	0
186.0	0
186.0	0
185.0	0
186.0	0
186.0	0
187.0	0
188.0	0
187.0	0
187.0	0
187.0	0
188.0	0
188.0	0
188.0	0
188.0	0
188.0	0
189.0	0
188.0	0
189.0	0
188.0	0
190.0	0
190.0	0
190.0	0
190.0	0
191.0	0
190.0	0
191.0	0
192.0	0
192.0	0
193.0	0
194.0	0
194.0	0
194.0	0
194.0	0
196.0	0
196.0	0
197.0	0
198.0	0
198.0	0
199.0	0
199.0	0
198.0	0
198.0	0
199.0	0
200.0	0
200.0	0
199.0	0
199.0	0
199.0	0
198.0	0
197.0	0
197.0	0
196.0	0
195.0	0
196.0	0
194.0	0
193.0	0
193.0	0
192.0	0
191.0	0
191.0	0
190.0	0
189.0	0
188.0	0
188.0	0
189.0	0
189.0	0
188.0	0
187.0	0
186.0	0
187.0	0
188.0	0
187.0	0
187.0	0
186.0	0
187.0	0
186.0	0
187.0	0
188.0	0
187.0	0
189.0	0
189.0	0
188.0	0
189.0	0
188.0	0
189.0	0
189.0	0
189.0	0
189.0	0
189.0	0
190.0	0
190.0	0
189.0	0
189.0	0
191.0	0
190.0	0
191.0	0
193.0	0
192.0	0
191.0	0
192.0	0
193.0	0
193.0	0
194.0	0
196.0	0
195.0	0
196.0	0
195.0	0
197.0	0
196.0	0
197.0	0
197.0	0
199.0	0
198.0	0
198.0	0
198.0	0
199.0	0
198.0	0
199.0	0
198.0	0
197.0	0
197.0	0
197.0	0
196.0	0
196.0	0
195.0	0
194.0	0
195.0	0
194.0	0
192.0	0
192.0	0
192.0	0
192.0	0
190.0	0
190.0	0
189.0	0
188.0	0
189.0	0
189.0	0
189.0	0
188.0	0
189.0	0
188.0	0
188.0	0
188.0	0
188.0	0
188.0	0
187.0	0
187.0	0
189.0	0
189.0	0
189.0	0
189.0	0
188.0	0
189.0	0
189.0	0
189.0	0
189.0	0
189.0	0
190.0	0
189.0	0
190.0	0
191.0	0
192.0	0
191.0	0
191.0	0
192.0	0
192.0	0
192.0	0
193.0	0
193.0	0
194.0	0
193.0	0
194.0	0
195.0	0
196.0	0
196.0	0
196.0	0
197.0	0
198.0	0
198.0	0
198.0	0
199.0	0
199.0	0
199.0	0
200.0	0
200.0	0
200.0	0
201.0	0
200.0	0
199.0	0
199.0	0
200.0	0
199.0	0
197.0	0
198.0	0
198.0	0
197.0	0
196.0	0
195.0	0
195.0	0
194.0	0
193.0	0
193.0	0
191.0	0
192.0	0
191.0	0
191.0	0
190.0	0
191.0	0
191.0	0
190.0	0
190.0	0
182.0	1
189.0	0
189.0	0
191.0	0
191.0	0
190.0	0
190.0	0
190.0	0
190.0	0
190.0	0
191.0	0
190.0	0
191.0	0
191.0	0
191.0	0
191.0	0
190.0	0
192.0	0
191.0	0
191.0	0
191.0	0
191.0	0
190.0	0
191.0	0
191.0	0
190.0	0
192.0	0
192.0	0
193.0	0
194.0	0
192.0	0
194.0	0
193.0	0
193.0	0
195.0	0
195.0	0
194.0	0
195.0	0
195.0	0
196.0	0
196.0	0
197.0	0
198.0	0
197.0	0
198.0	0
197.0	0
197.0	0
198.0	0
198.0	0
198.0	0
199.0	0
198.0	0
197.0	0
198.0	0
197.0	0
196.0	0
195.0	0
195.0	0
195.0	0
195.0	0
193.0	0
192.0	0
192.0	0
190.0	0
190.0	0
190.0	0
190.0	0
190.0	0
188.0	0
190.0	0
190.0	0
189.0	0
189.0	0
190.0	0
187.0	0
189.0	0
189.0	0
189.0	0
189.0	0
188.0	0
188.0	0
189.0	0
191.0	0
188.0	0
189.0	0
189.0	0
191.0	0
190.0	0
190.0	0
190.0	0
191.0	0
191.0	0
191.0	0
189.0	0
189.0	0
189.0	0
191.0	0
192.0	0
191.0	0
191.0	0
192.0	0
192.0	0
194.0	0
193.0	0
193.0	0
194.0	0
194.0	0
194.0	0
195.0	0
195.0	0
195.0	0
196.0	0
196.0	0
196.0	0
195.0	0
198.0	0
197.0	0
197.0	0
198.0	0
197.0	0
197.0	0
196.0	0
197.0	0
197.0	0
196.0	0
196.0	0
195.0	0
196.0	0
196.0	0
194.0	0
192.0	0
192.0	0
192.0	0
192.0	0
191.0	0
191.0	0
190.0	0
189.0	0
190.0	0
189.0	0
189.0	0
189.0	0
190.0	0
189.0	0
189.0	0
189.0	0
187.0	0
188.0	0
188.0	0
189.0	0
188.0	0
188.0	0
189.0	0
188.0	0
189.0	0
189.0	0
189.0	0
190.0	0
189.0	0
189.0	0
189.0	0
189.0	0
190.0	0
189.0	0
190.0	0
189.0	0
190.0	0
189.0	0
191.0	0
192.0	0
190.0	0
192.0	0
192.0	0
192.0	0
193.0	0
193.0	0
194.0	0
193.0	0
193.0	0
194.0	0
194.0	0
195.0	0
194.0	0
196.0	0
196.0	0
196.0	0
196.0	0
197.0	0
197.0	0
196.0	0
197.0	0
196.0	0
197.0	0
196.0	0
196.0	0
196.0	0
195.0	0
194.0	0
195.0	0
195.0	0
194.0	0
193.0	0
192.0	0
192.0	0
192.0	0
192.0	0
190.0	0
191.0	0
190.0	0
190.0	0
191.0	0
190.0	0
190.0	0
190.0	0
190.0	0
189.0	0
190.0	0
190.0	0
189.0	0
189.0	0
190.0	0
189.0	0
188.0	0
189.0	0
187.0	0
188.0	0
189.0	0
190.0	0
189.0	0
190.0	0
189.0	0
189.0	0
188.0	0
188.0	0
189.0	0
189.0	0
189.0	0
192.0	0
191.0	0
192.0	0
192.0	0
192.0	0
192.0	0
192.0	0
194.0	0
193.0	0
194.0	0
196.0	0
195.0	0
195.0	0
195.0	0
196.0	0
198.0	0
197.0	0
196.0	0
197.0	0
197.0	0
198.0	0
198.0	0
198.0	0
197.0	0
198.0	0
198.0	0
198.0	0
197.0	0
198.0	0
197.0	0
197.0	0
197.0	0
196.0	0
195.0	0
194.0	0
195.0	0
194.0	0
194.0	0
193.0	0
192.0	0
192.0	0
192.0	0
191.0	0
191.0	0
193.0	0
192.0	0
191.0	0
191.0	0
190.0	0
192.0	0
191.0	0
191.0	0
190.0	0
190.0	0
190.0	0
190.0	0
191.0	0
190.0	0
190.0	0
190.0	0
190.0	0
191.0	0
192.0	0
191.0	0
191.0	0
190.0	0
191.0	0
192.0	0
191.0	0
192.0	0
192.0	0
192.0	0
190.0	0
189.0	0
190.0	0
190.0	0
191.0	0
191.0	0
191.0	0
193.0	0
193.0	0
195.0	0
193.0	0
195.0	0
194.0	0
193.0	0
194.0	0
194.0	0
194.0	0
195.0	0
195.0	0
195.0	0
196.0	0
195.0	0
195.0	0
194.0	0
195.0	0
195.0	0
195.0	0
195.0	0
195.0	0
196.0	0
195.0	0
195.0	0
194.0	0
194.0	0
193.0	0
192.0	0
191.0	0
191.0	0
192.0	0
191.0	0
191.0	0
190.0	0
192.0	0
191.0	0
190.0	0
190.0	0
190.0	0
191.0	0
189.0	0
190.0	0
190.0	0
189.0	0
189.0	0
189.0	0
189.0	0
190.0	0
189.0	0
189.0	0
188.0	0
188.0	0
190.0	0
190.0	0
189.0	0
190.0	0
189.0	0
189.0	0
191.0	0
189.0	0
190.0	0
191.0	0
190.0	0
190.0	0
193.0	0
192.0	0
192.0	0
193.0	0
192.0	0
194.0	0
193.0	0
193.0	0
194.0	0
195.0	0
194.0	0
195.0	0
194.0	0
195.0	0
194.0	0
195.0	0
195.0	0
196.0	0
196.0	0
195.0	0
196.0	0
195.0	0
195.0	0
196.0	0
196.0	0
195.0	0
196.0	0
195.0	0
196.0	0
196.0	0
196.0	0
196.0	0
195.0	0
195.0	0
194.0	0
193.0	0
193.0	0
192.0	0
192.0	0
192.0	0
193.0	0
192.0	0
192.0	0
192.0	0
191.0	0
192.0	0
191.0	0
191.0	0
190.0	0
191.0	0
190.0	0
189.0	0
190.0	0
189.0	0
189.0	0
189.0	0
189.0	0
189.0	0
189.0	0
189.0	0
190.0	0
189.0	0
189.0	0
190.0	0
190.0	0
190.0	0
190.0	0
193.0	0
192.0	0
192.0	0
192.0	0
192.0	0
191.0	0
191.0	0
192.0	0
192.0	0
192.0	0
193.0	0
194.0	0
194.0	0
194.0	0
193.0	0
195.0	0
194.0	0
195.0	0
196.0	0
195.0	0
195.0	0
195.0	0
196.0	0
196.0	0
196.0	0
196.0	0
197.0	0
196.0	0
196.0	0
196.0	0
197.0	0
196.0	0
196.0	0
196.0	0
196.0	0
196.0	0
194.0	0
195.0	0
193.0	0
194.0	0
193.0	0
194.0	0
193.0	0
191.0	0
191.0	0
193.0	0
192.0	0
194.0	0
194.0	0
191.0	0
191.0	0
191.0	0
192.0	0
192.0	0
190.0	0
189.0	0
191.0	0
191.0	0
191.0	0
190.0	0
190.0	0
189.0	0
190.0	0
190.0	0
191.0	0
192.0	0
191.0	0
191.0	0
191.0	0
192.0	0
192.0	0
192.0	0
191.0	0
191.0	0
193.0	0
192.0	0
193.0	0
191.0	0
193.0	0
191.0	0
192.0	0
193.0	0
193.0	0
193.0	0
194.0	0
195.0	0
195.0	0
195.0	0
195.0	0
195.0	0
196.0	0
196.0	0
195.0	0
196.0	0
196.0	0
195.0	0
196.0	0
196.0	0
196.0	0
196.0	0
197.0	0
196.0	0
195.0	0
196.0	0
196.0	0
196.0	0
196.0	0
195.0	0
194.0	0
194.0	0
193.0	0
195.0	0
194.0	0
192.0	0
192.0	0
193.0	0
192.0	0
192.0	0
193.0	0
192.0	0
192.0	0
194.0	0
192.0	0
190.0	0
192.0	0
191.0	0
192.0	0
192.0	0
190.0	0
191.0	0
191.0	0
191.0	0
189.0	0
190.0	0
190.0	0
191.0	0
192.0	0
189.0	0
190.0	0
191.0	0
191.0	0
192.0	0
192.0	0
191.0	0
190.0	0
192.0	0
191.0	0
191.0	0
191.0	0
191.0	0
192.0	0
191.0	0
192.0	0
192.0	0
193.0	0
193.0	0
194.0	0
195.0	0
194.0	0
195.0	0
196.0	0
195.0	0
196.0	0
196.0	0
196.0	0
196.0	0
196.0	0
196.0	0
195.0	0
196.0	0
196.0	0
195.0	0
196.0	0
194.0	0
194.0	0
194.0	0
195.0	0
195.0	0
195.0	0
195.0	0
195.0	0
193.0	0
194.0	0
194.0	0
193.0	0
192.0	0
192.0	0
192.0	0
192.0	0
193.0	0
193.0	0
192.0	0
193.0	0
192.0	0
192.0	0
191.0	0
191.0	0
192.0	0
192.0	0
191.0	0
191.0	0
192.0	0
191.0	0
192.0	0
190.0	0
189.0	0
189.0	0
190.0	0
190.0	0
188.0	0
190.0	0
191.0	0
191.0	0
191.0	0
191.0	0
190.0	0
190.0	0
191.0	0
191.0	0
191.0	0
191.0	0
191.0	0
191.0	0
190.0	0
192.0	0
191.0	0
190.0	0
191.0	0
192.0	0
192.0	0
193.0	0
192.0	0
192.0	0
192.0	0
192.0	0
194.0	0
194.0	0
193.0	0
193.0	0
194.0	0
194.0	0
194.0	0
194.0	0
194.0	0
193.0	0
194.0	0
195.0	0
195.0	0
195.0	0
193.0	0
193.0	0
193.0	0
193.0	0
193.0	0
193.0	0
192.0	0
192.0	0
191.0	0
192.0	0
192.0	0
191.0	0
191.0	0
191.0	0
191.0	0
189.0	0
191.0	0
190.0	0
190.0	0
189.0	0
189.0	0
190.0	0
189.0	0
189.0	0
188.0	0
188.0	0
188.0	0
188.0	0
188.0	0
188.0	0
189.0	0
189.0	0
190.0	0
190.0	0
190.0	0
190.0	0
189.0	0
189.0	0
189.0	0
190.0	0
190.0	0
189.0	0
190.0	0
191.0	0
191.0	0
191.0	0
192.0	0
192.0	0
192.0	0
192.0	0
193.0	0
194.0	0
194.0	0
195.0	0
194.0	0
193.0	0
193.0	0
194.0	0
195.0	0
195.0	0
195.0	0
196.0	0
195.0	0
195.0	0
196.0	0
195.0	0
195.0	0
195.0	0
195.0	0
196.0	0
196.0	0
196.0	0
195.0	0
195.0	0
193.0	0
195.0	0
195.0	0
194.0	0
192.0	0
192.0	0
192.0	0
194.0	0
194.0	0
193.0	0
193.0	0
193.0	0
192.0	0
191.0	0
193.0	0
191.0	0
191.0	0
191.0	0
191.0	0
192.0	0
191.0	0
190.0	0
190.0	0
190.0	0
190.0	0
190.0	0
190.0	0
190.0	0
190.0	0
191.0	0
190.0	0
190.0	0
191.0	0
191.0	0
190.0	0
190.0	0
190.0	0
191.0	0
191.0	0
190.0	0
191.0	0
192.0	0
190.0	0
190.0	0
190.0	0
191.0	0
191.0	0
191.0	0
191.0	0
191.0	0
193.0	0
194.0	0
194.0	0
194.0	0
193.0	0
193.0	0
194.0	0
193.0	0
193.0	0
193.0	0
195.0	0
195.0	0
195.0	0
195.0	0
194.0	0
195.0	0
194.0	0
194.0	0
193.0	0
193.0	0
193.0	0
193.0	0
192.0	0
193.0	0
191.0	0
192.0	0
191.0	0
192.0	0
191.0	0
191.0	0
190.0	0
190.0	0
191.0	0
190.0	0
190.0	0
190.0	0
191.0	0
190.0	0
190.0	0
189.0	0
189.0	0
189.0	0
189.0	0
190.0	0
189.0	0
189.0	0
64.0	1
188.0	0
188.0	0
189.0	0
189.0	0
189.0	0
189.0	0
188.0	0
189.0	0
188.0	0
189.0	0
188.0	0
189.0	0
189.0	0
189.0	0
189.0	0
189.0	0
190.0	0
188.0	0
188.0	0
189.0	0
189.0	0
192.0	0
190.0	0
190.0	0
190.0	0
191.0	0
193.0	0
193.0	0
194.0	0
193.0	0
193.0	0
194.0	0
193.0	0
193.0	0
194.0	0
194.0	0
194.0	0
193.0	0
194.0	0
193.0	0
193.0	0
193.0	0
193.0	0
192.0	0
192.0	0
171.0	1
41.0	1
192.0	0
191.0	0
191.0	0
191.0	0
190.0	0
191.0	0
191.0	0
190.0	0
190.0	0
190.0	0
189.0	0
189.0	0
190.0	0
189.0	0
189.0	0
190.0	0
189.0	0
189.0	0
190.0	0
189.0	0
188.0	0
189.0	0
190.0	0
190.0	0
189.0	0
188.0	0
188.0	0
187.0	0
188.0	0
188.0	0
188.0	0
187.0	0
188.0	0
188.0	0
188.0	0
188.0	0
187.0	0
188.0	0
189.0	0
59.0	1
189.0	0
188.0	0
