SA_diff	pop
266.0	0
266.0	0
267.0	0
266.0	0
268.0	0
269.0	0
269.0	0
269.0	0
271.0	0
270.0	0
271.0	0
271.0	0
272.0	0
271.0	0
274.0	0
274.0	0
272.0	0
272.0	0
272.0	0
273.0	0
272.0	0
272.0	0
271.0	0
272.0	0
271.0	0
272.0	0
272.0	0
271.0	0
271.0	0
270.0	0
271.0	0
270.0	0
269.0	0
270.0	0
269.0	0
268.0	0
268.0	0
268.0	0
268.0	0
267.0	0
267.0	0
268.0	0
268.0	0
268.0	0
268.0	0
267.0	0
269.0	0
268.0	0
268.0	0
268.0	0
267.0	0
267.0	0
267.0	0
266.0	0
268.0	0
268.0	0
266.0	0
265.0	0
266.0	0
266.0	0
266.0	0
266.0	0
266.0	0
266.0	0
267.0	0
266.0	0
266.0	0
265.0	0
181.0	1
267.0	0
267.0	0
142.0	1
267.0	0
267.0	0
266.0	0
267.0	0
266.0	0
267.0	0
266.0	0
268.0	0
268.0	0
268.0	0
269.0	0
270.0	0
272.0	0
271.0	0
271.0	0
271.0	0
271.0	0
271.0	0
271.0	0
237.0	1
270.0	0
271.0	0
269.0	0
270.0	0
269.0	0
270.0	0
271.0	0
270.0	0
269.0	0
269.0	0
269.0	0
269.0	0
269.0	0
269.0	0
267.0	0
268.0	0
268.0	0
267.0	0
268.0	0
267.0	0
267.0	0
266.0	0
267.0	0
266.0	0
267.0	0
267.0	0
266.0	0
266.0	0
266.0	0
266.0	0
264.0	0
264.0	0
265.0	0
266.0	0
266.0	0
265.0	0
265.0	0
264.0	0
263.0	0
263.0	0
264.0	0
264.0	0
263.0	0
264.0	0
265.0	0
131.0	1
266.0	0
227.0	2
251.0	3
198.0	4
266.0	1
266.0	0
266.0	0
264.0	0
266.0	0
265.0	0
266.0	0
266.0	0
267.0	0
267.0	0
268.0	0
269.0	0
269.0	0
269.0	0
270.0	0
269.0	0
270.0	0
270.0	0
271.0	0
270.0	0
271.0	0
270.0	0
270.0	0
270.0	0
271.0	0
270.0	0
268.0	0
269.0	0
268.0	0
268.0	0
269.0	0
268.0	0
268.0	0
268.0	0
267.0	0
267.0	0
267.0	0
268.0	0
267.0	0
267.0	0
268.0	0
266.0	0
266.0	0
265.0	0
265.0	0
265.0	0
264.0	0
264.0	0
264.0	0
263.0	0
262.0	0
264.0	0
264.0	0
264.0	0
264.0	0
263.0	0
192.0	1
264.0	0
264.0	0
264.0	0
263.0	0
263.0	0
263.0	0
264.0	0
265.0	0
264.0	0
223.0	3
154.0	2
194.0	1
240.0	3
235.0	3
193.0	6
265.0	0
223.0	3
240.0	2
246.0	1
265.0	0
266.0	0
265.0	0
266.0	0
266.0	0
266.0	0
266.0	0
268.0	0
268.0	0
268.0	0
269.0	0
268.0	0
268.0	0
268.0	0
268.0	0
268.0	0
268.0	0
268.0	0
267.0	0
268.0	0
267.0	0
268.0	0
268.0	0
111.0	1
268.0	0
267.0	0
267.0	0
268.0	0
267.0	0
267.0	0
266.0	0
266.0	0
266.0	0
265.0	0
266.0	0
266.0	0
266.0	0
265.0	0
265.0	0
265.0	0
264.0	0
265.0	0
264.0	0
263.0	0
264.0	0
264.0	0
263.0	0
264.0	0
263.0	0
263.0	0
263.0	0
262.0	0
262.0	0
263.0	0
244.0	1
262.0	0
163.0	2
263.0	0
263.0	0
218.0	1
222.0	1
232.0	1
145.0	4
153.0	8
111.0	9
141.0	6
99.0	15
139.0	13
189.0	5
204.0	2
264.0	0
180.0	1
194.0	1
195.0	1
264.0	0
264.0	0
265.0	0
266.0	0
267.0	0
269.0	0
269.0	0
269.0	0
269.0	0
269.0	0
269.0	0
268.0	0
268.0	0
269.0	0
270.0	0
270.0	0
270.0	0
269.0	0
268.0	0
268.0	0
267.0	0
137.0	1
268.0	0
267.0	1
267.0	0
265.0	0
265.0	0
266.0	0
266.0	0
266.0	0
266.0	0
265.0	0
266.0	0
264.0	0
265.0	0
265.0	0
264.0	0
159.0	1
264.0	0
264.0	0
264.0	0
263.0	0
234.0	1
263.0	0
244.0	1
263.0	0
206.0	1
228.0	1
101.0	4
222.0	1
262.0	0
262.0	0
256.0	1
262.0	0
203.0	2
174.0	3
147.0	4
119.0	2
205.0	3
124.0	3
197.0	8
75.0	5
175.0	10
152.0	20
167.0	33
157.0	19
158.0	9
196.0	4
172.0	4
263.0	1
264.0	0
265.0	1
209.0	1
261.0	1
265.0	0
264.0	0
266.0	0
267.0	0
267.0	0
268.0	0
267.0	0
269.0	0
270.0	0
269.0	0
137.0	1
269.0	0
270.0	0
271.0	0
270.0	0
270.0	0
268.0	0
268.0	0
269.0	0
270.0	0
271.0	0
270.0	0
268.0	0
218.0	1
267.0	0
266.0	0
267.0	0
266.0	0
266.0	0
265.0	0
264.0	0
263.0	0
259.0	1
264.0	0
264.0	0
264.0	0
263.0	0
264.0	0
263.0	0
263.0	0
262.0	0
263.0	0
263.0	0
262.0	0
262.0	0
183.0	1
262.0	0
233.0	1
84.0	1
261.0	0
250.0	1
259.0	1
198.0	3
259.0	1
205.0	5
130.0	3
98.0	5
229.0	2
162.0	7
191.0	8
96.0	16
116.0	27
101.0	23
151.0	27
133.0	7
207.0	3
255.0	2
193.0	2
264.0	0
172.0	1
264.0	0
264.0	0
265.0	0
266.0	0
267.0	0
268.0	0
269.0	0
270.0	0
270.0	0
269.0	0
269.0	0
270.0	0
270.0	0
270.0	0
269.0	0
270.0	0
269.0	0
269.0	0
269.0	0
269.0	0
268.0	0
269.0	0
269.0	0
268.0	0
267.0	0
268.0	0
268.0	0
267.0	0
227.0	2
267.0	0
267.0	0
266.0	0
266.0	0
265.0	1
265.0	0
265.0	0
265.0	0
264.0	0
264.0	0
265.0	0
265.0	0
264.0	0
264.0	0
264.0	0
262.0	1
264.0	0
263.0	0
264.0	0
263.0	0
264.0	0
261.0	1
248.0	2
263.0	0
173.0	6
119.0	5
50.0	4
218.0	7
204.0	5
158.0	9
188.0	8
208.0	6
156.0	16
106.0	18
102.0	31
95.0	20
196.0	13
159.0	9
155.0	6
264.0	1
182.0	1
228.0	1
265.0	0
266.0	0
264.0	0
266.0	0
266.0	0
267.0	0
268.0	0
268.0	0
269.0	0
268.0	0
269.0	0
270.0	0
269.0	0
270.0	0
271.0	0
271.0	0
152.0	1
270.0	0
270.0	0
269.0	0
261.0	1
268.0	0
230.0	1
267.0	0
268.0	0
267.0	0
267.0	0
229.0	1
219.0	1
240.0	2
186.0	2
267.0	0
266.0	0
266.0	0
266.0	0
265.0	0
230.0	1
265.0	0
265.0	0
264.0	0
265.0	0
264.0	0
265.0	0
265.0	0
265.0	0
264.0	1
219.0	1
263.0	0
229.0	1
244.0	1
264.0	0
232.0	2
164.0	5
165.0	3
242.0	4
217.0	4
126.0	6
104.0	7
245.0	7
49.0	7
121.0	11
82.0	17
188.0	14
62.0	22
46.0	29
73.0	21
78.0	11
131.0	5
265.0	0
265.0	0
266.0	0
266.0	0
265.0	0
265.0	0
267.0	0
267.0	0
268.0	0
268.0	0
269.0	0
270.0	0
268.0	0
269.0	0
269.0	0
270.0	0
271.0	0
271.0	0
272.0	0
271.0	0
271.0	0
271.0	0
269.0	0
270.0	0
270.0	0
270.0	0
271.0	0
270.0	0
270.0	0
269.0	0
269.0	0
270.0	0
225.0	1
238.0	1
268.0	0
268.0	0
267.0	1
176.0	1
269.0	0
268.0	0
267.0	0
268.0	0
267.0	0
267.0	0
267.0	0
267.0	0
266.0	1
267.0	0
125.0	1
267.0	0
224.0	1
266.0	0
217.0	1
127.0	2
265.0	0
264.0	0
254.0	2
242.0	1
105.0	2
203.0	2
130.0	5
62.0	9
71.0	12
90.0	11
111.0	16
116.0	23
143.0	22
147.0	28
136.0	23
78.0	17
211.0	4
166.0	2
246.0	1
265.0	0
266.0	0
254.0	1
267.0	0
269.0	0
270.0	0
269.0	0
272.0	0
271.0	0
271.0	0
272.0	0
271.0	0
256.0	1
270.0	0
271.0	0
271.0	0
271.0	0
272.0	0
271.0	0
272.0	0
272.0	0
271.0	0
271.0	0
272.0	0
272.0	0
272.0	0
272.0	0
272.0	0
271.0	0
270.0	0
269.0	0
270.0	0
261.0	1
234.0	1
269.0	0
266.0	1
266.0	1
202.0	2
271.0	0
236.0	1
199.0	2
254.0	1
225.0	2
271.0	0
270.0	0
269.0	1
269.0	1
127.0	1
269.0	0
251.0	1
194.0	2
246.0	1
251.0	1
231.0	1
182.0	3
191.0	1
267.0	1
267.0	1
166.0	8
105.0	16
192.0	14
74.0	6
128.0	15
199.0	18
164.0	18
158.0	26
129.0	25
102.0	27
223.0	11
178.0	5
69.0	2
129.0	4
201.0	1
266.0	0
265.0	0
266.0	0
267.0	0
266.0	0
268.0	0
267.0	0
267.0	0
268.0	0
268.0	0
269.0	0
268.0	0
269.0	0
270.0	0
212.0	1
269.0	0
269.0	0
270.0	0
269.0	0
269.0	0
269.0	0
269.0	0
269.0	0
218.0	1
263.0	1
270.0	1
180.0	1
230.0	1
125.0	4
269.0	0
268.0	0
221.0	1
269.0	0
139.0	1
252.0	1
225.0	4
269.0	0
269.0	0
270.0	1
157.0	1
80.0	1
223.0	1
261.0	2
268.0	0
268.0	0
164.0	2
267.0	0
200.0	1
267.0	1
233.0	3
162.0	4
159.0	1
81.0	1
149.0	3
266.0	0
244.0	1
91.0	3
139.0	5
120.0	6
195.0	11
182.0	17
123.0	19
94.0	23
143.0	19
56.0	23
81.0	34
84.0	23
115.0	11
206.0	5
259.0	2
238.0	1
266.0	0
266.0	0
255.0	1
267.0	0
267.0	0
267.0	0
268.0	0
268.0	0
269.0	0
269.0	0
271.0	0
272.0	0
272.0	0
271.0	0
196.0	1
273.0	0
272.0	0
273.0	0
272.0	0
271.0	0
270.0	0
270.0	0
270.0	0
270.0	0
270.0	0
207.0	2
270.0	0
222.0	2
213.0	1
263.0	1
46.0	2
160.0	1
204.0	3
257.0	1
208.0	2
95.0	5
46.0	4
163.0	4
269.0	0
269.0	0
243.0	1
155.0	1
150.0	1
269.0	0
269.0	0
201.0	1
252.0	1
244.0	1
268.0	0
237.0	1
187.0	2
163.0	1
135.0	1
230.0	1
208.0	1
190.0	2
107.0	2
113.0	6
164.0	8
197.0	9
147.0	13
206.0	14
171.0	21
44.0	27
90.0	24
145.0	40
49.0	14
125.0	13
189.0	5
186.0	7
252.0	1
266.0	0
266.0	0
265.0	0
267.0	0
266.0	0
266.0	0
266.0	0
268.0	0
268.0	0
270.0	0
269.0	0
272.0	0
272.0	0
273.0	0
272.0	0
273.0	0
273.0	0
272.0	0
271.0	0
270.0	0
270.0	0
270.0	0
269.0	0
269.0	0
268.0	0
253.0	3
268.0	1
269.0	0
268.0	0
86.0	1
268.0	0
269.0	0
258.0	2
87.0	4
250.0	1
151.0	4
103.0	2
97.0	7
99.0	2
113.0	5
250.0	3
256.0	3
158.0	1
140.0	2
267.0	1
142.0	3
76.0	1
260.0	2
270.0	0
270.0	0
269.0	0
270.0	0
269.0	0
266.0	1
191.0	3
227.0	1
176.0	6
231.0	3
250.0	5
203.0	7
148.0	15
122.0	19
145.0	13
129.0	20
88.0	35
39.0	30
173.0	27
115.0	15
141.0	9
150.0	10
144.0	1
262.0	1
250.0	1
248.0	1
267.0	0
268.0	0
237.0	1
268.0	0
269.0	0
269.0	0
269.0	0
272.0	0
272.0	0
272.0	0
271.0	0
271.0	0
272.0	0
272.0	0
271.0	0
271.0	0
272.0	0
271.0	0
246.0	1
271.0	0
201.0	1
271.0	0
267.0	1
94.0	1
242.0	1
267.0	1
93.0	5
261.0	1
153.0	4
192.0	5
154.0	1
271.0	0
133.0	2
190.0	4
259.0	2
75.0	5
179.0	2
233.0	5
28.0	7
178.0	5
274.0	1
271.0	0
272.0	0
272.0	0
271.0	1
272.0	0
272.0	0
271.0	0
272.0	0
258.0	1
270.0	1
208.0	1
269.0	0
185.0	1
128.0	4
81.0	8
167.0	11
187.0	9
186.0	10
118.0	18
177.0	18
53.0	19
55.0	23
146.0	27
165.0	28
123.0	16
122.0	7
109.0	6
247.0	2
197.0	2
268.0	0
266.0	0
175.0	1
268.0	0
268.0	0
269.0	0
269.0	0
269.0	0
268.0	0
269.0	0
269.0	0
270.0	0
270.0	0
271.0	0
271.0	0
271.0	0
271.0	0
181.0	1
272.0	0
271.0	0
272.0	0
270.0	0
267.0	1
116.0	2
231.0	1
193.0	1
141.0	1
271.0	1
168.0	1
177.0	4
218.0	1
211.0	2
230.0	4
144.0	3
191.0	9
92.0	1
220.0	3
118.0	11
27.0	10
104.0	12
89.0	9
198.0	2
217.0	3
274.0	0
257.0	1
274.0	0
274.0	0
273.0	0
273.0	0
245.0	1
272.0	0
272.0	0
194.0	2
162.0	1
270.0	1
270.0	0
220.0	3
244.0	5
198.0	9
206.0	12
162.0	10
87.0	17
154.0	18
91.0	24
130.0	30
183.0	26
108.0	22
200.0	11
120.0	8
236.0	4
247.0	2
179.0	2
267.0	0
268.0	0
194.0	1
200.0	1
270.0	0
270.0	0
269.0	0
269.0	0
271.0	0
271.0	0
262.0	1
271.0	0
270.0	0
271.0	0
271.0	0
271.0	0
271.0	0
271.0	0
242.0	1
271.0	0
270.0	0
272.0	0
271.0	0
270.0	0
271.0	0
243.0	1
173.0	2
271.0	0
267.0	1
272.0	0
125.0	3
248.0	2
98.0	4
132.0	5
39.0	11
129.0	7
15.0	6
80.0	23
101.0	8
119.0	8
75.0	8
138.0	4
260.0	2
264.0	1
275.0	0
275.0	0
274.0	0
274.0	0
92.0	2
273.0	0
273.0	0
272.0	0
63.0	1
249.0	1
264.0	1
271.0	1
258.0	3
252.0	3
188.0	7
117.0	28
195.0	15
194.0	12
168.0	8
160.0	21
186.0	18
158.0	17
133.0	15
109.0	9
181.0	5
155.0	2
84.0	2
177.0	3
269.0	0
269.0	0
153.0	1
269.0	0
269.0	0
270.0	0
270.0	0
271.0	0
270.0	0
270.0	0
270.0	0
271.0	0
272.0	0
271.0	0
271.0	0
205.0	2
271.0	0
270.0	0
270.0	0
270.0	0
271.0	0
270.0	0
269.0	0
271.0	0
270.0	0
271.0	1
190.0	1
272.0	0
219.0	1
218.0	1
189.0	3
170.0	5
131.0	4
115.0	8
175.0	4
101.0	7
174.0	8
47.0	11
201.0	11
103.0	9
215.0	5
153.0	2
261.0	3
276.0	0
276.0	0
276.0	0
233.0	1
275.0	0
241.0	2
256.0	1
274.0	0
273.0	0
274.0	0
214.0	1
264.0	2
229.0	3
271.0	0
246.0	6
215.0	6
48.0	12
202.0	11
229.0	15
152.0	17
185.0	21
156.0	12
176.0	16
108.0	14
202.0	13
142.0	7
166.0	4
220.0	2
196.0	1
269.0	0
270.0	0
271.0	0
270.0	0
87.0	1
186.0	1
271.0	0
272.0	0
272.0	0
272.0	0
272.0	0
272.0	0
273.0	0
274.0	0
274.0	0
273.0	0
272.0	0
273.0	0
274.0	0
273.0	0
272.0	0
273.0	0
272.0	0
273.0	0
273.0	0
235.0	2
182.0	1
225.0	2
145.0	2
263.0	1
143.0	3
275.0	1
177.0	3
204.0	3
142.0	5
120.0	13
61.0	13
97.0	19
113.0	13
185.0	3
233.0	2
42.0	6
70.0	2
228.0	1
122.0	1
278.0	0
278.0	0
278.0	0
224.0	1
277.0	0
267.0	2
258.0	1
230.0	2
275.0	1
276.0	0
142.0	2
254.0	3
193.0	8
194.0	9
194.0	12
77.0	12
216.0	17
176.0	17
122.0	21
91.0	16
136.0	28
112.0	13
105.0	8
155.0	7
199.0	8
231.0	1
269.0	0
149.0	1
257.0	1
270.0	0
269.0	0
110.0	1
270.0	0
270.0	0
271.0	0
271.0	0
272.0	0
272.0	0
272.0	0
271.0	0
272.0	0
272.0	0
272.0	0
273.0	0
272.0	0
272.0	0
272.0	0
272.0	0
272.0	0
272.0	0
273.0	0
274.0	0
274.0	0
196.0	3
170.0	2
174.0	4
95.0	6
87.0	4
189.0	6
165.0	9
127.0	9
61.0	15
101.0	17
66.0	19
63.0	8
113.0	6
277.0	1
233.0	1
278.0	0
278.0	0
278.0	0
279.0	0
205.0	1
278.0	0
83.0	1
241.0	3
191.0	4
234.0	4
226.0	3
156.0	2
270.0	1
251.0	2
274.0	2
232.0	5
194.0	4
103.0	6
140.0	9
86.0	14
134.0	18
142.0	22
93.0	27
137.0	23
140.0	15
162.0	10
197.0	7
237.0	7
205.0	6
222.0	2
135.0	2
269.0	0
269.0	0
269.0	0
270.0	0
270.0	0
270.0	0
271.0	0
270.0	0
271.0	0
272.0	0
272.0	0
272.0	0
272.0	0
271.0	0
271.0	0
272.0	0
272.0	0
271.0	0
271.0	0
272.0	0
272.0	0
272.0	0
271.0	0
227.0	1
270.0	1
201.0	1
192.0	4
231.0	3
97.0	5
77.0	7
101.0	8
58.0	15
85.0	8
205.0	12
126.0	10
114.0	14
84.0	15
109.0	14
245.0	3
130.0	2
280.0	0
279.0	0
278.0	0
278.0	0
280.0	0
251.0	2
279.0	0
263.0	1
279.0	0
123.0	2
218.0	2
155.0	2
190.0	3
124.0	6
255.0	2
274.0	0
261.0	3
199.0	3
245.0	5
190.0	9
107.0	11
142.0	23
90.0	19
193.0	13
71.0	30
80.0	13
122.0	10
194.0	7
247.0	5
141.0	3
129.0	4
250.0	2
215.0	1
270.0	0
237.0	1
269.0	0
269.0	0
270.0	0
270.0	0
270.0	0
271.0	0
271.0	0
271.0	0
272.0	0
273.0	0
272.0	0
273.0	0
272.0	0
274.0	0
274.0	0
273.0	0
273.0	0
272.0	0
224.0	1
273.0	0
274.0	0
274.0	0
275.0	0
238.0	4
199.0	5
107.0	7
151.0	10
158.0	16
52.0	16
69.0	18
114.0	17
52.0	17
82.0	23
99.0	15
73.0	9
279.0	1
280.0	0
281.0	0
281.0	0
281.0	0
281.0	0
280.0	0
267.0	1
281.0	0
281.0	0
281.0	0
280.0	0
124.0	2
259.0	4
114.0	2
278.0	0
276.0	1
168.0	2
275.0	1
112.0	4
77.0	4
36.0	7
194.0	9
135.0	11
127.0	24
124.0	24
111.0	33
196.0	10
136.0	14
147.0	11
133.0	11
122.0	8
260.0	2
216.0	4
219.0	1
270.0	0
149.0	1
271.0	0
272.0	0
273.0	0
272.0	0
249.0	1
273.0	0
273.0	0
274.0	0
274.0	0
274.0	0
274.0	0
273.0	0
274.0	0
275.0	0
274.0	0
273.0	0
274.0	0
274.0	0
275.0	0
276.0	0
268.0	1
276.0	0
207.0	2
122.0	7
191.0	11
110.0	30
91.0	39
126.0	51
104.0	37
138.0	20
56.0	23
78.0	30
61.0	23
177.0	9
257.0	3
281.0	0
282.0	0
283.0	0
283.0	0
283.0	0
283.0	0
283.0	0
283.0	0
282.0	0
283.0	0
283.0	0
281.0	0
281.0	0
239.0	1
281.0	0
280.0	0
279.0	0
277.0	0
276.0	0
267.0	1
260.0	2
156.0	4
147.0	8
99.0	10
134.0	19
95.0	27
188.0	14
55.0	30
159.0	18
148.0	15
31.0	10
139.0	12
165.0	2
250.0	1
272.0	0
265.0	0
266.0	0
266.0	0
266.0	0
265.0	0
267.0	0
268.0	0
268.0	0
270.0	0
271.0	0
271.0	0
271.0	0
271.0	0
271.0	0
271.0	0
271.0	0
272.0	0
271.0	0
271.0	0
271.0	0
271.0	0
271.0	0
272.0	0
7.0	1
271.0	1
71.0	14
125.0	65
52.0	117
46.0	123
78.0	84
72.0	51
94.0	43
126.0	30
28.0	22
54.0	9
277.0	0
203.0	1
278.0	0
116.0	1
278.0	0
279.0	0
279.0	0
279.0	0
279.0	0
279.0	0
278.0	0
278.0	0
161.0	1
278.0	0
276.0	0
276.0	0
276.0	0
275.0	0
275.0	0
274.0	0
269.0	1
274.0	0
272.0	0
165.0	3
137.0	6
161.0	8
107.0	20
109.0	28
123.0	30
105.0	23
111.0	14
142.0	17
190.0	9
87.0	5
203.0	3
265.0	0
265.0	0
269.0	0
269.0	0
268.0	0
269.0	0
269.0	0
268.0	0
270.0	0
270.0	0
270.0	0
269.0	0
270.0	0
269.0	0
270.0	0
270.0	0
270.0	0
271.0	0
270.0	0
271.0	0
272.0	0
273.0	0
273.0	0
274.0	0
275.0	0
192.0	2
217.0	6
115.0	33
65.0	188
81.0	322
55.0	210
97.0	104
92.0	60
75.0	44
70.0	29
139.0	15
76.0	1
281.0	0
281.0	0
282.0	0
282.0	0
282.0	0
283.0	0
282.0	0
282.0	0
282.0	0
281.0	0
281.0	0
281.0	0
281.0	0
280.0	0
279.0	0
279.0	0
279.0	0
278.0	0
278.0	0
278.0	0
276.0	0
275.0	0
275.0	0
273.0	1
270.0	2
166.0	8
37.0	19
26.0	20
52.0	23
76.0	28
95.0	20
126.0	16
70.0	1
267.0	0
268.0	0
190.0	2
200.0	1
270.0	0
269.0	0
269.0	0
269.0	0
271.0	0
269.0	0
270.0	0
270.0	0
270.0	0
270.0	0
270.0	0
271.0	0
270.0	0
270.0	0
271.0	0
271.0	0
271.0	0
272.0	0
272.0	0
274.0	0
273.0	0
274.0	0
274.0	0
243.0	1
189.0	1
153.0	49
87.0	243
76.0	257
32.0	136
42.0	77
40.0	62
100.0	30
82.0	7
260.0	1
282.0	0
282.0	0
282.0	0
283.0	0
284.0	0
284.0	0
283.0	0
284.0	0
284.0	0
283.0	0
283.0	0
282.0	0
282.0	0
282.0	0
282.0	0
280.0	0
280.0	0
280.0	0
278.0	0
278.0	0
278.0	0
276.0	0
221.0	1
277.0	0
260.0	2
275.0	0
181.0	7
170.0	13
198.0	20
35.0	27
135.0	12
130.0	18
130.0	8
231.0	3
245.0	2
269.0	0
269.0	0
270.0	0
269.0	0
269.0	0
270.0	0
270.0	0
269.0	0
270.0	0
270.0	0
270.0	0
271.0	0
270.0	0
272.0	0
272.0	0
272.0	0
271.0	0
272.0	0
271.0	0
272.0	0
274.0	0
274.0	0
274.0	0
274.0	0
275.0	0
276.0	0
220.0	1
117.0	5
140.0	39
87.0	85
126.0	75
60.0	40
60.0	29
115.0	20
58.0	6
198.0	2
282.0	0
284.0	0
284.0	0
284.0	0
283.0	0
284.0	0
284.0	0
285.0	0
286.0	0
285.0	0
285.0	0
285.0	0
284.0	0
284.0	0
283.0	0
282.0	0
282.0	0
282.0	0
281.0	0
279.0	0
279.0	0
277.0	0
278.0	0
277.0	0
277.0	0
274.0	0
275.0	0
88.0	2
62.0	11
167.0	10
105.0	17
72.0	5
172.0	8
270.0	0
269.0	0
267.0	0
267.0	0
268.0	0
268.0	0
269.0	0
268.0	0
268.0	0
269.0	0
269.0	0
269.0	0
269.0	0
270.0	0
270.0	0
269.0	0
270.0	0
270.0	0
271.0	0
271.0	0
271.0	0
271.0	0
272.0	0
273.0	0
273.0	0
274.0	0
275.0	0
275.0	0
276.0	0
277.0	0
139.0	3
166.0	11
122.0	23
118.0	16
178.0	5
202.0	6
243.0	1
282.0	0
282.0	0
283.0	0
285.0	0
285.0	0
285.0	0
286.0	0
285.0	0
284.0	0
285.0	0
285.0	0
285.0	0
284.0	0
284.0	0
284.0	0
284.0	0
283.0	0
283.0	0
280.0	0
281.0	0
281.0	0
279.0	0
278.0	0
278.0	0
278.0	0
276.0	0
276.0	0
275.0	0
276.0	0
86.0	4
176.0	3
13.0	9
112.0	3
206.0	2
271.0	0
271.0	0
270.0	0
269.0	0
268.0	0
268.0	0
269.0	0
271.0	0
271.0	0
271.0	0
270.0	0
271.0	0
271.0	0
272.0	0
272.0	0
271.0	0
272.0	0
273.0	0
272.0	0
273.0	0
273.0	0
274.0	0
274.0	0
275.0	0
276.0	0
276.0	0
277.0	0
278.0	0
279.0	0
279.0	0
280.0	0
105.0	3
162.0	5
233.0	1
253.0	2
265.0	2
284.0	0
285.0	0
286.0	0
287.0	0
287.0	0
287.0	0
288.0	0
287.0	0
289.0	0
289.0	0
291.0	0
290.0	0
288.0	0
289.0	0
288.0	0
288.0	0
286.0	0
287.0	0
285.0	0
284.0	0
284.0	0
283.0	0
282.0	0
281.0	0
281.0	0
280.0	0
280.0	0
278.0	0
277.0	0
277.0	0
277.0	0
260.0	2
101.0	3
83.0	6
223.0	1
251.0	1
273.0	0
273.0	0
272.0	0
273.0	0
270.0	0
269.0	0
269.0	0
270.0	0
270.0	0
271.0	0
270.0	0
270.0	0
270.0	0
272.0	0
271.0	0
271.0	0
272.0	0
273.0	0
273.0	0
273.0	0
274.0	0
274.0	0
275.0	0
276.0	0
277.0	0
278.0	0
278.0	0
279.0	0
280.0	0
280.0	0
281.0	0
282.0	0
282.0	0
284.0	0
284.0	0
285.0	0
285.0	0
286.0	0
287.0	0
288.0	0
288.0	0
288.0	0
287.0	0
287.0	0
288.0	0
289.0	0
290.0	0
290.0	0
289.0	0
288.0	0
288.0	0
288.0	0
286.0	0
287.0	0
286.0	0
285.0	0
285.0	0
283.0	0
282.0	0
282.0	0
282.0	0
281.0	0
280.0	0
279.0	0
278.0	0
278.0	0
277.0	0
277.0	0
276.0	0
262.0	2
274.0	0
273.0	0
273.0	0
273.0	0
273.0	0
273.0	0
272.0	0
270.0	0
269.0	0
268.0	0
267.0	0
269.0	0
269.0	0
269.0	0
268.0	0
268.0	0
270.0	0
270.0	0
270.0	0
271.0	0
271.0	0
271.0	0
271.0	0
273.0	0
274.0	0
274.0	0
275.0	0
276.0	0
276.0	0
278.0	0
279.0	0
280.0	0
280.0	0
281.0	0
282.0	0
283.0	0
283.0	0
284.0	0
284.0	0
284.0	0
285.0	0
286.0	0
287.0	0
287.0	0
288.0	0
288.0	0
287.0	0
287.0	0
287.0	0
288.0	0
287.0	0
287.0	0
285.0	0
287.0	0
285.0	0
284.0	0
283.0	0
283.0	0
282.0	0
282.0	0
282.0	0
279.0	0
279.0	0
278.0	0
277.0	0
276.0	0
276.0	0
275.0	0
274.0	0
274.0	0
273.0	0
273.0	0
272.0	0
272.0	0
271.0	0
270.0	0
269.0	0
268.0	0
268.0	0
268.0	0
268.0	0
269.0	0
269.0	0
269.0	0
269.0	0
269.0	0
269.0	0
269.0	0
270.0	0
270.0	0
271.0	0
271.0	0
271.0	0
272.0	0
273.0	0
274.0	0
275.0	0
277.0	0
277.0	0
278.0	0
280.0	0
280.0	0
281.0	0
282.0	0
282.0	0
199.0	1
285.0	0
285.0	0
285.0	0
286.0	0
287.0	0
288.0	0
289.0	0
289.0	0
288.0	0
289.0	0
289.0	0
289.0	0
289.0	0
290.0	0
289.0	0
290.0	0
289.0	0
288.0	0
287.0	0
287.0	0
286.0	0
286.0	0
284.0	0
284.0	0
282.0	0
282.0	0
282.0	0
280.0	0
279.0	0
279.0	0
279.0	0
278.0	0
277.0	0
276.0	0
275.0	0
275.0	0
99.0	1
274.0	0
273.0	0
272.0	0
271.0	0
270.0	0
270.0	0
269.0	0
269.0	0
268.0	0
269.0	0
268.0	0
268.0	0
267.0	0
267.0	0
267.0	0
268.0	0
269.0	0
268.0	0
270.0	0
270.0	0
272.0	0
271.0	0
272.0	0
274.0	0
274.0	0
276.0	0
276.0	0
278.0	0
278.0	0
279.0	0
280.0	0
282.0	0
283.0	0
283.0	0
284.0	0
284.0	0
285.0	0
286.0	0
286.0	0
286.0	0
287.0	0
287.0	0
288.0	0
288.0	0
289.0	0
288.0	0
290.0	0
289.0	0
289.0	0
289.0	0
289.0	0
287.0	0
287.0	0
286.0	0
285.0	0
284.0	0
284.0	0
284.0	0
283.0	0
282.0	0
281.0	0
280.0	0
279.0	0
279.0	0
278.0	0
278.0	0
277.0	0
276.0	0
275.0	0
274.0	0
273.0	0
274.0	0
273.0	0
271.0	0
270.0	0
270.0	0
269.0	0
268.0	0
268.0	0
268.0	0
268.0	0
267.0	0
270.0	0
269.0	0
270.0	0
270.0	0
270.0	0
271.0	0
270.0	0
272.0	0
272.0	0
273.0	0
274.0	0
275.0	0
276.0	0
276.0	0
278.0	0
279.0	0
280.0	0
281.0	0
283.0	0
283.0	0
284.0	0
285.0	0
287.0	0
287.0	0
287.0	0
288.0	0
288.0	0
289.0	0
289.0	0
290.0	0
291.0	0
291.0	0
291.0	0
291.0	0
291.0	0
291.0	0
292.0	0
291.0	0
293.0	0
293.0	0
291.0	0
290.0	0
290.0	0
289.0	0
288.0	0
288.0	0
286.0	0
286.0	0
285.0	0
284.0	0
283.0	0
282.0	0
282.0	0
281.0	0
281.0	0
279.0	0
279.0	0
263.0	1
276.0	0
276.0	0
275.0	0
275.0	0
274.0	0
274.0	0
273.0	0
271.0	0
271.0	0
271.0	0
270.0	0
269.0	0
270.0	0
270.0	0
268.0	0
269.0	0
268.0	0
269.0	0
269.0	0
269.0	0
270.0	0
270.0	0
271.0	0
273.0	0
273.0	0
274.0	0
275.0	0
276.0	0
276.0	0
279.0	0
280.0	0
280.0	0
282.0	0
282.0	0
284.0	0
284.0	0
286.0	0
286.0	0
287.0	0
287.0	0
288.0	0
288.0	0
289.0	0
290.0	0
290.0	0
290.0	0
291.0	0
290.0	0
290.0	0
291.0	0
290.0	0
290.0	0
291.0	0
290.0	0
290.0	0
290.0	0
289.0	0
288.0	0
288.0	0
286.0	0
286.0	0
286.0	0
285.0	0
283.0	0
283.0	0
282.0	0
280.0	0
281.0	0
280.0	0
278.0	0
277.0	0
276.0	0
275.0	0
275.0	0
275.0	0
274.0	0
273.0	0
272.0	0
271.0	0
270.0	0
270.0	0
270.0	0
269.0	0
268.0	0
268.0	0
268.0	0
268.0	0
268.0	0
268.0	0
269.0	0
270.0	0
270.0	0
270.0	0
271.0	0
272.0	0
272.0	0
274.0	0
275.0	0
277.0	0
277.0	0
278.0	0
279.0	0
281.0	0
281.0	0
283.0	0
284.0	0
285.0	0
285.0	0
285.0	0
286.0	0
287.0	0
288.0	0
288.0	0
288.0	0
289.0	0
290.0	0
291.0	0
291.0	0
291.0	0
291.0	0
291.0	0
291.0	0
291.0	0
291.0	0
289.0	0
291.0	0
290.0	0
288.0	0
289.0	0
287.0	0
286.0	0
285.0	0
286.0	0
283.0	0
283.0	0
282.0	0
281.0	0
280.0	0
280.0	0
279.0	0
277.0	0
276.0	0
276.0	0
274.0	0
274.0	0
273.0	0
272.0	0
271.0	0
271.0	0
270.0	0
269.0	0
269.0	0
268.0	0
268.0	0
269.0	0
269.0	0
269.0	0
267.0	0
266.0	0
267.0	0
268.0	0
267.0	0
267.0	0
269.0	0
270.0	0
271.0	0
271.0	0
272.0	0
273.0	0
274.0	0
276.0	0
277.0	0
278.0	0
278.0	0
279.0	0
281.0	0
282.0	0
282.0	0
284.0	0
283.0	0
286.0	0
286.0	0
287.0	0
288.0	0
290.0	0
290.0	0
289.0	0
290.0	0
289.0	0
290.0	0
290.0	0
290.0	0
291.0	0
290.0	0
290.0	0
290.0	0
289.0	0
289.0	0
288.0	0
287.0	0
287.0	0
285.0	0
285.0	0
283.0	0
283.0	0
281.0	0
280.0	0
280.0	0
279.0	0
277.0	0
277.0	0
276.0	0
276.0	0
276.0	0
275.0	0
273.0	0
273.0	0
272.0	0
272.0	0
270.0	0
269.0	0
269.0	0
268.0	0
269.0	0
269.0	0
268.0	0
266.0	0
268.0	0
267.0	0
267.0	0
268.0	0
269.0	0
269.0	0
269.0	0
270.0	0
270.0	0
273.0	0
273.0	0
274.0	0
275.0	0
276.0	0
278.0	0
278.0	0
279.0	0
280.0	0
284.0	0
284.0	0
284.0	0
284.0	0
285.0	0
285.0	0
286.0	0
288.0	0
287.0	0
289.0	0
289.0	0
291.0	0
291.0	0
292.0	0
292.0	0
291.0	0
292.0	0
293.0	0
292.0	0
292.0	0
292.0	0
291.0	0
291.0	0
291.0	0
290.0	0
290.0	0
288.0	0
288.0	0
286.0	0
286.0	0
284.0	0
284.0	0
282.0	0
281.0	0
281.0	0
280.0	0
279.0	0
277.0	0
277.0	0
277.0	0
276.0	0
275.0	0
273.0	0
273.0	0
273.0	0
272.0	0
272.0	0
270.0	0
270.0	0
269.0	0
270.0	0
269.0	0
270.0	0
268.0	0
267.0	0
268.0	0
268.0	0
268.0	0
269.0	0
269.0	0
269.0	0
271.0	0
272.0	0
273.0	0
275.0	0
276.0	0
277.0	0
278.0	0
279.0	0
279.0	0
280.0	0
281.0	0
283.0	0
284.0	0
285.0	0
285.0	0
287.0	0
287.0	0
287.0	0
288.0	0
288.0	0
289.0	0
290.0	0
291.0	0
292.0	0
291.0	0
292.0	0
292.0	0
291.0	0
292.0	0
293.0	0
292.0	0
291.0	0
292.0	0
291.0	0
291.0	0
290.0	0
289.0	0
288.0	0
287.0	0
286.0	0
285.0	0
284.0	0
283.0	0
283.0	0
282.0	0
281.0	0
280.0	0
279.0	0
278.0	0
278.0	0
277.0	0
275.0	0
276.0	0
274.0	0
273.0	0
272.0	0
271.0	0
271.0	0
269.0	0
269.0	0
268.0	0
268.0	0
269.0	0
267.0	0
268.0	0
269.0	0
268.0	0
268.0	0
271.0	0
271.0	0
272.0	0
272.0	0
274.0	0
274.0	0
276.0	0
276.0	0
277.0	0
278.0	0
280.0	0
281.0	0
282.0	0
282.0	0
282.0	0
284.0	0
285.0	0
286.0	0
286.0	0
288.0	0
289.0	0
289.0	0
289.0	0
289.0	0
291.0	0
291.0	0
293.0	0
293.0	0
294.0	0
293.0	0
294.0	0
294.0	0
294.0	0
295.0	0
294.0	0
294.0	0
294.0	0
293.0	0
293.0	0
293.0	0
291.0	0
290.0	0
289.0	0
287.0	0
286.0	0
286.0	0
285.0	0
284.0	0
283.0	0
282.0	0
281.0	0
281.0	0
279.0	0
278.0	0
278.0	0
276.0	0
276.0	0
275.0	0
273.0	0
273.0	0
272.0	0
272.0	0
270.0	0
269.0	0
269.0	0
270.0	0
270.0	0
270.0	0
270.0	0
271.0	0
270.0	0
271.0	0
269.0	0
268.0	0
270.0	0
270.0	0
271.0	0
272.0	0
274.0	0
274.0	0
276.0	0
278.0	0
280.0	0
281.0	0
281.0	0
282.0	0
284.0	0
285.0	0
285.0	0
285.0	0
286.0	0
286.0	0
287.0	0
288.0	0
288.0	0
288.0	0
290.0	0
290.0	0
291.0	0
292.0	0
291.0	0
291.0	0
292.0	0
293.0	0
292.0	0
292.0	0
292.0	0
292.0	0
290.0	0
290.0	0
290.0	0
289.0	0
288.0	0
288.0	0
286.0	0
285.0	0
284.0	0
283.0	0
282.0	0
282.0	0
281.0	0
280.0	0
279.0	0
278.0	0
277.0	0
275.0	0
274.0	0
273.0	0
272.0	0
271.0	0
270.0	0
270.0	0
269.0	0
268.0	0
268.0	0
269.0	0
268.0	0
267.0	0
269.0	0
269.0	0
268.0	0
269.0	0
269.0	0
268.0	0
271.0	0
271.0	0
273.0	0
273.0	0
274.0	0
274.0	0
275.0	0
277.0	0
278.0	0
280.0	0
281.0	0
281.0	0
284.0	0
284.0	0
285.0	0
285.0	0
286.0	0
288.0	0
288.0	0
289.0	0
290.0	0
291.0	0
292.0	0
292.0	0
292.0	0
293.0	0
293.0	0
295.0	0
295.0	0
295.0	0
295.0	0
294.0	0
294.0	0
294.0	0
294.0	0
294.0	0
293.0	0
292.0	0
290.0	0
290.0	0
289.0	0
288.0	0
287.0	0
286.0	0
284.0	0
285.0	0
284.0	0
282.0	0
281.0	0
279.0	0
280.0	0
278.0	0
277.0	0
277.0	0
276.0	0
274.0	0
274.0	0
273.0	0
272.0	0
271.0	0
270.0	0
270.0	0
271.0	0
270.0	0
270.0	0
271.0	0
271.0	0
272.0	0
271.0	0
271.0	0
271.0	0
271.0	0
270.0	0
271.0	0
271.0	0
272.0	0
272.0	0
273.0	0
274.0	0
277.0	0
278.0	0
278.0	0
279.0	0
280.0	0
281.0	0
282.0	0
283.0	0
284.0	0
286.0	0
287.0	0
287.0	0
287.0	0
289.0	0
289.0	0
289.0	0
290.0	0
291.0	0
291.0	0
292.0	0
293.0	0
293.0	0
293.0	0
293.0	0
293.0	0
292.0	0
292.0	0
291.0	0
292.0	0
292.0	0
289.0	0
289.0	0
288.0	0
287.0	0
286.0	0
285.0	0
283.0	0
282.0	0
282.0	0
280.0	0
279.0	0
279.0	0
278.0	0
278.0	0
277.0	0
275.0	0
274.0	0
273.0	0
272.0	0
272.0	0
270.0	0
269.0	0
268.0	0
268.0	0
269.0	0
269.0	0
268.0	0
269.0	0
269.0	0
269.0	0
269.0	0
269.0	0
270.0	0
269.0	0
270.0	0
267.0	0
267.0	0
268.0	0
269.0	0
271.0	0
273.0	0
274.0	0
274.0	0
275.0	0
277.0	0
278.0	0
279.0	0
280.0	0
281.0	0
282.0	0
282.0	0
283.0	0
285.0	0
285.0	0
286.0	0
286.0	0
286.0	0
287.0	0
288.0	0
288.0	0
289.0	0
289.0	0
290.0	0
289.0	0
290.0	0
289.0	0
290.0	0
289.0	0
288.0	0
288.0	0
287.0	0
287.0	0
287.0	0
286.0	0
285.0	0
283.0	0
282.0	0
281.0	0
281.0	0
193.0	1
279.0	0
278.0	0
277.0	0
276.0	0
275.0	0
273.0	0
273.0	0
272.0	0
270.0	0
270.0	0
269.0	0
268.0	0
267.0	0
267.0	0
266.0	0
267.0	0
267.0	0
267.0	0
267.0	0
266.0	0
267.0	0
266.0	0
266.0	0
267.0	0
267.0	0
267.0	0
267.0	0
269.0	0
270.0	0
271.0	0
272.0	0
272.0	0
275.0	0
275.0	0
275.0	0
276.0	0
277.0	0
179.0	1
280.0	0
282.0	0
283.0	0
283.0	0
284.0	0
285.0	0
286.0	0
286.0	0
287.0	0
288.0	0
289.0	0
289.0	0
290.0	0
291.0	0
291.0	0
291.0	0
292.0	0
291.0	0
292.0	0
292.0	0
291.0	0
291.0	0
290.0	0
290.0	0
289.0	0
289.0	0
286.0	0
287.0	0
286.0	0
285.0	0
284.0	0
283.0	0
282.0	0
281.0	0
280.0	0
278.0	0
277.0	0
276.0	0
276.0	0
275.0	0
274.0	0
273.0	0
272.0	0
271.0	0
270.0	0
269.0	0
269.0	0
269.0	0
268.0	0
269.0	0
269.0	0
269.0	0
269.0	0
269.0	0
269.0	0
269.0	0
270.0	0
269.0	0
270.0	0
269.0	0
269.0	0
269.0	0
270.0	0
270.0	0
271.0	0
271.0	0
272.0	0
274.0	0
274.0	0
275.0	0
276.0	0
278.0	0
278.0	0
279.0	0
282.0	0
282.0	0
282.0	0
283.0	0
283.0	0
285.0	0
285.0	0
287.0	0
287.0	0
287.0	0
288.0	0
288.0	0
289.0	0
289.0	0
289.0	0
289.0	0
289.0	0
290.0	0
289.0	0
289.0	0
287.0	0
288.0	0
285.0	0
286.0	0
285.0	0
284.0	0
283.0	0
281.0	0
281.0	0
279.0	0
279.0	0
57.0	1
276.0	0
275.0	0
275.0	0
273.0	0
273.0	0
271.0	0
271.0	0
270.0	0
269.0	0
267.0	0
267.0	0
267.0	0
267.0	0
266.0	0
267.0	0
268.0	0
268.0	0
268.0	0
268.0	0
268.0	0
267.0	0
267.0	0
267.0	0
268.0	0
268.0	0
268.0	0
268.0	0
272.0	0
272.0	0
272.0	0
275.0	0
275.0	0
275.0	0
276.0	0
278.0	0
279.0	0
281.0	0
281.0	0
283.0	0
283.0	0
285.0	0
286.0	0
287.0	0
287.0	0
288.0	0
289.0	0
289.0	0
290.0	0
292.0	0
292.0	0
291.0	0
292.0	0
292.0	0
293.0	0
293.0	0
293.0	0
293.0	0
292.0	0
293.0	0
293.0	0
291.0	0
291.0	0
289.0	0
289.0	0
289.0	0
286.0	0
286.0	0
285.0	0
285.0	0
283.0	0
282.0	0
222.0	1
163.0	1
280.0	0
104.0	4
212.0	2
277.0	0
275.0	0
274.0	0
274.0	0
273.0	0
273.0	0
272.0	0
271.0	0
270.0	0
270.0	0
273.0	0
271.0	0
272.0	0
272.0	0
272.0	0
271.0	0
272.0	0
272.0	0
270.0	0
271.0	0
271.0	0
271.0	0
271.0	0
270.0	0
270.0	0
271.0	0
272.0	0
272.0	0
273.0	0
275.0	1
277.0	0
276.0	0
186.0	1
269.0	1
191.0	2
281.0	0
282.0	0
283.0	0
285.0	0
285.0	0
285.0	0
287.0	0
287.0	0
287.0	0
288.0	0
289.0	0
290.0	0
290.0	0
290.0	0
290.0	0
291.0	0
290.0	0
291.0	0
291.0	0
289.0	0
289.0	0
289.0	0
288.0	0
288.0	0
286.0	0
285.0	0
283.0	0
284.0	0
281.0	0
194.0	3
281.0	0
120.0	5
234.0	1
268.0	1
277.0	0
276.0	0
276.0	0
275.0	0
273.0	0
272.0	0
271.0	0
271.0	0
271.0	0
270.0	0
269.0	0
269.0	0
269.0	0
269.0	0
268.0	0
271.0	0
269.0	0
270.0	0
268.0	0
270.0	0
269.0	0
270.0	0
269.0	0
270.0	0
269.0	0
269.0	0
270.0	0
272.0	0
272.0	0
273.0	0
274.0	0
276.0	0
276.0	0
276.0	0
278.0	0
279.0	0
280.0	0
280.0	0
281.0	0
229.0	1
283.0	0
257.0	1
284.0	0
285.0	0
286.0	0
287.0	0
288.0	0
288.0	0
289.0	0
289.0	0
290.0	0
290.0	0
290.0	0
290.0	0
291.0	0
290.0	0
290.0	0
289.0	0
289.0	0
289.0	0
288.0	0
287.0	0
287.0	0
286.0	0
283.0	0
268.0	1
135.0	4
151.0	1
144.0	5
230.0	3
142.0	4
23.0	4
275.0	1
220.0	2
275.0	0
275.0	0
273.0	0
272.0	0
271.0	0
271.0	0
270.0	0
270.0	0
269.0	0
270.0	0
270.0	0
270.0	0
270.0	0
270.0	0
269.0	0
269.0	0
271.0	0
271.0	0
270.0	0
271.0	0
271.0	0
271.0	0
271.0	0
272.0	0
268.0	0
270.0	0
270.0	0
192.0	1
272.0	0
273.0	0
274.0	0
274.0	0
275.0	0
276.0	0
278.0	0
278.0	0
42.0	1
279.0	0
281.0	0
282.0	0
282.0	0
55.0	1
284.0	0
286.0	0
285.0	0
285.0	0
285.0	0
286.0	0
288.0	0
287.0	0
288.0	0
288.0	0
288.0	0
287.0	0
287.0	0
287.0	0
286.0	0
285.0	0
286.0	0
285.0	0
283.0	0
197.0	1
281.0	1
140.0	3
57.0	3
184.0	4
98.0	5
122.0	1
275.0	0
157.0	2
273.0	1
272.0	0
272.0	0
264.0	1
269.0	0
269.0	0
269.0	0
269.0	0
268.0	0
269.0	0
268.0	0
268.0	0
269.0	0
268.0	0
269.0	0
268.0	0
269.0	0
269.0	0
269.0	0
269.0	0
269.0	0
269.0	0
269.0	0
268.0	0
269.0	0
270.0	0
268.0	0
269.0	0
269.0	0
270.0	0
270.0	0
270.0	0
271.0	0
272.0	0
274.0	0
204.0	1
275.0	0
276.0	0
276.0	0
277.0	0
277.0	0
279.0	0
280.0	0
281.0	0
282.0	0
283.0	0
283.0	0
285.0	0
285.0	0
284.0	0
285.0	0
285.0	0
284.0	0
216.0	1
195.0	1
285.0	1
283.0	0
283.0	0
283.0	0
282.0	0
281.0	0
281.0	0
271.0	1
134.0	2
154.0	5
214.0	2
66.0	6
227.0	2
274.0	0
127.0	1
272.0	0
271.0	0
270.0	0
269.0	0
268.0	0
268.0	0
268.0	0
267.0	0
267.0	0
266.0	0
266.0	0
267.0	0
266.0	0
268.0	0
268.0	0
267.0	0
266.0	0
267.0	0
267.0	0
267.0	0
267.0	0
267.0	0
266.0	0
267.0	0
267.0	0
267.0	0
267.0	0
269.0	0
270.0	0
269.0	0
270.0	0
270.0	0
271.0	0
272.0	0
272.0	0
274.0	0
274.0	0
275.0	0
276.0	0
276.0	0
278.0	0
278.0	0
280.0	0
280.0	0
282.0	0
283.0	0
283.0	0
282.0	0
283.0	0
284.0	0
284.0	0
284.0	0
286.0	0
179.0	2
285.0	0
286.0	0
285.0	0
285.0	0
285.0	0
284.0	0
283.0	0
283.0	0
282.0	0
282.0	0
252.0	1
116.0	2
219.0	1
277.0	0
277.0	0
275.0	0
274.0	0
274.0	0
273.0	0
273.0	0
271.0	0
273.0	0
271.0	0
270.0	0
270.0	0
269.0	0
269.0	0
270.0	0
198.0	1
269.0	0
269.0	0
268.0	0
268.0	0
268.0	0
269.0	0
269.0	0
269.0	0
269.0	0
265.0	1
268.0	0
269.0	0
268.0	0
268.0	0
269.0	0
269.0	0
269.0	0
269.0	0
268.0	0
268.0	0
269.0	0
269.0	0
270.0	0
271.0	0
271.0	0
273.0	0
273.0	0
274.0	0
275.0	0
276.0	0
277.0	0
278.0	0
279.0	0
280.0	0
280.0	0
281.0	0
281.0	0
283.0	0
146.0	1
283.0	0
106.0	1
283.0	0
282.0	0
284.0	0
284.0	0
283.0	0
283.0	0
284.0	0
283.0	0
128.0	1
83.0	1
279.0	0
279.0	0
278.0	0
170.0	2
276.0	0
276.0	0
275.0	0
179.0	1
274.0	0
272.0	0
271.0	0
271.0	0
270.0	0
271.0	0
269.0	0
269.0	0
267.0	0
268.0	0
267.0	0
268.0	0
268.0	0
267.0	0
267.0	0
266.0	0
266.0	0
267.0	0
267.0	0
267.0	0
268.0	0
267.0	0
267.0	0
268.0	0
267.0	0
268.0	0
268.0	0
269.0	0
268.0	0
268.0	0
270.0	0
270.0	0
271.0	0
271.0	0
272.0	0
272.0	0
272.0	0
273.0	0
273.0	0
275.0	0
275.0	0
276.0	0
277.0	0
277.0	0
278.0	0
279.0	0
280.0	0
281.0	0
281.0	0
281.0	0
282.0	0
283.0	0
283.0	0
282.0	0
283.0	0
283.0	0
283.0	0
283.0	0
282.0	0
234.0	1
282.0	0
283.0	0
282.0	0
281.0	0
278.0	1
23.0	1
279.0	0
279.0	0
278.0	0
276.0	0
276.0	0
275.0	0
275.0	0
274.0	0
272.0	0
272.0	0
271.0	0
270.0	0
270.0	0
269.0	0
270.0	0
269.0	0
269.0	0
269.0	0
269.0	0
269.0	0
268.0	0
268.0	0
269.0	0
269.0	0
269.0	0
269.0	0
269.0	0
188.0	1
270.0	0
270.0	0
271.0	0
271.0	0
269.0	0
269.0	0
269.0	0
270.0	0
270.0	0
270.0	0
270.0	0
270.0	0
271.0	0
273.0	0
273.0	0
273.0	0
273.0	0
274.0	0
275.0	0
275.0	0
276.0	0
277.0	0
277.0	0
278.0	0
279.0	0
279.0	0
280.0	0
280.0	0
281.0	0
280.0	0
281.0	0
281.0	0
282.0	0
282.0	0
282.0	0
283.0	0
282.0	0
281.0	0
281.0	0
282.0	0
279.0	0
280.0	0
279.0	0
279.0	0
279.0	0
277.0	0
278.0	0
276.0	0
275.0	0
274.0	0
274.0	0
273.0	0
271.0	0
271.0	0
271.0	0
269.0	0
269.0	0
269.0	0
269.0	0
268.0	0
269.0	0
268.0	0
268.0	0
268.0	0
269.0	0
269.0	0
268.0	0
267.0	0
268.0	0
269.0	0
269.0	0
268.0	0
269.0	0
268.0	0
269.0	0
269.0	0
268.0	0
269.0	0
269.0	0
269.0	0
273.0	0
272.0	0
273.0	0
273.0	0
273.0	0
274.0	0
274.0	0
275.0	0
275.0	0
276.0	0
277.0	0
277.0	0
278.0	0
278.0	0
279.0	0
280.0	0
279.0	0
281.0	0
39.0	1
283.0	0
283.0	0
283.0	0
283.0	0
283.0	0
283.0	0
283.0	0
283.0	0
283.0	0
283.0	0
282.0	0
283.0	0
282.0	0
283.0	0
281.0	0
281.0	0
268.0	1
279.0	0
279.0	0
278.0	0
277.0	0
277.0	0
275.0	0
275.0	0
274.0	0
274.0	0
272.0	0
272.0	0
272.0	0
271.0	0
272.0	0
271.0	0
271.0	0
271.0	0
270.0	0
270.0	0
270.0	0
271.0	0
270.0	0
271.0	0
271.0	0
270.0	0
271.0	0
271.0	0
272.0	0
271.0	0
271.0	0
271.0	0
271.0	0
271.0	0
271.0	0
272.0	0
272.0	0
274.0	0
273.0	0
273.0	0
273.0	0
274.0	0
274.0	0
273.0	0
274.0	0
275.0	0
275.0	0
276.0	0
276.0	0
277.0	0
277.0	0
279.0	0
279.0	0
280.0	0
281.0	0
281.0	0
281.0	0
282.0	0
283.0	0
283.0	0
283.0	0
283.0	0
282.0	0
283.0	0
282.0	0
282.0	0
282.0	0
282.0	0
281.0	0
283.0	0
282.0	0
280.0	0
264.0	1
280.0	0
278.0	0
278.0	0
278.0	0
276.0	0
276.0	0
275.0	0
274.0	0
273.0	0
272.0	0
273.0	0
271.0	0
272.0	0
273.0	0
271.0	0
271.0	0
270.0	0
270.0	0
270.0	0
271.0	0
270.0	0
270.0	0
270.0	0
271.0	0
270.0	0
271.0	0
270.0	0
271.0	0
271.0	0
272.0	0
271.0	0
271.0	0
271.0	0
272.0	0
273.0	0
272.0	0
271.0	0
271.0	0
271.0	0
272.0	0
270.0	0
271.0	0
272.0	0
272.0	0
273.0	0
273.0	0
273.0	0
274.0	0
275.0	0
275.0	0
275.0	0
275.0	0
276.0	0
277.0	0
279.0	0
279.0	0
280.0	0
280.0	0
280.0	0
279.0	0
279.0	0
279.0	0
280.0	0
280.0	0
280.0	0
281.0	0
280.0	0
279.0	0
278.0	0
279.0	0
277.0	0
277.0	0
277.0	0
275.0	0
275.0	0
275.0	0
274.0	0
273.0	0
272.0	0
271.0	0
270.0	0
270.0	0
270.0	0
270.0	0
269.0	0
269.0	0
268.0	0
268.0	0
269.0	0
269.0	0
268.0	0
268.0	0
267.0	0
268.0	0
268.0	0
268.0	0
269.0	0
269.0	0
271.0	0
271.0	0
270.0	0
270.0	0
270.0	0
271.0	0
270.0	0
271.0	0
271.0	0
271.0	0
271.0	0
271.0	0
272.0	0
271.0	0
271.0	0
272.0	0
273.0	0
273.0	0
273.0	0
272.0	0
273.0	0
273.0	0
274.0	0
275.0	0
275.0	0
276.0	0
277.0	0
276.0	0
277.0	0
279.0	0
279.0	0
279.0	0
278.0	0
280.0	0
279.0	0
279.0	0
280.0	0
279.0	0
281.0	0
280.0	0
279.0	0
279.0	0
279.0	0
279.0	0
278.0	0
277.0	0
276.0	0
276.0	0
275.0	0
274.0	0
274.0	0
274.0	0
271.0	0
271.0	0
270.0	0
269.0	0
270.0	0
269.0	0
270.0	0
269.0	0
268.0	0
269.0	0
269.0	0
269.0	0
268.0	0
268.0	0
268.0	0
268.0	0
268.0	0
269.0	0
269.0	0
270.0	0
271.0	0
270.0	0
270.0	0
270.0	0
270.0	0
271.0	0
270.0	0
271.0	0
270.0	0
271.0	0
271.0	0
272.0	0
271.0	0
272.0	0
272.0	0
271.0	0
271.0	0
272.0	0
273.0	0
272.0	0
273.0	0
273.0	0
273.0	0
275.0	0
275.0	0
276.0	0
277.0	0
277.0	0
278.0	0
277.0	0
278.0	0
278.0	0
279.0	0
279.0	0
279.0	0
279.0	0
280.0	0
279.0	0
279.0	0
279.0	0
278.0	0
279.0	0
277.0	0
277.0	0
277.0	0
276.0	0
276.0	0
274.0	0
274.0	0
273.0	0
273.0	0
272.0	0
271.0	0
271.0	0
270.0	0
270.0	0
269.0	0
270.0	0
269.0	0
269.0	0
269.0	0
269.0	0
269.0	0
268.0	0
269.0	0
270.0	0
269.0	0
269.0	0
269.0	0
269.0	0
269.0	0
270.0	0
270.0	0
270.0	0
270.0	0
271.0	0
270.0	0
270.0	0
271.0	0
270.0	0
270.0	0
270.0	0
272.0	0
272.0	0
273.0	0
272.0	0
272.0	0
274.0	0
273.0	0
274.0	0
275.0	0
274.0	0
275.0	0
275.0	0
275.0	0
276.0	0
276.0	0
277.0	0
277.0	0
277.0	0
277.0	0
278.0	0
280.0	0
279.0	0
280.0	0
281.0	0
280.0	0
280.0	0
279.0	0
280.0	0
280.0	0
280.0	0
279.0	0
279.0	0
279.0	0
278.0	0
277.0	0
277.0	0
276.0	0
277.0	0
277.0	0
275.0	0
274.0	0
274.0	0
273.0	0
272.0	0
271.0	0
273.0	0
272.0	0
270.0	0
271.0	0
271.0	0
271.0	0
271.0	0
272.0	0
269.0	0
271.0	0
271.0	0
270.0	0
270.0	0
271.0	0
271.0	0
272.0	0
272.0	0
272.0	0
272.0	0
273.0	0
273.0	0
272.0	0
272.0	0
271.0	0
272.0	0
272.0	0
272.0	0
273.0	0
272.0	0
273.0	0
273.0	0
274.0	0
275.0	0
274.0	0
276.0	0
275.0	0
277.0	0
277.0	0
277.0	0
278.0	0
277.0	0
278.0	0
279.0	0
279.0	0
280.0	0
279.0	0
279.0	0
281.0	0
279.0	0
282.0	0
281.0	0
281.0	0
281.0	0
280.0	0
281.0	0
280.0	0
280.0	0
280.0	0
280.0	0
279.0	0
279.0	0
278.0	0
278.0	0
277.0	0
276.0	0
276.0	0
274.0	0
275.0	0
274.0	0
274.0	0
273.0	0
273.0	0
273.0	0
272.0	0
273.0	0
272.0	0
273.0	0
272.0	0
273.0	0
273.0	0
272.0	0
273.0	0
271.0	0
272.0	0
273.0	0
273.0	0
274.0	0
272.0	0
273.0	0
272.0	0
273.0	0
274.0	0
273.0	0
272.0	0
272.0	0
273.0	0
273.0	0
272.0	0
273.0	0
272.0	0
272.0	0
272.0	0
272.0	0
274.0	0
272.0	0
274.0	0
274.0	0
273.0	0
275.0	0
275.0	0
275.0	0
276.0	0
275.0	0
276.0	0
277.0	0
277.0	0
276.0	0
278.0	0
278.0	0
278.0	0
278.0	0
279.0	0
278.0	0
279.0	0
279.0	0
278.0	0
279.0	0
278.0	0
279.0	0
278.0	0
277.0	0
276.0	0
276.0	0
277.0	0
276.0	0
275.0	0
274.0	0
274.0	0
274.0	0
274.0	0
272.0	0
273.0	0
273.0	0
272.0	0
272.0	0
271.0	0
271.0	0
272.0	0
272.0	0
271.0	0
273.0	0
272.0	0
271.0	0
272.0	0
271.0	0
271.0	0
270.0	0
271.0	0
270.0	0
270.0	0
271.0	0
272.0	0
271.0	0
272.0	0
270.0	0
271.0	0
271.0	0
271.0	0
271.0	0
272.0	0
271.0	0
272.0	0
271.0	0
272.0	0
272.0	0
272.0	0
272.0	0
272.0	0
273.0	0
273.0	0
273.0	0
274.0	0
273.0	0
274.0	0
274.0	0
275.0	0
276.0	0
277.0	0
276.0	0
276.0	0
276.0	0
277.0	0
277.0	0
277.0	0
276.0	0
276.0	0
277.0	0
276.0	0
277.0	0
278.0	0
277.0	0
276.0	0
276.0	0
276.0	0
275.0	0
274.0	0
274.0	0
274.0	0
274.0	0
273.0	0
272.0	0
272.0	0
272.0	0
271.0	0
271.0	0
272.0	0
271.0	0
270.0	0
271.0	0
269.0	0
270.0	0
269.0	0
271.0	0
269.0	0
269.0	0
270.0	0
269.0	0
270.0	0
269.0	0
269.0	0
269.0	0
269.0	0
270.0	0
270.0	0
270.0	0
270.0	0
270.0	0
271.0	0
272.0	0
271.0	0
271.0	0
271.0	0
272.0	0
271.0	0
270.0	0
272.0	0
272.0	0
272.0	0
272.0	0
273.0	0
274.0	0
274.0	0
275.0	0
274.0	0
275.0	0
274.0	0
274.0	0
275.0	0
276.0	0
275.0	0
276.0	0
276.0	0
276.0	0
277.0	0
276.0	0
276.0	0
276.0	0
276.0	0
276.0	0
276.0	0
277.0	0
277.0	0
277.0	0
276.0	0
276.0	0
276.0	0
275.0	0
274.0	0
273.0	0
273.0	0
272.0	0
273.0	0
272.0	0
272.0	0
271.0	0
273.0	0
271.0	0
272.0	0
271.0	0
271.0	0
272.0	0
270.0	0
271.0	0
271.0	0
270.0	0
270.0	0
270.0	0
270.0	0
270.0	0
270.0	0
270.0	0
269.0	0
269.0	0
270.0	0
270.0	0
270.0	0
272.0	0
271.0	0
270.0	0
272.0	0
270.0	0
271.0	0
270.0	0
270.0	0
272.0	0
273.0	0
272.0	0
272.0	0
274.0	0
273.0	0
274.0	0
274.0	0
274.0	0
275.0	0
276.0	0
275.0	0
276.0	0
275.0	0
275.0	0
274.0	0
275.0	0
275.0	0
276.0	0
275.0	0
276.0	0
277.0	0
276.0	0
275.0	0
277.0	0
276.0	0
276.0	0
276.0	0
276.0	0
277.0	0
277.0	0
277.0	0
277.0	0
276.0	0
276.0	0
275.0	0
274.0	0
274.0	0
273.0	0
273.0	0
272.0	0
273.0	0
273.0	0
273.0	0
273.0	0
272.0	0
272.0	0
271.0	0
271.0	0
271.0	0
271.0	0
271.0	0
270.0	0
271.0	0
270.0	0
270.0	0
269.0	0
270.0	0
270.0	0
270.0	0
270.0	0
269.0	0
270.0	0
271.0	0
271.0	0
271.0	0
271.0	0
271.0	0
273.0	0
272.0	0
272.0	0
273.0	0
272.0	0
270.0	0
269.0	0
270.0	0
270.0	0
270.0	0
271.0	0
271.0	0
271.0	0
272.0	0
271.0	0
273.0	0
272.0	0
273.0	0
273.0	0
273.0	0
273.0	0
273.0	0
274.0	0
274.0	0
274.0	0
274.0	0
275.0	0
275.0	0
274.0	0
275.0	0
275.0	0
275.0	0
275.0	0
274.0	0
274.0	0
274.0	0
273.0	0
273.0	0
272.0	0
271.0	0
271.0	0
272.0	0
271.0	0
270.0	0
270.0	0
270.0	0
269.0	0
271.0	0
271.0	0
269.0	0
270.0	0
268.0	0
270.0	0
269.0	0
268.0	0
269.0	0
268.0	0
269.0	0
269.0	0
269.0	0
268.0	0
268.0	0
268.0	0
269.0	0
270.0	0
270.0	0
269.0	0
269.0	0
269.0	0
270.0	0
269.0	0
270.0	0
270.0	0
269.0	0
269.0	0
270.0	0
270.0	0
271.0	0
271.0	0
270.0	0
271.0	0
272.0	0
271.0	0
270.0	0
272.0	0
272.0	0
272.0	0
273.0	0
272.0	0
273.0	0
273.0	0
274.0	0
273.0	0
273.0	0
274.0	0
274.0	0
274.0	0
274.0	0
275.0	0
275.0	0
275.0	0
275.0	0
275.0	0
275.0	0
276.0	0
276.0	0
275.0	0
275.0	0
274.0	0
274.0	0
273.0	0
272.0	0
272.0	0
273.0	0
272.0	0
272.0	0
272.0	0
271.0	0
271.0	0
271.0	0
271.0	0
270.0	0
270.0	0
270.0	0
270.0	0
269.0	0
270.0	0
269.0	0
268.0	0
269.0	0
269.0	0
269.0	0
268.0	0
268.0	0
268.0	0
269.0	0
269.0	0
269.0	0
269.0	0
269.0	0
269.0	0
270.0	0
270.0	0
270.0	0
269.0	0
270.0	0
271.0	0
270.0	0
271.0	0
267.0	0
268.0	0
268.0	0
268.0	0
268.0	0
269.0	0
270.0	0
270.0	0
271.0	0
271.0	0
271.0	0
271.0	0
271.0	0
272.0	0
272.0	0
272.0	0
272.0	0
272.0	0
272.0	0
272.0	0
273.0	0
272.0	0
272.0	0
273.0	0
271.0	0
273.0	0
272.0	0
271.0	0
271.0	0
271.0	0
271.0	0
270.0	0
270.0	0
270.0	0
270.0	0
270.0	0
270.0	0
270.0	0
268.0	0
269.0	0
269.0	0
268.0	0
268.0	0
269.0	0
268.0	0
268.0	0
268.0	0
268.0	0
267.0	0
268.0	0
267.0	0
266.0	0
267.0	0
267.0	0
267.0	0
266.0	0
266.0	0
268.0	0
267.0	0
266.0	0
266.0	0
265.0	0
266.0	0
267.0	0
267.0	0
267.0	0
268.0	0
267.0	0
268.0	0
268.0	0
267.0	0
267.0	0
269.0	0
270.0	0
269.0	0
270.0	0
269.0	0
270.0	0
271.0	0
272.0	0
271.0	0
273.0	0
272.0	0
271.0	0
271.0	0
272.0	0
272.0	0
273.0	0
272.0	0
272.0	0
273.0	0
273.0	0
273.0	0
273.0	0
273.0	0
273.0	0
273.0	0
274.0	0
274.0	0
274.0	0
272.0	0
273.0	0
272.0	0
272.0	0
272.0	0
272.0	0
270.0	0
271.0	0
270.0	0
270.0	0
270.0	0
270.0	0
270.0	0
269.0	0
270.0	0
269.0	0
270.0	0
269.0	0
269.0	0
268.0	0
267.0	0
268.0	0
267.0	0
268.0	0
268.0	0
268.0	0
268.0	0
268.0	0
268.0	0
268.0	0
267.0	0
268.0	0
268.0	0
269.0	0
269.0	0
269.0	0
268.0	0
268.0	0
269.0	0
269.0	0
269.0	0
268.0	0
269.0	0
270.0	0
270.0	0
270.0	0
271.0	0
271.0	0
271.0	0
271.0	0
272.0	0
273.0	0
274.0	0
274.0	0
272.0	0
272.0	0
273.0	0
274.0	0
274.0	0
275.0	0
275.0	0
275.0	0
275.0	0
274.0	0
276.0	0
275.0	0
275.0	0
275.0	0
275.0	0
276.0	0
275.0	0
275.0	0
274.0	0
275.0	0
273.0	0
274.0	0
274.0	0
273.0	0
272.0	0
272.0	0
272.0	0
273.0	0
273.0	0
272.0	0
272.0	0
272.0	0
271.0	0
270.0	0
272.0	0
270.0	0
270.0	0
270.0	0
270.0	0
271.0	0
270.0	0
270.0	0
269.0	0
270.0	0
269.0	0
270.0	0
270.0	0
269.0	0
269.0	0
270.0	0
270.0	0
270.0	0
270.0	0
271.0	0
269.0	0
270.0	0
269.0	0
270.0	0
270.0	0
269.0	0
271.0	0
271.0	0
268.0	0
268.0	0
268.0	0
269.0	0
270.0	0
269.0	0
269.0	0
269.0	0
272.0	0
272.0	0
272.0	0
272.0	0
271.0	0
272.0	0
272.0	0
271.0	0
271.0	0
271.0	0
273.0	0
273.0	0
273.0	0
273.0	0
272.0	0
272.0	0
272.0	0
272.0	0
271.0	0
271.0	0
271.0	0
271.0	0
271.0	0
271.0	0
269.0	0
269.0	0
269.0	0
269.0	0
270.0	0
268.0	0
268.0	0
269.0	0
269.0	0
268.0	0
267.0	0
268.0	0
269.0	0
268.0	0
268.0	0
267.0	0
266.0	0
267.0	0
267.0	0
267.0	0
267.0	0
266.0	0
266.0	0
266.0	0
267.0	0
266.0	0
267.0	0
267.0	0
267.0	0
266.0	0
266.0	0
266.0	0
266.0	0
267.0	0
268.0	0
267.0	0
267.0	0
267.0	0
267.0	0
268.0	0
267.0	0
267.0	0
267.0	0
267.0	0
268.0	0
269.0	0
269.0	0
270.0	0
271.0	0
271.0	0
271.0	0
271.0	0
271.0	0
271.0	0
272.0	0
272.0	0
272.0	0
272.0	0
272.0	0
273.0	0
272.0	0
272.0	0
271.0	0
272.0	0
271.0	0
271.0	0
271.0	0
271.0	0
271.0	0
271.0	0
271.0	0
270.0	0
270.0	0
269.0	0
269.0	0
269.0	0
268.0	0
269.0	0
269.0	0
268.0	0
268.0	0
267.0	0
268.0	0
267.0	0
268.0	0
268.0	0
268.0	0
268.0	0
268.0	0
268.0	0
268.0	0
267.0	0
267.0	0
267.0	0
268.0	0
268.0	0
267.0	0
265.0	0
265.0	0
265.0	0
264.0	0
266.0	0
266.0	0
267.0	0
265.0	0
266.0	0
266.0	0
265.0	0
266.0	0
265.0	0
265.0	0
267.0	0
