SA_diff	pop
76.0	1
136.0	1
66.0	1
136.0	0
137.0	0
138.0	0
138.0	0
140.0	0
140.0	0
140.0	0
140.0	0
140.0	0
142.0	0
141.0	0
142.0	0
142.0	0
142.0	0
142.0	0
142.0	0
142.0	0
142.0	0
142.0	0
141.0	0
142.0	0
140.0	0
142.0	0
141.0	0
140.0	0
141.0	0
140.0	0
140.0	0
140.0	0
139.0	0
139.0	0
138.0	0
138.0	0
138.0	0
137.0	0
51.0	1
137.0	0
137.0	0
137.0	0
137.0	0
137.0	0
137.0	0
137.0	0
137.0	0
137.0	0
137.0	0
138.0	0
137.0	0
137.0	0
136.0	0
136.0	0
137.0	0
137.0	0
136.0	0
135.0	0
136.0	0
136.0	0
135.0	0
118.0	1
135.0	0
88.0	1
127.0	1
120.0	1
77.0	2
104.0	3
135.0	0
114.0	3
71.0	7
136.0	0
132.0	2
137.0	0
53.0	3
137.0	0
137.0	0
137.0	0
137.0	0
139.0	0
139.0	0
139.0	0
140.0	0
140.0	0
141.0	0
140.0	0
140.0	0
140.0	0
141.0	0
140.0	0
140.0	0
140.0	0
140.0	0
141.0	0
139.0	0
141.0	0
139.0	0
140.0	0
141.0	0
49.0	1
140.0	0
139.0	0
140.0	0
140.0	0
139.0	0
140.0	0
138.0	0
139.0	0
137.0	1
138.0	0
138.0	0
137.0	0
137.0	0
137.0	0
137.0	0
136.0	0
137.0	0
137.0	0
136.0	0
136.0	0
136.0	0
136.0	0
134.0	0
130.0	1
135.0	0
135.0	0
136.0	0
135.0	0
135.0	0
31.0	1
134.0	0
32.0	1
135.0	1
134.0	0
134.0	0
135.0	0
92.0	4
136.0	2
79.0	8
80.0	4
72.0	10
81.0	18
78.0	16
75.0	10
114.0	2
23.0	3
84.0	4
104.0	1
124.0	1
138.0	0
139.0	0
139.0	0
141.0	0
141.0	0
141.0	0
141.0	0
142.0	0
141.0	0
141.0	0
141.0	0
141.0	0
142.0	0
142.0	0
141.0	0
141.0	0
141.0	0
140.0	0
139.0	0
139.0	0
140.0	0
139.0	0
139.0	0
139.0	0
139.0	0
139.0	0
139.0	0
138.0	0
138.0	0
36.0	1
138.0	0
137.0	0
137.0	0
138.0	0
137.0	0
136.0	0
136.0	0
136.0	0
137.0	0
135.0	0
136.0	0
136.0	0
135.0	0
134.0	0
134.0	0
107.0	2
134.0	0
134.0	0
133.0	0
57.0	1
135.0	0
134.0	0
134.0	0
76.0	1
109.0	1
129.0	1
114.0	1
110.0	2
101.0	4
60.0	9
90.0	5
84.0	13
66.0	27
44.0	52
66.0	49
67.0	34
81.0	14
76.0	13
67.0	12
88.0	2
90.0	2
137.0	1
139.0	0
42.0	2
140.0	0
140.0	0
141.0	0
141.0	0
141.0	0
141.0	0
140.0	0
141.0	0
142.0	0
141.0	0
141.0	0
141.0	0
140.0	0
140.0	0
140.0	0
140.0	0
141.0	0
96.0	2
47.0	2
141.0	0
141.0	0
141.0	0
141.0	0
140.0	0
141.0	0
139.0	0
139.0	0
139.0	0
138.0	0
96.0	1
138.0	0
140.0	0
138.0	0
139.0	0
139.0	0
139.0	0
138.0	0
136.0	0
136.0	0
137.0	0
137.0	0
136.0	0
136.0	0
136.0	0
83.0	1
135.0	0
133.0	1
86.0	2
49.0	3
133.0	0
135.0	0
104.0	1
115.0	3
55.0	3
91.0	6
53.0	5
60.0	10
14.0	19
68.0	28
63.0	41
47.0	58
55.0	83
36.0	68
73.0	35
81.0	22
61.0	24
70.0	19
95.0	3
107.0	4
83.0	4
83.0	1
139.0	0
140.0	0
140.0	0
142.0	0
142.0	0
142.0	0
142.0	0
140.0	0
140.0	0
140.0	0
140.0	0
140.0	0
141.0	0
63.0	1
142.0	0
142.0	0
141.0	0
141.0	0
141.0	0
140.0	0
140.0	0
140.0	0
35.0	1
83.0	1
139.0	0
139.0	0
138.0	0
31.0	1
89.0	1
137.0	0
137.0	0
137.0	0
137.0	0
129.0	2
136.0	0
116.0	1
55.0	1
136.0	0
135.0	0
78.0	1
135.0	0
136.0	0
134.0	1
128.0	1
135.0	0
68.0	1
129.0	1
111.0	2
118.0	2
61.0	2
81.0	1
55.0	6
52.0	6
56.0	7
62.0	8
52.0	6
59.0	18
38.0	21
25.0	31
50.0	49
69.0	65
32.0	99
30.0	120
11.0	100
45.0	49
62.0	46
58.0	23
75.0	9
76.0	7
79.0	8
128.0	2
115.0	2
85.0	2
129.0	1
140.0	0
140.0	0
119.0	1
140.0	0
60.0	2
140.0	0
140.0	0
140.0	0
82.0	1
70.0	1
116.0	1
141.0	0
141.0	0
141.0	0
140.0	0
141.0	0
139.0	1
126.0	1
113.0	1
142.0	0
140.0	0
140.0	0
118.0	1
139.0	0
139.0	0
138.0	0
138.0	0
137.0	0
38.0	2
112.0	1
138.0	0
137.0	0
132.0	2
133.0	1
136.0	0
19.0	1
136.0	0
135.0	0
136.0	0
136.0	0
26.0	2
135.0	0
135.0	0
105.0	1
84.0	3
129.0	1
43.0	2
95.0	3
64.0	2
43.0	3
69.0	5
56.0	6
38.0	7
15.0	10
59.0	20
46.0	30
21.0	36
58.0	50
35.0	89
38.0	120
48.0	109
19.0	88
52.0	44
72.0	41
50.0	21
74.0	7
47.0	8
84.0	5
78.0	7
70.0	1
139.0	0
58.0	2
140.0	0
140.0	0
141.0	0
140.0	1
141.0	0
141.0	0
141.0	1
142.0	0
142.0	0
141.0	0
141.0	0
140.0	0
140.0	0
140.0	0
127.0	1
77.0	1
140.0	0
51.0	2
141.0	0
63.0	1
139.0	0
140.0	0
140.0	0
140.0	0
74.0	2
135.0	1
140.0	0
138.0	0
36.0	2
137.0	1
100.0	2
137.0	0
66.0	1
137.0	0
35.0	1
101.0	4
19.0	1
136.0	0
128.0	2
40.0	1
136.0	0
53.0	2
76.0	3
46.0	3
117.0	1
17.0	2
126.0	1
119.0	2
82.0	6
55.0	7
77.0	9
70.0	12
82.0	17
67.0	21
54.0	23
31.0	42
40.0	42
41.0	70
15.0	97
34.0	125
11.0	110
13.0	82
51.0	47
41.0	36
52.0	12
47.0	8
51.0	7
79.0	5
138.0	2
95.0	2
128.0	2
139.0	0
139.0	0
141.0	0
107.0	1
141.0	0
141.0	0
141.0	0
138.0	1
142.0	0
134.0	1
141.0	0
141.0	0
127.0	1
141.0	0
83.0	3
91.0	1
141.0	1
140.0	0
140.0	0
139.0	0
56.0	2
140.0	1
133.0	1
140.0	1
139.0	0
57.0	3
43.0	1
116.0	3
59.0	1
60.0	2
56.0	3
53.0	2
35.0	2
61.0	3
45.0	2
44.0	3
23.0	4
138.0	0
76.0	1
105.0	3
110.0	2
93.0	1
56.0	3
43.0	9
47.0	7
105.0	3
96.0	3
19.0	9
70.0	1
58.0	4
53.0	7
42.0	13
46.0	15
23.0	14
38.0	25
47.0	39
57.0	36
31.0	47
15.0	82
44.0	93
54.0	104
32.0	85
56.0	58
48.0	35
48.0	30
72.0	16
74.0	5
80.0	6
131.0	1
109.0	2
138.0	1
138.0	0
139.0	0
89.0	1
141.0	0
141.0	0
140.0	0
140.0	0
118.0	1
123.0	1
140.0	0
104.0	2
141.0	0
140.0	0
76.0	1
77.0	1
54.0	2
141.0	1
142.0	1
130.0	2
45.0	2
132.0	1
79.0	2
140.0	0
62.0	1
91.0	1
42.0	4
53.0	2
41.0	3
50.0	7
49.0	5
30.0	9
47.0	7
79.0	4
38.0	9
27.0	7
63.0	3
28.0	3
56.0	4
87.0	2
44.0	5
119.0	2
67.0	4
41.0	5
60.0	6
19.0	2
96.0	5
85.0	2
71.0	2
41.0	5
105.0	3
37.0	10
23.0	8
93.0	10
43.0	19
65.0	21
22.0	38
33.0	36
28.0	61
26.0	55
38.0	85
29.0	89
27.0	96
47.0	85
58.0	60
29.0	23
20.0	24
57.0	7
76.0	6
90.0	5
53.0	4
115.0	2
137.0	1
138.0	0
140.0	0
140.0	1
137.0	1
138.0	1
141.0	0
62.0	2
140.0	0
120.0	1
140.0	0
140.0	0
141.0	0
138.0	2
141.0	0
141.0	1
119.0	1
104.0	2
141.0	0
54.0	2
115.0	1
126.0	1
135.0	1
140.0	0
72.0	4
45.0	4
139.0	1
42.0	5
111.0	1
75.0	3
68.0	6
59.0	4
21.0	10
33.0	5
69.0	4
77.0	4
55.0	6
82.0	6
138.0	1
95.0	1
136.0	2
74.0	5
77.0	4
39.0	7
109.0	2
32.0	6
37.0	2
38.0	2
58.0	3
25.0	2
93.0	5
54.0	3
87.0	9
36.0	14
26.0	17
27.0	21
25.0	26
32.0	39
29.0	42
31.0	64
54.0	71
65.0	77
59.0	68
25.0	55
49.0	40
55.0	29
30.0	10
22.0	5
72.0	5
88.0	3
84.0	5
87.0	2
136.0	0
137.0	0
137.0	0
138.0	0
88.0	1
140.0	0
101.0	1
140.0	0
140.0	0
140.0	0
140.0	0
90.0	1
131.0	1
140.0	0
138.0	1
109.0	1
139.0	0
138.0	1
139.0	0
119.0	1
66.0	2
139.0	0
139.0	0
139.0	0
35.0	4
37.0	5
26.0	3
43.0	5
29.0	8
75.0	3
24.0	7
13.0	11
23.0	9
21.0	12
31.0	7
17.0	6
59.0	7
93.0	3
80.0	3
45.0	4
31.0	5
28.0	2
53.0	2
66.0	2
106.0	2
50.0	4
67.0	3
91.0	2
75.0	6
66.0	6
41.0	7
77.0	6
61.0	10
61.0	10
53.0	18
21.0	20
25.0	26
38.0	40
12.0	62
29.0	55
36.0	83
31.0	71
54.0	53
20.0	57
59.0	32
42.0	23
59.0	12
71.0	6
82.0	4
82.0	3
105.0	3
71.0	2
79.0	1
140.0	0
66.0	1
140.0	0
140.0	0
61.0	1
141.0	0
142.0	0
142.0	0
65.0	1
143.0	0
142.0	0
143.0	0
142.0	0
74.0	1
141.0	0
134.0	1
141.0	0
141.0	0
135.0	1
142.0	0
135.0	1
37.0	4
53.0	2
119.0	1
126.0	4
26.0	8
75.0	4
27.0	11
43.0	13
36.0	5
23.0	13
51.0	12
33.0	11
18.0	11
21.0	9
39.0	9
59.0	6
19.0	6
85.0	4
40.0	1
127.0	2
91.0	1
19.0	2
138.0	1
43.0	5
78.0	2
29.0	3
121.0	2
105.0	3
26.0	11
31.0	10
59.0	8
34.0	16
13.0	16
57.0	39
39.0	43
23.0	45
36.0	52
19.0	56
36.0	66
50.0	63
38.0	43
31.0	24
85.0	27
81.0	14
69.0	6
77.0	4
38.0	7
116.0	3
134.0	1
86.0	2
97.0	2
139.0	1
141.0	0
140.0	0
140.0	0
140.0	0
140.0	0
141.0	0
90.0	1
143.0	0
142.0	0
141.0	0
141.0	0
141.0	0
64.0	1
54.0	1
106.0	2
84.0	1
140.0	0
27.0	1
39.0	5
35.0	5
140.0	0
71.0	1
67.0	2
62.0	7
74.0	4
47.0	10
46.0	11
26.0	10
42.0	5
38.0	15
30.0	18
31.0	14
44.0	17
26.0	16
66.0	3
6.0	4
80.0	1
141.0	0
23.0	1
29.0	3
142.0	1
138.0	1
99.0	1
25.0	2
140.0	1
106.0	2
69.0	3
52.0	5
22.0	4
60.0	3
58.0	9
58.0	10
61.0	23
15.0	40
37.0	48
22.0	38
48.0	56
23.0	42
19.0	55
32.0	50
42.0	46
16.0	38
30.0	14
75.0	7
79.0	9
44.0	5
93.0	3
81.0	3
63.0	2
96.0	4
140.0	0
121.0	3
136.0	1
140.0	0
141.0	0
141.0	0
140.0	0
124.0	1
140.0	0
141.0	0
141.0	0
142.0	0
142.0	0
137.0	1
140.0	0
140.0	0
140.0	0
141.0	0
141.0	0
140.0	0
108.0	1
136.0	1
47.0	4
26.0	3
52.0	6
58.0	5
32.0	6
44.0	10
35.0	18
27.0	13
29.0	19
17.0	12
24.0	13
18.0	19
21.0	16
59.0	10
46.0	3
63.0	3
33.0	2
142.0	1
76.0	1
142.0	0
22.0	1
142.0	0
97.0	1
141.0	0
141.0	0
76.0	1
140.0	0
106.0	2
61.0	5
38.0	15
45.0	13
45.0	18
34.0	19
32.0	31
24.0	39
26.0	36
49.0	39
46.0	53
23.0	42
46.0	38
65.0	31
75.0	24
46.0	29
63.0	12
102.0	6
110.0	2
59.0	4
106.0	2
132.0	1
113.0	4
83.0	1
139.0	0
140.0	0
141.0	0
140.0	0
141.0	0
141.0	0
131.0	1
142.0	0
141.0	0
141.0	0
141.0	0
72.0	1
123.0	1
141.0	0
140.0	0
140.0	0
140.0	0
86.0	2
129.0	1
104.0	2
60.0	2
48.0	3
70.0	2
65.0	5
59.0	4
53.0	10
31.0	21
24.0	21
25.0	20
8.0	32
17.0	26
23.0	33
15.0	28
19.0	24
32.0	9
40.0	6
116.0	1
84.0	1
124.0	2
142.0	0
142.0	0
142.0	0
142.0	0
141.0	0
20.0	2
140.0	0
18.0	5
140.0	0
23.0	2
139.0	1
19.0	11
79.0	12
35.0	17
3.0	20
37.0	27
38.0	37
47.0	47
27.0	44
41.0	45
12.0	46
15.0	40
43.0	42
34.0	21
35.0	17
42.0	16
68.0	12
68.0	3
116.0	2
131.0	3
138.0	0
77.0	3
138.0	0
138.0	0
140.0	0
140.0	0
140.0	0
140.0	0
141.0	0
141.0	0
125.0	1
130.0	1
140.0	0
140.0	0
130.0	1
140.0	1
129.0	1
122.0	1
128.0	1
86.0	1
40.0	2
65.0	2
18.0	2
15.0	2
78.0	3
23.0	5
41.0	5
43.0	11
12.0	25
46.0	22
23.0	32
34.0	15
26.0	36
0.0	65
25.0	54
24.0	32
20.0	18
40.0	5
70.0	4
74.0	2
143.0	0
119.0	1
142.0	0
142.0	0
25.0	1
142.0	0
142.0	0
37.0	3
141.0	0
87.0	2
79.0	1
92.0	2
21.0	3
85.0	7
51.0	13
48.0	24
11.0	32
59.0	29
34.0	35
45.0	31
34.0	50
47.0	36
18.0	31
44.0	41
31.0	25
43.0	20
80.0	15
46.0	18
70.0	8
52.0	3
59.0	6
138.0	0
110.0	5
138.0	0
63.0	1
139.0	0
139.0	0
140.0	0
140.0	0
141.0	0
141.0	0
141.0	0
140.0	0
140.0	0
140.0	0
140.0	1
140.0	0
109.0	2
140.0	0
140.0	0
44.0	1
117.0	1
103.0	1
120.0	2
37.0	3
41.0	5
45.0	5
75.0	7
37.0	10
62.0	9
19.0	33
19.0	24
17.0	28
20.0	37
8.0	66
10.0	80
13.0	51
16.0	28
18.0	13
46.0	12
95.0	1
143.0	2
13.0	1
35.0	2
144.0	0
144.0	0
71.0	2
143.0	0
143.0	0
142.0	0
8.0	1
140.0	1
71.0	4
76.0	1
21.0	8
13.0	11
28.0	11
50.0	16
40.0	23
49.0	30
35.0	30
64.0	31
21.0	41
13.0	39
32.0	39
49.0	27
12.0	29
47.0	32
48.0	27
44.0	13
85.0	12
97.0	6
114.0	7
91.0	2
132.0	1
129.0	2
138.0	0
139.0	0
124.0	2
139.0	0
140.0	0
141.0	0
142.0	0
141.0	0
140.0	0
127.0	1
139.0	0
139.0	0
140.0	0
140.0	0
139.0	0
69.0	1
92.0	1
139.0	0
36.0	1
120.0	1
63.0	2
14.0	6
69.0	6
64.0	12
33.0	15
48.0	14
19.0	29
10.0	44
3.0	56
29.0	50
16.0	84
17.0	78
10.0	63
33.0	29
10.0	4
46.0	8
33.0	3
66.0	4
144.0	1
134.0	1
132.0	1
145.0	1
134.0	2
126.0	3
71.0	1
67.0	3
51.0	2
33.0	3
137.0	2
91.0	3
47.0	3
69.0	5
121.0	4
21.0	15
28.0	22
48.0	25
18.0	39
33.0	35
37.0	40
49.0	33
30.0	33
24.0	30
18.0	33
41.0	32
41.0	43
30.0	28
32.0	26
84.0	6
87.0	3
95.0	5
138.0	0
138.0	0
90.0	1
138.0	0
139.0	0
140.0	0
141.0	0
140.0	0
141.0	0
140.0	0
139.0	0
139.0	0
140.0	0
139.0	0
140.0	0
127.0	1
83.0	2
139.0	0
139.0	0
140.0	0
31.0	4
72.0	4
27.0	4
20.0	4
40.0	10
24.0	12
20.0	22
5.0	39
38.0	48
30.0	50
13.0	63
17.0	98
8.0	116
6.0	92
18.0	47
28.0	14
48.0	3
128.0	1
80.0	1
54.0	1
147.0	0
146.0	0
116.0	1
101.0	1
115.0	4
98.0	1
141.0	3
36.0	3
30.0	5
115.0	3
45.0	5
142.0	0
54.0	5
68.0	7
37.0	11
68.0	15
20.0	25
11.0	27
31.0	39
52.0	28
25.0	35
29.0	35
16.0	38
19.0	38
33.0	38
27.0	47
24.0	50
38.0	23
78.0	17
113.0	12
77.0	5
138.0	0
82.0	2
135.0	2
138.0	0
68.0	3
139.0	0
140.0	0
141.0	0
141.0	0
140.0	0
140.0	0
105.0	1
140.0	0
140.0	0
140.0	0
140.0	0
141.0	0
139.0	0
140.0	0
140.0	0
128.0	1
142.0	0
69.0	3
62.0	5
19.0	7
53.0	12
24.0	12
36.0	15
12.0	45
9.0	56
8.0	71
28.0	118
5.0	149
13.0	122
27.0	60
32.0	14
46.0	7
146.0	0
147.0	0
46.0	3
147.0	0
46.0	2
11.0	2
62.0	2
112.0	1
85.0	4
62.0	5
31.0	7
116.0	3
45.0	5
81.0	3
17.0	5
44.0	1
66.0	4
96.0	7
51.0	7
41.0	6
33.0	25
30.0	34
43.0	39
26.0	35
14.0	37
19.0	39
21.0	40
38.0	35
19.0	61
20.0	72
11.0	77
7.0	59
64.0	18
44.0	11
43.0	6
62.0	2
128.0	1
137.0	0
137.0	0
138.0	0
139.0	0
139.0	0
139.0	0
140.0	0
141.0	0
141.0	0
141.0	0
140.0	0
141.0	0
140.0	0
140.0	0
139.0	0
30.0	1
141.0	0
20.0	2
93.0	1
141.0	1
60.0	2
50.0	7
25.0	14
21.0	23
20.0	26
14.0	42
9.0	65
11.0	93
15.0	118
11.0	162
12.0	153
23.0	66
13.0	37
27.0	7
22.0	1
34.0	1
147.0	0
147.0	0
148.0	0
146.0	0
147.0	1
147.0	0
65.0	2
44.0	2
121.0	4
126.0	3
63.0	1
86.0	3
115.0	2
53.0	1
127.0	1
125.0	2
91.0	4
65.0	5
42.0	10
18.0	14
14.0	26
16.0	37
14.0	40
56.0	44
28.0	57
20.0	58
24.0	64
19.0	78
21.0	98
40.0	93
12.0	68
74.0	27
80.0	5
45.0	3
136.0	0
136.0	0
138.0	0
139.0	0
137.0	0
138.0	0
140.0	0
141.0	0
141.0	0
141.0	0
140.0	0
140.0	0
140.0	0
140.0	0
140.0	0
141.0	0
140.0	0
140.0	0
141.0	0
141.0	0
32.0	1
141.0	0
114.0	4
7.0	15
34.0	21
25.0	56
16.0	98
3.0	102
11.0	99
13.0	133
9.0	150
11.0	227
7.0	143
15.0	52
26.0	10
73.0	2
60.0	1
148.0	0
87.0	1
148.0	0
149.0	0
149.0	0
148.0	0
26.0	2
148.0	0
102.0	1
146.0	0
57.0	2
145.0	0
145.0	0
22.0	1
144.0	0
7.0	4
88.0	3
143.0	0
61.0	4
63.0	3
29.0	15
30.0	31
58.0	26
19.0	38
13.0	64
37.0	90
27.0	81
20.0	127
31.0	135
14.0	170
51.0	117
42.0	48
59.0	21
87.0	3
103.0	1
138.0	0
111.0	1
137.0	0
139.0	0
139.0	0
139.0	0
140.0	0
141.0	0
141.0	0
140.0	0
141.0	0
140.0	0
37.0	1
140.0	0
140.0	0
63.0	1
140.0	0
140.0	0
141.0	0
143.0	0
94.0	2
142.0	0
114.0	1
11.0	22
12.0	80
18.0	283
30.0	449
16.0	316
8.0	205
11.0	224
10.0	327
8.0	235
20.0	113
26.0	16
93.0	4
150.0	0
150.0	0
150.0	0
40.0	1
150.0	0
151.0	0
151.0	0
151.0	0
149.0	0
149.0	0
149.0	0
149.0	0
148.0	0
148.0	0
147.0	0
146.0	0
145.0	0
145.0	1
10.0	1
145.0	0
127.0	1
60.0	3
10.0	9
50.0	21
24.0	35
43.0	67
24.0	102
24.0	109
18.0	129
18.0	149
29.0	173
25.0	171
12.0	106
83.0	23
66.0	13
137.0	0
137.0	0
137.0	0
137.0	0
137.0	0
138.0	0
140.0	0
140.0	0
140.0	0
140.0	0
140.0	0
141.0	0
140.0	0
140.0	0
140.0	0
140.0	0
140.0	0
140.0	0
140.0	0
141.0	0
142.0	0
142.0	0
144.0	0
57.0	2
56.0	6
34.0	40
19.0	279
14.0	886
12.0	768
7.0	440
7.0	328
8.0	370
10.0	351
17.0	139
19.0	25
90.0	2
149.0	0
150.0	0
150.0	0
150.0	0
151.0	0
40.0	1
150.0	0
150.0	0
150.0	0
150.0	0
149.0	0
148.0	0
44.0	1
148.0	0
147.0	0
147.0	0
146.0	0
146.0	0
55.0	1
144.0	0
144.0	0
19.0	2
87.0	2
90.0	7
21.0	14
63.0	26
6.0	69
3.0	100
3.0	108
16.0	132
19.0	118
29.0	111
59.0	72
64.0	40
69.0	9
126.0	1
137.0	0
138.0	0
136.0	0
137.0	0
138.0	0
138.0	0
138.0	0
139.0	0
139.0	0
140.0	0
140.0	0
141.0	0
140.0	0
140.0	0
141.0	0
140.0	0
141.0	0
141.0	0
140.0	0
142.0	0
142.0	0
143.0	0
18.0	1
93.0	2
48.0	7
50.0	48
39.0	338
22.0	624
10.0	369
8.0	256
5.0	218
12.0	170
35.0	63
49.0	16
19.0	4
94.0	1
150.0	0
151.0	0
152.0	0
152.0	0
152.0	0
153.0	0
152.0	0
151.0	0
152.0	0
152.0	0
151.0	0
60.0	1
150.0	0
149.0	0
149.0	0
149.0	0
147.0	0
148.0	0
117.0	1
145.0	0
145.0	0
144.0	0
143.0	0
41.0	4
27.0	18
8.0	38
12.0	64
22.0	112
9.0	102
41.0	71
23.0	58
27.0	59
37.0	16
79.0	9
85.0	2
137.0	0
137.0	0
59.0	1
138.0	0
138.0	0
137.0	0
138.0	0
139.0	0
138.0	0
140.0	0
140.0	0
140.0	0
140.0	0
140.0	0
141.0	0
140.0	0
140.0	0
140.0	0
142.0	0
81.0	1
142.0	0
37.0	1
144.0	0
145.0	0
61.0	3
29.0	7
49.0	39
22.0	117
16.0	166
11.0	116
9.0	97
10.0	46
15.0	20
61.0	12
151.0	0
40.0	1
153.0	0
152.0	0
152.0	0
152.0	0
152.0	0
153.0	0
153.0	0
154.0	0
153.0	0
153.0	0
152.0	0
152.0	0
151.0	0
151.0	0
150.0	0
150.0	0
150.0	0
148.0	0
148.0	0
147.0	0
146.0	0
64.0	1
145.0	0
143.0	0
57.0	6
47.0	9
15.0	34
2.0	42
8.0	52
11.0	55
46.0	29
7.0	14
76.0	5
39.0	2
111.0	1
137.0	0
137.0	0
136.0	0
136.0	0
136.0	0
137.0	0
137.0	0
137.0	0
138.0	0
140.0	0
139.0	0
140.0	0
140.0	0
140.0	0
141.0	0
141.0	0
141.0	0
142.0	0
141.0	0
142.0	0
143.0	0
144.0	0
144.0	0
144.0	0
145.0	0
113.0	1
46.0	8
46.0	12
41.0	35
8.0	39
49.0	27
16.0	11
51.0	2
93.0	4
40.0	2
151.0	0
20.0	3
152.0	0
153.0	0
153.0	0
153.0	0
152.0	0
152.0	0
152.0	0
152.0	0
152.0	0
153.0	0
151.0	0
151.0	0
151.0	0
150.0	0
149.0	0
149.0	0
148.0	0
147.0	0
116.0	1
145.0	0
145.0	0
144.0	0
144.0	0
21.0	2
143.0	1
70.0	5
12.0	24
28.0	27
43.0	22
21.0	20
23.0	11
103.0	2
138.0	0
137.0	0
136.0	0
136.0	0
136.0	0
137.0	0
137.0	0
136.0	0
137.0	0
138.0	0
137.0	0
139.0	0
139.0	0
139.0	0
141.0	0
141.0	0
141.0	0
141.0	0
141.0	0
141.0	0
142.0	0
142.0	0
143.0	0
143.0	0
144.0	0
123.0	1
145.0	0
73.0	1
118.0	2
129.0	1
46.0	6
65.0	7
29.0	14
92.0	2
40.0	3
151.0	0
98.0	1
49.0	2
79.0	1
153.0	0
153.0	0
153.0	0
155.0	0
155.0	0
156.0	0
156.0	0
154.0	0
154.0	0
154.0	0
154.0	0
152.0	0
152.0	0
152.0	0
150.0	0
150.0	0
150.0	0
148.0	0
148.0	0
148.0	0
146.0	0
47.0	1
145.0	0
144.0	0
143.0	0
137.0	1
72.0	4
58.0	6
91.0	7
65.0	6
84.0	4
139.0	0
139.0	0
139.0	0
138.0	0
80.0	1
136.0	0
136.0	0
136.0	0
137.0	0
136.0	0
137.0	0
137.0	0
137.0	0
138.0	0
138.0	0
139.0	0
140.0	0
142.0	0
141.0	0
140.0	0
141.0	0
142.0	0
142.0	0
143.0	0
143.0	0
144.0	0
145.0	0
146.0	0
147.0	0
148.0	0
148.0	0
146.0	1
65.0	1
70.0	2
9.0	2
19.0	2
152.0	0
152.0	0
153.0	0
154.0	0
154.0	0
155.0	0
155.0	0
155.0	0
154.0	0
155.0	0
156.0	0
156.0	0
155.0	0
155.0	0
154.0	0
154.0	0
153.0	0
153.0	0
152.0	0
152.0	0
151.0	0
149.0	0
150.0	0
148.0	0
147.0	0
147.0	0
146.0	0
145.0	0
144.0	0
145.0	0
143.0	0
143.0	1
112.0	1
118.0	2
128.0	1
141.0	0
120.0	1
113.0	1
140.0	0
139.0	0
138.0	0
137.0	0
137.0	0
135.0	0
135.0	0
137.0	0
137.0	0
137.0	0
138.0	0
139.0	0
140.0	0
141.0	0
140.0	0
142.0	0
142.0	0
141.0	0
142.0	0
143.0	0
143.0	0
143.0	0
144.0	0
145.0	0
146.0	0
148.0	0
148.0	0
148.0	0
149.0	0
150.0	0
62.0	4
152.0	0
152.0	0
153.0	0
78.0	1
153.0	0
155.0	0
155.0	0
155.0	0
155.0	0
156.0	0
156.0	0
155.0	0
156.0	0
155.0	0
155.0	0
154.0	0
155.0	0
153.0	0
154.0	0
153.0	0
152.0	0
151.0	0
151.0	0
150.0	0
150.0	0
149.0	0
147.0	0
147.0	0
146.0	0
145.0	0
144.0	0
144.0	0
139.0	1
126.0	1
59.0	2
40.0	2
141.0	0
140.0	0
140.0	0
139.0	0
137.0	0
137.0	0
136.0	0
136.0	0
136.0	0
135.0	0
136.0	0
136.0	0
136.0	0
136.0	0
137.0	0
136.0	0
138.0	0
138.0	0
140.0	0
141.0	0
141.0	0
141.0	0
140.0	0
141.0	0
142.0	0
142.0	0
144.0	0
145.0	0
145.0	0
147.0	0
148.0	0
148.0	0
150.0	0
106.0	2
151.0	0
152.0	0
152.0	0
152.0	0
154.0	0
154.0	0
155.0	0
156.0	0
156.0	0
155.0	0
156.0	0
156.0	0
156.0	0
156.0	0
157.0	0
156.0	0
157.0	0
156.0	0
155.0	0
154.0	0
155.0	0
154.0	0
153.0	0
152.0	0
151.0	0
150.0	0
149.0	0
148.0	0
147.0	0
147.0	0
146.0	0
146.0	0
145.0	0
145.0	0
144.0	0
143.0	0
142.0	0
142.0	0
142.0	0
141.0	0
139.0	0
138.0	0
137.0	0
137.0	0
136.0	0
136.0	0
135.0	0
136.0	0
136.0	0
136.0	0
137.0	0
137.0	0
136.0	0
137.0	0
138.0	0
139.0	0
138.0	0
139.0	0
141.0	0
141.0	0
142.0	0
143.0	0
143.0	0
144.0	0
145.0	0
146.0	0
147.0	0
147.0	0
149.0	0
150.0	0
151.0	0
152.0	0
152.0	0
152.0	0
154.0	0
154.0	0
154.0	0
155.0	0
155.0	0
155.0	0
156.0	0
156.0	0
157.0	0
157.0	0
157.0	0
158.0	0
158.0	0
157.0	0
158.0	0
156.0	0
157.0	0
155.0	0
153.0	0
153.0	0
152.0	0
152.0	0
151.0	0
150.0	0
151.0	0
149.0	0
149.0	0
147.0	0
147.0	0
146.0	0
145.0	0
144.0	0
142.0	1
143.0	0
142.0	0
142.0	1
141.0	0
140.0	0
138.0	0
138.0	0
138.0	0
137.0	0
137.0	0
137.0	0
136.0	0
136.0	0
136.0	0
135.0	0
136.0	0
136.0	0
136.0	0
137.0	0
137.0	0
139.0	0
140.0	0
140.0	0
140.0	0
141.0	0
143.0	0
143.0	0
145.0	0
145.0	0
146.0	0
147.0	0
148.0	0
149.0	0
149.0	0
151.0	0
152.0	0
153.0	0
43.0	1
153.0	0
154.0	0
154.0	0
154.0	0
156.0	0
156.0	0
156.0	0
157.0	0
156.0	0
156.0	0
156.0	0
157.0	0
157.0	0
158.0	0
158.0	0
157.0	0
156.0	0
156.0	0
154.0	0
154.0	0
153.0	0
152.0	0
151.0	0
151.0	0
149.0	0
148.0	0
148.0	0
147.0	0
146.0	0
146.0	0
144.0	0
144.0	0
143.0	0
142.0	0
142.0	0
141.0	0
140.0	0
139.0	0
139.0	0
138.0	0
137.0	0
137.0	0
136.0	0
135.0	0
135.0	0
136.0	0
135.0	0
136.0	0
136.0	0
136.0	0
137.0	0
137.0	0
138.0	0
139.0	0
141.0	0
142.0	0
142.0	0
143.0	0
144.0	0
145.0	0
146.0	0
147.0	0
147.0	0
149.0	0
149.0	0
149.0	0
150.0	0
151.0	0
151.0	0
152.0	0
152.0	0
153.0	0
154.0	0
156.0	0
157.0	0
157.0	0
157.0	0
158.0	0
158.0	0
158.0	0
157.0	0
158.0	0
159.0	0
157.0	0
158.0	0
158.0	0
157.0	0
156.0	0
156.0	0
156.0	0
155.0	0
155.0	0
152.0	0
152.0	0
151.0	0
151.0	0
149.0	0
149.0	0
147.0	0
147.0	0
146.0	0
146.0	0
144.0	0
143.0	0
142.0	0
142.0	0
141.0	0
142.0	0
141.0	0
140.0	0
139.0	0
138.0	0
137.0	0
136.0	0
137.0	0
136.0	0
135.0	0
135.0	0
136.0	0
135.0	0
135.0	0
135.0	0
135.0	0
137.0	0
138.0	0
138.0	0
139.0	0
142.0	0
142.0	0
143.0	0
143.0	0
145.0	0
146.0	0
147.0	0
147.0	0
148.0	0
149.0	0
151.0	0
151.0	0
152.0	0
152.0	0
153.0	0
154.0	0
155.0	0
155.0	0
155.0	0
156.0	0
157.0	0
157.0	0
158.0	0
158.0	0
158.0	0
158.0	0
159.0	0
158.0	0
157.0	0
157.0	0
156.0	0
157.0	0
156.0	0
156.0	0
155.0	0
153.0	0
153.0	0
152.0	0
153.0	0
150.0	0
150.0	0
149.0	0
148.0	0
147.0	0
147.0	0
146.0	0
144.0	0
143.0	0
87.0	1
142.0	0
142.0	0
140.0	0
140.0	0
138.0	0
138.0	0
137.0	0
137.0	0
136.0	0
136.0	0
135.0	0
136.0	0
135.0	0
135.0	0
134.0	0
134.0	0
135.0	0
135.0	0
135.0	0
137.0	0
138.0	0
139.0	0
140.0	0
140.0	0
142.0	0
143.0	0
145.0	0
145.0	0
146.0	0
147.0	0
147.0	0
148.0	0
148.0	0
150.0	0
150.0	0
151.0	0
152.0	0
154.0	0
154.0	0
155.0	0
155.0	0
157.0	0
157.0	0
157.0	0
157.0	0
156.0	0
157.0	0
158.0	0
158.0	0
158.0	0
158.0	0
157.0	0
157.0	0
156.0	0
157.0	0
156.0	0
154.0	0
154.0	0
152.0	0
152.0	0
151.0	0
151.0	0
149.0	0
148.0	0
147.0	0
147.0	0
145.0	0
144.0	0
143.0	0
143.0	0
143.0	0
142.0	0
140.0	0
140.0	0
108.0	1
139.0	0
137.0	0
136.0	0
136.0	0
135.0	0
136.0	0
136.0	0
135.0	0
134.0	0
135.0	0
135.0	0
134.0	0
136.0	0
136.0	0
136.0	0
137.0	0
138.0	0
137.0	0
140.0	0
141.0	0
143.0	0
144.0	0
144.0	0
147.0	0
147.0	0
148.0	0
148.0	0
150.0	0
151.0	0
151.0	0
152.0	0
153.0	0
154.0	0
155.0	0
156.0	0
156.0	0
158.0	0
157.0	0
158.0	0
158.0	0
159.0	0
160.0	0
161.0	0
161.0	0
160.0	0
160.0	0
160.0	0
160.0	0
158.0	0
160.0	0
158.0	0
157.0	0
156.0	0
155.0	0
155.0	0
153.0	0
154.0	0
151.0	0
152.0	0
149.0	0
149.0	0
147.0	0
147.0	0
146.0	0
145.0	0
144.0	0
144.0	0
143.0	0
40.0	1
141.0	0
141.0	0
140.0	0
138.0	0
138.0	0
137.0	0
137.0	0
137.0	0
137.0	0
136.0	0
136.0	0
135.0	0
135.0	0
135.0	0
136.0	0
135.0	0
137.0	0
136.0	0
137.0	0
138.0	0
139.0	0
140.0	0
143.0	0
144.0	0
144.0	0
147.0	0
147.0	0
148.0	0
149.0	0
149.0	0
151.0	0
151.0	0
152.0	0
152.0	0
153.0	0
154.0	0
154.0	0
156.0	0
156.0	0
157.0	0
157.0	0
158.0	0
158.0	0
158.0	0
159.0	0
159.0	0
159.0	0
158.0	0
159.0	0
159.0	0
158.0	0
158.0	0
158.0	0
158.0	0
156.0	0
156.0	0
155.0	0
154.0	0
152.0	0
152.0	0
151.0	0
149.0	0
149.0	0
148.0	0
147.0	0
147.0	0
145.0	0
145.0	0
144.0	0
142.0	0
142.0	0
142.0	0
140.0	0
140.0	0
139.0	0
138.0	0
137.0	0
136.0	0
136.0	0
135.0	0
135.0	0
135.0	0
134.0	0
135.0	0
136.0	0
136.0	0
135.0	0
136.0	0
135.0	0
137.0	0
137.0	0
140.0	0
140.0	0
142.0	0
142.0	0
144.0	0
145.0	0
147.0	0
148.0	0
148.0	0
148.0	0
149.0	0
150.0	0
151.0	0
152.0	0
152.0	0
153.0	0
154.0	0
155.0	0
155.0	0
155.0	0
156.0	0
157.0	0
158.0	0
158.0	0
158.0	0
158.0	0
159.0	0
159.0	0
159.0	0
160.0	0
158.0	0
159.0	0
158.0	0
157.0	0
158.0	0
157.0	0
155.0	0
155.0	0
154.0	0
152.0	0
151.0	0
150.0	0
149.0	0
148.0	0
147.0	0
146.0	0
146.0	0
87.0	1
144.0	0
143.0	0
142.0	0
140.0	0
140.0	0
139.0	0
138.0	0
137.0	0
136.0	0
135.0	0
134.0	0
135.0	0
135.0	0
135.0	0
136.0	0
136.0	0
134.0	0
135.0	0
135.0	0
135.0	0
136.0	0
136.0	0
137.0	0
137.0	0
138.0	0
139.0	0
142.0	0
143.0	0
145.0	0
146.0	0
148.0	0
149.0	0
149.0	0
149.0	0
150.0	0
152.0	0
152.0	0
152.0	0
154.0	0
154.0	0
155.0	0
155.0	0
156.0	0
157.0	0
158.0	0
157.0	0
158.0	0
158.0	0
159.0	0
159.0	0
159.0	0
159.0	0
159.0	0
159.0	0
159.0	0
158.0	0
156.0	0
156.0	0
157.0	0
155.0	0
155.0	0
155.0	0
153.0	0
152.0	0
152.0	0
151.0	0
149.0	0
148.0	0
147.0	0
147.0	0
145.0	0
145.0	0
143.0	0
142.0	0
142.0	0
140.0	0
140.0	0
138.0	0
137.0	0
136.0	0
135.0	0
136.0	0
136.0	0
135.0	0
135.0	0
135.0	0
135.0	0
136.0	0
135.0	0
135.0	0
135.0	0
135.0	0
135.0	0
135.0	0
136.0	0
137.0	0
139.0	0
139.0	0
140.0	0
142.0	0
144.0	0
146.0	0
147.0	0
148.0	0
150.0	0
149.0	0
150.0	0
151.0	0
152.0	0
153.0	0
153.0	0
154.0	0
156.0	0
157.0	0
158.0	0
158.0	0
159.0	0
159.0	0
159.0	0
160.0	0
160.0	0
160.0	0
159.0	0
160.0	0
160.0	0
160.0	0
159.0	0
158.0	0
158.0	0
156.0	0
156.0	0
154.0	0
154.0	0
153.0	0
151.0	0
151.0	0
150.0	0
149.0	0
149.0	0
147.0	0
146.0	0
144.0	0
144.0	0
143.0	0
141.0	0
141.0	0
140.0	0
139.0	0
139.0	0
138.0	0
137.0	0
136.0	0
135.0	0
136.0	0
135.0	0
135.0	0
135.0	0
136.0	0
135.0	0
136.0	0
136.0	0
135.0	0
135.0	0
135.0	0
137.0	0
137.0	0
138.0	0
139.0	0
139.0	0
140.0	0
144.0	0
145.0	0
146.0	0
147.0	0
149.0	0
150.0	0
150.0	0
138.0	1
151.0	0
152.0	0
153.0	0
154.0	0
155.0	0
155.0	0
156.0	0
156.0	0
157.0	0
156.0	0
158.0	0
159.0	0
160.0	0
161.0	0
160.0	0
160.0	0
160.0	0
160.0	0
160.0	0
159.0	0
158.0	0
159.0	0
159.0	0
157.0	0
156.0	0
155.0	0
154.0	0
153.0	0
153.0	0
150.0	0
149.0	0
150.0	0
87.0	1
22.0	1
146.0	0
145.0	0
25.0	1
144.0	0
142.0	0
142.0	0
140.0	0
139.0	0
139.0	0
137.0	0
136.0	0
136.0	0
135.0	0
136.0	0
136.0	0
135.0	0
136.0	0
136.0	0
136.0	0
136.0	0
136.0	0
136.0	0
136.0	0
136.0	0
138.0	0
138.0	0
138.0	0
140.0	0
142.0	0
143.0	0
144.0	0
144.0	0
146.0	0
147.0	0
149.0	0
150.0	0
97.0	1
151.0	0
152.0	0
153.0	0
154.0	0
154.0	0
155.0	0
157.0	0
156.0	0
156.0	0
157.0	0
158.0	0
159.0	0
159.0	0
159.0	0
160.0	0
159.0	0
160.0	0
160.0	0
160.0	0
160.0	0
159.0	0
158.0	0
157.0	0
158.0	0
158.0	0
158.0	0
154.0	0
153.0	0
152.0	0
152.0	0
151.0	0
150.0	0
149.0	0
148.0	0
148.0	0
97.0	2
145.0	0
144.0	0
143.0	0
141.0	0
142.0	0
140.0	0
140.0	0
139.0	0
137.0	0
137.0	0
137.0	0
137.0	0
137.0	0
138.0	0
137.0	0
137.0	0
137.0	0
137.0	0
137.0	0
138.0	0
137.0	0
137.0	0
137.0	0
135.0	0
137.0	0
137.0	0
138.0	0
139.0	0
143.0	0
143.0	0
144.0	0
146.0	0
146.0	0
147.0	0
150.0	0
151.0	0
104.0	1
151.0	0
152.0	0
152.0	0
154.0	0
133.0	1
156.0	0
155.0	0
156.0	0
156.0	0
157.0	0
157.0	0
157.0	0
158.0	0
158.0	0
158.0	0
159.0	0
158.0	0
157.0	0
156.0	0
156.0	0
156.0	0
154.0	0
155.0	0
152.0	0
152.0	0
152.0	0
151.0	0
150.0	0
149.0	0
148.0	0
13.0	1
146.0	0
30.0	3
39.0	1
134.0	2
142.0	1
141.0	0
141.0	0
139.0	0
138.0	0
137.0	0
136.0	0
135.0	0
135.0	0
135.0	0
134.0	0
135.0	0
135.0	0
135.0	0
136.0	0
135.0	0
136.0	0
136.0	0
136.0	0
135.0	0
135.0	0
135.0	0
135.0	0
138.0	0
139.0	0
139.0	0
38.0	1
141.0	0
49.0	1
143.0	0
144.0	0
145.0	0
147.0	0
148.0	1
149.0	0
128.0	1
152.0	0
152.0	0
151.0	0
152.0	0
153.0	0
154.0	0
155.0	0
156.0	0
157.0	0
157.0	0
158.0	0
158.0	0
158.0	0
158.0	0
158.0	0
158.0	0
158.0	0
159.0	0
158.0	0
158.0	0
157.0	0
157.0	0
156.0	0
155.0	0
154.0	0
154.0	0
154.0	0
47.0	1
151.0	0
54.0	1
25.0	1
24.0	3
30.0	3
46.0	2
56.0	4
138.0	1
142.0	0
141.0	0
140.0	0
139.0	0
138.0	0
138.0	0
48.0	1
137.0	0
137.0	0
135.0	0
137.0	0
136.0	0
137.0	0
138.0	0
137.0	0
137.0	0
136.0	0
136.0	0
136.0	0
138.0	0
138.0	0
137.0	0
138.0	0
137.0	0
81.0	1
138.0	0
140.0	0
140.0	0
142.0	0
143.0	0
144.0	0
145.0	0
147.0	0
65.0	1
149.0	0
55.0	1
114.0	1
149.0	1
152.0	0
152.0	0
153.0	0
153.0	0
153.0	0
156.0	0
156.0	0
156.0	0
156.0	0
157.0	0
158.0	0
158.0	0
158.0	0
157.0	0
157.0	0
157.0	0
158.0	0
157.0	0
156.0	0
155.0	0
155.0	0
154.0	0
153.0	0
151.0	0
49.0	2
150.0	0
149.0	0
53.0	3
73.0	4
27.0	10
12.0	23
28.0	11
28.0	12
33.0	1
142.0	0
140.0	0
139.0	0
17.0	1
138.0	0
138.0	0
137.0	0
136.0	0
135.0	0
136.0	0
137.0	0
136.0	0
137.0	0
136.0	0
136.0	0
136.0	0
136.0	0
136.0	0
137.0	0
136.0	0
137.0	0
137.0	0
136.0	0
138.0	0
139.0	0
139.0	0
140.0	0
115.0	1
138.0	1
144.0	1
60.0	3
65.0	4
116.0	5
98.0	3
24.0	6
87.0	2
98.0	1
151.0	0
69.0	1
153.0	0
153.0	0
154.0	0
154.0	0
154.0	0
156.0	0
157.0	0
157.0	0
157.0	0
156.0	0
158.0	0
158.0	0
158.0	0
158.0	0
158.0	0
157.0	0
157.0	0
157.0	0
156.0	0
155.0	0
153.0	0
153.0	0
151.0	0
152.0	0
64.0	3
54.0	7
39.0	6
19.0	29
20.0	19
31.0	15
29.0	15
43.0	5
76.0	3
113.0	1
68.0	2
140.0	0
28.0	1
139.0	0
139.0	0
138.0	0
137.0	0
136.0	0
137.0	0
137.0	0
136.0	0
138.0	0
137.0	0
137.0	0
136.0	0
138.0	0
137.0	0
138.0	0
137.0	0
138.0	0
138.0	0
137.0	0
137.0	0
134.0	1
139.0	0
108.0	1
141.0	0
71.0	1
144.0	0
141.0	1
52.0	3
134.0	3
147.0	0
130.0	2
140.0	1
136.0	2
151.0	0
151.0	0
138.0	1
152.0	0
153.0	0
153.0	0
154.0	0
155.0	0
155.0	0
156.0	0
156.0	0
42.0	1
156.0	0
156.0	0
157.0	0
157.0	0
156.0	0
156.0	0
155.0	0
156.0	0
154.0	0
154.0	0
153.0	0
152.0	0
143.0	1
49.0	2
57.0	2
22.0	13
12.0	16
10.0	25
28.0	20
36.0	9
14.0	4
86.0	2
29.0	1
95.0	1
139.0	0
62.0	1
138.0	0
137.0	0
72.0	1
137.0	0
135.0	0
137.0	0
136.0	0
137.0	0
136.0	0
136.0	0
136.0	0
136.0	0
138.0	0
138.0	0
138.0	0
138.0	0
138.0	0
137.0	0
138.0	0
138.0	0
136.0	0
138.0	0
138.0	0
140.0	0
142.0	0
143.0	0
144.0	0
144.0	0
130.0	1
146.0	0
137.0	4
148.0	0
135.0	2
150.0	0
150.0	0
151.0	0
151.0	0
152.0	0
153.0	0
154.0	0
154.0	0
154.0	0
154.0	0
154.0	0
155.0	0
155.0	0
155.0	0
155.0	0
155.0	0
155.0	0
155.0	0
155.0	0
153.0	0
153.0	0
153.0	0
152.0	0
14.0	1
35.0	4
32.0	5
32.0	6
14.0	20
18.0	12
27.0	16
44.0	8
53.0	4
31.0	4
96.0	2
140.0	0
140.0	0
139.0	0
137.0	0
137.0	0
137.0	0
137.0	0
136.0	0
136.0	0
136.0	0
137.0	0
137.0	0
136.0	0
136.0	0
136.0	0
137.0	0
137.0	0
137.0	0
136.0	0
137.0	0
137.0	0
137.0	0
60.0	2
137.0	0
137.0	1
139.0	1
77.0	2
125.0	1
88.0	1
141.0	0
141.0	0
143.0	0
144.0	0
144.0	0
145.0	0
146.0	0
129.0	1
127.0	1
148.0	0
148.0	0
149.0	0
151.0	0
151.0	0
152.0	0
153.0	0
154.0	0
155.0	0
155.0	0
155.0	0
86.0	1
155.0	0
156.0	0
60.0	3
154.0	1
156.0	0
154.0	0
154.0	0
154.0	0
153.0	0
152.0	0
152.0	0
31.0	4
75.0	3
29.0	10
27.0	11
42.0	6
44.0	10
45.0	6
40.0	1
73.0	1
72.0	1
140.0	0
123.0	1
139.0	0
139.0	0
82.0	1
139.0	0
138.0	0
137.0	1
137.0	0
136.0	0
137.0	0
138.0	0
137.0	0
137.0	0
138.0	0
138.0	0
139.0	0
138.0	0
138.0	0
139.0	0
137.0	0
138.0	0
76.0	2
138.0	0
139.0	0
140.0	0
138.0	0
139.0	0
139.0	0
39.0	1
139.0	0
141.0	0
141.0	0
143.0	0
144.0	0
145.0	0
146.0	0
148.0	1
148.0	0
148.0	0
149.0	0
150.0	0
151.0	0
151.0	0
152.0	0
152.0	0
152.0	0
153.0	0
153.0	0
142.0	1
79.0	1
154.0	0
106.0	2
154.0	0
80.0	1
153.0	0
153.0	0
152.0	0
151.0	0
152.0	0
150.0	0
30.0	4
64.0	6
19.0	10
47.0	5
76.0	1
69.0	4
86.0	2
143.0	0
142.0	0
141.0	0
141.0	0
140.0	0
141.0	0
139.0	0
138.0	0
138.0	0
138.0	0
137.0	0
137.0	0
138.0	0
138.0	0
137.0	0
137.0	0
136.0	0
137.0	0
137.0	0
137.0	0
137.0	0
137.0	0
136.0	0
137.0	0
137.0	0
116.0	1
98.0	2
137.0	0
113.0	1
131.0	1
140.0	0
139.0	0
139.0	0
140.0	0
140.0	0
141.0	0
142.0	0
142.0	0
143.0	0
144.0	0
145.0	0
146.0	0
147.0	0
147.0	0
149.0	0
149.0	0
150.0	0
151.0	0
48.0	2
151.0	0
152.0	0
153.0	0
153.0	0
153.0	0
153.0	0
153.0	0
40.0	1
155.0	0
154.0	0
154.0	0
136.0	1
153.0	0
152.0	0
29.0	1
26.0	5
61.0	6
55.0	3
60.0	2
40.0	1
87.0	1
21.0	1
144.0	0
144.0	0
142.0	0
142.0	0
141.0	0
141.0	0
141.0	0
139.0	0
139.0	0
138.0	0
138.0	0
138.0	0
138.0	0
138.0	0
138.0	0
137.0	0
137.0	0
137.0	0
56.0	1
137.0	0
138.0	0
138.0	0
138.0	0
138.0	0
112.0	1
139.0	0
139.0	1
139.0	0
139.0	0
137.0	1
139.0	0
139.0	0
139.0	0
139.0	0
140.0	0
139.0	1
141.0	0
141.0	0
142.0	0
143.0	0
144.0	0
144.0	0
146.0	0
146.0	0
147.0	0
148.0	0
149.0	0
25.0	1
149.0	0
151.0	0
151.0	0
151.0	0
152.0	0
153.0	0
151.0	0
122.0	1
153.0	0
152.0	0
151.0	0
152.0	0
152.0	0
152.0	0
151.0	0
151.0	0
151.0	0
54.0	4
150.0	0
148.0	0
109.0	2
129.0	1
145.0	0
145.0	0
144.0	0
143.0	1
143.0	0
142.0	0
141.0	0
140.0	0
139.0	0
140.0	0
139.0	0
139.0	0
139.0	0
137.0	0
138.0	0
137.0	0
137.0	0
136.0	0
136.0	0
136.0	0
136.0	0
138.0	0
139.0	0
138.0	0
138.0	0
138.0	0
138.0	0
139.0	0
139.0	0
128.0	2
139.0	0
92.0	1
134.0	1
138.0	0
138.0	0
138.0	0
139.0	0
140.0	0
140.0	0
140.0	0
142.0	0
141.0	0
142.0	0
144.0	0
144.0	0
144.0	0
146.0	0
146.0	0
147.0	0
148.0	0
148.0	0
149.0	0
147.0	0
149.0	0
149.0	0
149.0	0
149.0	0
150.0	0
150.0	0
151.0	0
151.0	0
150.0	0
150.0	0
150.0	0
150.0	0
135.0	1
148.0	0
28.0	2
147.0	0
136.0	1
146.0	0
145.0	0
144.0	0
143.0	0
143.0	0
142.0	0
142.0	0
140.0	0
139.0	0
138.0	0
138.0	0
138.0	0
137.0	0
137.0	0
136.0	0
137.0	0
136.0	0
137.0	0
135.0	1
136.0	0
136.0	0
136.0	0
135.0	0
137.0	0
137.0	0
137.0	0
137.0	0
138.0	0
110.0	1
138.0	0
138.0	0
137.0	0
137.0	0
137.0	0
137.0	0
140.0	0
140.0	0
141.0	0
140.0	0
141.0	0
141.0	0
142.0	0
143.0	0
143.0	0
143.0	0
144.0	0
144.0	0
145.0	0
145.0	0
146.0	0
147.0	0
147.0	0
149.0	0
149.0	0
150.0	0
150.0	0
151.0	0
150.0	0
151.0	0
151.0	0
150.0	0
151.0	0
150.0	0
150.0	0
150.0	0
150.0	0
150.0	0
141.0	1
148.0	0
148.0	0
93.0	1
147.0	0
147.0	0
146.0	0
146.0	0
144.0	0
143.0	0
142.0	0
142.0	0
140.0	0
140.0	0
140.0	0
140.0	0
139.0	0
140.0	0
139.0	0
139.0	0
138.0	0
137.0	0
138.0	0
138.0	0
138.0	0
138.0	0
138.0	0
138.0	0
138.0	0
138.0	0
139.0	0
139.0	0
138.0	0
102.0	1
138.0	0
139.0	0
113.0	1
139.0	0
140.0	0
140.0	0
140.0	0
140.0	0
140.0	0
139.0	0
140.0	0
140.0	0
140.0	0
140.0	0
141.0	0
142.0	0
142.0	0
142.0	0
144.0	0
143.0	0
145.0	0
146.0	0
146.0	0
147.0	0
147.0	0
147.0	0
147.0	0
149.0	0
149.0	0
149.0	0
149.0	0
149.0	0
149.0	0
148.0	0
149.0	0
149.0	0
12.0	1
147.0	0
148.0	0
74.0	1
147.0	0
146.0	0
146.0	0
144.0	0
144.0	0
144.0	0
142.0	0
142.0	0
141.0	0
140.0	0
139.0	0
138.0	0
138.0	0
137.0	0
138.0	0
139.0	0
137.0	0
137.0	0
136.0	0
137.0	0
136.0	0
136.0	0
136.0	0
136.0	0
137.0	0
137.0	0
137.0	0
138.0	0
137.0	0
138.0	0
138.0	0
138.0	0
138.0	0
138.0	0
138.0	0
138.0	0
139.0	0
139.0	0
139.0	0
139.0	0
139.0	0
140.0	0
139.0	0
140.0	0
141.0	0
141.0	0
141.0	0
141.0	0
142.0	0
143.0	0
143.0	0
144.0	0
144.0	0
144.0	0
145.0	0
145.0	0
147.0	0
147.0	0
148.0	0
148.0	0
148.0	0
148.0	0
148.0	0
148.0	0
149.0	0
148.0	0
148.0	0
149.0	0
148.0	0
147.0	0
146.0	0
147.0	0
145.0	0
145.0	0
145.0	0
144.0	0
143.0	0
143.0	0
142.0	0
142.0	0
140.0	0
139.0	0
139.0	0
138.0	0
138.0	0
138.0	0
138.0	0
137.0	0
136.0	0
136.0	0
137.0	0
137.0	0
137.0	0
136.0	0
136.0	0
136.0	0
136.0	0
136.0	0
137.0	0
138.0	0
139.0	0
139.0	0
138.0	0
138.0	0
138.0	0
138.0	1
139.0	0
139.0	0
139.0	0
139.0	0
139.0	0
139.0	0
140.0	0
139.0	0
141.0	0
140.0	0
141.0	0
142.0	0
141.0	0
140.0	0
141.0	0
142.0	0
142.0	0
143.0	0
144.0	0
144.0	0
145.0	0
145.0	0
146.0	0
147.0	0
148.0	0
148.0	0
147.0	0
147.0	0
148.0	0
80.0	1
148.0	0
147.0	0
149.0	0
149.0	0
148.0	0
146.0	0
147.0	0
147.0	0
145.0	0
145.0	0
143.0	0
42.0	1
142.0	0
142.0	0
142.0	0
141.0	0
140.0	0
139.0	0
139.0	0
138.0	0
138.0	0
138.0	0
139.0	0
138.0	0
137.0	0
138.0	0
138.0	0
137.0	0
137.0	0
136.0	0
136.0	0
137.0	0
137.0	0
138.0	0
138.0	0
138.0	0
139.0	0
138.0	0
139.0	0
138.0	0
139.0	0
139.0	0
139.0	0
140.0	0
138.0	0
139.0	0
139.0	0
140.0	0
139.0	0
139.0	0
140.0	0
139.0	0
141.0	0
141.0	0
141.0	0
140.0	0
141.0	0
142.0	0
142.0	0
143.0	0
144.0	0
145.0	0
145.0	0
145.0	0
146.0	0
146.0	0
146.0	0
146.0	0
147.0	0
147.0	0
148.0	0
147.0	0
148.0	0
148.0	0
147.0	0
147.0	0
146.0	0
147.0	0
145.0	0
146.0	0
144.0	0
144.0	0
144.0	0
144.0	0
143.0	0
142.0	0
141.0	0
140.0	0
140.0	0
139.0	0
139.0	0
138.0	0
138.0	0
138.0	0
138.0	0
138.0	0
137.0	0
137.0	0
137.0	0
137.0	0
137.0	0
137.0	0
137.0	0
137.0	0
137.0	0
138.0	0
138.0	0
138.0	0
138.0	0
138.0	0
139.0	0
138.0	0
138.0	0
138.0	0
139.0	0
139.0	0
138.0	0
139.0	0
138.0	0
138.0	0
138.0	0
139.0	0
137.0	0
139.0	0
139.0	0
140.0	0
141.0	0
140.0	0
141.0	0
141.0	0
141.0	0
141.0	0
141.0	0
142.0	0
142.0	0
143.0	0
143.0	0
143.0	0
145.0	0
144.0	0
145.0	0
145.0	0
145.0	0
145.0	0
145.0	0
145.0	0
145.0	0
146.0	0
144.0	0
144.0	0
144.0	0
144.0	0
143.0	0
143.0	0
142.0	0
142.0	0
142.0	0
140.0	0
140.0	0
139.0	0
138.0	0
137.0	0
136.0	0
138.0	0
137.0	0
136.0	0
137.0	0
137.0	0
136.0	0
137.0	0
137.0	0
135.0	0
136.0	0
136.0	0
135.0	0
136.0	0
136.0	0
136.0	0
136.0	0
137.0	0
137.0	0
137.0	0
138.0	0
138.0	0
137.0	0
137.0	0
137.0	0
137.0	0
139.0	0
137.0	0
138.0	0
138.0	0
138.0	0
139.0	0
140.0	0
139.0	0
139.0	0
141.0	0
140.0	0
142.0	0
142.0	0
142.0	0
143.0	0
142.0	0
143.0	0
144.0	0
145.0	0
145.0	0
144.0	0
145.0	0
146.0	0
145.0	0
147.0	0
146.0	0
146.0	0
146.0	0
145.0	0
146.0	0
146.0	0
145.0	0
145.0	0
145.0	0
145.0	0
144.0	0
144.0	0
144.0	0
142.0	0
142.0	0
142.0	0
140.0	0
140.0	0
140.0	0
139.0	0
139.0	0
138.0	0
138.0	0
138.0	0
138.0	0
138.0	0
138.0	0
137.0	0
138.0	0
138.0	0
137.0	0
138.0	0
137.0	0
137.0	0
138.0	0
138.0	0
137.0	0
137.0	0
138.0	0
137.0	0
138.0	0
139.0	0
138.0	0
138.0	0
138.0	0
138.0	0
138.0	0
137.0	0
138.0	0
137.0	0
137.0	0
137.0	0
138.0	0
139.0	0
138.0	0
140.0	0
139.0	0
140.0	0
140.0	0
141.0	0
141.0	0
140.0	0
140.0	0
142.0	0
142.0	0
143.0	0
142.0	0
144.0	0
144.0	0
144.0	0
143.0	0
144.0	0
144.0	0
145.0	0
145.0	0
143.0	0
144.0	0
144.0	0
144.0	0
143.0	0
143.0	0
142.0	0
142.0	0
143.0	0
142.0	0
140.0	0
139.0	0
139.0	0
139.0	0
139.0	0
138.0	0
139.0	0
139.0	0
138.0	0
139.0	0
137.0	0
138.0	0
138.0	0
137.0	0
137.0	0
137.0	0
138.0	0
137.0	0
137.0	0
137.0	0
137.0	0
136.0	0
136.0	0
136.0	0
136.0	0
137.0	0
137.0	0
137.0	0
137.0	0
137.0	0
137.0	0
136.0	0
137.0	0
137.0	0
137.0	0
137.0	0
139.0	0
138.0	0
139.0	0
139.0	0
138.0	0
139.0	0
139.0	0
140.0	0
141.0	0
140.0	0
141.0	0
141.0	0
141.0	0
142.0	0
141.0	0
144.0	0
145.0	0
143.0	0
144.0	0
143.0	0
145.0	0
145.0	0
144.0	0
144.0	0
144.0	0
145.0	0
144.0	0
144.0	0
144.0	0
90.0	1
144.0	0
143.0	0
143.0	0
142.0	0
141.0	0
141.0	0
141.0	0
140.0	0
140.0	0
138.0	0
139.0	0
139.0	0
138.0	0
138.0	0
139.0	0
139.0	0
137.0	0
138.0	0
137.0	0
138.0	0
138.0	0
139.0	0
137.0	0
137.0	0
138.0	0
137.0	0
137.0	0
137.0	0
137.0	0
130.0	1
137.0	0
138.0	0
139.0	0
138.0	0
138.0	0
137.0	0
138.0	0
139.0	0
138.0	0
137.0	0
139.0	0
139.0	0
138.0	0
137.0	0
138.0	0
139.0	0
139.0	0
139.0	0
139.0	0
140.0	0
140.0	0
142.0	0
141.0	0
142.0	0
141.0	0
142.0	0
142.0	0
143.0	0
143.0	0
143.0	0
144.0	0
143.0	0
145.0	0
144.0	0
144.0	0
144.0	0
143.0	0
144.0	0
143.0	0
143.0	0
144.0	0
144.0	0
143.0	0
143.0	0
143.0	0
142.0	0
141.0	0
140.0	0
140.0	0
140.0	0
140.0	0
138.0	0
139.0	0
138.0	0
138.0	0
139.0	0
139.0	0
139.0	0
137.0	0
138.0	0
137.0	0
137.0	0
137.0	0
137.0	0
136.0	0
138.0	0
137.0	0
136.0	0
138.0	0
136.0	0
136.0	0
136.0	0
136.0	0
138.0	0
138.0	0
138.0	0
138.0	0
137.0	0
139.0	0
137.0	0
138.0	0
137.0	0
138.0	0
139.0	0
139.0	0
139.0	0
138.0	0
140.0	0
139.0	0
140.0	0
140.0	0
140.0	0
141.0	0
142.0	0
141.0	0
142.0	0
142.0	0
141.0	0
141.0	0
142.0	0
142.0	0
143.0	0
142.0	0
143.0	0
143.0	0
142.0	0
142.0	0
143.0	0
143.0	0
142.0	0
143.0	0
143.0	0
143.0	0
144.0	0
143.0	0
143.0	0
142.0	0
142.0	0
142.0	0
140.0	0
140.0	0
139.0	0
139.0	0
139.0	0
139.0	0
139.0	0
139.0	0
140.0	0
138.0	0
139.0	0
137.0	0
138.0	0
137.0	0
137.0	0
137.0	0
136.0	0
137.0	0
136.0	0
136.0	0
136.0	0
84.0	1
136.0	0
136.0	0
136.0	0
136.0	0
137.0	0
137.0	0
137.0	0
137.0	0
138.0	0
138.0	0
139.0	0
139.0	0
139.0	0
139.0	0
138.0	0
137.0	0
137.0	0
138.0	0
139.0	0
138.0	0
139.0	0
139.0	0
140.0	0
140.0	0
140.0	0
140.0	0
141.0	0
141.0	0
142.0	0
141.0	0
141.0	0
141.0	0
142.0	0
143.0	0
142.0	0
142.0	0
142.0	0
143.0	0
142.0	0
143.0	0
143.0	0
142.0	0
143.0	0
142.0	0
142.0	0
141.0	0
141.0	0
140.0	0
85.0	1
139.0	0
138.0	0
139.0	0
139.0	0
139.0	0
138.0	0
138.0	0
138.0	0
139.0	0
139.0	0
137.0	0
137.0	0
137.0	0
138.0	0
137.0	0
137.0	0
136.0	0
136.0	0
137.0	0
137.0	0
137.0	0
136.0	0
136.0	0
136.0	0
137.0	0
137.0	0
137.0	0
137.0	0
136.0	0
136.0	0
138.0	0
137.0	0
110.0	1
137.0	0
137.0	0
138.0	0
138.0	0
138.0	0
139.0	0
139.0	0
138.0	0
139.0	0
139.0	0
140.0	0
139.0	0
140.0	0
141.0	0
141.0	0
142.0	0
142.0	0
141.0	0
142.0	0
142.0	0
142.0	0
142.0	0
142.0	0
142.0	0
143.0	0
143.0	0
142.0	0
144.0	0
144.0	0
143.0	0
143.0	0
143.0	0
143.0	0
143.0	0
143.0	0
143.0	0
142.0	0
142.0	0
141.0	0
141.0	0
141.0	0
140.0	0
140.0	0
140.0	0
139.0	0
139.0	0
140.0	0
139.0	0
138.0	0
139.0	0
139.0	0
138.0	0
139.0	0
137.0	0
138.0	0
138.0	0
137.0	0
138.0	0
137.0	0
137.0	0
136.0	0
136.0	0
137.0	0
138.0	0
138.0	0
136.0	0
137.0	0
137.0	0
139.0	0
139.0	0
139.0	0
138.0	0
137.0	0
138.0	0
138.0	0
138.0	0
139.0	0
138.0	0
138.0	0
138.0	0
139.0	0
138.0	0
139.0	0
139.0	0
140.0	0
141.0	0
140.0	0
141.0	0
141.0	0
141.0	0
142.0	0
142.0	0
142.0	0
143.0	0
142.0	0
143.0	0
142.0	0
143.0	0
142.0	0
143.0	0
142.0	0
141.0	0
142.0	0
142.0	0
141.0	0
141.0	0
141.0	0
142.0	0
141.0	0
140.0	0
140.0	0
141.0	0
139.0	0
139.0	0
139.0	0
138.0	0
139.0	0
139.0	0
139.0	0
140.0	0
140.0	0
138.0	0
138.0	0
137.0	0
138.0	0
138.0	0
138.0	0
137.0	0
137.0	0
138.0	0
137.0	0
137.0	0
137.0	0
136.0	0
136.0	0
137.0	0
137.0	0
83.0	1
136.0	0
137.0	0
137.0	0
138.0	0
137.0	0
137.0	0
137.0	0
64.0	1
138.0	0
139.0	0
137.0	0
138.0	0
119.0	1
137.0	0
139.0	0
138.0	0
139.0	0
140.0	0
140.0	0
140.0	0
141.0	0
141.0	0
141.0	0
140.0	0
141.0	0
142.0	0
142.0	0
141.0	0
141.0	0
142.0	0
142.0	0
142.0	0
142.0	0
141.0	0
141.0	0
141.0	0
142.0	0
143.0	0
143.0	0
142.0	0
142.0	0
140.0	0
141.0	0
141.0	0
141.0	0
139.0	0
139.0	0
139.0	0
140.0	0
140.0	0
139.0	0
139.0	0
139.0	0
139.0	0
138.0	0
139.0	0
138.0	0
137.0	0
138.0	0
137.0	0
137.0	0
136.0	0
136.0	0
136.0	0
136.0	0
135.0	0
136.0	0
136.0	0
24.0	1
136.0	0
137.0	0
137.0	0
137.0	0
138.0	0
138.0	0
137.0	0
137.0	0
137.0	0
137.0	0
137.0	0
137.0	0
137.0	0
139.0	1
138.0	0
139.0	0
139.0	0
140.0	0
140.0	0
139.0	0
140.0	0
141.0	0
142.0	0
142.0	0
142.0	0
142.0	0
141.0	0
144.0	0
143.0	0
143.0	0
143.0	0
143.0	0
143.0	0
143.0	0
143.0	0
143.0	0
143.0	0
143.0	0
142.0	0
143.0	0
142.0	0
142.0	0
142.0	0
142.0	0
142.0	0
142.0	0
142.0	0
140.0	0
140.0	0
140.0	0
139.0	0
140.0	0
140.0	0
140.0	0
141.0	0
140.0	0
139.0	0
139.0	0
140.0	0
138.0	0
138.0	0
139.0	0
138.0	0
139.0	0
138.0	0
137.0	0
138.0	0
138.0	0
138.0	0
138.0	0
137.0	0
136.0	0
137.0	0
137.0	0
138.0	0
137.0	0
108.0	1
138.0	0
137.0	0
137.0	0
137.0	0
89.0	1
138.0	0
138.0	0
139.0	0
139.0	0
139.0	0
139.0	0
139.0	0
139.0	0
140.0	0
139.0	0
139.0	0
140.0	0
142.0	0
143.0	0
143.0	0
142.0	0
141.0	0
142.0	0
143.0	0
143.0	0
142.0	0
143.0	0
143.0	0
144.0	0
144.0	0
144.0	0
143.0	0
143.0	0
142.0	0
143.0	0
141.0	0
142.0	0
142.0	0
142.0	0
142.0	0
142.0	0
140.0	0
140.0	0
83.0	1
140.0	0
139.0	0
139.0	0
139.0	0
140.0	0
140.0	0
139.0	0
139.0	0
139.0	0
139.0	0
138.0	0
139.0	0
138.0	0
137.0	0
138.0	0
138.0	0
139.0	0
138.0	0
137.0	0
138.0	0
136.0	0
138.0	0
137.0	0
137.0	0
138.0	0
138.0	0
137.0	0
137.0	0
136.0	0
137.0	0
138.0	0
138.0	0
138.0	0
106.0	1
138.0	0
137.0	1
139.0	0
136.0	0
136.0	0
136.0	0
136.0	0
138.0	0
138.0	0
138.0	0
138.0	0
139.0	0
140.0	0
141.0	0
140.0	0
140.0	0
140.0	0
141.0	0
140.0	0
140.0	0
141.0	0
142.0	0
142.0	0
141.0	0
141.0	0
140.0	0
141.0	0
140.0	0
141.0	0
140.0	0
140.0	0
140.0	0
140.0	0
139.0	0
138.0	0
138.0	0
139.0	0
138.0	0
138.0	0
138.0	0
137.0	0
137.0	0
136.0	0
137.0	0
136.0	0
137.0	0
136.0	0
137.0	0
137.0	0
136.0	0
137.0	0
136.0	0
136.0	0
136.0	0
136.0	0
137.0	0
137.0	0
137.0	0
136.0	0
136.0	0
134.0	0
135.0	0
135.0	0
135.0	0
135.0	0
136.0	0
135.0	0
109.0	2
135.0	0
134.0	0
135.0	0
109.0	2
136.0	0
104.0	1
104.0	2
