SA_diff	pop
225.0	0
224.0	0
226.0	0
224.0	0
226.0	0
227.0	0
228.0	0
228.0	0
229.0	0
229.0	0
229.0	0
229.0	0
229.0	0
230.0	0
230.0	0
231.0	0
230.0	0
231.0	0
230.0	0
231.0	0
230.0	0
231.0	0
230.0	0
230.0	0
229.0	0
230.0	0
230.0	0
229.0	0
230.0	0
229.0	0
229.0	0
229.0	0
228.0	0
227.0	0
227.0	0
227.0	0
226.0	0
227.0	0
227.0	0
225.0	0
226.0	0
226.0	0
226.0	0
226.0	0
226.0	0
226.0	0
227.0	0
226.0	0
226.0	0
226.0	0
226.0	0
225.0	0
226.0	0
225.0	0
226.0	0
225.0	0
225.0	0
224.0	0
224.0	0
224.0	0
224.0	0
225.0	0
224.0	0
225.0	0
225.0	0
225.0	0
225.0	0
161.0	1
133.0	1
224.0	0
157.0	2
225.0	0
225.0	0
224.0	1
224.0	0
225.0	0
224.0	0
225.0	0
225.0	0
227.0	0
226.0	0
226.0	0
227.0	0
227.0	0
229.0	0
227.0	0
228.0	0
229.0	0
229.0	0
228.0	0
228.0	0
228.0	0
228.0	0
228.0	0
227.0	0
228.0	0
227.0	0
228.0	0
228.0	0
228.0	0
227.0	0
227.0	0
228.0	0
227.0	0
227.0	0
228.0	0
225.0	0
226.0	0
226.0	0
226.0	0
226.0	0
225.0	0
225.0	0
224.0	0
225.0	0
224.0	0
225.0	0
225.0	0
224.0	0
224.0	0
224.0	0
224.0	0
223.0	0
223.0	0
223.0	0
224.0	0
224.0	0
223.0	0
222.0	0
222.0	0
82.0	1
221.0	0
222.0	0
106.0	2
222.0	0
204.0	1
161.0	1
224.0	0
174.0	3
136.0	4
221.0	3
100.0	5
186.0	3
83.0	5
222.0	0
218.0	1
223.0	0
223.0	0
224.0	0
224.0	0
226.0	0
224.0	0
224.0	0
224.0	0
225.0	0
225.0	0
225.0	0
224.0	0
224.0	0
225.0	0
226.0	0
226.0	0
226.0	0
226.0	0
226.0	0
226.0	0
227.0	0
227.0	0
226.0	0
227.0	0
226.0	0
226.0	0
227.0	0
225.0	0
225.0	0
226.0	0
221.0	1
224.0	0
224.0	0
224.0	0
225.0	0
224.0	0
225.0	0
223.0	0
223.0	0
222.0	0
223.0	0
223.0	0
222.0	0
223.0	0
222.0	0
222.0	0
221.0	0
221.0	0
220.0	0
221.0	0
221.0	0
214.0	1
221.0	0
221.0	0
221.0	0
221.0	0
221.0	0
170.0	1
221.0	0
201.0	1
210.0	1
127.0	4
161.0	3
162.0	4
159.0	8
143.0	6
110.0	18
124.0	27
118.0	7
158.0	5
174.0	2
172.0	1
223.0	0
216.0	1
223.0	0
224.0	0
224.0	0
224.0	0
224.0	0
225.0	0
225.0	0
225.0	0
226.0	0
225.0	0
225.0	0
226.0	0
226.0	0
227.0	0
226.0	0
226.0	0
225.0	0
225.0	0
225.0	0
226.0	0
226.0	0
227.0	0
226.0	0
226.0	0
225.0	0
226.0	0
225.0	0
220.0	1
225.0	0
224.0	0
224.0	0
224.0	0
224.0	0
224.0	0
225.0	0
224.0	0
223.0	0
224.0	0
223.0	0
223.0	0
221.0	0
222.0	0
222.0	0
222.0	0
221.0	0
173.0	2
221.0	0
221.0	0
221.0	0
220.0	0
220.0	0
220.0	0
219.0	1
220.0	0
49.0	2
184.0	1
220.0	1
211.0	1
60.0	5
169.0	6
33.0	12
155.0	8
110.0	17
80.0	46
129.0	44
127.0	38
150.0	22
165.0	8
216.0	3
220.0	1
221.0	0
221.0	0
221.0	0
222.0	0
223.0	0
224.0	0
223.0	0
225.0	0
224.0	0
224.0	0
225.0	0
224.0	0
224.0	0
224.0	0
225.0	0
225.0	0
226.0	0
226.0	0
226.0	0
221.0	1
225.0	0
225.0	0
225.0	0
225.0	0
226.0	0
225.0	0
223.0	0
223.0	0
223.0	0
224.0	0
224.0	0
223.0	0
223.0	0
223.0	0
223.0	0
222.0	0
222.0	0
223.0	0
222.0	0
221.0	0
221.0	0
221.0	0
221.0	0
220.0	0
221.0	0
221.0	0
220.0	1
217.0	1
220.0	0
219.0	2
219.0	0
219.0	0
204.0	1
169.0	4
194.0	3
142.0	2
174.0	1
175.0	6
60.0	4
109.0	4
114.0	16
94.0	18
109.0	10
151.0	16
55.0	29
58.0	59
44.0	91
95.0	76
112.0	35
55.0	20
168.0	5
189.0	1
220.0	0
221.0	0
221.0	1
222.0	0
221.0	1
221.0	0
223.0	0
223.0	0
223.0	0
223.0	0
223.0	0
224.0	0
224.0	0
224.0	0
224.0	0
224.0	0
224.0	0
226.0	0
60.0	1
226.0	0
225.0	0
226.0	0
225.0	0
226.0	0
226.0	0
227.0	0
224.0	0
98.0	2
224.0	0
162.0	1
224.0	0
223.0	0
223.0	0
222.0	0
221.0	0
221.0	0
223.0	0
222.0	0
221.0	0
220.0	0
221.0	0
213.0	1
220.0	0
220.0	0
219.0	2
220.0	0
220.0	0
200.0	2
219.0	0
206.0	2
219.0	0
219.0	0
203.0	1
167.0	2
55.0	2
72.0	2
164.0	5
159.0	5
140.0	8
109.0	12
31.0	11
135.0	20
41.0	17
121.0	22
82.0	47
67.0	83
90.0	110
40.0	49
141.0	34
159.0	7
149.0	4
220.0	0
219.0	2
221.0	0
221.0	0
221.0	0
222.0	0
223.0	0
223.0	0
223.0	0
224.0	0
225.0	0
225.0	0
225.0	0
226.0	0
228.0	0
228.0	0
209.0	1
228.0	0
227.0	0
173.0	1
228.0	0
226.0	0
226.0	0
224.0	1
80.0	1
30.0	1
225.0	0
131.0	1
156.0	1
223.0	1
224.0	0
224.0	0
157.0	2
216.0	1
222.0	0
220.0	1
221.0	0
150.0	1
220.0	0
221.0	0
218.0	1
220.0	0
221.0	0
221.0	0
220.0	0
219.0	0
220.0	0
183.0	2
153.0	1
215.0	1
201.0	1
220.0	0
129.0	2
211.0	1
208.0	5
194.0	2
219.0	3
135.0	7
173.0	8
91.0	14
85.0	15
74.0	18
110.0	22
139.0	18
115.0	26
45.0	58
94.0	86
52.0	95
111.0	59
92.0	28
167.0	8
222.0	0
197.0	1
221.0	1
206.0	1
221.0	0
221.0	0
222.0	0
223.0	0
223.0	0
224.0	0
225.0	0
225.0	0
225.0	0
225.0	0
226.0	0
209.0	2
82.0	1
226.0	0
227.0	0
226.0	0
226.0	0
226.0	0
225.0	0
219.0	1
225.0	0
216.0	1
225.0	0
225.0	0
225.0	0
225.0	0
224.0	0
173.0	2
84.0	1
224.0	0
224.0	0
215.0	3
223.0	0
222.0	0
199.0	2
168.0	4
213.0	1
217.0	1
222.0	0
223.0	0
222.0	0
147.0	1
222.0	0
223.0	0
221.0	1
167.0	2
124.0	2
199.0	3
221.0	0
221.0	1
220.0	1
156.0	2
159.0	7
158.0	8
54.0	12
96.0	14
103.0	15
95.0	23
114.0	31
73.0	40
111.0	27
54.0	44
28.0	74
37.0	81
106.0	73
138.0	39
148.0	8
120.0	5
199.0	1
221.0	1
223.0	0
222.0	0
222.0	0
223.0	0
223.0	0
224.0	0
224.0	0
226.0	0
226.0	0
225.0	0
226.0	0
226.0	0
226.0	0
227.0	0
226.0	0
226.0	0
226.0	0
226.0	0
173.0	1
226.0	0
226.0	0
227.0	0
226.0	0
223.0	2
226.0	0
226.0	0
225.0	0
202.0	1
191.0	1
208.0	2
225.0	0
214.0	1
114.0	4
188.0	2
224.0	1
183.0	2
92.0	4
191.0	1
224.0	1
225.0	0
33.0	2
132.0	1
199.0	1
194.0	2
197.0	1
223.0	0
171.0	6
131.0	1
107.0	3
108.0	4
215.0	1
195.0	6
78.0	2
101.0	3
171.0	4
129.0	7
52.0	17
88.0	22
37.0	25
119.0	28
82.0	30
129.0	42
138.0	44
40.0	58
80.0	76
105.0	88
93.0	56
31.0	27
145.0	14
152.0	8
174.0	1
168.0	3
218.0	1
221.0	0
223.0	0
224.0	0
224.0	0
226.0	0
225.0	0
225.0	0
227.0	0
227.0	0
227.0	0
226.0	0
228.0	0
227.0	0
227.0	1
227.0	0
227.0	0
226.0	0
226.0	0
224.0	1
211.0	1
146.0	1
222.0	1
184.0	2
226.0	0
217.0	1
225.0	0
225.0	0
222.0	1
217.0	1
152.0	2
58.0	3
183.0	5
189.0	2
168.0	1
164.0	1
106.0	2
170.0	6
149.0	4
162.0	3
106.0	3
127.0	4
169.0	2
140.0	5
159.0	3
161.0	4
77.0	7
81.0	14
116.0	10
64.0	8
150.0	10
153.0	5
53.0	6
86.0	6
192.0	10
136.0	6
103.0	18
99.0	17
106.0	42
45.0	57
81.0	68
87.0	57
90.0	83
105.0	90
47.0	82
75.0	58
119.0	54
133.0	24
55.0	17
61.0	3
210.0	1
219.0	0
219.0	0
219.0	0
220.0	0
221.0	0
221.0	0
221.0	0
222.0	0
224.0	0
223.0	0
224.0	0
224.0	0
224.0	0
226.0	0
146.0	1
223.0	0
223.0	0
223.0	0
223.0	0
223.0	0
223.0	0
222.0	0
222.0	0
218.0	1
124.0	1
109.0	4
80.0	2
201.0	1
171.0	3
59.0	5
167.0	2
161.0	4
149.0	6
129.0	8
183.0	8
93.0	16
126.0	4
25.0	4
25.0	8
88.0	8
29.0	4
38.0	3
147.0	6
163.0	6
193.0	2
50.0	6
144.0	5
69.0	12
73.0	21
70.0	22
141.0	20
55.0	12
159.0	10
35.0	10
162.0	9
126.0	8
79.0	12
14.0	20
52.0	34
63.0	42
79.0	47
11.0	64
61.0	81
65.0	97
63.0	80
71.0	86
65.0	73
84.0	41
171.0	13
136.0	7
137.0	4
186.0	1
219.0	0
110.0	1
198.0	1
221.0	0
221.0	0
223.0	0
223.0	0
223.0	0
223.0	0
223.0	0
225.0	0
224.0	0
224.0	0
226.0	0
226.0	0
225.0	0
226.0	0
225.0	0
225.0	0
225.0	0
202.0	1
224.0	0
133.0	4
212.0	2
224.0	0
187.0	2
124.0	3
149.0	2
157.0	3
147.0	3
127.0	5
95.0	9
75.0	10
162.0	12
88.0	13
65.0	10
86.0	5
35.0	13
68.0	16
114.0	10
55.0	9
152.0	5
217.0	2
128.0	3
187.0	2
196.0	1
126.0	3
141.0	5
109.0	12
96.0	12
106.0	13
118.0	7
146.0	14
192.0	9
181.0	8
83.0	17
132.0	19
113.0	38
58.0	36
39.0	61
116.0	62
122.0	77
98.0	85
52.0	105
71.0	69
72.0	66
88.0	54
41.0	36
106.0	11
202.0	4
44.0	3
184.0	1
219.0	0
221.0	0
191.0	1
208.0	1
185.0	1
221.0	0
222.0	0
222.0	1
224.0	0
224.0	0
224.0	0
225.0	0
227.0	0
227.0	0
167.0	1
226.0	0
225.0	0
225.0	0
224.0	0
224.0	0
224.0	0
205.0	2
221.0	1
160.0	1
108.0	2
118.0	4
81.0	4
214.0	2
64.0	3
46.0	7
69.0	7
61.0	14
84.0	14
62.0	15
38.0	14
72.0	11
84.0	9
36.0	17
78.0	21
153.0	14
135.0	16
189.0	7
101.0	4
46.0	3
204.0	2
199.0	1
224.0	1
141.0	3
186.0	1
153.0	2
40.0	6
209.0	5
99.0	8
117.0	8
123.0	20
135.0	14
63.0	34
48.0	35
99.0	51
106.0	57
20.0	71
33.0	76
73.0	89
71.0	86
77.0	78
38.0	52
50.0	34
88.0	25
194.0	10
65.0	7
166.0	7
225.0	1
146.0	3
204.0	1
208.0	1
226.0	0
142.0	1
209.0	1
226.0	0
227.0	0
82.0	1
227.0	0
227.0	0
227.0	0
228.0	0
198.0	1
124.0	1
229.0	0
230.0	0
228.0	0
228.0	0
228.0	0
228.0	1
201.0	2
163.0	1
227.0	2
229.0	0
76.0	3
228.0	0
168.0	4
150.0	4
98.0	3
179.0	9
32.0	14
62.0	27
162.0	13
54.0	19
67.0	27
56.0	21
64.0	26
112.0	35
60.0	17
77.0	11
98.0	8
141.0	5
49.0	4
37.0	3
206.0	1
193.0	1
71.0	2
229.0	1
229.0	0
228.0	1
173.0	6
166.0	1
148.0	9
100.0	8
106.0	22
162.0	20
67.0	31
55.0	61
60.0	68
31.0	68
64.0	69
33.0	74
80.0	66
67.0	64
81.0	68
88.0	28
81.0	19
134.0	14
217.0	1
182.0	4
138.0	5
210.0	1
226.0	0
159.0	1
88.0	1
200.0	1
108.0	1
227.0	0
100.0	1
227.0	0
228.0	0
228.0	0
227.0	0
229.0	0
229.0	0
229.0	0
230.0	0
229.0	0
229.0	0
229.0	0
108.0	1
151.0	3
229.0	0
61.0	4
57.0	2
229.0	0
170.0	3
74.0	7
91.0	7
59.0	7
80.0	8
59.0	11
117.0	11
58.0	18
92.0	18
49.0	23
77.0	33
48.0	28
31.0	40
11.0	25
38.0	19
43.0	11
157.0	16
160.0	6
125.0	2
231.0	0
213.0	1
169.0	1
231.0	0
230.0	0
219.0	1
229.0	1
175.0	1
140.0	8
146.0	6
114.0	13
133.0	24
100.0	30
66.0	43
123.0	42
54.0	67
62.0	74
47.0	89
84.0	69
87.0	54
70.0	52
121.0	38
142.0	19
70.0	25
105.0	7
147.0	6
224.0	1
220.0	1
221.0	0
222.0	1
223.0	0
223.0	0
222.0	0
223.0	0
224.0	0
223.0	1
225.0	0
225.0	0
226.0	0
226.0	0
227.0	0
226.0	0
224.0	1
225.0	0
226.0	0
226.0	0
225.0	0
227.0	0
224.0	0
207.0	1
223.0	1
167.0	1
105.0	2
191.0	4
164.0	3
55.0	8
162.0	10
78.0	10
50.0	10
85.0	15
86.0	20
38.0	17
50.0	27
35.0	52
29.0	48
47.0	30
37.0	19
59.0	22
122.0	8
123.0	3
222.0	3
228.0	0
85.0	2
198.0	1
228.0	0
210.0	2
204.0	1
62.0	1
95.0	3
159.0	1
89.0	4
202.0	2
137.0	14
90.0	13
115.0	35
133.0	31
60.0	57
96.0	60
82.0	63
88.0	64
83.0	63
72.0	60
123.0	53
101.0	24
73.0	23
108.0	14
121.0	10
65.0	7
218.0	2
207.0	2
226.0	0
226.0	0
225.0	0
226.0	0
227.0	0
227.0	0
226.0	0
222.0	1
227.0	0
206.0	2
229.0	0
228.0	0
227.0	0
228.0	0
227.0	0
227.0	0
227.0	0
227.0	0
228.0	0
227.0	0
226.0	0
228.0	0
227.0	0
228.0	0
167.0	4
160.0	6
170.0	1
230.0	1
147.0	7
80.0	17
169.0	7
31.0	17
68.0	20
79.0	26
92.0	30
42.0	52
67.0	42
56.0	42
60.0	31
61.0	9
119.0	6
229.0	1
232.0	1
185.0	1
224.0	2
232.0	0
187.0	3
204.0	1
201.0	2
120.0	3
201.0	2
227.0	2
225.0	6
183.0	4
137.0	8
49.0	19
52.0	15
132.0	40
143.0	37
39.0	54
73.0	56
43.0	62
81.0	46
100.0	58
128.0	30
60.0	23
174.0	22
71.0	14
172.0	8
196.0	5
110.0	2
157.0	1
109.0	1
222.0	1
225.0	0
225.0	0
226.0	0
209.0	1
226.0	0
227.0	0
227.0	0
227.0	0
228.0	0
228.0	0
227.0	0
222.0	1
226.0	0
227.0	0
228.0	0
228.0	0
228.0	0
227.0	0
227.0	0
227.0	0
170.0	3
174.0	5
178.0	4
62.0	15
99.0	8
143.0	7
82.0	10
68.0	9
44.0	18
60.0	10
24.0	33
64.0	37
97.0	28
42.0	66
57.0	34
48.0	21
75.0	10
178.0	3
189.0	5
232.0	2
102.0	4
232.0	0
232.0	0
122.0	1
187.0	3
152.0	4
97.0	6
212.0	5
162.0	8
182.0	3
182.0	4
193.0	7
107.0	10
134.0	23
54.0	16
147.0	30
81.0	25
70.0	50
92.0	51
109.0	65
107.0	56
126.0	42
72.0	33
79.0	32
153.0	15
93.0	10
168.0	4
221.0	1
170.0	1
214.0	1
223.0	0
223.0	0
223.0	0
129.0	2
223.0	0
224.0	0
224.0	0
226.0	0
226.0	0
227.0	0
227.0	0
225.0	0
225.0	0
226.0	0
226.0	0
226.0	0
226.0	0
225.0	0
225.0	0
225.0	0
225.0	0
181.0	1
227.0	1
217.0	3
146.0	6
99.0	8
122.0	10
76.0	11
97.0	9
190.0	10
111.0	21
40.0	22
67.0	27
88.0	34
51.0	40
71.0	45
45.0	15
70.0	9
124.0	6
182.0	2
184.0	2
216.0	1
232.0	1
232.0	0
231.0	0
136.0	3
129.0	2
133.0	9
20.0	9
148.0	15
96.0	8
52.0	9
66.0	8
190.0	4
128.0	6
122.0	7
145.0	9
106.0	32
113.0	25
76.0	50
55.0	56
35.0	49
83.0	36
111.0	51
24.0	38
65.0	21
129.0	17
61.0	16
152.0	8
200.0	4
222.0	0
197.0	1
225.0	0
207.0	1
224.0	0
224.0	0
225.0	0
225.0	0
225.0	0
226.0	0
228.0	0
228.0	0
228.0	0
226.0	0
226.0	0
227.0	0
227.0	0
227.0	0
226.0	0
227.0	0
226.0	0
226.0	0
227.0	0
228.0	1
229.0	0
169.0	6
163.0	5
48.0	17
92.0	13
50.0	18
93.0	17
58.0	19
91.0	15
72.0	23
13.0	31
12.0	34
65.0	30
18.0	27
71.0	12
125.0	5
178.0	1
224.0	1
201.0	1
214.0	1
192.0	2
233.0	0
233.0	1
234.0	1
210.0	2
187.0	5
157.0	9
80.0	9
66.0	8
56.0	8
198.0	5
97.0	4
107.0	7
176.0	8
96.0	7
59.0	16
71.0	35
50.0	32
93.0	44
28.0	39
56.0	43
92.0	38
141.0	34
125.0	24
113.0	22
53.0	16
88.0	8
69.0	7
187.0	3
213.0	2
146.0	2
223.0	0
224.0	0
225.0	0
225.0	0
225.0	0
226.0	0
226.0	0
226.0	0
227.0	0
227.0	0
227.0	0
226.0	0
226.0	0
228.0	0
227.0	0
227.0	0
226.0	0
226.0	0
228.0	1
227.0	0
228.0	0
208.0	1
193.0	3
58.0	10
168.0	16
109.0	22
86.0	30
93.0	41
93.0	35
21.0	44
59.0	34
19.0	56
118.0	26
79.0	34
44.0	21
143.0	3
226.0	1
235.0	0
231.0	1
236.0	0
236.0	0
234.0	0
235.0	0
235.0	0
236.0	0
208.0	2
149.0	1
183.0	2
148.0	4
229.0	6
138.0	4
222.0	1
66.0	6
169.0	4
125.0	6
201.0	5
107.0	7
80.0	27
27.0	26
55.0	38
82.0	36
90.0	45
84.0	51
18.0	41
11.0	23
30.0	23
125.0	15
139.0	9
155.0	4
224.0	0
172.0	1
222.0	0
223.0	0
223.0	0
225.0	0
225.0	0
224.0	0
224.0	0
225.0	0
226.0	0
226.0	0
226.0	0
226.0	0
225.0	0
226.0	0
226.0	0
226.0	0
225.0	0
226.0	0
227.0	0
228.0	0
227.0	0
227.0	0
227.0	0
206.0	5
49.0	16
55.0	34
60.0	58
26.0	103
57.0	110
63.0	84
51.0	50
41.0	51
62.0	45
39.0	35
33.0	18
143.0	9
234.0	0
235.0	0
236.0	0
235.0	0
236.0	0
237.0	0
236.0	0
236.0	0
236.0	0
235.0	0
236.0	0
234.0	0
233.0	0
233.0	0
233.0	1
183.0	2
231.0	0
231.0	0
173.0	2
221.0	2
152.0	9
81.0	7
44.0	17
60.0	30
120.0	36
81.0	40
64.0	46
35.0	59
75.0	41
13.0	36
92.0	26
80.0	15
136.0	9
120.0	5
213.0	1
214.0	1
225.0	0
226.0	0
225.0	0
225.0	0
226.0	0
226.0	0
227.0	0
227.0	0
227.0	0
227.0	0
227.0	0
228.0	0
228.0	0
228.0	0
229.0	0
228.0	0
228.0	0
228.0	0
228.0	0
230.0	0
231.0	0
231.0	0
118.0	3
40.0	8
95.0	50
51.0	158
42.0	314
41.0	295
63.0	232
78.0	100
18.0	78
84.0	61
64.0	49
64.0	24
68.0	8
191.0	1
238.0	0
238.0	0
238.0	0
239.0	0
239.0	0
239.0	0
239.0	0
239.0	0
238.0	0
238.0	0
238.0	0
238.0	0
236.0	0
236.0	0
236.0	0
234.0	0
235.0	0
234.0	0
234.0	0
221.0	1
116.0	3
162.0	4
102.0	15
25.0	15
118.0	38
59.0	57
49.0	52
74.0	61
22.0	47
70.0	25
46.0	18
146.0	10
168.0	9
178.0	2
156.0	1
225.0	0
224.0	0
224.0	0
225.0	0
224.0	0
224.0	0
225.0	0
226.0	0
226.0	0
225.0	0
225.0	0
226.0	0
226.0	0
226.0	0
227.0	0
227.0	0
227.0	0
226.0	0
227.0	0
229.0	0
229.0	0
184.0	1
88.0	1
135.0	3
79.0	17
76.0	132
54.0	619
66.0	731
32.0	435
27.0	222
62.0	90
14.0	103
63.0	41
73.0	29
181.0	4
111.0	1
107.0	1
238.0	0
124.0	1
238.0	0
238.0	0
238.0	0
238.0	0
238.0	0
237.0	0
237.0	0
237.0	0
236.0	0
236.0	0
236.0	0
235.0	0
234.0	0
233.0	0
233.0	0
233.0	0
232.0	0
232.0	0
41.0	1
202.0	3
85.0	10
111.0	11
30.0	29
107.0	53
13.0	66
46.0	47
64.0	44
161.0	19
77.0	9
160.0	3
224.0	0
224.0	0
224.0	0
223.0	0
224.0	0
222.0	0
223.0	0
224.0	0
223.0	0
224.0	0
224.0	0
224.0	0
225.0	0
225.0	0
225.0	0
226.0	0
226.0	0
227.0	0
227.0	0
227.0	0
228.0	0
228.0	0
228.0	0
228.0	0
229.0	0
230.0	0
231.0	0
103.0	15
34.0	213
58.0	861
41.0	610
33.0	244
38.0	110
66.0	51
77.0	34
70.0	12
106.0	2
238.0	0
236.0	0
237.0	0
237.0	0
238.0	0
238.0	0
238.0	0
239.0	0
238.0	0
236.0	0
238.0	0
237.0	0
237.0	0
236.0	0
236.0	0
235.0	0
235.0	0
235.0	0
233.0	0
234.0	0
232.0	0
231.0	0
231.0	0
231.0	0
229.0	0
69.0	4
91.0	14
2.0	32
87.0	57
38.0	52
5.0	37
74.0	28
109.0	8
37.0	5
209.0	2
224.0	0
186.0	1
223.0	0
225.0	0
225.0	0
226.0	0
225.0	0
225.0	0
225.0	0
226.0	0
226.0	0
227.0	0
227.0	0
227.0	0
227.0	0
227.0	0
227.0	0
227.0	0
227.0	0
227.0	0
229.0	0
229.0	0
229.0	0
229.0	0
230.0	0
231.0	0
100.0	5
183.0	10
89.0	120
16.0	295
32.0	147
16.0	77
46.0	43
107.0	17
128.0	3
164.0	1
238.0	0
239.0	0
239.0	0
239.0	0
240.0	0
239.0	0
240.0	0
241.0	0
241.0	0
241.0	0
240.0	0
241.0	0
240.0	0
239.0	0
239.0	0
238.0	0
237.0	0
236.0	0
236.0	0
235.0	0
235.0	0
233.0	0
233.0	0
232.0	0
232.0	1
230.0	0
73.0	6
82.0	6
29.0	20
18.0	34
68.0	36
51.0	16
78.0	8
213.0	1
193.0	1
223.0	0
223.0	0
223.0	0
224.0	0
224.0	0
224.0	0
224.0	0
225.0	0
224.0	0
225.0	0
224.0	0
225.0	0
226.0	0
225.0	0
226.0	0
226.0	0
226.0	0
227.0	0
227.0	0
227.0	0
227.0	0
228.0	0
229.0	0
230.0	0
231.0	0
231.0	0
232.0	0
61.0	1
93.0	11
94.0	24
76.0	59
92.0	31
73.0	15
74.0	9
197.0	2
238.0	0
238.0	0
239.0	0
240.0	0
240.0	0
241.0	0
241.0	0
240.0	0
240.0	0
241.0	0
241.0	0
241.0	0
240.0	0
240.0	0
239.0	0
240.0	0
239.0	0
239.0	0
237.0	0
238.0	0
237.0	0
235.0	0
234.0	0
233.0	0
234.0	0
232.0	0
231.0	0
231.0	0
133.0	4
60.0	3
54.0	17
123.0	18
0.0	14
136.0	7
227.0	0
226.0	0
225.0	0
225.0	0
224.0	0
224.0	0
224.0	0
226.0	0
226.0	0
226.0	0
226.0	0
227.0	0
226.0	0
226.0	0
227.0	0
226.0	0
227.0	0
227.0	0
228.0	0
229.0	0
228.0	0
229.0	0
230.0	0
230.0	0
230.0	0
232.0	0
233.0	0
233.0	0
234.0	0
235.0	0
185.0	1
223.0	5
110.0	9
53.0	15
48.0	7
157.0	3
189.0	1
240.0	0
151.0	1
241.0	0
241.0	0
242.0	0
243.0	0
243.0	0
244.0	0
245.0	0
244.0	0
244.0	0
244.0	0
243.0	0
244.0	0
244.0	0
241.0	0
242.0	0
241.0	0
240.0	0
239.0	0
239.0	0
237.0	0
238.0	0
238.0	0
236.0	0
235.0	0
234.0	0
234.0	0
232.0	0
232.0	0
213.0	3
232.0	0
136.0	7
202.0	2
207.0	1
228.0	0
228.0	0
228.0	0
227.0	0
226.0	0
225.0	0
225.0	0
223.0	0
223.0	0
224.0	0
224.0	0
223.0	0
224.0	0
225.0	0
224.0	0
224.0	0
225.0	0
227.0	0
226.0	0
226.0	0
226.0	0
227.0	0
228.0	0
229.0	0
230.0	0
231.0	0
232.0	0
232.0	0
234.0	0
235.0	0
235.0	0
234.0	1
65.0	3
212.0	1
177.0	2
239.0	0
239.0	0
239.0	0
240.0	0
241.0	0
242.0	0
242.0	0
242.0	0
242.0	0
242.0	0
242.0	0
242.0	0
243.0	0
242.0	0
242.0	0
242.0	0
241.0	0
240.0	0
240.0	0
239.0	0
238.0	0
238.0	0
236.0	0
236.0	0
235.0	0
235.0	0
234.0	0
233.0	0
232.0	0
231.0	0
231.0	0
218.0	1
172.0	1
229.0	0
156.0	3
228.0	0
227.0	0
226.0	0
227.0	0
227.0	0
226.0	0
225.0	0
224.0	0
223.0	0
223.0	0
222.0	0
223.0	0
224.0	0
225.0	0
224.0	0
224.0	0
225.0	0
226.0	0
225.0	0
228.0	0
226.0	0
227.0	0
228.0	0
229.0	0
229.0	0
230.0	0
231.0	0
231.0	0
232.0	0
234.0	0
235.0	0
235.0	0
236.0	0
237.0	0
237.0	0
238.0	0
193.0	1
240.0	0
239.0	0
241.0	0
241.0	0
241.0	0
242.0	0
243.0	0
243.0	0
244.0	0
242.0	0
242.0	0
243.0	0
244.0	0
242.0	0
243.0	0
242.0	0
241.0	0
241.0	0
240.0	0
240.0	0
240.0	0
238.0	0
237.0	0
237.0	0
236.0	0
235.0	0
234.0	0
233.0	0
232.0	0
232.0	0
231.0	0
148.0	1
22.0	3
71.0	1
229.0	0
228.0	0
228.0	0
228.0	0
227.0	0
227.0	0
226.0	0
225.0	0
225.0	0
223.0	0
225.0	0
226.0	0
225.0	0
225.0	0
225.0	0
225.0	0
225.0	0
225.0	0
225.0	0
225.0	0
225.0	0
227.0	0
228.0	0
229.0	0
230.0	0
231.0	0
233.0	0
233.0	0
234.0	0
236.0	0
236.0	0
237.0	0
238.0	0
239.0	0
240.0	0
242.0	0
241.0	0
196.0	1
243.0	0
243.0	0
244.0	0
245.0	0
245.0	0
245.0	0
246.0	0
246.0	0
245.0	0
246.0	0
246.0	0
245.0	0
246.0	0
245.0	0
244.0	0
243.0	0
242.0	0
242.0	0
242.0	0
241.0	0
240.0	0
238.0	0
238.0	0
237.0	0
236.0	0
236.0	0
235.0	0
235.0	0
235.0	0
233.0	0
232.0	0
232.0	0
231.0	0
232.0	0
230.0	0
175.0	1
228.0	0
227.0	0
226.0	0
225.0	0
225.0	0
224.0	0
225.0	0
224.0	0
223.0	0
223.0	0
223.0	0
223.0	0
222.0	0
224.0	0
225.0	0
223.0	0
224.0	0
225.0	0
226.0	0
226.0	0
228.0	0
228.0	0
229.0	0
230.0	0
231.0	0
232.0	0
233.0	0
234.0	0
236.0	0
236.0	0
237.0	0
238.0	0
239.0	0
239.0	0
239.0	0
241.0	0
241.0	0
242.0	0
242.0	0
242.0	0
243.0	0
244.0	0
245.0	0
244.0	0
245.0	0
244.0	0
244.0	0
244.0	0
244.0	0
242.0	0
242.0	0
241.0	0
240.0	0
240.0	0
239.0	0
239.0	0
238.0	0
237.0	0
237.0	0
215.0	1
234.0	0
234.0	0
234.0	0
234.0	0
233.0	0
231.0	0
230.0	0
230.0	0
229.0	0
229.0	0
227.0	0
226.0	0
225.0	0
225.0	0
224.0	0
223.0	0
223.0	0
223.0	0
222.0	0
222.0	0
222.0	0
222.0	0
223.0	0
222.0	0
222.0	0
223.0	0
222.0	0
224.0	0
224.0	0
226.0	0
227.0	0
228.0	0
229.0	0
229.0	0
231.0	0
232.0	0
233.0	0
235.0	0
236.0	0
236.0	0
237.0	0
238.0	0
240.0	0
240.0	0
241.0	0
240.0	0
241.0	0
241.0	0
242.0	0
243.0	0
244.0	0
244.0	0
244.0	0
244.0	0
244.0	0
244.0	0
244.0	0
244.0	0
245.0	0
245.0	0
243.0	0
243.0	0
243.0	0
241.0	0
241.0	0
240.0	0
240.0	0
238.0	0
238.0	0
237.0	0
236.0	0
235.0	0
234.0	0
234.0	0
234.0	0
232.0	0
231.0	0
230.0	0
229.0	0
229.0	0
228.0	0
228.0	0
227.0	0
226.0	0
225.0	0
224.0	0
224.0	0
224.0	0
222.0	0
222.0	0
223.0	0
223.0	0
225.0	0
225.0	0
226.0	0
225.0	0
225.0	0
226.0	0
225.0	0
227.0	0
227.0	0
229.0	0
230.0	0
231.0	0
232.0	0
233.0	0
234.0	0
236.0	0
236.0	0
237.0	0
237.0	0
238.0	0
240.0	0
241.0	0
242.0	0
242.0	0
244.0	0
243.0	0
244.0	0
244.0	0
245.0	0
245.0	0
246.0	0
247.0	0
247.0	0
247.0	0
247.0	0
247.0	0
247.0	0
247.0	0
248.0	0
247.0	0
247.0	0
246.0	0
245.0	0
244.0	0
244.0	0
243.0	0
243.0	0
242.0	0
241.0	0
240.0	0
239.0	0
238.0	0
236.0	0
237.0	0
236.0	0
235.0	0
234.0	0
233.0	0
232.0	0
231.0	0
232.0	0
230.0	0
230.0	0
229.0	0
227.0	0
227.0	0
227.0	0
227.0	0
224.0	0
225.0	0
225.0	0
226.0	0
223.0	0
224.0	0
224.0	0
226.0	0
226.0	0
226.0	0
227.0	0
227.0	0
228.0	0
229.0	0
231.0	0
231.0	0
232.0	0
233.0	0
234.0	0
236.0	0
236.0	0
237.0	0
239.0	0
239.0	0
242.0	0
241.0	0
242.0	0
241.0	0
243.0	0
243.0	0
246.0	0
246.0	0
246.0	0
247.0	0
248.0	0
248.0	0
247.0	0
247.0	0
247.0	0
247.0	0
247.0	0
248.0	0
246.0	0
246.0	0
245.0	0
245.0	0
244.0	0
244.0	0
244.0	0
242.0	0
242.0	0
241.0	0
239.0	0
239.0	0
239.0	0
237.0	0
237.0	0
236.0	0
235.0	0
234.0	0
233.0	0
232.0	0
232.0	0
231.0	0
230.0	0
228.0	0
228.0	0
227.0	0
227.0	0
226.0	0
226.0	0
225.0	0
226.0	0
224.0	0
224.0	0
223.0	0
222.0	0
223.0	0
223.0	0
223.0	0
223.0	0
224.0	0
226.0	0
227.0	0
228.0	0
229.0	0
230.0	0
230.0	0
232.0	0
233.0	0
234.0	0
235.0	0
236.0	0
237.0	0
239.0	0
239.0	0
240.0	0
240.0	0
243.0	0
242.0	0
243.0	0
243.0	0
246.0	0
247.0	0
246.0	0
246.0	0
245.0	0
246.0	0
246.0	0
246.0	0
247.0	0
246.0	0
246.0	0
245.0	0
245.0	0
245.0	0
244.0	0
243.0	0
243.0	0
241.0	0
241.0	0
240.0	0
240.0	0
237.0	0
236.0	0
236.0	0
235.0	0
234.0	0
233.0	0
233.0	0
232.0	0
232.0	0
231.0	0
229.0	0
229.0	0
228.0	0
228.0	0
226.0	0
225.0	0
225.0	0
223.0	0
225.0	0
224.0	0
224.0	0
223.0	0
224.0	0
222.0	0
223.0	0
226.0	0
225.0	0
225.0	0
226.0	0
227.0	0
226.0	0
227.0	0
228.0	0
231.0	0
231.0	0
232.0	0
234.0	0
235.0	0
236.0	0
237.0	0
239.0	0
240.0	0
240.0	0
241.0	0
242.0	0
244.0	0
244.0	0
245.0	0
245.0	0
247.0	0
247.0	0
246.0	0
247.0	0
247.0	0
248.0	0
250.0	0
250.0	0
249.0	0
248.0	0
249.0	0
249.0	0
247.0	0
249.0	0
247.0	0
246.0	0
246.0	0
245.0	0
244.0	0
242.0	0
242.0	0
240.0	0
240.0	0
240.0	0
238.0	0
237.0	0
236.0	0
236.0	0
235.0	0
234.0	0
233.0	0
231.0	0
230.0	0
229.0	0
229.0	0
228.0	0
227.0	0
227.0	0
227.0	0
227.0	0
226.0	0
225.0	0
225.0	0
225.0	0
226.0	0
224.0	0
225.0	0
225.0	0
225.0	0
226.0	0
225.0	0
226.0	0
227.0	0
227.0	0
227.0	0
229.0	0
230.0	0
231.0	0
232.0	0
234.0	0
235.0	0
236.0	0
236.0	0
238.0	0
239.0	0
240.0	0
240.0	0
242.0	0
243.0	0
243.0	0
245.0	0
245.0	0
246.0	0
247.0	0
246.0	0
247.0	0
247.0	0
248.0	0
249.0	0
251.0	0
248.0	0
248.0	0
248.0	0
249.0	0
248.0	0
248.0	0
246.0	0
245.0	0
245.0	0
244.0	0
244.0	0
242.0	0
241.0	0
239.0	0
240.0	0
128.0	1
238.0	0
236.0	0
236.0	0
235.0	0
233.0	0
233.0	0
233.0	0
231.0	0
230.0	0
230.0	0
229.0	0
229.0	0
227.0	0
227.0	0
227.0	0
226.0	0
225.0	0
224.0	0
224.0	0
224.0	0
226.0	0
224.0	0
224.0	0
225.0	0
225.0	0
224.0	0
225.0	0
225.0	0
228.0	0
228.0	0
230.0	0
230.0	0
231.0	0
232.0	0
233.0	0
234.0	0
236.0	0
237.0	0
237.0	0
239.0	0
239.0	0
241.0	0
241.0	0
242.0	0
242.0	0
243.0	0
243.0	0
243.0	0
245.0	0
245.0	0
246.0	0
247.0	0
248.0	0
247.0	0
247.0	0
247.0	0
248.0	0
248.0	0
247.0	0
248.0	0
247.0	0
247.0	0
247.0	0
247.0	0
245.0	0
243.0	0
243.0	0
240.0	0
240.0	0
239.0	0
238.0	0
237.0	0
237.0	0
236.0	0
188.0	1
234.0	0
233.0	0
232.0	0
231.0	0
229.0	0
229.0	0
228.0	0
226.0	0
226.0	0
225.0	0
225.0	0
224.0	0
223.0	0
223.0	0
224.0	0
224.0	0
224.0	0
223.0	0
224.0	0
224.0	0
224.0	0
223.0	0
224.0	0
225.0	0
225.0	0
225.0	0
228.0	0
229.0	0
229.0	0
232.0	0
232.0	0
233.0	0
235.0	0
235.0	0
237.0	0
238.0	0
238.0	0
239.0	0
239.0	0
241.0	0
241.0	0
243.0	0
243.0	0
243.0	0
244.0	0
246.0	0
245.0	0
246.0	0
246.0	0
246.0	0
247.0	0
247.0	0
248.0	0
247.0	0
247.0	0
247.0	0
247.0	0
245.0	0
245.0	0
245.0	0
243.0	0
243.0	0
243.0	0
241.0	0
241.0	0
240.0	0
239.0	0
237.0	0
236.0	0
236.0	0
235.0	0
234.0	0
233.0	0
232.0	0
231.0	0
230.0	0
228.0	0
227.0	0
226.0	0
225.0	0
224.0	0
224.0	0
224.0	0
223.0	0
223.0	0
224.0	0
222.0	0
224.0	0
225.0	0
223.0	0
224.0	0
224.0	0
224.0	0
223.0	0
222.0	0
224.0	0
225.0	0
225.0	0
225.0	0
226.0	0
228.0	0
230.0	0
231.0	0
232.0	0
232.0	0
235.0	0
235.0	0
236.0	0
237.0	0
239.0	0
239.0	0
239.0	0
240.0	0
241.0	0
242.0	0
243.0	0
243.0	0
243.0	0
244.0	0
245.0	0
246.0	0
246.0	0
246.0	0
246.0	0
245.0	0
245.0	0
245.0	0
245.0	0
245.0	0
244.0	0
243.0	0
242.0	0
242.0	0
240.0	0
239.0	0
238.0	0
237.0	0
236.0	0
236.0	0
235.0	0
233.0	0
232.0	0
231.0	0
230.0	0
230.0	0
229.0	0
228.0	0
227.0	0
226.0	0
225.0	0
224.0	0
223.0	0
223.0	0
221.0	0
222.0	0
222.0	0
221.0	0
222.0	0
222.0	0
222.0	0
223.0	0
223.0	0
222.0	0
223.0	0
223.0	0
226.0	0
227.0	0
228.0	0
228.0	0
230.0	0
230.0	0
231.0	0
233.0	0
235.0	0
236.0	0
237.0	0
238.0	0
238.0	0
239.0	0
241.0	0
241.0	0
243.0	0
244.0	0
244.0	0
244.0	0
246.0	0
246.0	0
246.0	0
247.0	0
247.0	0
247.0	0
249.0	0
250.0	0
249.0	0
248.0	0
249.0	0
249.0	0
249.0	0
249.0	0
248.0	0
248.0	0
248.0	0
246.0	0
247.0	0
245.0	0
244.0	0
243.0	0
242.0	0
240.0	0
239.0	0
239.0	0
237.0	0
236.0	0
235.0	0
236.0	0
236.0	0
234.0	0
232.0	0
232.0	0
230.0	0
229.0	0
229.0	0
227.0	0
227.0	0
225.0	0
225.0	0
226.0	0
225.0	0
225.0	0
225.0	0
226.0	0
226.0	0
226.0	0
226.0	0
226.0	0
225.0	0
227.0	0
224.0	0
224.0	0
224.0	0
225.0	0
227.0	0
228.0	0
229.0	0
230.0	0
231.0	0
232.0	0
234.0	0
235.0	0
235.0	0
236.0	0
238.0	0
239.0	0
239.0	0
240.0	0
240.0	0
241.0	0
242.0	0
242.0	0
243.0	0
243.0	0
244.0	0
244.0	0
244.0	0
245.0	0
245.0	0
245.0	0
245.0	0
245.0	0
245.0	0
245.0	0
244.0	0
243.0	0
244.0	0
244.0	0
243.0	0
239.0	0
240.0	0
237.0	0
237.0	0
237.0	0
235.0	0
234.0	0
233.0	0
233.0	0
232.0	0
44.0	1
229.0	0
229.0	0
227.0	0
227.0	0
226.0	0
226.0	0
224.0	0
223.0	0
222.0	0
222.0	0
222.0	0
222.0	0
222.0	0
222.0	0
222.0	0
222.0	0
222.0	0
223.0	0
223.0	0
222.0	0
222.0	0
223.0	0
225.0	0
225.0	0
226.0	0
227.0	0
227.0	0
230.0	0
230.0	0
231.0	0
232.0	0
233.0	0
234.0	0
236.0	0
238.0	0
238.0	0
239.0	0
240.0	0
241.0	0
242.0	0
242.0	0
244.0	0
245.0	0
245.0	0
245.0	0
246.0	0
247.0	0
246.0	0
247.0	0
247.0	0
247.0	0
248.0	0
247.0	0
247.0	0
246.0	0
246.0	0
245.0	0
244.0	0
245.0	0
241.0	0
242.0	0
242.0	0
240.0	0
240.0	0
238.0	0
237.0	0
178.0	1
235.0	0
158.0	1
233.0	0
232.0	0
231.0	0
230.0	0
229.0	0
229.0	0
228.0	0
227.0	0
226.0	0
225.0	0
225.0	0
225.0	0
224.0	0
225.0	0
224.0	0
224.0	0
225.0	0
225.0	0
225.0	0
225.0	0
226.0	0
226.0	0
226.0	0
224.0	0
224.0	0
226.0	0
227.0	0
227.0	0
228.0	0
229.0	0
230.0	0
231.0	0
231.0	0
234.0	0
235.0	0
82.0	1
237.0	0
238.0	0
239.0	0
240.0	0
241.0	0
241.0	0
243.0	0
243.0	0
245.0	0
245.0	0
246.0	0
245.0	0
247.0	0
247.0	0
247.0	0
248.0	0
248.0	0
247.0	0
249.0	0
247.0	0
246.0	0
246.0	0
247.0	0
246.0	0
245.0	0
244.0	0
242.0	0
243.0	0
242.0	0
241.0	0
240.0	0
239.0	0
237.0	0
237.0	0
64.0	3
86.0	4
121.0	2
204.0	3
152.0	1
231.0	1
230.0	0
229.0	0
228.0	0
227.0	0
226.0	0
226.0	0
226.0	0
225.0	0
224.0	0
225.0	0
225.0	0
226.0	0
227.0	0
226.0	0
226.0	0
226.0	0
226.0	0
226.0	0
226.0	0
226.0	0
225.0	0
225.0	0
225.0	0
225.0	0
227.0	0
227.0	0
228.0	0
228.0	0
230.0	0
231.0	0
232.0	0
233.0	0
53.0	1
235.0	0
238.0	0
238.0	0
239.0	0
239.0	0
240.0	0
241.0	0
241.0	0
242.0	0
244.0	0
244.0	0
243.0	0
244.0	0
244.0	0
245.0	0
245.0	0
245.0	0
245.0	0
244.0	0
245.0	0
244.0	0
243.0	0
243.0	0
242.0	0
241.0	0
241.0	0
239.0	0
238.0	0
237.0	0
205.0	1
161.0	2
166.0	4
49.0	10
49.0	9
138.0	4
209.0	2
119.0	3
230.0	0
227.0	0
227.0	0
226.0	0
226.0	0
225.0	0
224.0	0
224.0	0
222.0	0
223.0	0
225.0	0
223.0	0
225.0	0
224.0	0
223.0	0
223.0	0
224.0	0
224.0	0
224.0	0
223.0	0
224.0	0
224.0	0
224.0	0
227.0	0
227.0	0
228.0	0
229.0	0
229.0	0
230.0	0
231.0	0
233.0	0
233.0	0
61.0	1
43.0	1
144.0	1
165.0	2
84.0	1
239.0	0
242.0	0
242.0	0
242.0	0
243.0	0
243.0	0
244.0	0
245.0	0
245.0	0
246.0	0
246.0	0
246.0	0
247.0	0
247.0	0
246.0	0
247.0	0
247.0	0
246.0	0
246.0	0
246.0	0
244.0	0
244.0	0
242.0	0
242.0	0
139.0	1
240.0	0
92.0	2
145.0	5
93.0	9
34.0	12
32.0	18
75.0	8
48.0	5
162.0	5
215.0	1
232.0	0
157.0	1
228.0	0
228.0	0
228.0	0
227.0	0
226.0	0
225.0	0
225.0	0
225.0	0
225.0	0
225.0	0
227.0	0
226.0	0
226.0	0
225.0	0
226.0	0
226.0	0
227.0	0
226.0	0
227.0	0
226.0	0
226.0	0
224.0	0
213.0	1
226.0	0
227.0	0
227.0	0
211.0	1
230.0	0
230.0	0
232.0	0
233.0	0
116.0	2
228.0	1
235.0	0
237.0	0
237.0	1
238.0	0
238.0	0
239.0	0
240.0	0
241.0	0
242.0	0
242.0	0
242.0	0
244.0	0
244.0	0
243.0	0
243.0	0
243.0	0
245.0	0
245.0	0
243.0	0
243.0	0
243.0	0
242.0	0
241.0	0
240.0	0
240.0	0
239.0	0
38.0	2
88.0	4
87.0	7
26.0	8
21.0	18
44.0	11
38.0	7
117.0	10
45.0	5
128.0	4
207.0	2
229.0	0
227.0	0
226.0	0
226.0	0
225.0	0
225.0	0
224.0	0
223.0	0
223.0	0
223.0	0
223.0	0
224.0	0
224.0	0
224.0	0
223.0	0
223.0	0
224.0	0
223.0	0
224.0	0
224.0	0
224.0	0
225.0	0
225.0	0
223.0	0
168.0	1
224.0	0
185.0	1
227.0	0
228.0	0
228.0	0
228.0	0
229.0	0
231.0	0
232.0	0
232.0	0
233.0	0
233.0	0
235.0	0
237.0	0
237.0	0
237.0	0
239.0	0
240.0	0
240.0	0
240.0	0
240.0	0
183.0	1
242.0	0
241.0	0
242.0	0
242.0	0
242.0	0
241.0	0
242.0	0
241.0	0
240.0	0
239.0	0
240.0	0
239.0	0
237.0	0
179.0	2
190.0	4
124.0	6
30.0	14
72.0	12
29.0	9
42.0	7
39.0	4
24.0	6
228.0	0
227.0	0
226.0	0
220.0	1
223.0	0
224.0	0
224.0	0
224.0	0
223.0	0
223.0	0
222.0	0
223.0	0
223.0	0
223.0	0
223.0	0
223.0	0
223.0	0
224.0	0
224.0	0
223.0	0
223.0	0
224.0	0
223.0	0
223.0	0
224.0	0
221.0	1
225.0	0
226.0	0
88.0	2
226.0	0
227.0	0
227.0	0
228.0	0
229.0	0
230.0	0
230.0	0
232.0	0
232.0	0
232.0	0
234.0	0
234.0	0
236.0	0
237.0	0
237.0	0
238.0	0
239.0	0
240.0	0
241.0	0
241.0	0
241.0	0
241.0	0
241.0	0
241.0	0
241.0	0
241.0	0
212.0	1
229.0	1
239.0	0
239.0	0
239.0	0
235.0	1
162.0	3
71.0	3
20.0	7
32.0	10
51.0	4
128.0	12
85.0	6
81.0	5
49.0	3
92.0	1
227.0	0
226.0	0
223.0	1
212.0	1
225.0	0
224.0	0
101.0	1
224.0	0
222.0	0
222.0	0
223.0	0
223.0	0
225.0	0
224.0	0
224.0	0
223.0	0
224.0	0
224.0	0
224.0	0
223.0	0
224.0	0
223.0	0
223.0	0
199.0	1
223.0	0
196.0	1
226.0	0
226.0	0
227.0	0
227.0	0
228.0	0
227.0	0
228.0	0
229.0	0
231.0	0
231.0	0
232.0	0
233.0	0
234.0	0
235.0	0
236.0	0
237.0	0
237.0	0
238.0	0
239.0	0
240.0	0
240.0	0
241.0	0
242.0	0
242.0	0
242.0	0
64.0	2
242.0	0
242.0	0
124.0	2
230.0	1
242.0	0
242.0	0
241.0	0
240.0	0
240.0	0
124.0	3
189.0	1
32.0	3
37.0	7
77.0	7
111.0	4
227.0	1
96.0	1
232.0	0
231.0	0
229.0	0
229.0	0
228.0	0
228.0	0
228.0	0
216.0	1
222.0	1
225.0	0
225.0	0
225.0	0
225.0	0
226.0	0
226.0	0
226.0	0
225.0	0
225.0	0
225.0	0
225.0	0
226.0	0
103.0	1
225.0	0
225.0	0
225.0	0
225.0	0
185.0	1
225.0	0
225.0	0
227.0	0
225.0	0
224.0	0
224.0	0
225.0	0
225.0	0
226.0	0
227.0	0
227.0	0
229.0	0
229.0	0
231.0	0
231.0	0
232.0	0
233.0	0
235.0	0
235.0	0
236.0	0
236.0	0
237.0	0
237.0	0
238.0	0
196.0	1
239.0	0
239.0	0
239.0	0
238.0	0
28.0	1
93.0	1
239.0	0
219.0	1
239.0	0
239.0	0
133.0	1
238.0	0
89.0	1
201.0	1
132.0	3
230.0	1
180.0	3
169.0	1
228.0	1
229.0	0
229.0	0
228.0	0
228.0	0
227.0	0
227.0	0
227.0	0
225.0	0
224.0	1
223.0	0
224.0	0
223.0	0
223.0	0
224.0	0
223.0	0
223.0	0
222.0	0
222.0	0
223.0	0
223.0	0
223.0	0
223.0	0
223.0	0
223.0	0
224.0	0
224.0	0
224.0	0
187.0	1
225.0	0
224.0	0
224.0	0
227.0	0
227.0	0
227.0	0
228.0	0
228.0	0
228.0	0
228.0	0
229.0	0
230.0	0
232.0	0
232.0	0
233.0	0
233.0	0
234.0	0
235.0	0
236.0	0
236.0	0
237.0	0
238.0	0
238.0	0
238.0	0
239.0	0
240.0	0
126.0	1
239.0	0
240.0	0
239.0	0
239.0	0
239.0	0
34.0	1
239.0	0
239.0	0
238.0	0
238.0	0
238.0	0
237.0	0
183.0	1
236.0	0
212.0	1
233.0	0
233.0	0
232.0	0
231.0	0
230.0	0
229.0	0
228.0	0
227.0	0
226.0	0
226.0	0
226.0	0
226.0	0
226.0	0
225.0	0
225.0	0
225.0	0
225.0	0
224.0	0
224.0	0
225.0	0
225.0	0
225.0	0
225.0	0
225.0	0
225.0	0
209.0	1
226.0	0
227.0	0
227.0	0
226.0	0
226.0	0
226.0	0
226.0	0
225.0	0
226.0	0
226.0	0
227.0	0
227.0	0
227.0	0
227.0	0
228.0	0
229.0	0
230.0	0
231.0	0
232.0	0
232.0	0
233.0	0
234.0	0
234.0	0
236.0	0
236.0	0
237.0	0
235.0	0
236.0	0
237.0	0
237.0	0
237.0	0
238.0	0
239.0	0
239.0	0
239.0	0
238.0	0
238.0	0
238.0	0
237.0	0
237.0	0
237.0	0
237.0	0
234.0	0
134.0	1
233.0	0
232.0	0
231.0	0
231.0	0
231.0	0
230.0	0
230.0	0
228.0	0
227.0	0
226.0	0
226.0	0
226.0	0
225.0	0
225.0	0
224.0	0
225.0	0
224.0	0
224.0	0
224.0	0
224.0	0
224.0	0
224.0	0
223.0	0
224.0	0
225.0	0
224.0	0
225.0	0
225.0	0
225.0	0
226.0	0
225.0	0
224.0	0
224.0	0
224.0	0
224.0	0
227.0	0
227.0	0
228.0	0
227.0	0
227.0	0
227.0	0
227.0	0
229.0	0
229.0	0
229.0	0
230.0	0
230.0	0
231.0	0
232.0	0
233.0	0
233.0	0
233.0	0
234.0	0
234.0	0
236.0	0
237.0	0
236.0	0
236.0	0
237.0	0
237.0	0
236.0	0
237.0	0
237.0	0
237.0	0
236.0	0
236.0	0
236.0	0
236.0	0
234.0	0
234.0	0
234.0	0
234.0	0
233.0	0
232.0	0
232.0	0
230.0	0
229.0	0
229.0	0
228.0	0
226.0	0
226.0	0
226.0	0
225.0	0
225.0	0
226.0	0
224.0	0
224.0	0
224.0	0
223.0	0
223.0	0
224.0	0
224.0	0
224.0	0
224.0	0
224.0	0
223.0	0
224.0	0
224.0	0
225.0	0
224.0	0
129.0	1
224.0	0
225.0	0
225.0	0
225.0	0
226.0	0
226.0	0
228.0	0
228.0	0
228.0	0
227.0	0
229.0	0
228.0	0
229.0	0
229.0	0
229.0	0
230.0	0
231.0	0
231.0	0
231.0	0
232.0	0
234.0	0
234.0	0
235.0	0
236.0	0
236.0	0
237.0	0
237.0	0
238.0	0
238.0	0
238.0	0
238.0	0
237.0	0
238.0	0
238.0	0
238.0	0
238.0	0
236.0	0
236.0	0
238.0	0
235.0	0
235.0	0
235.0	0
235.0	0
234.0	0
232.0	0
232.0	0
230.0	0
230.0	0
230.0	0
229.0	0
228.0	0
227.0	0
227.0	0
226.0	0
226.0	0
227.0	0
226.0	0
226.0	0
225.0	0
225.0	0
225.0	0
226.0	0
225.0	0
225.0	0
225.0	0
203.0	1
225.0	0
226.0	0
225.0	0
226.0	0
225.0	0
226.0	0
209.0	1
226.0	0
226.0	0
226.0	0
228.0	0
227.0	0
225.0	0
225.0	0
226.0	0
226.0	0
225.0	0
227.0	0
226.0	0
226.0	0
227.0	0
228.0	0
228.0	0
229.0	0
230.0	0
230.0	0
231.0	0
231.0	0
232.0	0
232.0	0
233.0	0
234.0	0
235.0	0
235.0	0
235.0	0
234.0	0
235.0	0
234.0	0
236.0	0
235.0	0
235.0	0
235.0	0
235.0	0
234.0	0
233.0	0
233.0	0
232.0	0
232.0	0
232.0	0
231.0	0
230.0	0
229.0	0
229.0	0
227.0	0
227.0	0
226.0	0
226.0	0
224.0	0
225.0	0
225.0	0
224.0	0
224.0	0
223.0	0
223.0	0
223.0	0
224.0	0
223.0	0
223.0	0
222.0	0
222.0	0
222.0	0
223.0	0
224.0	0
224.0	0
225.0	0
225.0	0
225.0	0
225.0	0
226.0	0
225.0	0
225.0	0
225.0	0
225.0	0
225.0	0
227.0	0
226.0	0
227.0	0
226.0	0
226.0	0
227.0	0
228.0	0
228.0	0
228.0	0
228.0	0
228.0	0
228.0	0
229.0	0
230.0	0
231.0	0
231.0	0
232.0	0
231.0	0
232.0	0
233.0	0
234.0	0
234.0	0
234.0	0
235.0	0
234.0	0
234.0	0
235.0	0
234.0	0
236.0	0
235.0	0
234.0	0
234.0	0
234.0	0
234.0	0
233.0	0
232.0	0
231.0	0
231.0	0
230.0	0
229.0	0
229.0	0
229.0	0
227.0	0
226.0	0
225.0	0
225.0	0
225.0	0
224.0	0
225.0	0
225.0	0
224.0	0
225.0	0
225.0	0
224.0	0
224.0	0
223.0	0
224.0	0
224.0	0
223.0	0
225.0	0
225.0	0
225.0	0
225.0	0
225.0	0
226.0	0
225.0	0
225.0	0
226.0	0
226.0	0
226.0	0
225.0	0
226.0	0
226.0	0
227.0	0
226.0	0
227.0	0
227.0	0
226.0	0
228.0	0
228.0	0
229.0	0
228.0	0
229.0	0
229.0	0
229.0	0
230.0	0
231.0	0
231.0	0
232.0	0
232.0	0
233.0	0
233.0	0
234.0	0
234.0	0
234.0	0
234.0	0
234.0	0
234.0	0
235.0	0
234.0	0
234.0	0
235.0	0
234.0	0
234.0	0
233.0	0
233.0	0
233.0	0
232.0	0
232.0	0
230.0	0
230.0	0
229.0	0
228.0	0
228.0	0
227.0	0
226.0	0
226.0	0
226.0	0
225.0	0
226.0	0
225.0	0
225.0	0
224.0	0
225.0	0
226.0	0
224.0	0
226.0	0
226.0	0
225.0	0
224.0	0
224.0	0
225.0	0
225.0	0
226.0	0
225.0	0
225.0	0
225.0	0
226.0	0
226.0	0
225.0	0
226.0	0
226.0	0
226.0	0
226.0	0
227.0	0
226.0	0
227.0	0
227.0	0
226.0	0
229.0	0
227.0	0
229.0	0
230.0	0
229.0	0
230.0	0
229.0	0
230.0	0
230.0	0
231.0	0
232.0	0
232.0	0
232.0	0
232.0	0
233.0	0
234.0	0
234.0	0
235.0	0
235.0	0
234.0	0
234.0	0
234.0	0
235.0	0
234.0	0
234.0	0
234.0	0
234.0	0
233.0	0
233.0	0
231.0	0
231.0	0
231.0	0
231.0	0
231.0	0
229.0	0
228.0	0
228.0	0
228.0	0
226.0	0
225.0	0
227.0	0
227.0	0
225.0	0
226.0	0
225.0	0
225.0	0
226.0	0
226.0	0
224.0	0
225.0	0
225.0	0
224.0	0
225.0	0
226.0	0
226.0	0
226.0	0
227.0	0
226.0	0
227.0	0
228.0	0
228.0	0
227.0	0
227.0	0
226.0	0
227.0	0
227.0	0
226.0	0
226.0	0
227.0	0
226.0	0
227.0	0
229.0	0
227.0	0
228.0	0
229.0	0
229.0	0
230.0	0
230.0	0
230.0	0
231.0	0
230.0	0
230.0	0
231.0	0
232.0	0
232.0	0
233.0	0
233.0	0
233.0	0
232.0	0
235.0	0
234.0	0
234.0	0
235.0	0
233.0	0
234.0	0
233.0	0
234.0	0
233.0	0
232.0	0
233.0	0
232.0	0
232.0	0
232.0	0
231.0	0
229.0	0
229.0	0
228.0	0
229.0	0
228.0	0
227.0	0
228.0	0
226.0	0
227.0	0
227.0	0
226.0	0
226.0	0
227.0	0
226.0	0
226.0	0
225.0	0
225.0	0
225.0	0
225.0	0
225.0	0
225.0	0
226.0	0
225.0	0
225.0	0
225.0	0
226.0	0
225.0	0
226.0	0
225.0	0
226.0	0
226.0	0
226.0	0
226.0	0
226.0	0
227.0	0
229.0	0
230.0	0
229.0	0
230.0	0
231.0	0
230.0	0
231.0	0
231.0	0
232.0	0
233.0	0
233.0	0
233.0	0
233.0	0
233.0	0
233.0	0
235.0	0
235.0	0
234.0	0
235.0	0
235.0	0
236.0	0
236.0	0
236.0	0
236.0	0
236.0	0
237.0	0
235.0	0
236.0	0
235.0	0
236.0	0
235.0	0
235.0	0
234.0	0
234.0	0
235.0	0
234.0	0
232.0	0
232.0	0
231.0	0
231.0	0
232.0	0
230.0	0
231.0	0
231.0	0
230.0	0
230.0	0
229.0	0
229.0	0
230.0	0
230.0	0
229.0	0
230.0	0
230.0	0
229.0	0
229.0	0
229.0	0
228.0	0
228.0	0
228.0	0
227.0	0
228.0	0
229.0	0
229.0	0
229.0	0
229.0	0
229.0	0
229.0	0
228.0	0
229.0	0
229.0	0
229.0	0
229.0	0
228.0	0
227.0	0
228.0	0
228.0	0
228.0	0
228.0	0
228.0	0
229.0	0
230.0	0
230.0	0
231.0	0
230.0	0
230.0	0
231.0	0
231.0	0
233.0	0
234.0	0
233.0	0
233.0	0
232.0	0
234.0	0
234.0	0
233.0	0
233.0	0
233.0	0
234.0	0
233.0	0
233.0	0
234.0	0
233.0	0
233.0	0
232.0	0
232.0	0
232.0	0
230.0	0
231.0	0
230.0	0
230.0	0
229.0	0
228.0	0
228.0	0
228.0	0
228.0	0
228.0	0
228.0	0
228.0	0
227.0	0
228.0	0
226.0	0
228.0	0
226.0	0
228.0	0
226.0	0
226.0	0
226.0	0
226.0	0
227.0	0
226.0	0
226.0	0
226.0	0
226.0	0
227.0	0
227.0	0
227.0	0
227.0	0
226.0	0
227.0	0
228.0	0
227.0	0
227.0	0
227.0	0
228.0	0
227.0	0
227.0	0
228.0	0
228.0	0
229.0	0
229.0	0
230.0	0
231.0	0
231.0	0
232.0	0
231.0	0
232.0	0
232.0	0
231.0	0
232.0	0
232.0	0
232.0	0
234.0	0
234.0	0
232.0	0
233.0	0
233.0	0
233.0	0
232.0	0
232.0	0
232.0	0
232.0	0
232.0	0
233.0	0
232.0	0
232.0	0
233.0	0
232.0	0
231.0	0
231.0	0
229.0	0
229.0	0
229.0	0
230.0	0
229.0	0
229.0	0
228.0	0
230.0	0
229.0	0
229.0	0
228.0	0
228.0	0
229.0	0
228.0	0
228.0	0
228.0	0
227.0	0
227.0	0
228.0	0
227.0	0
227.0	0
228.0	0
227.0	0
226.0	0
225.0	0
227.0	0
227.0	0
227.0	0
229.0	0
227.0	0
226.0	0
227.0	0
226.0	0
228.0	0
228.0	0
227.0	0
228.0	0
229.0	0
229.0	0
230.0	0
230.0	0
230.0	0
231.0	0
230.0	0
231.0	0
232.0	0
232.0	0
232.0	0
232.0	0
233.0	0
232.0	0
232.0	0
233.0	0
232.0	0
233.0	0
233.0	0
233.0	0
233.0	0
233.0	0
234.0	0
233.0	0
234.0	0
234.0	0
233.0	0
234.0	0
234.0	0
233.0	0
233.0	0
233.0	0
232.0	0
232.0	0
231.0	0
230.0	0
231.0	0
229.0	0
230.0	0
229.0	0
230.0	0
230.0	0
230.0	0
231.0	0
228.0	0
228.0	0
229.0	0
229.0	0
228.0	0
228.0	0
228.0	0
227.0	0
228.0	0
227.0	0
227.0	0
227.0	0
227.0	0
228.0	0
228.0	0
227.0	0
228.0	0
227.0	0
228.0	0
228.0	0
229.0	0
229.0	0
229.0	0
230.0	0
228.0	0
229.0	0
230.0	0
229.0	0
228.0	0
228.0	0
229.0	0
229.0	0
229.0	0
230.0	0
230.0	0
231.0	0
231.0	0
231.0	0
231.0	0
232.0	0
232.0	0
233.0	0
232.0	0
232.0	0
231.0	0
233.0	0
233.0	0
233.0	0
232.0	0
233.0	0
234.0	0
233.0	0
233.0	0
234.0	0
233.0	0
234.0	0
233.0	0
233.0	0
233.0	0
232.0	0
231.0	0
230.0	0
231.0	0
230.0	0
230.0	0
230.0	0
229.0	0
228.0	0
230.0	0
230.0	0
230.0	0
231.0	0
228.0	0
228.0	0
228.0	0
229.0	0
228.0	0
228.0	0
227.0	0
227.0	0
228.0	0
228.0	0
227.0	0
227.0	0
226.0	0
227.0	0
227.0	0
228.0	0
228.0	0
228.0	0
228.0	0
227.0	0
229.0	0
229.0	0
229.0	0
229.0	0
228.0	0
229.0	0
228.0	0
229.0	0
227.0	0
229.0	0
227.0	0
228.0	0
228.0	0
228.0	0
229.0	0
229.0	0
230.0	0
230.0	0
231.0	0
231.0	0
231.0	0
231.0	0
232.0	0
231.0	0
231.0	0
232.0	0
231.0	0
232.0	0
231.0	0
232.0	0
232.0	0
233.0	0
232.0	0
232.0	0
232.0	0
232.0	0
232.0	0
232.0	0
231.0	0
231.0	0
231.0	0
230.0	0
230.0	0
230.0	0
228.0	0
228.0	0
229.0	0
228.0	0
228.0	0
229.0	0
228.0	0
227.0	0
229.0	0
228.0	0
227.0	0
228.0	0
227.0	0
228.0	0
227.0	0
226.0	0
227.0	0
226.0	0
227.0	0
225.0	0
225.0	0
225.0	0
227.0	0
227.0	0
225.0	0
226.0	0
226.0	0
228.0	0
228.0	0
227.0	0
227.0	0
226.0	0
227.0	0
227.0	0
227.0	0
228.0	0
228.0	0
229.0	0
229.0	0
230.0	0
229.0	0
230.0	0
231.0	0
231.0	0
232.0	0
232.0	0
232.0	0
232.0	0
232.0	0
232.0	0
232.0	0
233.0	0
233.0	0
233.0	0
233.0	0
233.0	0
234.0	0
233.0	0
233.0	0
234.0	0
232.0	0
234.0	0
233.0	0
233.0	0
233.0	0
232.0	0
232.0	0
232.0	0
231.0	0
231.0	0
232.0	0
232.0	0
231.0	0
231.0	0
229.0	0
230.0	0
230.0	0
229.0	0
230.0	0
230.0	0
229.0	0
229.0	0
229.0	0
229.0	0
228.0	0
229.0	0
228.0	0
228.0	0
227.0	0
227.0	0
227.0	0
227.0	0
228.0	0
229.0	0
228.0	0
227.0	0
227.0	0
227.0	0
227.0	0
228.0	0
228.0	0
228.0	0
229.0	0
229.0	0
229.0	0
229.0	0
229.0	0
228.0	0
230.0	0
230.0	0
230.0	0
230.0	0
230.0	0
231.0	0
232.0	0
233.0	0
233.0	0
234.0	0
234.0	0
232.0	0
232.0	0
232.0	0
233.0	0
234.0	0
233.0	0
234.0	0
234.0	0
234.0	0
234.0	0
234.0	0
234.0	0
234.0	0
234.0	0
235.0	0
234.0	0
234.0	0
233.0	0
233.0	0
233.0	0
233.0	0
233.0	0
233.0	0
232.0	0
232.0	0
231.0	0
231.0	0
231.0	0
231.0	0
230.0	0
230.0	0
231.0	0
230.0	0
230.0	0
230.0	0
230.0	0
229.0	0
228.0	0
230.0	0
229.0	0
230.0	0
229.0	0
228.0	0
228.0	0
230.0	0
229.0	0
229.0	0
228.0	0
228.0	0
228.0	0
230.0	0
230.0	0
230.0	0
229.0	0
229.0	0
230.0	0
230.0	0
229.0	0
230.0	0
230.0	0
230.0	0
226.0	0
227.0	0
227.0	0
227.0	0
228.0	0
227.0	0
228.0	0
229.0	0
231.0	0
231.0	0
231.0	0
230.0	0
229.0	0
231.0	0
231.0	0
231.0	0
231.0	0
231.0	0
231.0	0
232.0	0
232.0	0
232.0	0
231.0	0
231.0	0
231.0	0
231.0	0
230.0	0
230.0	0
230.0	0
230.0	0
230.0	0
230.0	0
229.0	0
228.0	0
228.0	0
228.0	0
227.0	0
228.0	0
228.0	0
228.0	0
229.0	0
228.0	0
227.0	0
227.0	0
228.0	0
226.0	0
226.0	0
227.0	0
226.0	0
227.0	0
227.0	0
225.0	0
225.0	0
226.0	0
226.0	0
225.0	0
225.0	0
225.0	0
225.0	0
226.0	0
226.0	0
225.0	0
225.0	0
226.0	0
225.0	0
225.0	0
226.0	0
227.0	0
226.0	0
227.0	0
227.0	0
226.0	0
225.0	0
226.0	0
225.0	0
226.0	0
227.0	0
226.0	0
226.0	0
226.0	0
229.0	0
230.0	0
229.0	0
229.0	0
229.0	0
229.0	0
229.0	0
229.0	0
228.0	0
229.0	0
230.0	0
230.0	0
230.0	0
230.0	0
229.0	0
230.0	0
229.0	0
229.0	0
228.0	0
228.0	0
228.0	0
228.0	0
228.0	0
229.0	0
227.0	0
227.0	0
227.0	0
227.0	0
227.0	0
226.0	0
226.0	0
226.0	0
226.0	0
225.0	0
225.0	0
225.0	0
226.0	0
226.0	0
226.0	0
224.0	0
224.0	0
224.0	0
225.0	0
224.0	0
225.0	0
224.0	0
224.0	0
223.0	0
224.0	0
224.0	0
224.0	0
224.0	0
208.0	1
224.0	0
224.0	0
223.0	0
224.0	0
224.0	0
225.0	0
225.0	0
224.0	0
225.0	0
224.0	0
225.0	0
228.0	0
226.0	0
227.0	0
227.0	0
228.0	0
228.0	0
228.0	0
228.0	0
229.0	0
230.0	0
231.0	0
231.0	0
231.0	0
232.0	0
232.0	0
231.0	0
232.0	0
232.0	0
232.0	0
233.0	0
232.0	0
232.0	0
232.0	0
232.0	0
232.0	0
231.0	0
231.0	0
232.0	0
117.0	1
232.0	0
231.0	0
230.0	0
230.0	0
229.0	0
229.0	0
230.0	0
229.0	0
228.0	0
228.0	0
228.0	0
228.0	0
227.0	0
227.0	0
227.0	0
227.0	0
227.0	0
227.0	0
229.0	0
227.0	0
228.0	0
227.0	0
228.0	0
229.0	0
228.0	0
229.0	0
227.0	0
227.0	0
225.0	0
225.0	0
225.0	0
225.0	0
225.0	0
227.0	0
226.0	0
225.0	0
226.0	0
226.0	0
226.0	0
227.0	0
227.0	0
115.0	1
227.0	0
