SA_diff	pop
113.0	0
67.0	1
113.0	0
113.0	0
114.0	0
114.0	0
114.0	0
116.0	0
116.0	0
115.0	0
116.0	0
116.0	0
118.0	0
117.0	0
118.0	0
118.0	0
119.0	0
117.0	0
117.0	0
118.0	0
118.0	0
118.0	0
117.0	0
118.0	0
117.0	0
118.0	0
118.0	0
118.0	0
118.0	0
117.0	0
116.0	0
116.0	0
116.0	0
117.0	0
115.0	0
115.0	0
115.0	0
114.0	0
114.0	0
114.0	0
114.0	0
113.0	0
114.0	0
114.0	0
113.0	0
114.0	0
114.0	0
113.0	0
114.0	0
114.0	0
113.0	0
114.0	0
113.0	0
112.0	0
113.0	0
113.0	0
113.0	0
111.0	0
112.0	0
112.0	0
112.0	0
112.0	0
112.0	0
112.0	0
80.0	1
112.0	0
114.0	0
91.0	3
71.0	2
87.0	4
87.0	2
103.0	1
75.0	1
86.0	1
115.0	0
114.0	0
113.0	1
115.0	0
114.0	0
116.0	0
116.0	0
115.0	0
116.0	0
117.0	0
118.0	0
116.0	0
118.0	0
118.0	0
119.0	0
117.0	0
117.0	0
118.0	0
118.0	0
118.0	0
117.0	0
118.0	0
117.0	0
117.0	0
118.0	0
117.0	0
117.0	0
118.0	0
118.0	0
116.0	0
116.0	0
117.0	0
116.0	0
117.0	0
116.0	0
115.0	0
116.0	0
115.0	0
115.0	0
114.0	0
114.0	0
113.0	0
114.0	0
114.0	0
113.0	0
113.0	0
113.0	0
113.0	0
113.0	0
112.0	0
112.0	0
113.0	0
113.0	0
112.0	0
113.0	0
112.0	0
111.0	0
111.0	0
111.0	0
112.0	0
112.0	0
112.0	0
75.0	3
77.0	5
91.0	5
59.0	9
55.0	8
81.0	11
76.0	6
113.0	1
57.0	2
55.0	2
113.0	1
108.0	1
115.0	0
115.0	0
116.0	0
115.0	0
116.0	0
116.0	0
116.0	0
116.0	0
116.0	0
116.0	0
116.0	0
117.0	0
117.0	0
117.0	0
117.0	0
117.0	0
118.0	0
118.0	0
118.0	0
118.0	0
117.0	0
118.0	0
117.0	0
117.0	0
118.0	0
117.0	0
117.0	0
117.0	0
116.0	0
115.0	0
115.0	0
117.0	0
115.0	0
115.0	0
116.0	0
114.0	0
114.0	0
114.0	0
114.0	0
114.0	0
113.0	0
114.0	0
113.0	0
92.0	1
112.0	0
108.0	2
113.0	0
111.0	0
113.0	0
112.0	0
112.0	0
113.0	0
113.0	0
113.0	1
112.0	0
112.0	0
112.0	0
37.0	4
89.0	4
47.0	4
86.0	7
43.0	14
26.0	28
35.0	41
53.0	41
68.0	23
44.0	20
64.0	7
84.0	4
57.0	4
116.0	0
117.0	0
116.0	0
116.0	0
116.0	0
117.0	0
117.0	0
118.0	0
118.0	0
118.0	0
118.0	0
118.0	0
118.0	0
119.0	0
118.0	0
118.0	0
119.0	0
119.0	0
118.0	0
118.0	0
117.0	0
118.0	0
118.0	0
118.0	0
118.0	0
118.0	0
118.0	0
118.0	0
118.0	0
118.0	0
117.0	0
117.0	0
117.0	0
115.0	1
116.0	1
116.0	0
118.0	0
116.0	0
31.0	1
102.0	1
115.0	0
115.0	0
114.0	0
114.0	0
108.0	2
115.0	0
113.0	0
54.0	2
83.0	3
113.0	0
113.0	0
112.0	0
112.0	1
112.0	0
73.0	1
108.0	2
88.0	2
70.0	1
90.0	1
62.0	3
47.0	8
85.0	4
74.0	17
24.0	42
65.0	66
54.0	88
53.0	84
44.0	47
69.0	24
70.0	11
105.0	3
100.0	5
90.0	2
115.0	0
115.0	1
114.0	1
82.0	1
117.0	0
117.0	0
118.0	0
117.0	0
117.0	0
118.0	0
117.0	0
117.0	0
117.0	0
117.0	0
118.0	0
119.0	0
119.0	0
120.0	0
119.0	0
119.0	0
119.0	0
118.0	0
118.0	0
118.0	0
118.0	0
117.0	0
117.0	0
117.0	0
117.0	0
117.0	0
117.0	0
116.0	0
116.0	0
116.0	0
115.0	0
115.0	0
115.0	0
115.0	0
114.0	0
114.0	0
115.0	0
72.0	2
109.0	2
72.0	2
49.0	2
56.0	2
41.0	1
88.0	2
73.0	5
113.0	0
69.0	2
79.0	3
111.0	1
113.0	0
112.0	1
102.0	2
105.0	4
46.0	3
66.0	7
81.0	8
48.0	19
60.0	56
60.0	66
24.0	118
10.0	138
42.0	107
51.0	73
69.0	32
87.0	11
70.0	5
95.0	6
114.0	1
102.0	1
114.0	0
101.0	2
84.0	1
114.0	0
116.0	0
116.0	0
116.0	0
116.0	0
116.0	0
117.0	0
117.0	0
117.0	0
117.0	0
117.0	0
117.0	0
118.0	0
105.0	1
119.0	0
117.0	0
118.0	0
118.0	0
118.0	0
116.0	1
119.0	0
117.0	0
71.0	1
116.0	0
116.0	0
111.0	1
111.0	1
116.0	0
81.0	1
115.0	0
28.0	1
115.0	0
115.0	0
114.0	0
114.0	0
8.0	1
114.0	0
59.0	1
94.0	2
56.0	3
58.0	2
40.0	7
92.0	4
50.0	3
82.0	2
113.0	0
111.0	0
98.0	2
84.0	2
112.0	0
112.0	0
80.0	4
66.0	11
76.0	9
62.0	10
42.0	29
45.0	34
50.0	63
21.0	119
13.0	158
32.0	117
54.0	84
49.0	48
68.0	24
72.0	16
114.0	1
92.0	4
91.0	2
116.0	1
114.0	1
109.0	1
103.0	1
116.0	0
82.0	2
115.0	0
116.0	0
116.0	0
116.0	1
116.0	0
115.0	1
118.0	0
119.0	0
117.0	0
119.0	0
118.0	0
117.0	1
119.0	0
119.0	0
119.0	0
117.0	0
115.0	1
119.0	0
47.0	1
117.0	0
118.0	0
118.0	0
118.0	0
118.0	0
86.0	1
117.0	0
116.0	0
93.0	1
115.0	0
114.0	0
115.0	0
115.0	0
52.0	2
75.0	1
113.0	1
55.0	1
46.0	1
112.0	2
79.0	5
101.0	5
65.0	7
23.0	8
91.0	3
59.0	3
113.0	0
73.0	2
109.0	2
96.0	5
90.0	3
82.0	8
41.0	9
97.0	13
52.0	17
12.0	35
20.0	37
30.0	80
51.0	100
20.0	123
35.0	142
47.0	84
16.0	46
61.0	24
63.0	13
92.0	7
93.0	4
73.0	1
114.0	0
115.0	0
114.0	0
115.0	0
115.0	0
115.0	0
115.0	2
116.0	0
51.0	2
114.0	1
116.0	1
110.0	1
118.0	0
117.0	1
117.0	0
118.0	0
117.0	0
118.0	0
118.0	0
79.0	1
68.0	1
66.0	1
31.0	2
116.0	0
117.0	0
116.0	0
54.0	2
116.0	1
32.0	1
117.0	0
105.0	2
107.0	1
54.0	1
116.0	0
103.0	2
50.0	2
33.0	2
26.0	6
113.0	3
78.0	2
31.0	7
72.0	2
77.0	4
87.0	4
34.0	4
54.0	6
33.0	2
64.0	3
82.0	6
94.0	5
92.0	3
48.0	4
101.0	3
109.0	5
64.0	5
59.0	10
61.0	13
44.0	14
51.0	27
69.0	34
40.0	71
26.0	78
14.0	95
55.0	109
35.0	85
46.0	51
69.0	42
57.0	20
97.0	10
65.0	5
74.0	4
69.0	3
73.0	3
114.0	1
116.0	0
116.0	0
104.0	1
117.0	0
52.0	1
119.0	0
117.0	0
118.0	0
82.0	1
118.0	0
102.0	2
119.0	0
119.0	0
119.0	0
45.0	1
113.0	1
118.0	0
119.0	0
119.0	0
118.0	0
80.0	2
119.0	1
94.0	2
118.0	0
67.0	1
82.0	3
103.0	1
64.0	1
99.0	1
115.0	1
76.0	3
58.0	4
43.0	3
71.0	6
95.0	3
59.0	3
26.0	7
92.0	2
51.0	3
34.0	3
85.0	5
60.0	4
92.0	3
17.0	6
47.0	4
25.0	7
84.0	7
96.0	5
15.0	5
40.0	4
108.0	3
80.0	3
99.0	6
57.0	8
48.0	11
35.0	25
48.0	19
50.0	36
62.0	48
40.0	83
35.0	88
9.0	101
15.0	68
49.0	38
46.0	38
85.0	12
66.0	3
109.0	3
69.0	4
114.0	2
114.0	0
102.0	2
62.0	2
116.0	0
118.0	0
84.0	1
117.0	0
118.0	0
117.0	0
104.0	1
117.0	0
118.0	0
117.0	0
118.0	0
118.0	0
119.0	0
119.0	0
119.0	0
60.0	1
119.0	0
118.0	0
119.0	1
83.0	2
108.0	3
118.0	0
39.0	2
79.0	2
25.0	1
117.0	0
116.0	0
116.0	0
73.0	2
63.0	3
85.0	4
23.0	2
55.0	4
68.0	3
28.0	9
31.0	6
110.0	1
83.0	3
38.0	2
73.0	4
76.0	4
52.0	1
31.0	10
100.0	6
57.0	6
66.0	7
75.0	7
64.0	4
114.0	1
113.0	2
91.0	4
50.0	6
58.0	9
68.0	13
75.0	22
52.0	37
51.0	42
32.0	64
7.0	84
23.0	88
14.0	71
39.0	73
62.0	26
37.0	22
43.0	12
73.0	4
47.0	2
97.0	2
81.0	1
112.0	0
94.0	1
113.0	0
114.0	0
115.0	0
115.0	0
116.0	0
115.0	0
115.0	0
115.0	1
117.0	1
59.0	1
117.0	0
116.0	0
100.0	1
116.0	0
116.0	0
117.0	0
117.0	0
116.0	0
115.0	0
115.0	0
56.0	1
116.0	0
116.0	0
17.0	2
50.0	2
115.0	1
35.0	1
114.0	1
40.0	3
55.0	2
94.0	1
115.0	0
48.0	5
67.0	3
14.0	5
73.0	6
75.0	6
41.0	6
28.0	3
67.0	5
115.0	1
102.0	1
92.0	1
42.0	8
53.0	5
30.0	8
80.0	8
40.0	7
103.0	7
107.0	3
88.0	7
108.0	3
5.0	9
63.0	10
41.0	23
10.0	30
29.0	24
7.0	60
61.0	66
9.0	56
17.0	71
49.0	56
21.0	54
55.0	22
55.0	20
52.0	6
79.0	6
95.0	5
58.0	1
96.0	1
91.0	2
96.0	2
114.0	0
102.0	2
116.0	0
112.0	1
106.0	1
116.0	0
116.0	0
79.0	2
102.0	2
101.0	1
118.0	0
117.0	0
119.0	0
113.0	1
117.0	0
116.0	1
39.0	2
116.0	0
49.0	1
114.0	2
96.0	1
109.0	1
105.0	2
80.0	1
64.0	4
113.0	2
115.0	1
40.0	2
57.0	4
78.0	4
36.0	9
28.0	6
96.0	3
14.0	7
46.0	9
32.0	8
35.0	4
75.0	4
53.0	5
41.0	1
117.0	2
29.0	2
117.0	0
105.0	2
91.0	3
49.0	7
35.0	9
34.0	5
115.0	2
115.0	0
92.0	4
59.0	8
47.0	9
88.0	14
32.0	22
52.0	29
32.0	44
24.0	66
57.0	57
43.0	65
34.0	51
13.0	43
37.0	24
54.0	14
48.0	15
111.0	0
101.0	3
110.0	2
108.0	1
85.0	1
114.0	0
113.0	0
111.0	2
114.0	0
116.0	0
60.0	1
116.0	0
116.0	0
116.0	0
117.0	0
118.0	0
94.0	1
117.0	0
117.0	0
117.0	0
91.0	1
116.0	0
44.0	1
117.0	0
115.0	0
116.0	0
14.0	1
59.0	1
64.0	3
88.0	4
100.0	2
36.0	3
46.0	4
24.0	4
75.0	2
27.0	5
40.0	2
52.0	2
62.0	9
23.0	4
50.0	7
26.0	6
54.0	8
99.0	2
108.0	4
96.0	4
52.0	1
118.0	0
118.0	1
19.0	1
75.0	2
102.0	1
117.0	0
53.0	2
97.0	4
85.0	2
16.0	3
9.0	7
49.0	5
21.0	11
69.0	13
28.0	27
12.0	34
51.0	38
42.0	57
27.0	74
53.0	74
49.0	47
42.0	38
74.0	18
51.0	18
73.0	7
47.0	5
90.0	1
93.0	1
112.0	1
112.0	1
93.0	1
115.0	0
116.0	0
115.0	0
115.0	0
117.0	0
118.0	0
117.0	0
116.0	0
91.0	1
118.0	0
94.0	1
117.0	0
118.0	0
118.0	0
117.0	0
117.0	0
116.0	0
117.0	0
117.0	0
117.0	0
116.0	0
116.0	2
55.0	1
96.0	3
118.0	1
13.0	4
27.0	9
58.0	3
38.0	4
62.0	5
14.0	8
47.0	9
38.0	5
46.0	10
41.0	16
50.0	9
23.0	7
72.0	9
53.0	3
17.0	4
94.0	2
79.0	1
118.0	0
118.0	0
37.0	1
113.0	1
68.0	4
108.0	2
78.0	3
28.0	3
43.0	6
54.0	7
86.0	8
32.0	14
51.0	20
37.0	26
30.0	35
53.0	49
25.0	58
60.0	51
37.0	56
4.0	48
49.0	43
17.0	21
21.0	22
51.0	12
77.0	7
64.0	4
90.0	2
109.0	1
85.0	1
114.0	0
86.0	1
115.0	1
115.0	0
115.0	0
105.0	1
116.0	0
117.0	0
117.0	0
117.0	0
118.0	0
117.0	0
45.0	1
118.0	0
117.0	1
89.0	1
117.0	1
109.0	1
115.0	1
117.0	0
118.0	0
40.0	4
67.0	2
118.0	0
111.0	2
55.0	3
84.0	5
49.0	4
35.0	6
71.0	6
45.0	10
30.0	11
40.0	7
27.0	19
40.0	17
6.0	16
57.0	15
45.0	12
11.0	7
14.0	5
62.0	5
114.0	2
120.0	2
119.0	0
120.0	0
119.0	0
119.0	0
68.0	1
118.0	0
114.0	1
65.0	5
117.0	3
39.0	7
23.0	11
46.0	14
38.0	21
82.0	22
39.0	31
18.0	51
19.0	51
59.0	58
47.0	44
36.0	36
35.0	39
26.0	18
29.0	15
97.0	9
113.0	1
52.0	6
52.0	1
63.0	1
78.0	1
116.0	0
116.0	0
115.0	0
115.0	0
74.0	1
117.0	0
117.0	0
117.0	0
107.0	1
117.0	0
117.0	0
117.0	1
117.0	0
99.0	1
67.0	2
117.0	1
116.0	0
118.0	0
60.0	1
83.0	2
117.0	0
80.0	2
98.0	3
67.0	3
73.0	4
54.0	7
81.0	6
44.0	12
58.0	9
49.0	8
49.0	8
26.0	11
28.0	24
29.0	27
18.0	30
31.0	26
27.0	8
28.0	12
49.0	5
117.0	2
109.0	1
121.0	0
120.0	0
83.0	1
120.0	0
29.0	1
88.0	1
93.0	2
118.0	0
118.0	0
118.0	0
25.0	8
24.0	8
63.0	7
47.0	13
71.0	21
27.0	25
29.0	38
22.0	42
21.0	40
29.0	59
44.0	43
31.0	39
45.0	26
52.0	21
33.0	22
21.0	11
48.0	8
82.0	3
115.0	1
114.0	0
112.0	2
114.0	0
112.0	2
115.0	0
116.0	0
104.0	1
115.0	1
116.0	0
116.0	0
117.0	0
116.0	0
116.0	0
77.0	3
116.0	0
117.0	0
116.0	0
115.0	0
105.0	1
116.0	0
115.0	0
116.0	1
100.0	1
97.0	1
111.0	2
72.0	4
67.0	4
35.0	5
39.0	7
13.0	13
34.0	8
31.0	12
16.0	23
7.0	19
24.0	23
19.0	55
23.0	35
11.0	28
38.0	17
19.0	7
84.0	3
34.0	3
122.0	0
17.0	1
121.0	0
106.0	1
57.0	2
25.0	3
87.0	2
101.0	1
119.0	2
92.0	1
38.0	2
77.0	6
76.0	8
30.0	15
41.0	18
15.0	15
30.0	20
51.0	35
20.0	40
46.0	61
29.0	52
17.0	47
27.0	43
15.0	35
45.0	28
28.0	21
52.0	14
80.0	7
68.0	4
65.0	2
69.0	3
115.0	0
113.0	1
54.0	1
92.0	1
117.0	1
115.0	0
116.0	0
53.0	1
117.0	0
118.0	0
118.0	0
117.0	0
118.0	0
80.0	1
117.0	0
117.0	0
118.0	0
72.0	2
117.0	0
116.0	0
105.0	2
117.0	2
85.0	2
105.0	1
59.0	6
32.0	12
48.0	8
36.0	15
24.0	19
28.0	20
39.0	20
23.0	30
15.0	47
9.0	67
24.0	74
10.0	48
17.0	23
41.0	16
111.0	4
41.0	3
122.0	0
114.0	4
122.0	0
87.0	4
111.0	3
13.0	5
120.0	3
84.0	7
26.0	5
57.0	8
33.0	7
49.0	7
6.0	4
55.0	13
29.0	11
21.0	15
34.0	19
46.0	33
27.0	38
30.0	42
18.0	52
25.0	56
23.0	53
23.0	33
27.0	31
13.0	25
30.0	21
66.0	11
25.0	11
61.0	4
54.0	2
115.0	1
96.0	2
23.0	2
114.0	0
115.0	0
115.0	0
112.0	1
117.0	0
116.0	0
116.0	0
116.0	0
63.0	1
116.0	0
116.0	0
116.0	0
116.0	0
117.0	0
116.0	0
116.0	0
116.0	0
116.0	0
117.0	0
117.0	0
56.0	1
52.0	5
71.0	7
19.0	19
25.0	17
11.0	20
16.0	30
12.0	37
15.0	39
10.0	45
9.0	71
17.0	87
9.0	119
20.0	53
32.0	18
27.0	6
12.0	6
120.0	2
82.0	2
123.0	0
80.0	1
51.0	4
79.0	2
25.0	11
28.0	8
9.0	15
4.0	15
32.0	5
44.0	14
30.0	6
5.0	7
72.0	7
76.0	12
43.0	23
37.0	24
24.0	25
30.0	30
27.0	41
29.0	38
26.0	51
36.0	49
48.0	52
26.0	33
28.0	39
34.0	30
57.0	16
77.0	13
93.0	5
34.0	6
114.0	1
101.0	1
67.0	2
115.0	0
115.0	1
72.0	1
115.0	0
116.0	0
116.0	0
116.0	0
116.0	0
115.0	0
116.0	0
116.0	0
117.0	0
116.0	0
107.0	1
117.0	0
116.0	0
43.0	2
116.0	1
68.0	2
92.0	1
33.0	3
31.0	8
51.0	8
28.0	20
14.0	19
47.0	28
19.0	53
18.0	65
11.0	72
16.0	91
20.0	105
11.0	123
14.0	95
34.0	23
26.0	11
50.0	2
123.0	0
124.0	1
124.0	0
120.0	1
123.0	0
63.0	5
35.0	10
11.0	18
17.0	19
29.0	23
13.0	24
35.0	23
67.0	8
43.0	7
23.0	6
72.0	7
55.0	6
50.0	12
15.0	13
56.0	22
26.0	28
42.0	28
39.0	48
24.0	51
32.0	56
34.0	54
24.0	51
29.0	55
60.0	45
69.0	22
45.0	10
32.0	7
60.0	2
109.0	2
96.0	2
98.0	2
115.0	0
115.0	0
79.0	1
116.0	0
116.0	0
116.0	0
117.0	0
117.0	0
117.0	0
117.0	0
117.0	0
118.0	0
118.0	0
117.0	0
116.0	0
117.0	0
118.0	0
118.0	0
32.0	3
120.0	1
23.0	4
96.0	4
12.0	14
15.0	39
38.0	53
19.0	89
20.0	97
12.0	77
7.0	129
11.0	133
23.0	139
18.0	101
24.0	35
24.0	11
86.0	2
46.0	1
125.0	0
125.0	0
121.0	2
124.0	0
71.0	1
125.0	1
71.0	5
69.0	9
70.0	7
51.0	9
79.0	6
13.0	6
35.0	11
65.0	5
65.0	4
7.0	3
99.0	6
27.0	11
65.0	12
38.0	27
28.0	35
27.0	44
20.0	61
18.0	68
21.0	85
27.0	86
29.0	92
23.0	91
42.0	57
18.0	31
72.0	13
36.0	9
50.0	3
94.0	2
115.0	0
115.0	0
116.0	0
117.0	0
116.0	0
116.0	0
117.0	0
118.0	0
117.0	0
117.0	0
117.0	0
117.0	0
117.0	0
118.0	0
117.0	0
70.0	1
118.0	0
118.0	0
118.0	0
118.0	0
119.0	0
38.0	1
80.0	3
42.0	14
23.0	59
10.0	103
8.0	228
19.0	185
14.0	143
5.0	161
13.0	186
16.0	158
16.0	95
17.0	36
36.0	9
121.0	2
97.0	1
21.0	1
127.0	0
127.0	0
128.0	0
128.0	0
127.0	0
117.0	1
43.0	1
63.0	1
24.0	3
50.0	2
20.0	6
123.0	1
123.0	0
91.0	2
79.0	2
121.0	0
11.0	3
66.0	6
17.0	7
12.0	22
21.0	34
37.0	51
26.0	73
13.0	91
19.0	136
20.0	136
10.0	148
13.0	99
32.0	64
26.0	26
14.0	19
24.0	6
107.0	1
90.0	1
115.0	0
115.0	0
115.0	0
117.0	0
117.0	0
116.0	0
117.0	0
117.0	0
117.0	0
117.0	0
117.0	0
117.0	0
117.0	0
118.0	0
118.0	0
118.0	0
118.0	0
118.0	0
119.0	0
120.0	0
112.0	1
41.0	1
38.0	9
30.0	35
40.0	232
12.0	1017
10.0	1280
12.0	544
18.0	298
6.0	279
14.0	278
5.0	200
12.0	66
14.0	16
127.0	0
58.0	2
128.0	0
38.0	1
128.0	0
128.0	0
129.0	0
128.0	0
128.0	0
127.0	0
127.0	0
127.0	0
127.0	0
126.0	0
126.0	0
125.0	0
23.0	2
15.0	2
123.0	0
123.0	0
123.0	0
38.0	4
29.0	5
91.0	8
13.0	31
9.0	52
22.0	80
11.0	129
12.0	194
26.0	186
10.0	178
28.0	94
16.0	67
42.0	30
25.0	12
114.0	1
114.0	0
114.0	0
81.0	1
114.0	0
114.0	0
115.0	0
115.0	0
116.0	0
115.0	0
115.0	0
115.0	0
116.0	0
116.0	0
116.0	0
116.0	0
117.0	0
27.0	2
116.0	0
117.0	0
118.0	0
119.0	0
39.0	2
121.0	0
55.0	2
10.0	10
25.0	82
29.0	859
9.0	3576
10.0	3141
7.0	987
6.0	648
5.0	531
6.0	300
11.0	106
35.0	14
91.0	2
45.0	1
127.0	0
127.0	0
127.0	0
128.0	0
128.0	0
127.0	0
128.0	0
128.0	0
127.0	0
126.0	0
126.0	0
126.0	0
99.0	1
125.0	0
125.0	0
123.0	0
123.0	0
123.0	0
123.0	0
28.0	2
92.0	1
17.0	2
39.0	13
8.0	26
19.0	55
10.0	124
13.0	183
8.0	259
8.0	209
9.0	176
17.0	97
16.0	36
38.0	16
39.0	2
60.0	1
115.0	0
115.0	0
114.0	0
115.0	0
116.0	0
115.0	0
115.0	0
116.0	0
116.0	0
116.0	0
116.0	0
118.0	0
117.0	0
117.0	0
118.0	0
117.0	0
118.0	0
118.0	0
118.0	0
119.0	0
119.0	0
99.0	1
43.0	4
61.0	5
57.0	7
36.0	111
5.0	1054
9.0	2665
5.0	1617
6.0	668
7.0	459
13.0	237
12.0	56
29.0	13
129.0	0
127.0	0
84.0	1
128.0	0
130.0	0
130.0	0
129.0	0
108.0	1
129.0	0
128.0	0
130.0	0
129.0	0
128.0	0
128.0	0
128.0	0
126.0	0
86.0	1
126.0	0
124.0	0
125.0	0
124.0	0
122.0	0
122.0	0
68.0	1
29.0	3
17.0	11
9.0	25
9.0	57
14.0	153
9.0	210
9.0	194
11.0	151
21.0	78
37.0	38
43.0	14
48.0	3
25.0	2
115.0	0
115.0	0
115.0	0
115.0	0
114.0	0
115.0	0
116.0	0
117.0	0
115.0	0
117.0	0
117.0	0
117.0	0
118.0	0
117.0	0
118.0	0
118.0	0
117.0	0
118.0	0
119.0	0
45.0	1
120.0	0
120.0	0
121.0	0
64.0	1
85.0	4
62.0	10
27.0	59
13.0	306
10.0	486
4.0	388
5.0	199
21.0	96
34.0	24
73.0	6
128.0	1
30.0	2
129.0	0
129.0	0
129.0	0
129.0	0
130.0	0
131.0	0
131.0	0
131.0	0
130.0	0
131.0	0
130.0	0
130.0	0
129.0	0
128.0	0
128.0	0
126.0	0
126.0	0
31.0	1
126.0	0
124.0	0
124.0	0
123.0	0
122.0	0
57.0	2
25.0	5
14.0	19
7.0	75
8.0	116
8.0	142
11.0	94
19.0	62
38.0	23
46.0	7
111.0	1
98.0	2
114.0	0
41.0	1
114.0	0
113.0	0
114.0	0
114.0	0
114.0	0
114.0	0
114.0	0
115.0	0
115.0	0
115.0	0
115.0	0
115.0	0
117.0	0
116.0	0
117.0	0
117.0	0
118.0	0
119.0	0
120.0	0
120.0	0
121.0	0
121.0	0
25.0	1
123.0	0
72.0	7
20.0	33
41.0	66
9.0	84
9.0	71
13.0	27
19.0	10
66.0	1
128.0	0
129.0	0
130.0	0
130.0	0
130.0	0
130.0	0
131.0	0
129.0	0
130.0	0
130.0	0
130.0	0
130.0	0
130.0	0
129.0	0
129.0	0
129.0	0
128.0	0
126.0	0
127.0	0
85.0	1
125.0	0
124.0	0
123.0	0
123.0	0
15.0	1
121.0	0
27.0	1
121.0	1
15.0	12
10.0	30
12.0	51
7.0	40
22.0	27
22.0	9
23.0	3
2.0	1
114.0	0
114.0	0
114.0	0
65.0	1
115.0	0
115.0	0
115.0	0
115.0	0
116.0	0
115.0	0
116.0	0
116.0	0
115.0	0
117.0	0
117.0	0
117.0	0
118.0	0
117.0	0
118.0	0
118.0	0
119.0	0
120.0	0
121.0	0
121.0	0
122.0	0
123.0	0
124.0	0
124.0	0
48.0	7
46.0	9
11.0	20
37.0	14
95.0	4
129.0	1
129.0	0
130.0	0
131.0	0
131.0	0
131.0	0
132.0	0
132.0	0
133.0	0
134.0	0
134.0	0
134.0	0
132.0	0
132.0	0
133.0	0
133.0	0
130.0	0
131.0	0
130.0	0
128.0	0
32.0	1
128.0	0
126.0	0
126.0	0
127.0	0
125.0	0
124.0	0
46.0	1
123.0	0
41.0	1
105.0	2
28.0	7
48.0	7
25.0	16
19.0	13
77.0	2
117.0	0
117.0	0
44.0	1
116.0	0
115.0	0
114.0	0
114.0	0
114.0	0
114.0	0
114.0	0
114.0	0
115.0	0
115.0	0
115.0	0
115.0	0
116.0	0
116.0	0
118.0	0
117.0	0
117.0	0
66.0	1
119.0	0
119.0	0
120.0	0
44.0	1
122.0	0
122.0	0
124.0	0
29.0	2
39.0	1
126.0	0
126.0	0
74.0	6
28.0	4
54.0	1
129.0	1
97.0	1
131.0	0
131.0	0
132.0	0
132.0	0
132.0	0
133.0	0
133.0	0
132.0	0
132.0	0
133.0	0
133.0	0
133.0	0
133.0	0
132.0	0
132.0	0
131.0	0
131.0	0
130.0	0
130.0	0
129.0	0
127.0	0
128.0	0
52.0	1
125.0	0
125.0	0
124.0	0
123.0	0
122.0	0
122.0	0
121.0	1
39.0	4
25.0	3
103.0	2
118.0	0
118.0	0
118.0	0
118.0	0
118.0	0
116.0	0
116.0	0
115.0	0
114.0	0
114.0	0
113.0	0
114.0	0
115.0	0
115.0	0
115.0	0
115.0	0
117.0	0
116.0	0
116.0	0
118.0	0
117.0	0
118.0	0
118.0	0
119.0	0
119.0	0
120.0	0
121.0	0
122.0	0
123.0	0
124.0	0
126.0	0
126.0	0
69.0	3
128.0	0
30.0	2
126.0	1
130.0	0
130.0	0
130.0	0
131.0	0
131.0	0
132.0	0
132.0	0
133.0	0
134.0	0
135.0	0
133.0	0
133.0	0
133.0	0
134.0	0
133.0	0
133.0	0
132.0	0
132.0	0
132.0	0
130.0	0
130.0	0
130.0	0
129.0	0
128.0	0
128.0	0
126.0	0
126.0	0
124.0	0
124.0	0
123.0	0
122.0	0
101.0	1
120.0	0
120.0	0
119.0	1
119.0	0
119.0	0
118.0	0
118.0	0
117.0	0
117.0	0
116.0	0
115.0	0
115.0	0
114.0	0
114.0	0
113.0	0
113.0	0
113.0	0
114.0	0
113.0	0
114.0	0
114.0	0
115.0	0
115.0	0
115.0	0
116.0	0
116.0	0
117.0	0
118.0	0
119.0	0
121.0	0
122.0	0
123.0	0
124.0	0
124.0	0
125.0	0
126.0	0
127.0	0
128.0	0
129.0	0
129.0	0
129.0	0
131.0	0
132.0	0
132.0	0
133.0	0
133.0	0
133.0	0
133.0	0
133.0	0
133.0	0
134.0	0
134.0	0
133.0	0
134.0	0
134.0	0
132.0	0
131.0	0
131.0	0
130.0	0
130.0	0
129.0	0
128.0	0
127.0	0
126.0	0
126.0	0
125.0	0
124.0	0
123.0	0
123.0	0
123.0	0
103.0	1
121.0	0
120.0	0
120.0	0
120.0	0
118.0	0
118.0	0
116.0	0
115.0	0
115.0	0
113.0	0
113.0	0
113.0	0
113.0	0
113.0	0
113.0	0
114.0	0
113.0	0
113.0	0
113.0	0
114.0	0
115.0	0
115.0	0
114.0	0
115.0	0
117.0	0
116.0	0
117.0	0
119.0	0
119.0	0
120.0	0
122.0	0
123.0	0
124.0	0
124.0	0
125.0	0
127.0	0
128.0	0
128.0	0
129.0	0
130.0	0
75.0	1
131.0	0
131.0	0
132.0	0
132.0	0
133.0	0
133.0	0
134.0	0
134.0	0
134.0	0
135.0	0
135.0	0
134.0	0
134.0	0
135.0	0
133.0	0
133.0	0
132.0	0
131.0	0
130.0	0
130.0	0
129.0	0
129.0	0
127.0	0
127.0	0
126.0	0
125.0	0
124.0	0
123.0	0
123.0	0
122.0	0
121.0	0
121.0	0
121.0	0
119.0	0
120.0	0
119.0	0
117.0	0
116.0	0
115.0	0
115.0	0
113.0	0
114.0	0
113.0	0
113.0	0
113.0	0
113.0	0
112.0	0
113.0	0
113.0	0
78.0	1
114.0	0
113.0	0
115.0	0
115.0	0
116.0	0
117.0	0
118.0	0
119.0	0
119.0	0
121.0	0
122.0	0
123.0	0
125.0	0
125.0	0
126.0	0
128.0	0
128.0	0
130.0	0
130.0	0
130.0	0
131.0	0
131.0	0
132.0	0
132.0	0
133.0	0
134.0	0
133.0	0
134.0	0
134.0	0
134.0	0
134.0	0
135.0	0
134.0	0
135.0	0
135.0	0
134.0	0
134.0	0
133.0	0
132.0	0
131.0	0
131.0	0
130.0	0
129.0	0
128.0	0
127.0	0
126.0	0
126.0	0
124.0	0
124.0	0
124.0	0
122.0	0
122.0	0
121.0	0
119.0	0
119.0	0
118.0	0
118.0	0
117.0	0
116.0	0
115.0	0
114.0	0
114.0	0
114.0	0
113.0	0
113.0	0
114.0	0
113.0	0
113.0	0
114.0	0
114.0	0
115.0	0
115.0	0
115.0	0
115.0	0
116.0	0
116.0	0
118.0	0
119.0	0
120.0	0
121.0	0
121.0	0
122.0	0
124.0	0
126.0	0
126.0	0
127.0	0
128.0	0
129.0	0
129.0	0
130.0	0
131.0	0
132.0	0
132.0	0
134.0	0
135.0	0
135.0	0
135.0	0
136.0	0
136.0	0
136.0	0
136.0	0
137.0	0
137.0	0
136.0	0
136.0	0
137.0	0
135.0	0
135.0	0
135.0	0
134.0	0
133.0	0
133.0	0
131.0	0
131.0	0
131.0	0
130.0	0
128.0	0
128.0	0
127.0	0
126.0	0
125.0	0
125.0	0
123.0	0
122.0	0
121.0	0
120.0	0
120.0	0
121.0	0
119.0	0
118.0	0
117.0	0
116.0	0
115.0	0
115.0	0
116.0	0
114.0	0
113.0	0
113.0	0
114.0	0
112.0	0
112.0	0
113.0	0
113.0	0
114.0	0
115.0	0
115.0	0
115.0	0
117.0	0
117.0	0
118.0	0
120.0	0
121.0	0
121.0	0
122.0	0
124.0	0
125.0	0
126.0	0
127.0	0
128.0	0
129.0	0
129.0	0
130.0	0
131.0	0
132.0	0
132.0	0
133.0	0
133.0	0
134.0	0
134.0	0
136.0	0
135.0	0
135.0	0
135.0	0
136.0	0
135.0	0
136.0	0
136.0	0
134.0	0
135.0	0
135.0	0
133.0	0
133.0	0
132.0	0
131.0	0
129.0	0
130.0	0
128.0	0
128.0	0
126.0	0
126.0	0
124.0	0
124.0	0
123.0	0
122.0	0
121.0	0
120.0	0
118.0	1
119.0	0
118.0	0
117.0	0
116.0	0
115.0	0
115.0	0
114.0	0
114.0	0
113.0	0
113.0	0
114.0	0
88.0	1
113.0	0
111.0	0
112.0	0
113.0	0
113.0	0
113.0	0
113.0	0
114.0	0
116.0	0
116.0	0
116.0	0
118.0	0
119.0	0
120.0	0
121.0	0
122.0	0
123.0	0
123.0	0
125.0	0
126.0	0
127.0	0
128.0	0
129.0	0
129.0	0
131.0	0
131.0	0
133.0	0
133.0	0
135.0	0
135.0	0
135.0	0
135.0	0
135.0	0
135.0	0
136.0	0
136.0	0
136.0	0
135.0	0
136.0	0
136.0	0
134.0	0
135.0	0
134.0	0
133.0	0
132.0	0
131.0	0
131.0	0
129.0	0
129.0	0
127.0	0
127.0	0
126.0	0
125.0	0
123.0	0
123.0	0
122.0	0
121.0	0
121.0	0
120.0	0
119.0	0
119.0	0
117.0	0
117.0	0
116.0	0
115.0	0
114.0	0
113.0	0
113.0	0
113.0	0
113.0	0
112.0	0
114.0	0
113.0	0
112.0	0
113.0	0
113.0	0
113.0	0
114.0	0
115.0	0
114.0	0
116.0	0
117.0	0
118.0	0
119.0	0
119.0	0
121.0	0
122.0	0
124.0	0
124.0	0
127.0	0
128.0	0
128.0	0
128.0	0
130.0	0
131.0	0
131.0	0
132.0	0
132.0	0
135.0	0
134.0	0
135.0	0
135.0	0
135.0	0
136.0	0
137.0	0
138.0	0
137.0	0
136.0	0
136.0	0
137.0	0
135.0	0
136.0	0
136.0	0
134.0	0
134.0	0
132.0	0
132.0	0
130.0	0
130.0	0
128.0	0
129.0	0
127.0	0
126.0	0
124.0	0
124.0	0
123.0	0
122.0	0
122.0	0
121.0	0
120.0	0
37.0	1
117.0	0
117.0	0
117.0	0
116.0	0
115.0	0
115.0	0
114.0	0
114.0	0
114.0	0
113.0	0
114.0	0
113.0	0
112.0	0
113.0	0
113.0	0
113.0	0
114.0	0
114.0	0
114.0	0
115.0	0
115.0	0
116.0	0
119.0	0
120.0	0
120.0	0
122.0	0
122.0	0
123.0	0
124.0	0
125.0	0
127.0	0
127.0	0
128.0	0
129.0	0
130.0	0
131.0	0
132.0	0
133.0	0
133.0	0
134.0	0
134.0	0
135.0	0
135.0	0
135.0	0
136.0	0
137.0	0
138.0	0
135.0	0
136.0	0
136.0	0
136.0	0
136.0	0
136.0	0
135.0	0
134.0	0
134.0	0
132.0	0
132.0	0
130.0	0
129.0	0
129.0	0
127.0	0
126.0	0
126.0	0
124.0	0
124.0	0
123.0	0
122.0	0
121.0	0
120.0	0
119.0	0
119.0	0
111.0	1
117.0	0
116.0	0
115.0	0
115.0	0
114.0	0
114.0	0
113.0	0
112.0	0
112.0	0
112.0	0
113.0	0
113.0	0
112.0	0
113.0	0
113.0	0
114.0	0
115.0	0
115.0	0
116.0	0
117.0	0
119.0	0
119.0	0
120.0	0
121.0	0
122.0	0
123.0	0
125.0	0
126.0	0
126.0	0
128.0	0
128.0	0
130.0	0
130.0	0
131.0	0
131.0	0
132.0	0
132.0	0
132.0	0
134.0	0
134.0	0
135.0	0
136.0	0
137.0	0
135.0	0
136.0	0
136.0	0
137.0	0
137.0	0
136.0	0
137.0	0
136.0	0
135.0	0
136.0	0
135.0	0
134.0	0
133.0	0
132.0	0
129.0	0
129.0	0
128.0	0
127.0	0
126.0	0
125.0	0
125.0	0
124.0	0
123.0	0
122.0	0
121.0	0
120.0	0
118.0	0
118.0	0
117.0	0
116.0	0
115.0	0
21.0	1
114.0	0
113.0	0
113.0	0
113.0	0
113.0	0
114.0	0
113.0	0
112.0	0
113.0	0
113.0	0
113.0	0
114.0	0
113.0	0
114.0	0
115.0	0
116.0	0
117.0	0
119.0	0
119.0	0
122.0	0
123.0	0
124.0	0
125.0	0
125.0	0
126.0	0
127.0	0
128.0	0
129.0	0
129.0	0
131.0	0
131.0	0
67.0	1
133.0	0
133.0	0
135.0	0
136.0	0
135.0	0
136.0	0
136.0	0
136.0	0
137.0	0
137.0	0
137.0	0
137.0	0
137.0	0
136.0	0
136.0	0
135.0	0
134.0	0
134.0	0
133.0	0
133.0	0
132.0	0
131.0	0
130.0	0
129.0	0
128.0	0
127.0	0
126.0	0
125.0	0
125.0	0
123.0	0
122.0	0
121.0	0
120.0	0
120.0	0
118.0	0
118.0	0
116.0	0
115.0	0
114.0	0
113.0	0
114.0	0
114.0	0
113.0	0
113.0	0
113.0	0
113.0	0
113.0	0
113.0	0
113.0	0
114.0	0
113.0	0
113.0	0
113.0	0
114.0	0
114.0	0
115.0	0
116.0	0
117.0	0
119.0	0
120.0	0
121.0	0
123.0	0
124.0	0
125.0	0
126.0	0
127.0	0
127.0	0
128.0	0
130.0	0
130.0	0
130.0	0
132.0	0
133.0	0
134.0	0
134.0	0
135.0	0
135.0	0
136.0	0
136.0	0
137.0	0
137.0	0
136.0	0
136.0	0
136.0	0
137.0	0
136.0	0
135.0	0
134.0	0
133.0	0
133.0	0
131.0	0
132.0	0
130.0	0
129.0	0
129.0	0
73.0	1
127.0	0
127.0	0
125.0	0
124.0	0
123.0	0
122.0	0
121.0	0
119.0	0
119.0	0
119.0	0
117.0	0
117.0	0
116.0	0
114.0	0
114.0	0
113.0	0
114.0	0
113.0	0
113.0	0
113.0	0
114.0	0
113.0	0
113.0	0
113.0	0
112.0	0
113.0	0
112.0	0
114.0	0
114.0	0
115.0	0
116.0	0
117.0	0
117.0	0
119.0	0
121.0	0
121.0	0
123.0	0
123.0	0
126.0	0
125.0	0
127.0	0
128.0	0
128.0	0
130.0	0
131.0	0
131.0	0
132.0	0
133.0	0
133.0	0
134.0	0
134.0	0
135.0	0
135.0	0
137.0	0
137.0	0
137.0	0
136.0	0
137.0	0
137.0	0
137.0	0
136.0	0
135.0	0
135.0	0
136.0	0
134.0	0
134.0	0
132.0	0
131.0	0
130.0	0
129.0	0
127.0	0
126.0	0
126.0	0
124.0	0
123.0	0
60.0	1
122.0	0
122.0	0
121.0	0
84.0	1
119.0	0
117.0	0
117.0	0
115.0	0
114.0	0
113.0	0
112.0	0
112.0	0
113.0	0
113.0	0
112.0	0
113.0	0
113.0	0
113.0	0
113.0	0
114.0	0
113.0	0
113.0	0
114.0	0
114.0	0
114.0	0
114.0	0
116.0	0
117.0	0
119.0	0
120.0	0
120.0	0
122.0	0
123.0	0
124.0	0
125.0	0
81.0	1
127.0	0
128.0	0
128.0	0
129.0	0
131.0	0
131.0	0
132.0	0
132.0	0
132.0	0
133.0	0
134.0	0
134.0	0
135.0	0
135.0	0
136.0	0
135.0	0
136.0	0
135.0	0
136.0	0
136.0	0
135.0	0
135.0	0
134.0	0
134.0	0
134.0	0
133.0	0
131.0	0
130.0	0
128.0	0
127.0	0
127.0	0
125.0	0
125.0	0
124.0	0
123.0	0
122.0	0
122.0	0
120.0	0
118.0	0
118.0	0
117.0	0
116.0	0
116.0	0
115.0	0
113.0	0
113.0	0
113.0	0
113.0	0
113.0	0
113.0	0
112.0	0
112.0	0
113.0	0
113.0	0
113.0	0
114.0	0
113.0	0
113.0	0
113.0	0
114.0	0
114.0	0
115.0	0
116.0	0
116.0	0
120.0	0
120.0	0
119.0	0
121.0	0
122.0	0
123.0	0
122.0	1
124.0	1
127.0	0
127.0	0
128.0	0
129.0	0
131.0	0
131.0	0
132.0	0
133.0	0
133.0	0
133.0	0
134.0	0
135.0	0
135.0	0
136.0	0
136.0	0
136.0	0
137.0	0
136.0	0
136.0	0
134.0	0
134.0	0
134.0	0
133.0	0
133.0	0
131.0	0
131.0	0
131.0	0
129.0	0
129.0	0
127.0	0
126.0	0
125.0	0
68.0	1
112.0	2
91.0	2
58.0	2
108.0	1
120.0	0
35.0	1
96.0	1
117.0	0
115.0	0
115.0	0
113.0	0
114.0	0
113.0	0
113.0	0
113.0	0
113.0	0
113.0	0
114.0	0
113.0	0
114.0	0
114.0	0
114.0	0
114.0	0
114.0	0
113.0	0
113.0	0
115.0	0
116.0	0
116.0	0
117.0	0
117.0	0
118.0	0
119.0	0
51.0	1
122.0	0
116.0	1
48.0	1
34.0	3
125.0	0
128.0	0
129.0	0
128.0	0
129.0	0
130.0	0
131.0	0
132.0	0
132.0	0
133.0	0
133.0	0
135.0	0
134.0	0
134.0	0
135.0	0
135.0	0
135.0	0
135.0	0
135.0	0
135.0	0
135.0	0
133.0	0
134.0	0
132.0	0
132.0	0
131.0	0
130.0	0
130.0	0
127.0	0
127.0	0
126.0	0
76.0	1
124.0	1
11.0	4
31.0	7
106.0	1
33.0	3
119.0	0
118.0	0
117.0	0
116.0	0
115.0	0
115.0	0
113.0	0
113.0	0
113.0	0
112.0	0
49.0	1
113.0	0
113.0	0
114.0	0
114.0	0
114.0	0
113.0	0
113.0	0
113.0	0
114.0	0
114.0	0
114.0	0
114.0	0
115.0	0
115.0	0
116.0	0
118.0	0
117.0	0
119.0	0
119.0	0
121.0	0
121.0	1
123.0	0
120.0	1
31.0	4
126.0	0
42.0	2
128.0	0
129.0	0
129.0	0
130.0	0
131.0	0
131.0	0
134.0	0
134.0	0
134.0	0
134.0	0
134.0	0
135.0	0
135.0	0
136.0	0
135.0	0
135.0	0
135.0	0
135.0	0
135.0	0
133.0	0
134.0	0
132.0	0
132.0	0
132.0	0
130.0	0
129.0	0
128.0	0
127.0	0
126.0	0
85.0	3
18.0	14
13.0	22
20.0	10
40.0	9
85.0	2
77.0	2
118.0	0
118.0	0
117.0	0
115.0	0
59.0	1
114.0	0
113.0	0
113.0	0
113.0	0
114.0	0
114.0	0
114.0	0
114.0	0
114.0	0
113.0	0
114.0	0
114.0	0
113.0	0
113.0	0
114.0	0
114.0	0
115.0	0
114.0	0
115.0	0
115.0	0
116.0	0
118.0	0
118.0	0
119.0	1
121.0	0
99.0	2
75.0	4
61.0	3
58.0	2
57.0	2
126.0	0
127.0	0
128.0	0
128.0	0
129.0	0
129.0	0
130.0	0
131.0	0
132.0	0
132.0	0
133.0	0
133.0	0
132.0	0
133.0	0
134.0	0
133.0	0
134.0	0
134.0	0
132.0	0
132.0	0
132.0	0
131.0	0
131.0	0
129.0	0
129.0	0
127.0	0
127.0	0
64.0	1
56.0	5
17.0	12
23.0	25
9.0	41
30.0	19
22.0	16
8.0	10
49.0	1
110.0	1
81.0	1
116.0	0
114.0	0
114.0	0
115.0	0
113.0	0
113.0	0
53.0	1
113.0	0
112.0	0
112.0	0
114.0	0
114.0	0
113.0	0
112.0	0
113.0	0
112.0	0
113.0	0
113.0	0
114.0	0
114.0	0
113.0	0
113.0	0
116.0	0
116.0	0
117.0	0
118.0	0
119.0	0
119.0	0
98.0	1
100.0	1
24.0	5
44.0	4
123.0	0
124.0	0
117.0	1
126.0	0
127.0	0
128.0	0
129.0	0
130.0	0
130.0	0
131.0	0
131.0	0
72.0	1
133.0	0
133.0	0
133.0	0
133.0	0
133.0	0
134.0	0
134.0	0
133.0	0
132.0	0
132.0	0
132.0	0
131.0	0
131.0	0
129.0	0
26.0	1
36.0	2
32.0	3
24.0	15
51.0	12
3.0	26
16.0	36
27.0	19
21.0	12
40.0	9
29.0	5
99.0	3
117.0	0
116.0	0
13.0	1
114.0	0
80.0	1
114.0	0
114.0	0
112.0	0
113.0	0
113.0	0
114.0	0
113.0	0
113.0	0
113.0	0
113.0	0
114.0	0
114.0	0
114.0	0
115.0	0
114.0	0
114.0	0
114.0	0
113.0	1
114.0	0
116.0	0
113.0	1
117.0	0
118.0	0
119.0	0
119.0	0
72.0	2
121.0	0
122.0	0
123.0	0
69.0	1
124.0	0
125.0	0
127.0	0
128.0	0
128.0	0
127.0	0
129.0	0
131.0	0
131.0	0
131.0	0
131.0	0
132.0	0
133.0	0
133.0	0
133.0	0
133.0	0
19.0	1
132.0	0
133.0	0
133.0	0
132.0	0
131.0	0
131.0	0
131.0	0
129.0	0
78.0	1
26.0	6
22.0	11
33.0	7
17.0	13
10.0	13
40.0	9
12.0	4
75.0	5
75.0	3
53.0	1
56.0	3
99.0	1
115.0	0
114.0	0
115.0	0
115.0	0
113.0	0
114.0	0
113.0	0
114.0	0
114.0	0
64.0	1
114.0	0
114.0	0
114.0	0
115.0	0
114.0	0
114.0	0
115.0	0
115.0	0
115.0	0
114.0	0
115.0	0
115.0	0
89.0	1
116.0	0
116.0	0
117.0	0
117.0	0
118.0	0
119.0	0
103.0	1
121.0	0
121.0	0
122.0	0
104.0	1
123.0	0
124.0	0
125.0	0
126.0	0
127.0	0
128.0	0
129.0	0
130.0	0
130.0	0
131.0	0
131.0	0
131.0	0
127.0	1
131.0	0
131.0	0
121.0	1
102.0	1
131.0	0
130.0	0
130.0	0
130.0	0
88.0	1
119.0	1
127.0	0
18.0	4
94.0	4
30.0	10
97.0	5
40.0	7
25.0	8
13.0	6
60.0	3
118.0	1
118.0	0
118.0	0
117.0	0
116.0	0
107.0	1
115.0	0
114.0	0
114.0	0
113.0	0
112.0	1
113.0	0
113.0	0
115.0	0
114.0	0
113.0	0
113.0	0
114.0	0
115.0	0
114.0	0
113.0	0
114.0	0
107.0	1
114.0	0
114.0	0
114.0	0
114.0	0
115.0	0
115.0	0
116.0	0
115.0	0
117.0	0
117.0	0
47.0	1
118.0	0
120.0	0
120.0	0
120.0	0
122.0	0
123.0	0
123.0	0
124.0	0
125.0	0
126.0	0
127.0	0
128.0	0
128.0	0
129.0	0
129.0	0
131.0	0
40.0	1
121.0	1
131.0	0
131.0	0
32.0	1
98.0	2
131.0	0
130.0	0
130.0	0
129.0	0
129.0	0
129.0	0
51.0	1
50.0	3
26.0	6
108.0	2
84.0	4
85.0	2
123.0	0
121.0	0
121.0	0
119.0	0
100.0	1
118.0	0
117.0	0
118.0	0
116.0	0
116.0	0
69.0	1
114.0	0
114.0	0
115.0	0
115.0	0
115.0	0
114.0	0
114.0	0
114.0	0
114.0	0
114.0	0
114.0	0
114.0	0
114.0	0
113.0	0
114.0	0
114.0	0
100.0	1
109.0	1
114.0	0
114.0	0
115.0	0
106.0	1
114.0	0
114.0	0
115.0	0
116.0	0
116.0	0
117.0	0
118.0	0
119.0	0
120.0	0
121.0	0
122.0	0
123.0	0
123.0	0
125.0	0
125.0	0
126.0	0
127.0	0
127.0	0
128.0	0
129.0	0
128.0	0
129.0	0
75.0	1
78.0	1
129.0	0
131.0	0
131.0	0
77.0	1
131.0	0
130.0	0
130.0	0
128.0	0
128.0	0
38.0	1
32.0	4
16.0	4
60.0	3
123.0	0
122.0	0
122.0	0
120.0	0
120.0	0
119.0	0
118.0	0
117.0	0
117.0	0
117.0	0
115.0	0
115.0	0
114.0	0
114.0	0
114.0	0
114.0	0
115.0	0
114.0	0
113.0	0
113.0	0
112.0	0
113.0	0
114.0	0
114.0	0
115.0	0
114.0	0
114.0	0
114.0	0
114.0	0
109.0	1
115.0	0
98.0	1
114.0	0
114.0	0
114.0	0
113.0	0
114.0	0
115.0	0
115.0	0
115.0	0
116.0	0
117.0	0
118.0	0
119.0	0
119.0	0
121.0	0
121.0	0
122.0	0
122.0	0
123.0	0
123.0	0
124.0	0
125.0	0
125.0	0
125.0	0
126.0	0
127.0	0
126.0	0
126.0	0
91.0	1
126.0	0
126.0	0
126.0	0
127.0	0
127.0	0
126.0	0
125.0	0
125.0	0
27.0	2
55.0	2
39.0	1
68.0	1
122.0	1
121.0	0
120.0	0
119.0	0
118.0	0
117.0	0
117.0	0
116.0	0
115.0	0
114.0	0
114.0	0
114.0	0
114.0	0
114.0	0
112.0	0
112.0	0
112.0	0
112.0	0
111.0	0
111.0	0
111.0	0
111.0	0
113.0	0
113.0	0
112.0	0
112.0	0
113.0	0
113.0	0
113.0	0
114.0	0
113.0	0
114.0	0
113.0	0
113.0	0
114.0	0
114.0	0
114.0	0
115.0	0
115.0	0
116.0	0
116.0	0
117.0	0
117.0	0
117.0	0
119.0	0
120.0	0
120.0	0
121.0	0
121.0	0
122.0	0
124.0	0
124.0	0
124.0	0
123.0	0
124.0	0
124.0	0
125.0	0
125.0	0
126.0	0
126.0	0
127.0	0
127.0	0
126.0	0
126.0	0
125.0	0
126.0	0
124.0	0
124.0	0
54.0	1
122.0	0
123.0	0
121.0	0
121.0	0
120.0	0
118.0	0
118.0	0
117.0	0
117.0	0
115.0	0
115.0	0
114.0	0
113.0	0
114.0	0
113.0	0
113.0	0
112.0	0
112.0	0
30.0	1
112.0	0
112.0	0
112.0	0
112.0	0
112.0	0
111.0	0
112.0	0
113.0	0
112.0	0
112.0	0
113.0	0
113.0	0
111.0	1
113.0	0
113.0	0
112.0	0
113.0	0
113.0	0
115.0	0
115.0	0
116.0	0
115.0	0
116.0	0
115.0	0
116.0	0
117.0	0
117.0	0
118.0	0
118.0	0
119.0	0
119.0	0
120.0	0
121.0	0
122.0	0
121.0	0
123.0	0
123.0	0
124.0	0
125.0	0
125.0	0
125.0	0
125.0	0
127.0	0
125.0	0
125.0	0
125.0	0
125.0	0
125.0	0
125.0	0
124.0	0
124.0	0
124.0	0
123.0	0
122.0	0
122.0	0
122.0	0
52.0	1
120.0	0
119.0	0
118.0	0
117.0	0
116.0	0
115.0	0
115.0	0
114.0	0
114.0	0
113.0	0
114.0	0
113.0	0
113.0	0
112.0	0
112.0	0
112.0	0
112.0	0
113.0	0
112.0	0
113.0	0
112.0	0
112.0	0
113.0	0
113.0	0
114.0	0
113.0	0
113.0	0
113.0	0
114.0	0
114.0	0
114.0	0
115.0	0
114.0	0
115.0	0
115.0	0
115.0	0
114.0	0
116.0	0
116.0	0
115.0	0
116.0	0
117.0	0
117.0	0
117.0	0
118.0	0
119.0	0
119.0	0
121.0	0
121.0	0
122.0	0
123.0	0
123.0	0
123.0	0
124.0	0
125.0	0
125.0	0
125.0	0
125.0	0
124.0	0
125.0	0
124.0	0
124.0	0
125.0	0
124.0	0
123.0	0
124.0	0
123.0	0
122.0	0
122.0	0
122.0	0
120.0	0
120.0	0
120.0	0
118.0	0
118.0	0
117.0	0
115.0	0
115.0	0
114.0	0
114.0	0
113.0	0
114.0	0
114.0	0
113.0	0
113.0	0
112.0	0
52.0	1
112.0	0
91.0	1
112.0	0
112.0	0
113.0	0
112.0	0
113.0	0
113.0	0
113.0	0
113.0	0
113.0	0
114.0	0
114.0	0
114.0	0
114.0	0
114.0	0
115.0	0
114.0	0
114.0	0
114.0	0
114.0	0
114.0	0
114.0	0
115.0	0
115.0	0
114.0	0
115.0	0
116.0	0
116.0	0
118.0	0
119.0	0
118.0	0
119.0	0
119.0	0
120.0	0
120.0	0
121.0	0
122.0	0
122.0	0
123.0	0
123.0	0
123.0	0
123.0	0
55.0	1
124.0	0
124.0	0
124.0	0
123.0	0
123.0	0
122.0	0
122.0	0
121.0	0
120.0	0
120.0	0
120.0	0
119.0	0
118.0	0
118.0	0
117.0	0
116.0	0
115.0	0
114.0	0
114.0	0
113.0	0
113.0	0
113.0	0
113.0	0
112.0	0
111.0	0
111.0	0
111.0	0
112.0	0
112.0	0
111.0	0
111.0	0
111.0	0
111.0	0
112.0	0
113.0	0
113.0	0
113.0	0
113.0	0
113.0	0
113.0	0
113.0	0
113.0	0
113.0	0
114.0	0
114.0	0
114.0	0
113.0	0
114.0	0
114.0	0
113.0	0
115.0	0
114.0	0
115.0	0
116.0	0
116.0	0
15.0	1
116.0	0
117.0	0
117.0	0
118.0	0
119.0	0
119.0	0
120.0	0
120.0	0
120.0	0
120.0	0
120.0	0
121.0	0
122.0	0
122.0	0
122.0	0
122.0	0
123.0	0
122.0	0
123.0	0
122.0	0
121.0	0
121.0	0
121.0	0
121.0	0
119.0	0
119.0	0
118.0	0
118.0	0
117.0	0
116.0	0
116.0	0
115.0	0
115.0	0
114.0	0
114.0	0
113.0	0
112.0	0
113.0	0
113.0	0
113.0	0
112.0	0
113.0	0
112.0	0
112.0	0
112.0	0
111.0	0
111.0	0
111.0	0
111.0	0
113.0	0
113.0	0
113.0	0
112.0	0
112.0	0
113.0	0
113.0	0
113.0	0
37.0	1
114.0	0
114.0	0
113.0	0
114.0	0
114.0	0
114.0	0
114.0	0
114.0	0
115.0	0
114.0	0
115.0	0
116.0	0
116.0	0
115.0	0
116.0	0
117.0	0
117.0	0
118.0	0
119.0	0
120.0	0
120.0	0
120.0	0
121.0	0
120.0	0
121.0	0
121.0	0
122.0	0
122.0	0
122.0	0
122.0	0
123.0	0
122.0	0
121.0	0
122.0	0
121.0	0
121.0	0
121.0	0
120.0	0
120.0	0
119.0	0
119.0	0
118.0	0
117.0	0
117.0	0
116.0	0
116.0	0
115.0	0
114.0	0
114.0	0
114.0	0
113.0	0
113.0	0
113.0	0
112.0	0
112.0	0
112.0	0
113.0	0
112.0	0
113.0	0
113.0	0
112.0	0
112.0	0
112.0	0
113.0	0
112.0	0
114.0	0
113.0	0
113.0	0
114.0	0
113.0	0
113.0	0
112.0	0
114.0	0
114.0	0
113.0	0
114.0	0
112.0	0
113.0	0
113.0	0
114.0	0
112.0	0
113.0	0
113.0	0
114.0	0
115.0	0
114.0	0
115.0	0
115.0	0
116.0	0
116.0	0
117.0	0
117.0	0
116.0	0
117.0	0
118.0	0
118.0	0
119.0	0
119.0	0
119.0	0
120.0	0
120.0	0
119.0	0
120.0	0
119.0	0
120.0	0
121.0	0
119.0	0
119.0	0
119.0	0
119.0	0
118.0	0
118.0	0
117.0	0
117.0	0
116.0	0
115.0	0
114.0	0
114.0	0
112.0	0
112.0	0
111.0	0
112.0	0
111.0	0
110.0	0
111.0	0
112.0	0
110.0	0
111.0	0
112.0	0
110.0	0
111.0	0
111.0	0
110.0	0
110.0	0
110.0	0
110.0	0
111.0	0
112.0	0
111.0	0
111.0	0
112.0	0
112.0	0
112.0	0
112.0	0
112.0	0
112.0	0
113.0	0
112.0	0
112.0	0
113.0	0
113.0	0
114.0	0
115.0	0
114.0	0
114.0	0
116.0	0
115.0	0
116.0	0
116.0	0
117.0	0
117.0	0
117.0	0
117.0	0
118.0	0
118.0	0
118.0	0
119.0	0
119.0	0
120.0	0
118.0	0
121.0	0
120.0	0
120.0	0
121.0	0
120.0	0
120.0	0
120.0	0
120.0	0
120.0	0
118.0	0
119.0	0
118.0	0
119.0	0
118.0	0
117.0	0
115.0	0
115.0	0
115.0	0
115.0	0
115.0	0
114.0	0
113.0	0
113.0	0
113.0	0
112.0	0
112.0	0
112.0	0
113.0	0
112.0	0
113.0	0
112.0	0
111.0	0
112.0	0
111.0	0
112.0	0
111.0	0
112.0	0
112.0	0
111.0	0
112.0	0
112.0	0
112.0	0
112.0	0
112.0	0
112.0	0
112.0	0
112.0	0
113.0	0
112.0	0
113.0	0
112.0	0
113.0	0
113.0	0
113.0	0
115.0	0
114.0	0
115.0	0
115.0	0
115.0	0
116.0	0
116.0	0
116.0	0
116.0	0
116.0	0
117.0	0
118.0	0
118.0	0
117.0	0
119.0	0
119.0	0
119.0	0
119.0	0
120.0	0
120.0	0
120.0	0
121.0	0
119.0	0
120.0	0
120.0	0
120.0	0
119.0	0
119.0	0
118.0	0
118.0	0
118.0	0
118.0	0
116.0	0
115.0	0
115.0	0
115.0	0
115.0	0
113.0	0
114.0	0
114.0	0
113.0	0
113.0	0
113.0	0
112.0	0
113.0	0
113.0	0
112.0	0
112.0	0
113.0	0
111.0	0
112.0	0
112.0	0
111.0	0
111.0	0
112.0	0
111.0	0
111.0	0
112.0	0
112.0	0
112.0	0
112.0	0
112.0	0
113.0	0
112.0	0
113.0	0
113.0	0
112.0	0
112.0	0
113.0	0
112.0	0
112.0	0
113.0	0
112.0	0
114.0	0
29.0	1
114.0	0
114.0	0
114.0	0
116.0	0
115.0	0
115.0	0
115.0	0
116.0	0
118.0	0
118.0	0
117.0	0
118.0	0
117.0	0
118.0	0
118.0	0
118.0	0
118.0	0
118.0	0
118.0	0
118.0	0
117.0	0
119.0	0
118.0	0
118.0	0
117.0	0
117.0	0
116.0	0
115.0	0
115.0	0
115.0	0
115.0	0
114.0	0
113.0	0
113.0	0
113.0	0
112.0	0
112.0	0
113.0	0
112.0	0
111.0	0
112.0	0
111.0	0
112.0	0
111.0	0
112.0	0
110.0	0
110.0	0
111.0	0
111.0	0
111.0	0
111.0	0
110.0	0
110.0	0
110.0	0
111.0	0
112.0	0
112.0	0
111.0	0
111.0	0
112.0	0
112.0	0
112.0	0
111.0	0
112.0	0
113.0	0
113.0	0
111.0	0
113.0	0
113.0	0
113.0	0
114.0	0
114.0	0
115.0	0
115.0	0
117.0	0
116.0	0
116.0	0
116.0	0
116.0	0
117.0	0
117.0	0
117.0	0
118.0	0
118.0	0
118.0	0
119.0	0
118.0	0
118.0	0
118.0	0
118.0	0
118.0	0
118.0	0
118.0	0
119.0	0
119.0	0
118.0	0
118.0	0
117.0	0
117.0	0
115.0	0
115.0	0
115.0	0
114.0	0
114.0	0
113.0	0
114.0	0
113.0	0
114.0	0
113.0	0
113.0	0
113.0	0
112.0	0
113.0	0
112.0	0
112.0	0
112.0	0
112.0	0
111.0	0
112.0	0
112.0	0
112.0	0
112.0	0
111.0	0
111.0	0
111.0	0
111.0	0
112.0	0
112.0	0
112.0	0
113.0	0
111.0	0
113.0	0
112.0	0
113.0	0
112.0	0
112.0	0
113.0	0
113.0	0
114.0	0
113.0	0
115.0	0
114.0	0
115.0	0
115.0	0
115.0	0
117.0	0
117.0	0
116.0	0
117.0	0
116.0	0
116.0	0
116.0	0
116.0	0
117.0	0
117.0	0
117.0	0
117.0	0
118.0	0
117.0	0
117.0	0
118.0	0
118.0	0
116.0	0
118.0	0
117.0	0
117.0	0
118.0	0
118.0	0
117.0	0
117.0	0
117.0	0
116.0	0
114.0	0
114.0	0
113.0	0
18.0	1
114.0	0
115.0	0
113.0	0
114.0	0
113.0	0
113.0	0
113.0	0
112.0	0
112.0	0
112.0	0
113.0	0
111.0	0
111.0	0
111.0	0
111.0	0
110.0	0
110.0	0
111.0	0
111.0	0
111.0	0
111.0	0
111.0	0
110.0	0
111.0	0
112.0	0
112.0	0
112.0	0
112.0	0
114.0	0
114.0	0
113.0	0
114.0	0
113.0	0
112.0	0
112.0	0
112.0	0
112.0	0
113.0	0
113.0	0
114.0	0
114.0	0
114.0	0
114.0	0
115.0	0
115.0	0
115.0	0
116.0	0
116.0	0
116.0	0
116.0	0
116.0	0
118.0	0
116.0	0
118.0	0
118.0	0
118.0	0
117.0	0
118.0	0
117.0	1
118.0	0
118.0	0
116.0	0
117.0	0
116.0	0
115.0	0
115.0	0
114.0	0
113.0	0
113.0	0
114.0	0
114.0	0
113.0	0
113.0	0
113.0	0
112.0	0
114.0	0
113.0	0
111.0	0
112.0	0
111.0	0
112.0	0
112.0	0
111.0	0
111.0	0
111.0	0
111.0	0
112.0	0
112.0	0
111.0	0
110.0	0
112.0	0
112.0	0
112.0	0
112.0	0
111.0	0
111.0	0
111.0	0
112.0	0
112.0	0
112.0	0
112.0	0
111.0	0
113.0	0
112.0	0
112.0	0
114.0	0
114.0	0
113.0	0
113.0	0
114.0	0
113.0	0
113.0	0
114.0	0
115.0	0
115.0	0
116.0	0
116.0	0
115.0	0
116.0	0
117.0	0
116.0	0
116.0	0
116.0	0
116.0	0
116.0	0
117.0	0
117.0	0
117.0	0
118.0	0
117.0	0
118.0	0
118.0	0
118.0	0
118.0	0
118.0	0
118.0	0
117.0	0
117.0	0
116.0	0
115.0	0
115.0	0
115.0	0
114.0	0
115.0	0
114.0	0
113.0	0
114.0	0
114.0	0
113.0	0
113.0	0
113.0	0
113.0	0
112.0	0
111.0	0
112.0	0
112.0	0
111.0	0
111.0	0
111.0	0
111.0	0
111.0	0
111.0	0
111.0	0
111.0	0
112.0	0
111.0	0
112.0	0
112.0	0
112.0	0
113.0	0
113.0	0
113.0	0
111.0	0
113.0	0
113.0	0
112.0	0
114.0	0
112.0	0
112.0	0
113.0	0
113.0	0
112.0	0
114.0	0
114.0	0
115.0	0
115.0	0
116.0	0
116.0	0
116.0	0
115.0	0
116.0	0
116.0	0
116.0	0
117.0	0
116.0	0
117.0	0
116.0	0
117.0	0
116.0	0
117.0	0
117.0	0
115.0	0
117.0	0
117.0	0
116.0	0
116.0	0
116.0	0
116.0	0
115.0	0
115.0	0
115.0	0
114.0	0
115.0	0
114.0	0
114.0	0
112.0	0
114.0	0
113.0	0
113.0	0
113.0	0
114.0	0
112.0	0
113.0	0
113.0	0
112.0	0
112.0	0
113.0	0
111.0	0
111.0	0
112.0	0
111.0	0
111.0	0
111.0	0
110.0	0
112.0	0
111.0	0
111.0	0
110.0	0
110.0	0
111.0	0
112.0	0
111.0	0
111.0	0
112.0	0
112.0	0
112.0	0
112.0	0
112.0	0
111.0	0
113.0	0
114.0	0
113.0	0
114.0	0
113.0	0
115.0	0
115.0	0
115.0	0
116.0	0
116.0	0
116.0	0
114.0	0
115.0	0
115.0	0
116.0	0
116.0	0
116.0	0
116.0	0
117.0	0
117.0	0
117.0	0
117.0	0
117.0	0
117.0	0
117.0	0
118.0	0
118.0	0
117.0	0
116.0	0
116.0	0
117.0	0
116.0	0
116.0	0
116.0	0
115.0	0
115.0	0
114.0	0
114.0	0
114.0	0
114.0	0
113.0	0
113.0	0
114.0	0
113.0	0
113.0	0
113.0	0
113.0	0
112.0	0
112.0	0
112.0	0
112.0	0
112.0	0
112.0	0
111.0	0
111.0	0
112.0	0
112.0	0
112.0	0
111.0	0
112.0	0
112.0	0
113.0	0
113.0	0
112.0	0
112.0	0
112.0	0
113.0	0
113.0	0
113.0	0
113.0	0
113.0	0
113.0	0
112.0	0
113.0	0
113.0	0
114.0	0
114.0	0
114.0	0
115.0	0
115.0	0
116.0	0
116.0	0
116.0	0
117.0	0
115.0	0
118.0	0
118.0	0
118.0	0
118.0	0
117.0	0
118.0	0
118.0	0
118.0	0
118.0	0
117.0	0
117.0	0
117.0	0
117.0	0
117.0	0
117.0	0
117.0	0
117.0	0
116.0	0
116.0	0
116.0	0
115.0	0
114.0	0
115.0	0
113.0	0
115.0	0
115.0	0
114.0	0
115.0	0
114.0	0
114.0	0
113.0	0
114.0	0
112.0	0
112.0	0
113.0	0
113.0	0
113.0	0
113.0	0
112.0	0
112.0	0
113.0	0
113.0	0
98.0	1
112.0	0
111.0	0
111.0	0
112.0	0
112.0	0
112.0	0
112.0	0
113.0	0
112.0	0
112.0	0
112.0	0
113.0	0
112.0	0
113.0	0
113.0	0
114.0	0
113.0	0
113.0	0
114.0	0
114.0	0
115.0	0
115.0	0
114.0	0
115.0	0
116.0	0
118.0	0
117.0	0
117.0	0
117.0	0
117.0	0
117.0	0
117.0	0
117.0	0
117.0	0
118.0	0
118.0	0
118.0	0
118.0	0
117.0	0
118.0	0
117.0	0
117.0	0
117.0	0
116.0	0
116.0	0
116.0	0
116.0	0
116.0	0
115.0	0
115.0	0
115.0	0
70.0	1
115.0	0
114.0	0
114.0	0
114.0	0
114.0	0
112.0	0
113.0	0
113.0	0
114.0	0
114.0	0
114.0	0
113.0	0
112.0	0
112.0	0
113.0	0
113.0	0
113.0	0
113.0	0
112.0	0
111.0	0
112.0	0
112.0	0
112.0	0
112.0	0
112.0	0
112.0	0
112.0	0
112.0	0
96.0	1
112.0	0
112.0	0
112.0	0
112.0	0
112.0	0
113.0	0
109.0	1
63.0	1
112.0	0
113.0	0
113.0	0
114.0	0
115.0	0
115.0	0
115.0	0
116.0	0
116.0	0
116.0	0
116.0	0
116.0	0
117.0	0
117.0	0
116.0	0
117.0	0
118.0	0
118.0	0
119.0	0
117.0	0
117.0	0
117.0	0
117.0	0
116.0	0
117.0	0
116.0	0
116.0	0
116.0	0
116.0	0
116.0	0
115.0	0
114.0	0
115.0	0
114.0	0
115.0	0
114.0	0
114.0	0
115.0	0
112.0	0
114.0	0
113.0	0
113.0	0
112.0	0
113.0	0
113.0	0
113.0	0
113.0	0
113.0	0
113.0	0
113.0	0
113.0	0
113.0	0
113.0	0
113.0	0
112.0	0
112.0	0
110.0	0
111.0	0
111.0	0
111.0	0
111.0	0
110.0	1
112.0	0
111.0	0
111.0	0
111.0	0
22.0	2
76.0	3
112.0	0
107.0	1
112.0	0
