SA_diff	pop
134.0	0
135.0	0
135.0	0
135.0	0
136.0	0
136.0	0
136.0	0
136.0	0
136.0	0
136.0	0
137.0	0
137.0	0
138.0	0
139.0	0
138.0	0
138.0	0
140.0	0
139.0	0
140.0	0
140.0	0
140.0	0
141.0	0
141.0	0
142.0	0
141.0	0
142.0	0
141.0	0
142.0	0
142.0	0
142.0	0
142.0	0
142.0	0
141.0	0
141.0	0
139.0	0
139.0	0
139.0	0
138.0	0
138.0	0
136.0	0
137.0	0
136.0	0
136.0	0
136.0	0
135.0	0
134.0	0
135.0	0
134.0	0
135.0	0
134.0	0
133.0	0
131.0	0
131.0	0
132.0	0
132.0	0
132.0	0
132.0	0
131.0	0
131.0	0
132.0	0
132.0	0
133.0	0
133.0	0
133.0	0
133.0	0
133.0	0
134.0	0
133.0	0
134.0	0
135.0	0
134.0	0
134.0	0
135.0	0
135.0	0
136.0	0
136.0	0
136.0	0
137.0	0
136.0	0
137.0	0
137.0	0
137.0	0
137.0	0
137.0	0
137.0	0
140.0	0
140.0	0
140.0	0
140.0	0
139.0	0
141.0	0
140.0	0
141.0	0
142.0	0
141.0	0
142.0	0
141.0	0
141.0	0
141.0	0
141.0	0
142.0	0
142.0	0
142.0	0
141.0	0
141.0	0
141.0	0
140.0	0
141.0	0
140.0	0
138.0	0
139.0	0
137.0	0
137.0	0
136.0	0
136.0	0
135.0	0
134.0	0
135.0	0
134.0	0
134.0	0
134.0	0
134.0	0
135.0	0
133.0	0
132.0	0
132.0	0
131.0	0
131.0	0
132.0	0
131.0	0
131.0	0
131.0	0
130.0	0
131.0	0
131.0	0
132.0	0
132.0	0
133.0	0
134.0	0
133.0	0
133.0	0
134.0	0
134.0	0
135.0	0
136.0	0
135.0	0
136.0	0
137.0	0
137.0	0
137.0	0
138.0	0
138.0	0
137.0	0
138.0	0
138.0	0
138.0	0
138.0	0
139.0	0
139.0	0
139.0	0
140.0	0
141.0	0
141.0	0
141.0	0
142.0	0
141.0	0
141.0	0
141.0	0
141.0	0
141.0	0
141.0	0
141.0	0
141.0	0
141.0	0
140.0	0
141.0	0
140.0	0
139.0	0
139.0	0
139.0	0
137.0	0
138.0	0
139.0	0
138.0	0
137.0	0
136.0	0
136.0	0
136.0	0
135.0	0
135.0	0
135.0	0
135.0	0
134.0	0
135.0	0
133.0	0
134.0	0
134.0	0
133.0	0
133.0	0
132.0	0
132.0	0
132.0	0
131.0	0
131.0	0
131.0	0
130.0	0
132.0	0
132.0	0
132.0	0
132.0	0
131.0	0
132.0	0
133.0	0
133.0	0
134.0	0
135.0	0
137.0	0
137.0	0
139.0	0
138.0	0
138.0	0
139.0	0
138.0	0
140.0	0
139.0	0
141.0	0
140.0	0
141.0	0
142.0	0
141.0	0
142.0	0
143.0	0
142.0	0
142.0	0
143.0	0
143.0	0
143.0	0
143.0	0
143.0	0
144.0	0
145.0	0
145.0	0
145.0	0
145.0	0
145.0	0
145.0	0
145.0	0
145.0	0
144.0	0
143.0	0
143.0	0
142.0	0
142.0	0
141.0	0
141.0	0
141.0	0
140.0	0
140.0	0
139.0	0
138.0	0
137.0	0
137.0	0
138.0	0
136.0	0
136.0	0
135.0	0
135.0	0
134.0	0
134.0	0
134.0	0
134.0	0
133.0	0
134.0	0
134.0	0
133.0	0
133.0	0
133.0	0
133.0	0
134.0	0
133.0	0
136.0	0
136.0	0
137.0	0
137.0	0
136.0	0
136.0	0
137.0	0
136.0	0
140.0	0
139.0	0
140.0	0
140.0	0
139.0	0
140.0	0
141.0	0
142.0	0
142.0	0
143.0	0
142.0	0
142.0	0
143.0	0
142.0	0
144.0	0
143.0	0
144.0	0
145.0	0
146.0	0
147.0	0
147.0	0
147.0	0
145.0	0
146.0	0
146.0	0
146.0	0
146.0	0
145.0	0
146.0	0
146.0	0
146.0	0
146.0	0
145.0	0
145.0	0
145.0	0
144.0	0
143.0	0
143.0	0
142.0	0
141.0	0
141.0	0
141.0	0
140.0	0
140.0	0
138.0	0
139.0	0
139.0	0
138.0	0
138.0	0
139.0	0
138.0	0
138.0	0
137.0	0
137.0	0
137.0	0
137.0	0
137.0	0
137.0	0
136.0	0
136.0	0
137.0	0
136.0	0
137.0	0
137.0	0
137.0	0
137.0	0
137.0	0
137.0	0
137.0	0
137.0	0
138.0	0
139.0	0
138.0	0
139.0	0
139.0	0
141.0	0
141.0	0
140.0	0
140.0	0
141.0	0
141.0	0
141.0	0
141.0	0
142.0	0
142.0	0
143.0	0
143.0	0
144.0	0
144.0	0
143.0	0
145.0	0
146.0	0
145.0	0
146.0	0
146.0	0
146.0	0
145.0	0
146.0	0
146.0	0
147.0	0
146.0	0
146.0	0
146.0	0
145.0	0
146.0	0
145.0	0
144.0	0
144.0	0
144.0	0
143.0	0
142.0	0
142.0	0
141.0	0
141.0	0
140.0	0
140.0	0
139.0	0
139.0	0
138.0	0
138.0	0
138.0	0
136.0	0
137.0	0
136.0	0
137.0	0
136.0	0
136.0	0
136.0	0
136.0	0
136.0	0
136.0	0
135.0	0
137.0	0
136.0	0
137.0	0
138.0	0
137.0	0
136.0	0
137.0	0
137.0	0
139.0	0
140.0	0
139.0	0
138.0	0
137.0	0
138.0	0
138.0	0
140.0	0
140.0	0
139.0	0
139.0	0
139.0	0
140.0	0
140.0	0
140.0	0
140.0	0
140.0	0
140.0	0
141.0	0
142.0	0
142.0	0
143.0	0
143.0	0
143.0	0
145.0	0
145.0	0
145.0	0
146.0	0
144.0	0
146.0	0
146.0	0
145.0	0
144.0	0
145.0	0
145.0	0
145.0	0
145.0	0
144.0	0
144.0	0
143.0	0
143.0	0
143.0	0
142.0	0
141.0	0
141.0	0
141.0	0
140.0	0
140.0	0
139.0	0
138.0	0
137.0	0
138.0	0
138.0	0
137.0	0
138.0	0
135.0	0
135.0	0
135.0	0
134.0	0
134.0	0
134.0	0
135.0	0
135.0	0
134.0	0
134.0	0
129.0	1
135.0	0
136.0	0
135.0	0
135.0	0
137.0	0
137.0	0
138.0	0
139.0	0
138.0	0
137.0	0
139.0	0
140.0	0
139.0	0
138.0	0
139.0	0
141.0	0
141.0	0
141.0	0
142.0	0
143.0	0
142.0	0
143.0	0
143.0	0
143.0	0
143.0	0
145.0	0
145.0	0
144.0	0
145.0	0
144.0	0
145.0	0
145.0	0
144.0	0
145.0	0
144.0	0
145.0	0
145.0	0
146.0	0
145.0	0
145.0	0
144.0	0
143.0	0
143.0	0
143.0	0
141.0	0
141.0	0
142.0	0
142.0	0
141.0	0
141.0	0
141.0	0
141.0	0
141.0	0
141.0	0
140.0	0
139.0	0
140.0	0
140.0	0
139.0	0
139.0	0
137.0	0
138.0	0
137.0	0
137.0	0
136.0	0
135.0	0
136.0	0
136.0	0
135.0	0
136.0	0
135.0	0
136.0	0
136.0	0
134.0	0
136.0	0
135.0	0
136.0	0
138.0	0
137.0	0
136.0	0
137.0	0
138.0	0
139.0	0
139.0	0
140.0	0
140.0	0
140.0	0
141.0	0
140.0	0
141.0	0
141.0	0
141.0	0
142.0	0
143.0	0
144.0	0
144.0	0
144.0	0
144.0	0
144.0	0
145.0	0
145.0	0
146.0	0
145.0	0
146.0	0
146.0	0
147.0	0
147.0	0
148.0	0
147.0	0
146.0	0
146.0	0
146.0	0
146.0	0
146.0	0
145.0	0
145.0	0
145.0	0
144.0	0
143.0	0
144.0	0
143.0	0
143.0	0
143.0	0
142.0	0
143.0	0
142.0	0
141.0	0
141.0	0
141.0	0
141.0	0
139.0	0
139.0	0
138.0	0
138.0	0
138.0	0
137.0	0
137.0	0
137.0	0
136.0	0
136.0	0
136.0	0
137.0	0
136.0	0
136.0	0
135.0	0
137.0	0
138.0	0
137.0	0
137.0	0
137.0	0
138.0	0
138.0	0
139.0	0
138.0	0
138.0	0
139.0	0
140.0	0
140.0	0
142.0	0
142.0	0
141.0	0
143.0	0
142.0	0
144.0	0
143.0	0
144.0	0
144.0	0
145.0	0
146.0	0
145.0	0
146.0	0
147.0	0
147.0	0
146.0	0
148.0	0
147.0	0
146.0	0
147.0	0
147.0	0
148.0	0
147.0	0
147.0	0
146.0	0
147.0	0
146.0	0
146.0	0
145.0	0
145.0	0
145.0	0
145.0	0
144.0	0
144.0	0
144.0	0
144.0	0
144.0	0
143.0	0
143.0	0
142.0	0
141.0	0
141.0	0
142.0	0
142.0	0
142.0	0
142.0	0
141.0	0
141.0	0
139.0	0
141.0	0
139.0	0
139.0	0
139.0	0
138.0	0
138.0	0
137.0	0
137.0	0
137.0	0
136.0	0
138.0	0
138.0	0
138.0	0
138.0	0
137.0	0
137.0	0
139.0	0
139.0	0
138.0	0
139.0	0
140.0	0
140.0	0
141.0	0
141.0	0
141.0	0
141.0	0
141.0	0
142.0	0
142.0	0
143.0	0
143.0	0
145.0	0
144.0	0
144.0	0
146.0	0
146.0	0
146.0	0
147.0	0
146.0	0
146.0	0
147.0	0
146.0	0
147.0	0
146.0	0
147.0	0
147.0	0
147.0	0
146.0	0
146.0	0
146.0	0
146.0	0
147.0	0
146.0	0
146.0	0
146.0	0
145.0	0
145.0	0
145.0	0
145.0	0
144.0	0
144.0	0
143.0	0
144.0	0
143.0	0
142.0	0
142.0	0
141.0	0
142.0	0
142.0	0
142.0	0
142.0	0
140.0	0
141.0	0
139.0	0
139.0	0
139.0	0
139.0	0
138.0	0
138.0	0
138.0	0
137.0	0
138.0	0
137.0	0
138.0	0
137.0	0
139.0	0
138.0	0
138.0	0
138.0	0
138.0	0
139.0	0
137.0	0
139.0	0
140.0	0
140.0	0
141.0	0
141.0	0
140.0	0
140.0	0
140.0	0
78.0	1
141.0	0
142.0	0
51.0	1
141.0	0
143.0	0
144.0	0
143.0	0
144.0	0
143.0	0
144.0	0
144.0	0
144.0	0
145.0	0
145.0	0
144.0	0
144.0	0
143.0	0
144.0	0
144.0	0
144.0	0
145.0	0
144.0	0
145.0	0
145.0	0
145.0	0
145.0	0
145.0	0
144.0	0
145.0	0
143.0	0
144.0	0
145.0	0
145.0	0
143.0	0
143.0	0
143.0	0
142.0	0
142.0	0
142.0	0
140.0	0
139.0	0
139.0	0
139.0	0
138.0	0
138.0	0
138.0	0
137.0	0
136.0	0
136.0	0
135.0	0
135.0	0
135.0	0
135.0	0
135.0	0
135.0	0
135.0	0
136.0	0
136.0	0
137.0	0
137.0	0
137.0	0
138.0	0
140.0	0
140.0	0
140.0	0
140.0	0
140.0	0
140.0	0
141.0	0
142.0	0
143.0	0
142.0	0
143.0	0
143.0	0
145.0	0
144.0	0
145.0	0
146.0	0
145.0	0
146.0	0
146.0	0
146.0	0
147.0	0
146.0	0
145.0	0
146.0	0
146.0	0
146.0	0
146.0	0
146.0	0
146.0	0
146.0	0
146.0	0
146.0	0
146.0	0
146.0	0
146.0	0
146.0	0
147.0	0
146.0	0
147.0	0
146.0	0
145.0	0
145.0	0
144.0	0
144.0	0
144.0	0
144.0	0
144.0	0
143.0	0
144.0	0
143.0	0
144.0	0
142.0	0
142.0	0
141.0	0
141.0	0
140.0	0
139.0	0
139.0	0
139.0	0
138.0	0
138.0	0
137.0	0
137.0	0
137.0	0
138.0	0
137.0	0
137.0	0
137.0	0
137.0	0
138.0	0
139.0	0
139.0	0
141.0	0
142.0	0
142.0	0
141.0	0
141.0	0
143.0	0
143.0	0
143.0	0
142.0	0
144.0	0
144.0	0
144.0	0
144.0	0
144.0	0
145.0	0
145.0	0
145.0	0
146.0	0
145.0	0
147.0	0
147.0	0
146.0	0
147.0	0
148.0	0
146.0	0
147.0	0
147.0	0
147.0	0
148.0	0
148.0	0
148.0	0
148.0	0
148.0	0
148.0	0
148.0	0
147.0	0
37.0	3
130.0	1
148.0	0
148.0	0
148.0	0
147.0	0
146.0	0
148.0	0
146.0	0
146.0	0
145.0	0
45.0	1
144.0	0
144.0	0
144.0	0
143.0	0
143.0	0
143.0	0
141.0	0
141.0	0
139.0	0
140.0	0
139.0	0
139.0	0
139.0	0
138.0	0
138.0	0
137.0	0
139.0	0
138.0	0
101.0	1
139.0	0
139.0	0
139.0	0
140.0	0
140.0	0
140.0	0
140.0	0
142.0	0
143.0	0
143.0	0
143.0	0
143.0	0
143.0	0
143.0	0
143.0	0
143.0	0
144.0	0
145.0	0
146.0	0
146.0	0
146.0	0
147.0	0
146.0	0
147.0	0
147.0	0
146.0	0
147.0	0
148.0	0
147.0	0
148.0	0
147.0	0
148.0	0
148.0	0
148.0	0
148.0	0
148.0	0
148.0	0
148.0	0
148.0	0
149.0	0
148.0	2
149.0	0
53.0	4
148.0	0
113.0	1
148.0	0
148.0	0
148.0	0
148.0	0
70.0	2
97.0	1
148.0	1
148.0	0
148.0	0
146.0	0
146.0	0
144.0	0
144.0	0
144.0	0
143.0	0
143.0	0
141.0	0
141.0	0
140.0	0
140.0	0
138.0	0
139.0	0
139.0	1
139.0	0
86.0	1
138.0	1
140.0	0
117.0	1
140.0	0
135.0	1
142.0	0
105.0	1
104.0	2
133.0	1
140.0	0
141.0	0
141.0	0
141.0	0
141.0	0
143.0	0
143.0	0
143.0	0
143.0	0
143.0	0
143.0	0
145.0	0
144.0	0
145.0	0
144.0	0
145.0	0
145.0	0
145.0	0
146.0	0
146.0	0
146.0	0
146.0	0
147.0	0
147.0	0
147.0	0
147.0	0
148.0	0
147.0	0
148.0	0
148.0	0
147.0	1
57.0	1
84.0	2
48.0	3
68.0	7
142.0	3
73.0	5
97.0	3
116.0	2
119.0	1
44.0	2
126.0	1
77.0	2
145.0	0
113.0	2
146.0	0
145.0	0
146.0	0
144.0	0
144.0	0
144.0	0
142.0	1
142.0	0
142.0	0
142.0	0
141.0	0
140.0	0
140.0	0
140.0	0
138.0	0
139.0	0
130.0	1
138.0	1
139.0	0
137.0	1
138.0	0
131.0	1
63.0	1
100.0	2
140.0	1
58.0	1
58.0	2
118.0	1
143.0	0
144.0	0
145.0	0
144.0	0
144.0	0
145.0	0
145.0	0
145.0	0
146.0	0
146.0	0
146.0	0
147.0	0
147.0	0
147.0	0
147.0	0
148.0	0
40.0	1
149.0	0
149.0	0
150.0	0
149.0	0
149.0	0
151.0	0
150.0	0
150.0	0
150.0	0
150.0	0
150.0	0
150.0	0
126.0	1
85.0	2
58.0	5
30.0	14
41.0	15
64.0	9
43.0	9
25.0	10
69.0	5
27.0	9
71.0	3
80.0	2
151.0	0
151.0	0
150.0	1
110.0	2
148.0	0
148.0	0
147.0	0
148.0	0
147.0	0
147.0	0
145.0	0
140.0	1
144.0	0
143.0	0
143.0	0
142.0	0
142.0	0
141.0	1
65.0	2
132.0	1
68.0	2
75.0	1
127.0	5
136.0	1
136.0	2
139.0	3
95.0	3
142.0	1
102.0	4
118.0	1
143.0	0
143.0	0
143.0	0
143.0	0
144.0	0
145.0	0
144.0	0
145.0	0
145.0	0
146.0	0
146.0	0
146.0	0
145.0	0
146.0	0
146.0	0
148.0	0
147.0	0
147.0	0
148.0	0
148.0	0
148.0	0
149.0	0
149.0	0
149.0	0
150.0	0
150.0	0
150.0	0
151.0	0
151.0	0
24.0	1
83.0	4
17.0	5
34.0	12
27.0	12
11.0	36
29.0	31
18.0	13
16.0	15
30.0	11
23.0	11
69.0	4
128.0	2
150.0	1
150.0	0
150.0	0
150.0	0
71.0	2
149.0	0
149.0	0
148.0	0
147.0	0
148.0	0
146.0	0
146.0	0
46.0	1
144.0	1
89.0	2
143.0	0
89.0	3
61.0	3
33.0	4
20.0	4
54.0	12
59.0	12
49.0	13
98.0	7
24.0	10
38.0	15
39.0	7
52.0	5
62.0	10
82.0	2
143.0	1
143.0	0
143.0	0
143.0	0
132.0	1
131.0	1
146.0	0
147.0	0
145.0	0
146.0	0
145.0	0
145.0	0
145.0	0
147.0	0
148.0	0
148.0	0
147.0	0
148.0	0
148.0	0
52.0	1
149.0	0
149.0	0
150.0	0
150.0	0
73.0	1
151.0	0
152.0	0
151.0	0
41.0	1
56.0	4
35.0	16
22.0	18
20.0	29
22.0	41
22.0	49
33.0	42
18.0	25
40.0	11
32.0	11
59.0	2
38.0	5
96.0	2
63.0	5
111.0	2
17.0	7
59.0	5
60.0	7
150.0	1
112.0	3
90.0	2
147.0	2
69.0	2
146.0	1
146.0	0
61.0	2
40.0	1
48.0	3
138.0	4
59.0	3
39.0	7
61.0	5
52.0	14
42.0	27
36.0	23
37.0	20
54.0	26
16.0	20
44.0	26
58.0	19
75.0	8
28.0	17
107.0	5
69.0	6
110.0	2
115.0	3
145.0	0
145.0	0
144.0	0
145.0	0
145.0	0
145.0	0
145.0	0
145.0	0
146.0	0
145.0	0
146.0	0
147.0	0
147.0	0
147.0	0
148.0	0
147.0	0
43.0	1
150.0	0
147.0	1
150.0	0
151.0	0
151.0	0
146.0	1
153.0	0
71.0	1
33.0	8
40.0	17
25.0	19
28.0	37
18.0	58
20.0	70
19.0	61
18.0	25
21.0	21
26.0	12
131.0	1
56.0	5
71.0	5
92.0	4
34.0	11
49.0	10
10.0	16
27.0	26
29.0	32
18.0	40
43.0	29
97.0	13
71.0	8
62.0	5
44.0	3
113.0	5
38.0	4
98.0	2
110.0	3
58.0	13
47.0	15
71.0	16
22.0	25
33.0	35
52.0	44
21.0	58
2.0	55
15.0	69
14.0	75
17.0	76
31.0	46
59.0	32
16.0	15
14.0	12
73.0	3
107.0	3
134.0	1
145.0	0
77.0	1
145.0	0
144.0	0
144.0	0
144.0	0
144.0	0
145.0	0
146.0	0
146.0	0
147.0	0
147.0	0
147.0	0
146.0	0
41.0	1
148.0	1
148.0	0
150.0	0
149.0	0
149.0	0
151.0	0
151.0	0
70.0	1
137.0	1
54.0	4
19.0	9
24.0	45
14.0	56
17.0	106
6.0	87
36.0	73
22.0	46
27.0	15
22.0	11
81.0	2
69.0	3
26.0	3
71.0	2
23.0	3
21.0	4
61.0	6
46.0	11
55.0	23
17.0	38
17.0	33
31.0	34
39.0	15
16.0	15
11.0	9
103.0	6
123.0	4
65.0	11
23.0	13
54.0	13
28.0	18
25.0	27
50.0	27
37.0	54
34.0	85
13.0	82
21.0	110
28.0	142
16.0	178
11.0	165
23.0	136
14.0	83
40.0	43
89.0	12
52.0	5
59.0	5
120.0	1
142.0	0
142.0	0
141.0	0
142.0	0
144.0	0
143.0	0
144.0	0
142.0	0
143.0	0
144.0	0
145.0	0
145.0	0
144.0	0
145.0	0
145.0	0
146.0	0
146.0	0
146.0	0
148.0	0
149.0	0
149.0	0
150.0	0
131.0	1
130.0	1
29.0	5
28.0	24
18.0	54
11.0	85
12.0	115
8.0	121
20.0	125
15.0	68
42.0	25
25.0	4
102.0	3
73.0	2
42.0	2
45.0	4
94.0	2
79.0	2
153.0	0
102.0	2
34.0	7
76.0	7
49.0	6
28.0	7
23.0	8
26.0	5
69.0	4
74.0	6
101.0	3
83.0	2
94.0	6
13.0	14
29.0	11
19.0	17
59.0	34
42.0	52
20.0	67
18.0	142
13.0	222
11.0	225
8.0	299
12.0	304
15.0	266
15.0	178
20.0	81
34.0	34
35.0	4
139.0	2
143.0	0
143.0	1
143.0	0
144.0	0
144.0	0
144.0	0
143.0	0
144.0	0
137.0	1
144.0	0
144.0	0
144.0	0
144.0	0
144.0	0
145.0	0
145.0	0
145.0	0
147.0	0
102.0	1
148.0	0
150.0	0
149.0	0
11.0	1
44.0	4
47.0	6
86.0	3
9.0	34
16.0	92
18.0	173
15.0	213
3.0	243
11.0	246
24.0	141
13.0	27
28.0	8
25.0	2
39.0	2
54.0	1
32.0	1
155.0	0
156.0	0
83.0	1
155.0	0
10.0	1
130.0	1
42.0	3
122.0	1
66.0	3
47.0	1
69.0	1
68.0	1
149.0	0
148.0	1
63.0	2
54.0	5
32.0	3
15.0	12
4.0	21
8.0	32
7.0	63
9.0	124
5.0	207
8.0	328
12.0	427
10.0	486
10.0	397
15.0	279
7.0	117
21.0	52
60.0	17
142.0	0
111.0	1
143.0	0
143.0	0
143.0	0
142.0	0
145.0	0
144.0	0
144.0	0
143.0	0
144.0	0
144.0	0
145.0	0
146.0	0
146.0	0
145.0	0
146.0	0
147.0	0
148.0	0
148.0	0
147.0	1
53.0	1
49.0	1
151.0	0
55.0	1
87.0	4
21.0	11
19.0	65
24.0	217
17.0	397
10.0	443
2.0	416
12.0	446
9.0	213
21.0	57
32.0	14
47.0	2
109.0	2
157.0	0
158.0	0
35.0	1
156.0	0
156.0	0
156.0	0
156.0	0
155.0	0
155.0	0
155.0	0
154.0	0
109.0	1
152.0	0
151.0	0
150.0	0
150.0	0
149.0	0
146.0	1
78.0	1
78.0	3
50.0	3
16.0	12
5.0	50
6.0	104
5.0	191
11.0	323
10.0	482
2.0	597
7.0	524
10.0	320
9.0	165
22.0	70
18.0	18
83.0	5
142.0	0
143.0	0
142.0	0
142.0	0
142.0	0
142.0	0
142.0	0
144.0	0
143.0	0
144.0	0
144.0	0
145.0	0
144.0	0
146.0	0
31.0	1
147.0	0
147.0	0
148.0	0
148.0	0
148.0	0
149.0	0
111.0	1
151.0	0
151.0	0
25.0	3
41.0	14
26.0	63
22.0	265
14.0	536
7.0	573
7.0	481
8.0	365
16.0	200
19.0	56
45.0	13
32.0	3
54.0	1
158.0	0
158.0	0
65.0	1
158.0	0
157.0	0
157.0	0
157.0	0
157.0	0
157.0	0
156.0	0
156.0	0
146.0	1
154.0	0
52.0	1
154.0	0
119.0	1
152.0	0
150.0	0
149.0	0
148.0	0
31.0	3
8.0	2
14.0	8
13.0	38
6.0	123
8.0	275
-2.0	456
5.0	613
4.0	585
6.0	348
9.0	166
24.0	73
60.0	20
138.0	1
74.0	1
143.0	0
143.0	0
142.0	0
143.0	0
142.0	0
143.0	0
143.0	0
142.0	0
143.0	0
143.0	0
144.0	0
145.0	0
144.0	0
145.0	0
146.0	0
147.0	0
148.0	0
148.0	0
149.0	0
41.0	1
151.0	0
152.0	0
152.0	0
9.0	1
103.0	4
23.0	23
22.0	103
10.0	322
10.0	453
8.0	348
7.0	245
16.0	115
18.0	35
13.0	5
111.0	1
160.0	0
158.0	0
159.0	0
39.0	3
159.0	0
159.0	0
159.0	0
51.0	1
158.0	0
159.0	0
157.0	0
157.0	0
157.0	0
157.0	0
156.0	0
154.0	0
153.0	0
152.0	0
100.0	1
150.0	0
150.0	0
149.0	0
68.0	1
22.0	4
9.0	12
13.0	44
8.0	138
4.0	295
4.0	394
0.0	370
11.0	222
17.0	108
16.0	32
33.0	9
68.0	2
76.0	1
142.0	0
142.0	0
142.0	0
142.0	0
142.0	0
142.0	0
142.0	0
143.0	0
144.0	0
143.0	0
143.0	0
143.0	0
143.0	0
144.0	0
145.0	0
87.0	1
147.0	0
148.0	0
149.0	0
150.0	0
150.0	0
152.0	0
152.0	0
38.0	1
154.0	0
48.0	4
16.0	18
10.0	61
18.0	173
10.0	164
12.0	86
10.0	34
54.0	9
159.0	0
123.0	2
31.0	1
160.0	0
159.0	0
159.0	0
159.0	0
159.0	0
159.0	0
159.0	0
158.0	0
158.0	0
158.0	0
157.0	0
157.0	0
156.0	0
155.0	0
154.0	0
154.0	0
13.0	1
152.0	0
152.0	0
150.0	0
150.0	0
149.0	0
74.0	1
60.0	2
4.0	6
15.0	29
10.0	70
17.0	120
16.0	103
21.0	72
32.0	24
29.0	10
99.0	2
62.0	1
24.0	1
142.0	0
143.0	0
143.0	0
143.0	0
143.0	0
143.0	0
143.0	0
143.0	0
144.0	0
144.0	0
143.0	0
144.0	0
145.0	0
146.0	0
146.0	0
145.0	0
146.0	0
147.0	0
147.0	0
148.0	0
150.0	0
151.0	0
152.0	0
153.0	0
155.0	0
137.0	2
127.0	1
30.0	14
28.0	33
17.0	40
32.0	18
32.0	4
45.0	3
54.0	3
111.0	1
160.0	0
160.0	0
162.0	0
162.0	0
54.0	1
161.0	0
161.0	0
161.0	0
160.0	0
161.0	0
160.0	0
160.0	0
158.0	0
158.0	0
157.0	0
156.0	0
156.0	0
154.0	0
153.0	0
154.0	0
153.0	0
151.0	0
151.0	0
150.0	0
128.0	1
68.0	2
24.0	4
19.0	8
18.0	13
9.0	21
9.0	11
38.0	6
63.0	4
143.0	0
142.0	0
141.0	0
141.0	0
84.0	1
141.0	0
142.0	0
143.0	0
144.0	0
143.0	0
145.0	0
145.0	0
143.0	0
145.0	0
145.0	0
144.0	0
145.0	0
146.0	0
146.0	0
146.0	0
148.0	0
147.0	0
149.0	0
150.0	0
48.0	1
153.0	0
154.0	0
156.0	0
80.0	2
72.0	2
7.0	4
105.0	2
39.0	6
92.0	2
23.0	2
46.0	2
155.0	1
161.0	0
162.0	0
163.0	0
164.0	0
164.0	0
164.0	0
162.0	0
162.0	0
163.0	0
162.0	0
162.0	0
162.0	0
160.0	0
161.0	0
160.0	0
160.0	0
158.0	0
158.0	0
158.0	0
156.0	0
156.0	0
155.0	0
153.0	0
152.0	0
37.0	1
132.0	1
150.0	0
151.0	0
149.0	0
31.0	4
28.0	4
22.0	3
35.0	1
72.0	1
145.0	0
144.0	0
144.0	0
142.0	0
142.0	0
143.0	0
143.0	0
142.0	0
142.0	0
143.0	0
143.0	0
143.0	0
144.0	0
143.0	0
144.0	0
145.0	0
144.0	0
145.0	0
145.0	0
145.0	0
146.0	0
146.0	0
147.0	0
148.0	0
4.0	1
150.0	0
152.0	0
124.0	1
154.0	0
154.0	0
156.0	0
22.0	3
71.0	2
79.0	1
43.0	1
160.0	0
21.0	1
161.0	0
161.0	0
161.0	0
162.0	0
162.0	0
162.0	0
163.0	0
163.0	0
163.0	0
162.0	0
162.0	0
160.0	0
161.0	0
159.0	0
160.0	0
159.0	0
157.0	0
156.0	0
155.0	0
155.0	0
154.0	0
55.0	1
152.0	0
151.0	0
150.0	0
150.0	0
148.0	0
87.0	1
93.0	1
45.0	2
97.0	1
144.0	0
137.0	1
104.0	1
85.0	2
142.0	0
141.0	0
141.0	0
141.0	0
141.0	0
141.0	0
142.0	0
144.0	0
144.0	0
143.0	0
143.0	0
143.0	0
143.0	0
143.0	0
144.0	0
144.0	0
144.0	0
143.0	0
146.0	0
146.0	0
147.0	0
149.0	0
150.0	0
152.0	0
153.0	0
154.0	0
155.0	0
156.0	0
157.0	0
159.0	0
118.0	1
159.0	0
160.0	0
160.0	0
161.0	0
162.0	0
163.0	0
164.0	0
164.0	0
164.0	0
164.0	0
165.0	0
164.0	0
164.0	0
164.0	0
164.0	0
163.0	0
165.0	0
163.0	0
162.0	0
162.0	0
161.0	0
161.0	0
160.0	0
159.0	0
157.0	0
157.0	0
156.0	0
155.0	0
155.0	0
153.0	0
153.0	0
152.0	0
151.0	0
150.0	0
148.0	0
125.0	1
147.0	0
147.0	0
145.0	0
145.0	0
145.0	0
144.0	0
143.0	0
142.0	0
143.0	0
143.0	0
142.0	0
143.0	0
143.0	0
144.0	0
143.0	0
144.0	0
144.0	0
144.0	0
145.0	0
144.0	0
143.0	0
145.0	0
145.0	0
145.0	0
147.0	0
149.0	0
150.0	0
151.0	0
152.0	0
152.0	0
154.0	0
155.0	0
156.0	0
157.0	0
158.0	0
159.0	0
160.0	0
161.0	0
162.0	0
162.0	0
163.0	0
163.0	0
165.0	0
165.0	0
164.0	0
166.0	0
166.0	0
165.0	0
166.0	0
166.0	0
165.0	0
164.0	0
165.0	0
163.0	0
164.0	0
164.0	0
161.0	0
160.0	0
160.0	0
159.0	0
158.0	0
156.0	0
156.0	0
155.0	0
155.0	0
153.0	0
153.0	0
151.0	0
150.0	0
149.0	0
148.0	0
148.0	0
147.0	0
147.0	0
146.0	0
144.0	0
144.0	0
143.0	0
143.0	0
143.0	0
143.0	0
143.0	0
143.0	0
143.0	0
141.0	0
141.0	0
142.0	0
142.0	0
142.0	0
143.0	0
143.0	0
144.0	0
143.0	0
144.0	0
144.0	0
145.0	0
148.0	0
149.0	0
148.0	0
48.0	1
150.0	0
153.0	0
154.0	0
155.0	0
156.0	0
157.0	0
158.0	0
158.0	0
158.0	0
160.0	0
160.0	0
161.0	0
162.0	0
162.0	0
163.0	0
163.0	0
164.0	0
163.0	0
164.0	0
165.0	0
165.0	0
164.0	0
165.0	0
164.0	0
163.0	0
162.0	0
161.0	0
161.0	0
160.0	0
160.0	0
158.0	0
156.0	0
156.0	0
154.0	0
153.0	0
153.0	0
152.0	0
151.0	0
151.0	0
149.0	0
148.0	0
148.0	0
146.0	0
146.0	0
145.0	0
145.0	0
143.0	0
142.0	0
142.0	0
142.0	0
142.0	0
142.0	0
142.0	0
141.0	0
142.0	0
141.0	0
140.0	0
140.0	0
140.0	0
140.0	0
140.0	0
140.0	0
141.0	0
142.0	0
143.0	0
143.0	0
144.0	0
145.0	0
146.0	0
148.0	0
148.0	0
149.0	0
150.0	0
152.0	0
153.0	0
154.0	0
155.0	0
156.0	0
156.0	0
140.0	1
158.0	0
159.0	0
160.0	0
161.0	0
163.0	0
163.0	0
163.0	0
164.0	0
164.0	0
164.0	0
163.0	0
163.0	0
163.0	0
163.0	0
163.0	0
163.0	0
162.0	0
161.0	0
161.0	0
159.0	0
158.0	0
157.0	0
157.0	0
156.0	0
155.0	0
153.0	0
153.0	0
151.0	0
150.0	0
149.0	0
148.0	0
148.0	0
147.0	0
146.0	0
145.0	0
144.0	0
142.0	0
142.0	0
142.0	0
141.0	0
141.0	0
140.0	0
140.0	0
140.0	0
140.0	0
139.0	0
140.0	0
140.0	0
142.0	0
142.0	0
142.0	0
142.0	0
142.0	0
143.0	0
142.0	0
144.0	0
145.0	0
145.0	0
146.0	0
147.0	0
148.0	0
149.0	0
151.0	0
151.0	0
153.0	0
154.0	0
155.0	0
155.0	0
156.0	0
158.0	0
159.0	0
159.0	0
161.0	0
161.0	0
162.0	0
47.0	1
123.0	1
164.0	0
165.0	0
165.0	0
165.0	0
165.0	0
166.0	0
165.0	0
164.0	0
164.0	0
163.0	0
164.0	0
163.0	0
161.0	0
161.0	0
159.0	0
159.0	0
158.0	0
157.0	0
155.0	0
59.0	1
154.0	0
152.0	0
152.0	0
151.0	0
149.0	0
147.0	0
147.0	0
145.0	0
145.0	0
144.0	0
143.0	0
144.0	0
142.0	0
141.0	0
141.0	0
141.0	0
141.0	0
141.0	0
140.0	0
141.0	0
141.0	0
141.0	0
141.0	0
142.0	0
142.0	0
142.0	0
142.0	0
142.0	0
143.0	0
143.0	0
144.0	0
145.0	0
146.0	0
148.0	0
148.0	0
148.0	0
150.0	0
151.0	0
152.0	0
152.0	0
153.0	0
155.0	0
156.0	0
157.0	0
158.0	0
160.0	0
160.0	0
162.0	0
162.0	0
163.0	0
163.0	0
164.0	0
163.0	0
164.0	0
164.0	0
165.0	0
165.0	0
165.0	0
164.0	0
164.0	0
164.0	0
163.0	0
163.0	0
163.0	0
161.0	0
160.0	0
159.0	0
159.0	0
157.0	0
156.0	0
155.0	0
154.0	0
153.0	0
152.0	0
151.0	0
149.0	0
149.0	0
148.0	0
147.0	0
147.0	0
146.0	0
145.0	0
144.0	0
143.0	0
142.0	0
141.0	0
140.0	0
141.0	0
141.0	0
140.0	0
140.0	0
140.0	0
141.0	0
140.0	0
141.0	0
142.0	0
141.0	0
141.0	0
143.0	0
144.0	0
143.0	0
146.0	0
145.0	0
147.0	0
147.0	0
148.0	0
149.0	0
149.0	0
150.0	0
152.0	0
154.0	0
155.0	0
156.0	0
157.0	0
158.0	0
158.0	0
160.0	0
161.0	0
160.0	0
162.0	0
161.0	0
165.0	0
164.0	0
165.0	0
165.0	0
165.0	0
166.0	0
165.0	0
166.0	0
166.0	0
166.0	0
164.0	0
165.0	0
163.0	0
162.0	0
162.0	0
162.0	0
161.0	0
159.0	0
158.0	0
156.0	0
156.0	0
155.0	0
153.0	0
152.0	0
151.0	0
151.0	0
150.0	0
149.0	0
146.0	0
145.0	0
145.0	0
144.0	0
144.0	0
143.0	0
143.0	0
142.0	0
141.0	0
141.0	0
140.0	0
141.0	0
140.0	0
140.0	0
142.0	0
141.0	0
140.0	0
141.0	0
142.0	0
141.0	0
142.0	0
142.0	0
142.0	0
143.0	0
143.0	0
145.0	0
146.0	0
147.0	0
148.0	0
149.0	0
150.0	0
151.0	0
151.0	0
153.0	0
154.0	0
155.0	0
156.0	0
157.0	0
158.0	0
160.0	0
161.0	0
160.0	0
162.0	0
162.0	0
163.0	0
164.0	0
164.0	0
164.0	0
164.0	0
164.0	0
165.0	0
165.0	0
165.0	0
164.0	0
163.0	0
164.0	0
163.0	0
161.0	0
161.0	0
161.0	0
159.0	0
158.0	0
157.0	0
155.0	0
154.0	0
153.0	0
153.0	0
152.0	0
151.0	0
151.0	0
149.0	0
148.0	0
146.0	0
145.0	0
144.0	0
143.0	0
143.0	0
142.0	0
142.0	0
140.0	0
140.0	0
140.0	0
140.0	0
140.0	0
139.0	0
139.0	0
141.0	0
140.0	0
140.0	0
141.0	0
141.0	0
141.0	0
141.0	0
141.0	0
143.0	0
144.0	0
145.0	0
145.0	0
146.0	0
147.0	0
148.0	0
149.0	0
150.0	0
151.0	0
152.0	0
154.0	0
156.0	0
156.0	0
157.0	0
157.0	0
157.0	0
158.0	0
159.0	0
160.0	0
161.0	0
161.0	0
163.0	0
163.0	0
164.0	0
164.0	0
164.0	0
164.0	0
164.0	0
164.0	0
163.0	0
163.0	0
162.0	0
162.0	0
162.0	0
161.0	0
160.0	0
159.0	0
158.0	0
157.0	0
157.0	0
155.0	0
154.0	0
153.0	0
151.0	0
150.0	0
149.0	0
148.0	0
146.0	0
145.0	0
144.0	0
143.0	0
143.0	0
142.0	0
141.0	0
141.0	0
140.0	0
139.0	0
138.0	0
138.0	0
138.0	0
138.0	0
139.0	0
140.0	0
139.0	0
139.0	0
139.0	0
141.0	0
141.0	0
141.0	0
142.0	0
142.0	0
143.0	0
144.0	0
145.0	0
145.0	0
146.0	0
147.0	0
148.0	0
150.0	0
150.0	0
152.0	0
153.0	0
154.0	0
157.0	0
157.0	0
157.0	0
158.0	0
159.0	0
160.0	0
160.0	0
161.0	0
162.0	0
162.0	0
163.0	0
164.0	0
163.0	0
163.0	0
164.0	0
165.0	0
165.0	0
165.0	0
164.0	0
164.0	0
163.0	0
162.0	0
161.0	0
161.0	0
160.0	0
161.0	0
159.0	0
157.0	0
156.0	0
155.0	0
154.0	0
152.0	0
151.0	0
151.0	0
150.0	0
149.0	0
146.0	0
147.0	0
145.0	0
144.0	0
143.0	0
141.0	0
141.0	0
140.0	0
138.0	0
138.0	0
139.0	0
140.0	0
140.0	0
139.0	0
140.0	0
140.0	0
140.0	0
140.0	0
141.0	0
142.0	0
141.0	0
141.0	0
141.0	0
143.0	0
144.0	0
145.0	0
144.0	0
146.0	0
147.0	0
148.0	0
150.0	0
150.0	0
151.0	0
152.0	0
153.0	0
154.0	0
156.0	0
157.0	0
157.0	0
158.0	0
160.0	0
160.0	0
161.0	0
160.0	0
162.0	0
162.0	0
163.0	0
164.0	0
164.0	0
164.0	0
163.0	0
163.0	0
164.0	0
164.0	0
163.0	0
162.0	0
163.0	0
162.0	0
160.0	0
160.0	0
159.0	0
158.0	0
157.0	0
156.0	0
154.0	0
154.0	0
153.0	0
151.0	0
150.0	0
148.0	0
148.0	0
147.0	0
146.0	0
145.0	0
144.0	0
143.0	0
142.0	0
141.0	0
139.0	0
140.0	0
139.0	0
139.0	0
138.0	0
138.0	0
140.0	0
140.0	0
140.0	0
140.0	0
141.0	0
140.0	0
142.0	0
141.0	0
141.0	0
140.0	0
141.0	0
141.0	0
143.0	0
143.0	0
144.0	0
146.0	0
146.0	0
148.0	0
148.0	0
149.0	0
151.0	0
152.0	0
153.0	0
153.0	0
156.0	0
157.0	0
157.0	0
158.0	0
159.0	0
159.0	0
160.0	0
160.0	0
162.0	0
162.0	0
163.0	0
164.0	0
163.0	0
162.0	0
162.0	0
163.0	0
163.0	0
163.0	0
162.0	0
162.0	0
162.0	0
159.0	0
159.0	0
158.0	0
158.0	0
157.0	0
156.0	0
154.0	0
153.0	0
152.0	0
151.0	0
150.0	0
149.0	0
148.0	0
147.0	0
145.0	0
145.0	0
145.0	0
143.0	0
142.0	0
141.0	0
140.0	0
139.0	0
139.0	0
138.0	0
138.0	0
139.0	0
138.0	0
139.0	0
139.0	0
139.0	0
140.0	0
139.0	0
139.0	0
140.0	0
141.0	0
140.0	0
141.0	0
142.0	0
142.0	0
142.0	0
144.0	0
145.0	0
145.0	0
146.0	0
148.0	0
149.0	0
150.0	0
151.0	0
153.0	0
153.0	0
153.0	0
155.0	0
156.0	0
156.0	0
157.0	0
158.0	0
158.0	0
160.0	0
160.0	0
162.0	0
161.0	0
161.0	0
161.0	0
161.0	0
162.0	0
162.0	0
162.0	0
162.0	0
162.0	0
161.0	0
161.0	0
160.0	0
159.0	0
160.0	0
157.0	0
156.0	0
155.0	0
154.0	0
153.0	0
152.0	0
151.0	0
150.0	0
149.0	0
148.0	0
147.0	0
146.0	0
145.0	0
144.0	0
143.0	0
141.0	0
141.0	0
140.0	0
139.0	0
139.0	0
137.0	0
138.0	0
138.0	0
138.0	0
138.0	0
139.0	0
139.0	0
139.0	0
139.0	0
139.0	0
140.0	0
138.0	0
140.0	0
140.0	0
141.0	0
141.0	0
142.0	0
142.0	0
144.0	0
144.0	0
144.0	0
144.0	0
146.0	0
147.0	0
149.0	0
149.0	0
150.0	0
151.0	0
152.0	0
154.0	0
156.0	0
156.0	0
157.0	0
157.0	0
158.0	0
159.0	0
159.0	0
161.0	0
160.0	0
161.0	0
162.0	0
160.0	0
162.0	0
161.0	0
161.0	0
161.0	0
161.0	0
160.0	0
159.0	0
160.0	0
159.0	0
156.0	0
155.0	0
153.0	0
154.0	0
153.0	0
151.0	0
149.0	0
150.0	0
147.0	0
147.0	0
146.0	0
144.0	0
144.0	0
143.0	0
142.0	0
141.0	0
141.0	0
139.0	0
139.0	0
138.0	0
138.0	0
137.0	0
138.0	0
137.0	0
139.0	0
140.0	0
139.0	0
140.0	0
139.0	0
140.0	0
138.0	0
139.0	0
140.0	0
139.0	0
141.0	0
141.0	0
141.0	0
143.0	0
143.0	0
143.0	0
144.0	0
145.0	0
147.0	0
149.0	0
149.0	0
150.0	0
150.0	0
152.0	0
153.0	0
153.0	0
155.0	0
155.0	0
156.0	0
157.0	0
158.0	0
159.0	0
159.0	0
160.0	0
161.0	0
160.0	0
161.0	0
161.0	0
161.0	0
162.0	0
161.0	0
161.0	0
161.0	0
160.0	0
160.0	0
159.0	0
158.0	0
158.0	0
157.0	0
156.0	0
153.0	0
154.0	0
153.0	0
152.0	0
150.0	0
148.0	0
147.0	0
147.0	0
145.0	0
144.0	0
144.0	0
142.0	0
143.0	0
141.0	0
140.0	0
139.0	0
139.0	0
138.0	0
138.0	0
140.0	0
139.0	0
139.0	0
140.0	0
140.0	0
139.0	0
139.0	0
139.0	0
139.0	0
140.0	0
140.0	0
141.0	0
141.0	0
142.0	0
142.0	0
141.0	0
144.0	0
143.0	0
143.0	0
144.0	0
145.0	0
146.0	0
147.0	0
148.0	0
150.0	0
150.0	0
151.0	0
151.0	0
153.0	0
154.0	0
155.0	0
156.0	0
157.0	0
157.0	0
159.0	0
158.0	0
159.0	0
160.0	0
160.0	0
161.0	0
161.0	0
160.0	0
160.0	0
160.0	0
162.0	0
162.0	0
159.0	0
160.0	0
158.0	0
158.0	0
157.0	0
157.0	0
155.0	0
154.0	0
152.0	0
152.0	0
152.0	0
149.0	0
149.0	0
147.0	0
147.0	0
144.0	0
143.0	0
143.0	0
142.0	0
143.0	0
140.0	0
139.0	0
138.0	0
138.0	0
138.0	0
138.0	0
139.0	0
139.0	0
139.0	0
138.0	0
139.0	0
139.0	0
139.0	0
140.0	0
140.0	0
140.0	0
140.0	0
141.0	0
140.0	0
140.0	0
140.0	0
140.0	0
141.0	0
141.0	0
141.0	0
143.0	0
144.0	0
145.0	0
145.0	0
146.0	0
147.0	0
147.0	0
150.0	0
151.0	0
152.0	0
152.0	0
152.0	0
154.0	0
155.0	0
155.0	0
155.0	0
156.0	0
157.0	0
156.0	0
157.0	0
158.0	0
159.0	0
158.0	0
160.0	0
160.0	0
158.0	0
158.0	0
158.0	0
157.0	0
156.0	0
155.0	0
154.0	0
153.0	0
154.0	0
150.0	0
150.0	0
149.0	0
148.0	0
148.0	0
146.0	0
145.0	0
143.0	0
142.0	0
141.0	0
141.0	0
140.0	0
140.0	0
139.0	0
138.0	0
137.0	0
137.0	0
136.0	0
136.0	0
136.0	0
137.0	0
139.0	0
139.0	0
139.0	0
138.0	0
139.0	0
138.0	0
139.0	0
139.0	0
140.0	0
140.0	0
140.0	0
140.0	0
141.0	0
141.0	0
142.0	0
143.0	0
143.0	0
144.0	0
145.0	0
145.0	0
146.0	0
146.0	0
147.0	0
149.0	0
150.0	0
150.0	0
152.0	0
152.0	0
153.0	0
154.0	0
155.0	0
154.0	0
155.0	0
156.0	0
157.0	0
158.0	0
158.0	0
158.0	0
158.0	0
159.0	0
158.0	0
159.0	0
158.0	0
157.0	0
156.0	0
156.0	0
156.0	0
154.0	0
153.0	0
152.0	0
151.0	0
150.0	0
149.0	0
148.0	0
147.0	0
146.0	0
145.0	0
144.0	0
143.0	0
142.0	0
141.0	0
140.0	0
140.0	0
140.0	0
139.0	0
138.0	0
138.0	0
138.0	0
139.0	0
138.0	0
139.0	0
138.0	0
138.0	0
138.0	0
139.0	0
140.0	0
140.0	0
140.0	0
140.0	0
140.0	0
140.0	0
141.0	0
141.0	0
141.0	0
141.0	0
141.0	0
142.0	0
143.0	0
144.0	0
144.0	0
144.0	0
146.0	0
146.0	0
146.0	0
147.0	0
149.0	0
150.0	0
151.0	0
151.0	0
152.0	0
152.0	0
154.0	0
154.0	0
155.0	0
155.0	0
155.0	0
157.0	0
158.0	0
158.0	0
158.0	0
158.0	0
158.0	0
157.0	0
158.0	0
159.0	0
157.0	0
156.0	0
156.0	0
157.0	0
153.0	0
153.0	0
151.0	0
152.0	0
150.0	0
149.0	0
148.0	0
146.0	0
145.0	0
144.0	0
144.0	0
141.0	0
141.0	0
141.0	0
140.0	0
140.0	0
139.0	0
139.0	0
138.0	0
138.0	0
138.0	0
138.0	0
138.0	0
138.0	0
138.0	0
139.0	0
139.0	0
139.0	0
139.0	0
139.0	0
139.0	0
140.0	0
141.0	0
140.0	0
141.0	0
141.0	0
140.0	0
142.0	0
141.0	0
142.0	0
142.0	0
142.0	0
144.0	0
144.0	0
145.0	0
146.0	0
146.0	0
147.0	0
147.0	0
149.0	0
149.0	0
149.0	0
152.0	0
152.0	0
153.0	0
154.0	0
154.0	0
156.0	0
156.0	0
156.0	0
156.0	0
157.0	0
157.0	0
156.0	0
158.0	0
158.0	0
156.0	0
156.0	0
156.0	0
156.0	0
154.0	0
154.0	0
151.0	0
153.0	0
152.0	0
150.0	0
148.0	0
147.0	0
147.0	0
145.0	0
144.0	0
144.0	0
142.0	0
142.0	0
140.0	0
140.0	0
140.0	0
139.0	0
139.0	0
137.0	0
138.0	0
137.0	0
137.0	0
138.0	0
138.0	0
138.0	0
139.0	0
139.0	0
140.0	0
140.0	0
140.0	0
140.0	0
140.0	0
140.0	0
139.0	0
140.0	0
140.0	0
141.0	0
141.0	0
140.0	0
140.0	0
141.0	0
141.0	0
141.0	0
141.0	0
142.0	0
144.0	0
144.0	0
145.0	0
146.0	0
146.0	0
147.0	0
149.0	0
149.0	0
150.0	0
151.0	0
152.0	0
152.0	0
153.0	0
153.0	0
153.0	0
154.0	0
155.0	0
154.0	0
155.0	0
154.0	0
154.0	0
154.0	0
154.0	0
154.0	0
154.0	0
154.0	0
153.0	0
153.0	0
151.0	0
151.0	0
149.0	0
149.0	0
147.0	0
146.0	0
146.0	0
144.0	0
143.0	0
143.0	0
141.0	0
142.0	0
139.0	0
139.0	0
139.0	0
138.0	0
139.0	0
139.0	0
139.0	0
138.0	0
138.0	0
138.0	0
138.0	0
138.0	0
137.0	0
139.0	0
137.0	0
138.0	0
139.0	0
140.0	0
139.0	0
139.0	0
140.0	0
140.0	0
140.0	0
140.0	0
141.0	0
140.0	0
141.0	0
141.0	0
141.0	0
141.0	0
142.0	0
143.0	0
144.0	0
143.0	0
145.0	0
146.0	0
146.0	0
147.0	0
148.0	0
150.0	0
149.0	0
151.0	0
151.0	0
153.0	0
153.0	0
153.0	0
154.0	0
154.0	0
155.0	0
154.0	0
155.0	0
154.0	0
155.0	0
155.0	0
154.0	0
153.0	0
153.0	0
154.0	0
152.0	0
152.0	0
150.0	0
150.0	0
149.0	0
148.0	0
147.0	0
145.0	0
146.0	0
145.0	0
143.0	0
142.0	0
141.0	0
142.0	0
140.0	0
140.0	0
139.0	0
139.0	0
139.0	0
138.0	0
139.0	0
138.0	0
138.0	0
137.0	0
138.0	0
138.0	0
139.0	0
139.0	0
139.0	0
140.0	0
140.0	0
139.0	0
140.0	0
140.0	0
140.0	0
142.0	0
141.0	0
140.0	0
139.0	0
139.0	0
140.0	0
140.0	0
140.0	0
141.0	0
140.0	0
141.0	0
141.0	0
143.0	0
142.0	0
144.0	0
145.0	0
145.0	0
147.0	0
147.0	0
149.0	0
149.0	0
150.0	0
151.0	0
151.0	0
152.0	0
153.0	0
153.0	0
153.0	0
152.0	0
153.0	0
153.0	0
153.0	0
152.0	0
153.0	0
152.0	0
152.0	0
151.0	0
152.0	0
150.0	0
148.0	0
148.0	0
147.0	0
145.0	0
144.0	0
144.0	0
143.0	0
142.0	0
142.0	0
142.0	0
140.0	0
140.0	0
139.0	0
139.0	0
138.0	0
139.0	0
138.0	0
139.0	0
138.0	0
138.0	0
138.0	0
138.0	0
138.0	0
138.0	0
138.0	0
139.0	0
138.0	0
138.0	0
138.0	0
139.0	0
139.0	0
139.0	0
139.0	0
140.0	0
140.0	0
139.0	0
140.0	0
140.0	0
140.0	0
140.0	0
141.0	0
141.0	0
142.0	0
141.0	0
141.0	0
141.0	0
143.0	0
143.0	0
144.0	0
145.0	0
145.0	0
146.0	0
148.0	0
147.0	0
148.0	0
148.0	0
149.0	0
149.0	0
150.0	0
150.0	0
150.0	0
150.0	0
150.0	0
150.0	0
151.0	0
150.0	0
150.0	0
150.0	0
149.0	0
150.0	0
149.0	0
148.0	0
149.0	0
146.0	0
146.0	0
145.0	0
144.0	0
143.0	0
143.0	0
141.0	0
141.0	0
141.0	0
140.0	0
141.0	0
140.0	0
139.0	0
138.0	0
137.0	0
138.0	0
138.0	0
138.0	0
138.0	0
138.0	0
137.0	0
137.0	0
136.0	0
137.0	0
137.0	0
136.0	0
136.0	0
137.0	0
137.0	0
138.0	0
139.0	0
139.0	0
139.0	0
140.0	0
140.0	0
142.0	0
141.0	0
141.0	0
141.0	0
141.0	0
142.0	0
142.0	0
142.0	0
143.0	0
143.0	0
144.0	0
144.0	0
144.0	0
146.0	0
146.0	0
146.0	0
147.0	0
148.0	0
149.0	0
150.0	0
150.0	0
150.0	0
150.0	0
151.0	0
151.0	0
150.0	0
151.0	0
151.0	0
151.0	0
151.0	0
150.0	0
150.0	0
149.0	0
149.0	0
149.0	0
148.0	0
147.0	0
148.0	0
148.0	0
146.0	0
146.0	0
144.0	0
144.0	0
143.0	0
142.0	0
141.0	0
140.0	0
140.0	0
140.0	0
140.0	0
139.0	0
139.0	0
139.0	0
139.0	0
139.0	0
139.0	0
139.0	0
138.0	0
138.0	0
139.0	0
137.0	0
138.0	0
138.0	0
140.0	0
139.0	0
139.0	0
139.0	0
139.0	0
140.0	0
140.0	0
140.0	0
140.0	0
141.0	0
142.0	0
142.0	0
142.0	0
141.0	0
142.0	0
142.0	0
143.0	0
143.0	0
144.0	0
144.0	0
144.0	0
144.0	0
144.0	0
146.0	0
146.0	0
148.0	0
149.0	0
148.0	0
148.0	0
148.0	0
151.0	0
150.0	0
150.0	0
150.0	0
150.0	0
151.0	0
151.0	0
151.0	0
150.0	0
151.0	0
151.0	0
150.0	0
149.0	0
149.0	0
148.0	0
148.0	0
146.0	0
147.0	0
146.0	0
144.0	0
143.0	0
144.0	0
144.0	0
143.0	0
143.0	0
141.0	0
140.0	0
139.0	0
140.0	0
140.0	0
140.0	0
140.0	0
139.0	0
138.0	0
137.0	0
138.0	0
138.0	0
139.0	0
139.0	0
138.0	0
138.0	0
139.0	0
139.0	0
139.0	0
140.0	0
140.0	0
139.0	0
139.0	0
140.0	0
141.0	0
141.0	0
141.0	0
141.0	0
142.0	0
142.0	0
141.0	0
142.0	0
142.0	0
143.0	0
143.0	0
143.0	0
144.0	0
145.0	0
145.0	0
145.0	0
146.0	0
145.0	0
147.0	0
147.0	0
149.0	0
149.0	0
149.0	0
149.0	0
148.0	0
149.0	0
149.0	0
150.0	0
152.0	0
150.0	0
150.0	0
150.0	0
151.0	0
150.0	0
149.0	0
150.0	0
148.0	0
148.0	0
148.0	0
146.0	0
146.0	0
146.0	0
144.0	0
144.0	0
142.0	0
142.0	0
142.0	0
141.0	0
141.0	0
140.0	0
140.0	0
139.0	0
139.0	0
139.0	0
139.0	0
138.0	0
138.0	0
139.0	0
138.0	0
138.0	0
136.0	0
137.0	0
137.0	0
138.0	0
139.0	0
139.0	0
139.0	0
140.0	0
139.0	0
140.0	0
141.0	0
142.0	0
141.0	0
141.0	0
141.0	0
140.0	0
141.0	0
141.0	0
141.0	0
140.0	0
141.0	0
142.0	0
143.0	0
143.0	0
142.0	0
143.0	0
143.0	0
144.0	0
143.0	0
143.0	0
144.0	0
145.0	0
146.0	0
145.0	0
146.0	0
147.0	0
147.0	0
147.0	0
147.0	0
148.0	0
148.0	0
147.0	0
147.0	0
148.0	0
148.0	0
147.0	0
148.0	0
148.0	0
147.0	0
147.0	0
146.0	0
145.0	0
145.0	0
143.0	0
144.0	0
143.0	0
142.0	0
141.0	0
140.0	0
140.0	0
140.0	0
139.0	0
138.0	0
138.0	0
138.0	0
138.0	0
138.0	0
137.0	0
138.0	0
136.0	0
136.0	0
137.0	0
135.0	0
136.0	0
136.0	0
136.0	0
137.0	0
137.0	0
137.0	0
137.0	0
138.0	0
139.0	0
138.0	0
139.0	0
139.0	0
139.0	0
132.0	0
134.0	0
133.0	0
133.0	0
136.0	0
136.0	0
136.0	0
136.0	0
135.0	0
136.0	0
136.0	0
136.0	0
137.0	0
138.0	0
138.0	0
139.0	0
139.0	0
140.0	0
139.0	0
139.0	0
140.0	0
140.0	0
141.0	0
140.0	0
141.0	0
141.0	0
142.0	0
141.0	0
141.0	0
140.0	0
141.0	0
141.0	0
140.0	0
139.0	0
140.0	0
140.0	0
139.0	0
137.0	0
137.0	0
137.0	0
136.0	0
135.0	0
135.0	0
135.0	0
135.0	0
133.0	0
133.0	0
132.0	0
133.0	0
132.0	0
132.0	0
132.0	0
132.0	0
132.0	0
132.0	0
131.0	0
130.0	0
132.0	0
131.0	0
130.0	0
130.0	0
131.0	0
130.0	0
131.0	0
131.0	0
131.0	0
132.0	0
132.0	0
132.0	0
133.0	0
132.0	0
132.0	0
133.0	0
133.0	0
133.0	0
133.0	0
133.0	0
133.0	0
134.0	0
135.0	0
134.0	0
135.0	0
135.0	0
135.0	0
136.0	0
136.0	0
136.0	0
138.0	0
138.0	0
139.0	0
138.0	0
138.0	0
139.0	0
139.0	0
140.0	0
140.0	0
139.0	0
139.0	0
140.0	0
139.0	0
139.0	0
139.0	0
139.0	0
139.0	0
139.0	0
139.0	0
138.0	0
138.0	0
138.0	0
137.0	0
137.0	0
135.0	0
135.0	0
134.0	0
133.0	0
134.0	0
132.0	0
133.0	0
132.0	0
132.0	0
133.0	0
131.0	0
132.0	0
131.0	0
130.0	0
129.0	0
131.0	0
131.0	0
130.0	0
130.0	0
129.0	0
129.0	0
129.0	0
130.0	0
129.0	0
130.0	0
131.0	0
131.0	0
131.0	0
131.0	0
131.0	0
131.0	0
132.0	0
132.0	0
132.0	0
132.0	0
133.0	0
132.0	0
133.0	0
133.0	0
133.0	0
135.0	0
134.0	0
135.0	0
134.0	0
135.0	0
136.0	0
135.0	0
137.0	0
138.0	0
138.0	0
138.0	0
137.0	0
137.0	0
138.0	0
138.0	0
139.0	0
139.0	0
139.0	0
139.0	0
138.0	0
138.0	0
138.0	0
139.0	0
138.0	0
138.0	0
138.0	0
137.0	0
137.0	0
137.0	0
136.0	0
136.0	0
136.0	0
134.0	0
134.0	0
134.0	0
133.0	0
133.0	0
133.0	0
132.0	0
131.0	0
131.0	0
132.0	0
130.0	0
131.0	0
130.0	0
130.0	0
129.0	0
129.0	0
129.0	0
130.0	0
129.0	0
129.0	0
128.0	0
128.0	0
129.0	0
128.0	0
129.0	0
129.0	0
129.0	0
130.0	0
130.0	0
130.0	0
130.0	0
130.0	0
131.0	0
130.0	0
131.0	0
131.0	0
131.0	0
132.0	0
132.0	0
133.0	0
132.0	0
133.0	0
133.0	0
133.0	0
134.0	0
134.0	0
134.0	0
134.0	0
135.0	0
136.0	0
134.0	0
136.0	0
136.0	0
137.0	0
137.0	0
138.0	0
138.0	0
137.0	0
137.0	0
137.0	0
137.0	0
138.0	0
138.0	0
138.0	0
138.0	0
136.0	0
136.0	0
137.0	0
135.0	0
134.0	0
133.0	0
134.0	0
133.0	0
133.0	0
133.0	0
132.0	0
131.0	0
131.0	0
132.0	0
131.0	0
130.0	0
130.0	0
130.0	0
130.0	0
130.0	0
129.0	0
129.0	0
130.0	0
128.0	0
128.0	0
127.0	0
127.0	0
127.0	0
128.0	0
128.0	0
128.0	0
128.0	0
128.0	0
128.0	0
129.0	0
129.0	0
129.0	0
129.0	0
129.0	0
129.0	0
132.0	0
131.0	0
133.0	0
133.0	0
133.0	0
134.0	0
132.0	0
134.0	0
133.0	0
135.0	0
135.0	0
134.0	0
134.0	0
135.0	0
135.0	0
137.0	0
137.0	0
137.0	0
137.0	0
136.0	0
138.0	0
137.0	0
138.0	0
137.0	0
137.0	0
138.0	0
138.0	0
137.0	0
138.0	0
138.0	0
138.0	0
137.0	0
136.0	0
136.0	0
136.0	0
137.0	0
136.0	0
137.0	0
136.0	0
135.0	0
133.0	0
133.0	0
132.0	0
131.0	0
132.0	0
133.0	0
130.0	0
130.0	0
130.0	0
130.0	0
129.0	0
129.0	0
128.0	0
128.0	0
128.0	0
127.0	0
128.0	0
128.0	0
128.0	0
128.0	0
128.0	0
128.0	0
129.0	0
127.0	0
128.0	0
129.0	0
130.0	0
130.0	0
131.0	0
130.0	0
130.0	0
131.0	0
129.0	0
129.0	0
130.0	0
131.0	0
131.0	0
131.0	0
131.0	0
132.0	0
133.0	0
134.0	0
134.0	0
134.0	0
134.0	0
134.0	0
134.0	0
135.0	0
135.0	0
137.0	0
136.0	0
136.0	0
136.0	0
138.0	0
137.0	0
137.0	0
136.0	0
137.0	0
137.0	0
137.0	0
138.0	0
138.0	0
137.0	0
137.0	0
136.0	0
135.0	0
136.0	0
135.0	0
135.0	0
135.0	0
135.0	0
133.0	0
134.0	0
133.0	0
132.0	0
132.0	0
132.0	0
131.0	0
130.0	0
131.0	0
129.0	0
130.0	0
129.0	0
128.0	0
128.0	0
128.0	0
128.0	0
128.0	0
128.0	0
126.0	0
127.0	0
127.0	0
127.0	0
128.0	0
128.0	0
128.0	0
128.0	0
128.0	0
129.0	0
129.0	0
130.0	0
129.0	0
129.0	0
131.0	0
130.0	0
131.0	0
131.0	0
132.0	0
132.0	0
133.0	0
133.0	0
133.0	0
133.0	0
134.0	0
133.0	0
134.0	0
134.0	0
134.0	0
135.0	0
135.0	0
135.0	0
136.0	0
136.0	0
136.0	0
136.0	0
137.0	0
137.0	0
137.0	0
137.0	0
136.0	0
137.0	0
137.0	0
138.0	0
138.0	0
136.0	0
137.0	0
137.0	0
137.0	0
137.0	0
136.0	0
136.0	0
134.0	0
133.0	0
133.0	0
134.0	0
134.0	0
132.0	0
132.0	0
130.0	0
131.0	0
130.0	0
130.0	0
130.0	0
130.0	0
129.0	0
128.0	0
128.0	0
128.0	0
127.0	0
128.0	0
127.0	0
127.0	0
127.0	0
126.0	0
127.0	0
127.0	0
127.0	0
128.0	0
129.0	0
129.0	0
128.0	0
130.0	0
130.0	0
130.0	0
130.0	0
129.0	0
130.0	0
131.0	0
130.0	0
130.0	0
132.0	0
132.0	0
133.0	0
133.0	0
133.0	0
133.0	0
133.0	0
133.0	0
134.0	0
134.0	0
136.0	0
135.0	0
135.0	0
137.0	0
137.0	0
137.0	0
137.0	0
138.0	0
138.0	0
137.0	0
138.0	0
138.0	0
138.0	0
138.0	0
137.0	0
138.0	0
137.0	0
137.0	0
137.0	0
137.0	0
136.0	0
136.0	0
136.0	0
135.0	0
134.0	0
134.0	0
133.0	0
133.0	0
132.0	0
131.0	0
131.0	0
130.0	0
130.0	0
131.0	0
130.0	0
130.0	0
129.0	0
129.0	0
130.0	0
129.0	0
129.0	0
128.0	0
127.0	0
128.0	0
129.0	0
128.0	0
127.0	0
128.0	0
127.0	0
128.0	0
129.0	0
129.0	0
129.0	0
130.0	0
129.0	0
130.0	0
130.0	0
131.0	0
131.0	0
133.0	0
132.0	0
133.0	0
133.0	0
133.0	0
133.0	0
133.0	0
133.0	0
134.0	0
134.0	0
135.0	0
134.0	0
136.0	0
137.0	0
137.0	0
137.0	0
137.0	0
138.0	0
138.0	0
138.0	0
139.0	0
139.0	0
139.0	0
138.0	0
139.0	0
139.0	0
139.0	0
140.0	0
139.0	0
139.0	0
139.0	0
139.0	0
137.0	0
137.0	0
137.0	0
136.0	0
136.0	0
136.0	0
136.0	0
135.0	0
135.0	0
133.0	0
133.0	0
132.0	0
132.0	0
132.0	0
132.0	0
131.0	0
131.0	0
131.0	0
130.0	0
131.0	0
131.0	0
129.0	0
129.0	0
129.0	0
129.0	0
129.0	0
128.0	0
129.0	0
129.0	0
129.0	0
130.0	0
131.0	0
131.0	0
130.0	0
129.0	0
130.0	0
130.0	0
131.0	0
131.0	0
131.0	0
131.0	0
132.0	0
132.0	0
132.0	0
133.0	0
133.0	0
133.0	0
133.0	0
134.0	0
135.0	0
135.0	0
136.0	0
136.0	0
136.0	0
136.0	0
137.0	0
137.0	0
138.0	0
138.0	0
138.0	0
138.0	0
138.0	0
138.0	0
138.0	0
139.0	0
139.0	0
138.0	0
139.0	0
139.0	0
138.0	0
138.0	0
137.0	0
137.0	0
137.0	0
135.0	0
135.0	0
136.0	0
135.0	0
134.0	0
135.0	0
134.0	0
133.0	0
133.0	0
132.0	0
132.0	0
131.0	0
131.0	0
131.0	0
131.0	0
130.0	0
130.0	0
130.0	0
130.0	0
130.0	0
130.0	0
129.0	0
130.0	0
128.0	0
128.0	0
127.0	0
128.0	0
129.0	0
129.0	0
131.0	0
130.0	0
130.0	0
129.0	0
130.0	0
130.0	0
130.0	0
131.0	0
132.0	0
133.0	0
133.0	0
134.0	0
134.0	0
135.0	0
134.0	0
135.0	0
134.0	0
135.0	0
135.0	0
136.0	0
137.0	0
137.0	0
137.0	0
136.0	0
137.0	0
139.0	0
138.0	0
138.0	0
139.0	0
139.0	0
139.0	0
140.0	0
139.0	0
140.0	0
139.0	0
139.0	0
140.0	0
139.0	0
139.0	0
138.0	0
138.0	0
138.0	0
137.0	0
137.0	0
136.0	0
136.0	0
135.0	0
135.0	0
135.0	0
135.0	0
134.0	0
133.0	0
134.0	0
134.0	0
132.0	0
132.0	0
132.0	0
132.0	0
132.0	0
132.0	0
131.0	0
131.0	0
130.0	0
130.0	0
130.0	0
130.0	0
129.0	0
128.0	0
129.0	0
129.0	0
129.0	0
130.0	0
130.0	0
130.0	0
130.0	0
131.0	0
131.0	0
131.0	0
132.0	0
133.0	0
132.0	0
133.0	0
132.0	0
134.0	0
135.0	0
134.0	0
135.0	0
136.0	0
135.0	0
135.0	0
135.0	0
137.0	0
138.0	0
137.0	0
137.0	0
138.0	0
139.0	0
140.0	0
139.0	0
139.0	0
141.0	0
141.0	0
141.0	0
141.0	0
139.0	0
140.0	0
140.0	0
140.0	0
140.0	0
140.0	0
138.0	0
140.0	0
139.0	0
137.0	0
137.0	0
137.0	0
136.0	0
136.0	0
135.0	0
135.0	0
134.0	0
135.0	0
134.0	0
135.0	0
134.0	0
133.0	0
132.0	0
132.0	0
132.0	0
133.0	0
132.0	0
131.0	0
131.0	0
132.0	0
131.0	0
131.0	0
131.0	0
130.0	0
130.0	0
129.0	0
130.0	0
130.0	0
129.0	0
131.0	0
130.0	0
131.0	0
130.0	0
130.0	0
131.0	0
131.0	0
131.0	0
131.0	0
132.0	0
133.0	0
133.0	0
132.0	0
134.0	0
133.0	0
135.0	0
135.0	0
135.0	0
137.0	0
136.0	0
136.0	0
137.0	0
136.0	0
137.0	0
138.0	0
139.0	0
138.0	0
138.0	0
138.0	0
140.0	0
140.0	0
140.0	0
139.0	0
140.0	0
140.0	0
139.0	0
139.0	0
139.0	0
139.0	0
139.0	0
139.0	0
139.0	0
139.0	0
138.0	0
137.0	0
137.0	0
136.0	0
136.0	0
135.0	0
134.0	0
133.0	0
134.0	0
134.0	0
133.0	0
134.0	0
134.0	0
133.0	0
133.0	0
132.0	0
133.0	0
132.0	0
132.0	0
130.0	0
130.0	0
129.0	0
129.0	0
129.0	0
130.0	0
130.0	0
131.0	0
130.0	0
130.0	0
130.0	0
130.0	0
130.0	0
131.0	0
131.0	0
131.0	0
131.0	0
132.0	0
132.0	0
135.0	0
134.0	0
135.0	0
135.0	0
136.0	0
135.0	0
136.0	0
137.0	0
138.0	0
139.0	0
139.0	0
139.0	0
139.0	0
140.0	0
139.0	0
139.0	0
141.0	0
141.0	0
141.0	0
142.0	0
141.0	0
141.0	0
142.0	0
142.0	0
140.0	0
141.0	0
141.0	0
142.0	0
142.0	0
142.0	0
141.0	0
142.0	0
141.0	0
140.0	0
140.0	0
140.0	0
139.0	0
139.0	0
139.0	0
136.0	0
137.0	0
136.0	0
135.0	0
136.0	0
136.0	0
136.0	0
135.0	0
135.0	0
134.0	0
133.0	0
134.0	0
134.0	0
133.0	0
133.0	0
133.0	0
132.0	0
132.0	0
131.0	0
130.0	0
131.0	0
131.0	0
130.0	0
131.0	0
132.0	0
132.0	0
132.0	0
133.0	0
133.0	0
134.0	0
134.0	0
133.0	0
134.0	0
