SA_diff	pop
38.0	32
26.0	39
15.0	26
45.0	19
43.0	15
46.0	10
52.0	11
63.0	2
61.0	2
87.0	0
88.0	1
59.0	1
76.0	1
88.0	0
89.0	0
89.0	0
89.0	0
63.0	1
89.0	0
89.0	0
89.0	0
89.0	0
89.0	0
90.0	0
90.0	0
90.0	0
91.0	0
91.0	0
91.0	0
92.0	0
91.0	0
92.0	0
91.0	0
91.0	0
91.0	0
91.0	0
90.0	0
91.0	0
91.0	0
89.0	0
90.0	0
90.0	0
90.0	0
91.0	0
92.0	1
92.0	0
93.0	0
93.0	0
91.0	0
91.0	0
90.0	0
89.0	0
89.0	0
89.0	0
90.0	0
90.0	0
89.0	0
88.0	0
88.0	1
88.0	0
87.0	0
87.0	0
64.0	1
69.0	2
39.0	1
71.0	1
59.0	5
22.0	17
53.0	6
47.0	20
27.0	32
43.0	40
41.0	37
21.0	41
53.0	26
40.0	31
45.0	21
3.0	18
64.0	4
52.0	5
86.0	0
50.0	1
70.0	2
87.0	0
88.0	0
76.0	1
40.0	2
49.0	1
89.0	0
88.0	0
89.0	0
49.0	1
89.0	0
89.0	0
89.0	0
89.0	0
88.0	0
90.0	0
90.0	0
90.0	0
90.0	0
91.0	0
91.0	0
90.0	0
90.0	0
91.0	0
89.0	0
92.0	0
92.0	0
90.0	0
91.0	0
91.0	0
91.0	0
90.0	1
90.0	0
90.0	0
90.0	0
90.0	0
89.0	0
88.0	1
89.0	0
90.0	0
90.0	0
90.0	0
89.0	0
89.0	0
72.0	1
78.0	1
88.0	1
87.0	0
86.0	0
81.0	1
86.0	1
87.0	0
46.0	2
86.0	0
70.0	5
56.0	4
58.0	8
46.0	11
41.0	27
51.0	23
43.0	32
55.0	45
22.0	27
41.0	35
76.0	24
52.0	13
58.0	19
50.0	10
55.0	8
47.0	5
66.0	1
47.0	1
86.0	0
87.0	2
87.0	0
87.0	0
86.0	0
86.0	0
51.0	1
89.0	0
89.0	0
74.0	1
89.0	0
86.0	1
90.0	0
90.0	0
90.0	0
90.0	0
27.0	1
90.0	0
91.0	0
40.0	2
90.0	0
90.0	0
90.0	0
91.0	0
27.0	1
36.0	2
91.0	0
87.0	1
93.0	0
90.0	0
90.0	0
90.0	0
90.0	0
84.0	1
91.0	0
91.0	0
91.0	0
91.0	0
90.0	0
90.0	0
89.0	1
89.0	0
89.0	0
89.0	0
89.0	0
89.0	0
89.0	0
89.0	0
88.0	0
88.0	0
87.0	0
80.0	3
53.0	1
68.0	3
39.0	6
52.0	7
64.0	13
58.0	21
51.0	29
48.0	42
48.0	41
40.0	40
58.0	28
43.0	26
41.0	25
56.0	12
50.0	10
50.0	9
63.0	4
87.0	0
65.0	2
87.0	0
56.0	2
88.0	0
80.0	1
87.0	0
88.0	0
89.0	0
45.0	2
89.0	0
89.0	0
82.0	1
88.0	0
88.0	0
89.0	0
90.0	0
90.0	0
90.0	0
90.0	0
90.0	0
60.0	1
91.0	0
90.0	0
27.0	1
91.0	0
92.0	0
91.0	0
91.0	0
92.0	0
91.0	0
92.0	0
91.0	0
91.0	0
91.0	0
56.0	2
91.0	0
90.0	0
90.0	0
91.0	0
90.0	0
83.0	2
90.0	0
75.0	1
89.0	0
89.0	0
88.0	0
88.0	0
89.0	0
88.0	0
88.0	0
88.0	0
88.0	1
87.0	0
74.0	1
80.0	2
58.0	4
69.0	8
76.0	10
42.0	16
19.0	18
63.0	23
57.0	31
47.0	43
39.0	43
51.0	31
36.0	21
45.0	19
49.0	10
66.0	6
45.0	8
73.0	6
85.0	3
87.0	0
88.0	1
87.0	0
60.0	2
48.0	1
87.0	0
88.0	0
88.0	0
88.0	0
39.0	1
89.0	0
90.0	0
90.0	0
91.0	0
90.0	0
87.0	1
90.0	0
89.0	0
90.0	0
90.0	0
90.0	0
90.0	0
91.0	0
90.0	0
90.0	0
91.0	0
91.0	0
91.0	0
92.0	0
91.0	0
92.0	0
83.0	1
91.0	0
91.0	0
37.0	2
91.0	1
91.0	0
91.0	0
91.0	0
51.0	3
90.0	0
91.0	0
90.0	0
90.0	0
89.0	0
89.0	0
87.0	1
89.0	0
88.0	0
86.0	1
88.0	0
47.0	2
88.0	0
41.0	2
83.0	2
77.0	1
60.0	6
28.0	12
33.0	24
57.0	17
63.0	28
56.0	30
51.0	29
59.0	33
36.0	24
44.0	20
50.0	18
39.0	9
37.0	8
56.0	5
55.0	3
54.0	3
47.0	4
46.0	5
64.0	1
41.0	2
87.0	0
56.0	2
88.0	0
88.0	0
87.0	0
88.0	0
89.0	0
90.0	0
90.0	0
91.0	0
89.0	0
89.0	0
89.0	0
91.0	0
91.0	0
92.0	0
89.0	0
91.0	0
90.0	0
91.0	0
91.0	0
90.0	0
89.0	1
91.0	0
91.0	1
90.0	0
92.0	0
34.0	2
90.0	0
91.0	0
91.0	1
91.0	0
89.0	1
91.0	0
56.0	1
39.0	1
91.0	0
90.0	0
90.0	0
90.0	0
89.0	0
65.0	1
88.0	0
88.0	0
88.0	0
88.0	0
45.0	1
76.0	2
88.0	0
87.0	1
51.0	4
75.0	4
49.0	12
37.0	17
60.0	15
39.0	22
49.0	30
44.0	28
41.0	28
53.0	31
34.0	13
53.0	21
54.0	11
47.0	8
55.0	7
58.0	3
48.0	5
80.0	2
80.0	3
86.0	0
87.0	0
41.0	1
53.0	4
87.0	1
87.0	1
89.0	0
88.0	0
88.0	0
89.0	0
88.0	0
88.0	0
90.0	0
90.0	0
90.0	0
89.0	0
91.0	0
92.0	0
90.0	0
90.0	0
92.0	0
91.0	0
92.0	0
30.0	1
91.0	0
92.0	0
92.0	0
92.0	0
92.0	0
90.0	0
92.0	0
91.0	0
91.0	1
8.0	1
86.0	2
91.0	0
90.0	0
90.0	0
91.0	0
90.0	0
44.0	2
90.0	0
90.0	0
90.0	0
46.0	2
89.0	0
88.0	0
89.0	0
89.0	1
88.0	1
87.0	0
87.0	0
52.0	4
87.0	0
69.0	3
77.0	8
17.0	17
51.0	20
41.0	39
46.0	25
53.0	24
36.0	26
77.0	12
57.0	18
39.0	7
42.0	10
72.0	9
41.0	3
30.0	6
46.0	3
78.0	3
35.0	5
63.0	1
74.0	2
75.0	2
87.0	0
53.0	1
88.0	0
88.0	0
88.0	0
88.0	0
89.0	0
89.0	0
90.0	0
90.0	0
89.0	0
89.0	0
89.0	0
90.0	0
89.0	0
91.0	0
82.0	1
90.0	0
88.0	1
90.0	0
91.0	0
90.0	0
91.0	0
84.0	1
91.0	0
18.0	2
91.0	1
61.0	3
40.0	3
92.0	0
88.0	2
92.0	1
89.0	1
92.0	0
84.0	1
91.0	0
90.0	0
30.0	1
83.0	1
90.0	0
89.0	0
76.0	2
89.0	0
88.0	0
89.0	2
88.0	0
87.0	0
88.0	0
88.0	0
87.0	1
61.0	4
36.0	11
41.0	13
47.0	24
61.0	17
43.0	30
42.0	25
53.0	21
43.0	20
50.0	14
45.0	10
6.0	15
50.0	12
47.0	8
48.0	8
65.0	4
42.0	3
45.0	6
44.0	1
41.0	4
56.0	3
86.0	1
75.0	1
88.0	0
61.0	1
88.0	0
56.0	1
89.0	0
89.0	0
89.0	0
89.0	0
89.0	0
90.0	0
91.0	0
89.0	0
92.0	0
91.0	0
91.0	0
91.0	0
91.0	0
92.0	0
32.0	1
92.0	1
92.0	0
92.0	0
70.0	2
19.0	2
46.0	4
12.0	2
45.0	3
92.0	0
33.0	2
93.0	0
32.0	1
92.0	0
92.0	0
91.0	1
93.0	0
93.0	0
91.0	0
85.0	1
91.0	1
90.0	1
90.0	0
37.0	2
89.0	0
88.0	0
87.0	0
87.0	0
85.0	3
79.0	3
87.0	1
87.0	3
61.0	9
40.0	16
45.0	23
29.0	26
15.0	28
51.0	15
37.0	21
58.0	14
36.0	19
59.0	6
37.0	11
21.0	8
50.0	14
40.0	6
48.0	7
50.0	5
86.0	5
47.0	3
66.0	3
80.0	1
62.0	4
41.0	3
47.0	1
64.0	1
89.0	1
44.0	2
89.0	0
89.0	1
89.0	0
90.0	0
90.0	0
90.0	0
90.0	0
75.0	1
91.0	0
91.0	0
90.0	0
90.0	0
90.0	0
90.0	1
90.0	0
91.0	0
91.0	0
88.0	1
28.0	2
70.0	2
82.0	1
87.0	1
12.0	4
18.0	5
88.0	3
64.0	3
72.0	3
93.0	1
85.0	1
93.0	0
93.0	0
92.0	0
92.0	0
92.0	0
92.0	0
90.0	1
56.0	2
90.0	0
89.0	0
89.0	0
87.0	2
33.0	2
60.0	1
87.0	1
59.0	4
29.0	15
70.0	10
37.0	18
30.0	30
45.0	25
57.0	23
74.0	18
45.0	20
34.0	17
55.0	11
52.0	4
32.0	15
48.0	8
38.0	9
38.0	16
59.0	4
75.0	4
41.0	4
75.0	6
38.0	5
51.0	5
41.0	3
43.0	1
88.0	0
72.0	1
89.0	0
54.0	1
89.0	0
60.0	1
81.0	1
90.0	0
90.0	0
90.0	0
89.0	0
88.0	1
59.0	1
90.0	0
91.0	0
90.0	0
91.0	0
78.0	2
90.0	1
92.0	0
93.0	0
32.0	2
84.0	2
30.0	3
79.0	2
87.0	1
88.0	1
75.0	4
41.0	3
93.0	0
60.0	3
93.0	0
94.0	0
89.0	1
72.0	1
93.0	2
92.0	2
75.0	1
92.0	0
92.0	0
94.0	0
91.0	0
91.0	0
90.0	0
26.0	3
59.0	6
88.0	0
84.0	4
64.0	5
65.0	11
55.0	14
70.0	18
54.0	28
60.0	27
76.0	21
48.0	18
44.0	14
46.0	12
48.0	10
39.0	10
45.0	8
46.0	11
51.0	6
42.0	10
41.0	6
46.0	9
60.0	3
28.0	4
86.0	1
44.0	5
48.0	1
53.0	2
58.0	2
91.0	0
90.0	0
58.0	1
77.0	1
38.0	2
90.0	0
90.0	0
90.0	0
47.0	2
90.0	0
54.0	1
91.0	0
90.0	0
46.0	1
90.0	0
91.0	0
22.0	1
92.0	1
92.0	0
46.0	1
83.0	2
41.0	3
24.0	5
43.0	6
12.0	4
41.0	5
28.0	3
14.0	3
94.0	2
73.0	2
95.0	0
96.0	0
92.0	1
95.0	0
96.0	0
20.0	2
93.0	1
36.0	3
93.0	0
93.0	0
92.0	1
92.0	0
91.0	2
53.0	3
15.0	5
89.0	2
59.0	14
65.0	7
57.0	7
15.0	20
30.0	22
58.0	24
26.0	13
34.0	19
40.0	16
53.0	11
55.0	10
40.0	13
49.0	6
50.0	13
32.0	13
44.0	13
67.0	7
44.0	11
39.0	12
36.0	7
56.0	4
58.0	3
58.0	5
51.0	3
55.0	2
60.0	3
52.0	3
71.0	1
80.0	2
84.0	1
62.0	2
17.0	1
89.0	0
62.0	2
35.0	2
89.0	0
90.0	0
89.0	0
87.0	1
90.0	0
90.0	0
90.0	0
91.0	0
33.0	2
13.0	2
22.0	2
61.0	6
48.0	8
51.0	5
7.0	8
25.0	13
89.0	2
18.0	6
44.0	7
19.0	1
29.0	3
74.0	1
96.0	0
95.0	1
95.0	0
95.0	0
56.0	2
96.0	0
95.0	0
94.0	0
87.0	1
91.0	3
88.0	1
6.0	3
89.0	3
51.0	6
59.0	3
60.0	9
24.0	7
32.0	17
69.0	13
57.0	20
44.0	25
50.0	23
9.0	18
47.0	20
38.0	15
49.0	10
66.0	6
35.0	9
52.0	11
21.0	20
45.0	12
44.0	11
46.0	7
52.0	5
46.0	8
42.0	5
49.0	7
78.0	3
42.0	4
89.0	0
59.0	1
47.0	2
33.0	5
72.0	3
63.0	4
83.0	1
26.0	1
71.0	3
89.0	0
77.0	1
90.0	0
90.0	1
92.0	0
91.0	0
91.0	0
92.0	0
87.0	1
93.0	0
42.0	3
51.0	3
48.0	3
36.0	7
22.0	5
14.0	10
30.0	9
21.0	9
18.0	12
52.0	7
97.0	1
10.0	1
53.0	3
96.0	0
89.0	2
97.0	0
97.0	0
96.0	1
96.0	0
60.0	1
75.0	1
95.0	0
94.0	0
93.0	0
93.0	0
83.0	2
87.0	2
44.0	6
86.0	8
28.0	5
12.0	5
79.0	12
69.0	11
12.0	24
58.0	20
52.0	18
35.0	13
37.0	10
55.0	9
61.0	8
39.0	17
44.0	13
51.0	16
37.0	10
47.0	10
22.0	16
18.0	11
39.0	13
39.0	5
34.0	3
29.0	5
41.0	3
71.0	4
64.0	3
83.0	1
89.0	0
78.0	1
90.0	1
73.0	2
86.0	2
86.0	2
89.0	1
89.0	1
91.0	1
91.0	0
90.0	0
91.0	0
91.0	0
91.0	1
78.0	1
20.0	1
29.0	3
79.0	5
83.0	1
58.0	4
38.0	6
24.0	8
22.0	13
23.0	18
12.0	14
16.0	11
35.0	6
86.0	2
48.0	1
28.0	2
98.0	0
38.0	1
90.0	1
98.0	0
97.0	0
97.0	0
95.0	0
75.0	1
96.0	0
95.0	0
69.0	2
94.0	1
92.0	2
91.0	2
88.0	3
75.0	9
82.0	6
51.0	14
59.0	17
23.0	24
63.0	22
39.0	22
28.0	12
56.0	12
47.0	18
34.0	13
25.0	14
31.0	16
31.0	16
31.0	19
50.0	20
42.0	20
37.0	16
49.0	7
20.0	11
41.0	11
39.0	7
45.0	7
65.0	4
61.0	2
88.0	1
50.0	1
53.0	5
87.0	1
44.0	3
32.0	3
72.0	3
19.0	2
22.0	3
89.0	0
64.0	1
90.0	0
72.0	1
91.0	0
91.0	0
82.0	2
75.0	3
26.0	2
75.0	2
27.0	8
26.0	3
45.0	5
16.0	13
8.0	15
8.0	20
25.0	18
18.0	21
27.0	17
23.0	8
18.0	9
21.0	4
98.0	1
19.0	2
73.0	1
97.0	1
48.0	1
18.0	1
45.0	1
97.0	0
97.0	0
97.0	1
23.0	2
95.0	0
90.0	2
90.0	1
92.0	0
92.0	3
64.0	6
28.0	17
72.0	6
49.0	21
67.0	18
30.0	21
45.0	20
45.0	12
29.0	18
54.0	13
71.0	7
20.0	18
33.0	14
45.0	20
39.0	25
25.0	30
24.0	30
35.0	16
30.0	16
38.0	8
46.0	10
30.0	6
33.0	4
75.0	5
63.0	1
46.0	2
40.0	1
27.0	2
49.0	1
56.0	1
89.0	0
85.0	2
71.0	2
91.0	0
89.0	0
47.0	1
90.0	1
23.0	3
20.0	1
88.0	1
63.0	1
83.0	2
40.0	2
52.0	3
52.0	5
48.0	9
20.0	9
13.0	20
14.0	20
6.0	40
10.0	31
14.0	28
20.0	17
78.0	7
53.0	3
29.0	4
99.0	0
84.0	1
42.0	2
99.0	0
99.0	0
98.0	0
97.0	2
97.0	0
97.0	0
96.0	0
96.0	1
95.0	0
95.0	0
77.0	3
95.0	2
81.0	4
92.0	6
42.0	7
48.0	11
36.0	19
38.0	19
38.0	19
30.0	27
61.0	15
40.0	11
49.0	17
47.0	9
42.0	21
43.0	25
43.0	33
42.0	28
39.0	29
42.0	29
23.0	24
47.0	19
32.0	13
45.0	12
41.0	8
19.0	13
45.0	3
34.0	1
90.0	0
84.0	2
53.0	1
38.0	1
89.0	0
73.0	2
41.0	2
74.0	1
24.0	5
39.0	3
89.0	1
91.0	1
91.0	0
26.0	1
87.0	2
92.0	1
88.0	2
92.0	3
70.0	6
29.0	10
40.0	9
30.0	17
13.0	26
18.0	48
7.0	80
17.0	38
13.0	36
8.0	15
25.0	12
15.0	7
9.0	6
32.0	2
42.0	1
100.0	0
100.0	0
96.0	1
80.0	1
31.0	3
22.0	2
7.0	1
72.0	1
20.0	1
44.0	2
51.0	3
95.0	1
93.0	2
84.0	8
88.0	5
33.0	7
78.0	11
29.0	15
8.0	23
49.0	24
48.0	18
71.0	12
49.0	12
34.0	10
38.0	19
12.0	23
46.0	29
29.0	41
34.0	39
41.0	35
46.0	33
25.0	30
16.0	22
37.0	12
50.0	7
49.0	4
71.0	3
73.0	2
68.0	2
47.0	1
61.0	1
61.0	2
89.0	1
89.0	0
90.0	0
89.0	0
46.0	1
90.0	1
44.0	3
80.0	5
92.0	0
92.0	0
93.0	1
89.0	1
21.0	5
19.0	4
28.0	4
24.0	7
31.0	10
30.0	10
26.0	15
13.0	51
23.0	65
10.0	81
26.0	36
14.0	23
22.0	8
12.0	10
35.0	4
76.0	1
101.0	1
101.0	0
68.0	3
101.0	0
93.0	2
101.0	1
19.0	3
86.0	2
98.0	1
45.0	2
63.0	3
79.0	3
25.0	1
77.0	6
58.0	7
63.0	5
15.0	10
88.0	3
37.0	8
26.0	19
32.0	14
49.0	16
14.0	13
34.0	25
41.0	30
40.0	25
13.0	31
32.0	37
39.0	38
18.0	42
34.0	51
16.0	39
47.0	27
17.0	22
22.0	8
35.0	11
51.0	4
45.0	4
89.0	0
33.0	3
89.0	2
88.0	0
88.0	0
89.0	1
89.0	0
88.0	0
89.0	0
90.0	0
68.0	1
80.0	2
89.0	2
78.0	4
74.0	1
65.0	2
55.0	3
42.0	6
24.0	5
33.0	10
24.0	14
20.0	12
27.0	14
27.0	22
21.0	44
14.0	52
24.0	58
11.0	70
23.0	28
12.0	12
31.0	4
25.0	3
63.0	4
85.0	2
22.0	4
85.0	3
57.0	4
78.0	3
12.0	5
22.0	8
47.0	4
79.0	6
51.0	3
41.0	1
62.0	3
49.0	7
85.0	2
66.0	2
58.0	3
85.0	5
66.0	5
38.0	6
81.0	4
51.0	10
60.0	11
39.0	20
32.0	22
38.0	14
20.0	34
12.0	44
24.0	35
24.0	54
16.0	44
27.0	51
9.0	42
38.0	25
45.0	14
63.0	5
58.0	4
24.0	5
41.0	2
89.0	0
45.0	1
88.0	0
89.0	0
88.0	0
47.0	1
89.0	0
57.0	1
89.0	0
89.0	0
53.0	1
49.0	1
48.0	1
91.0	0
86.0	4
69.0	2
92.0	0
22.0	3
12.0	5
25.0	10
37.0	14
18.0	22
25.0	19
11.0	18
8.0	43
11.0	53
11.0	71
11.0	55
21.0	32
45.0	9
44.0	3
17.0	1
103.0	1
104.0	1
104.0	0
78.0	2
62.0	2
104.0	0
72.0	5
69.0	2
79.0	1
90.0	3
49.0	4
78.0	1
88.0	1
99.0	0
56.0	5
85.0	1
84.0	1
65.0	3
93.0	2
70.0	3
33.0	11
65.0	8
59.0	10
33.0	19
26.0	28
12.0	27
35.0	28
21.0	44
29.0	48
27.0	55
39.0	58
24.0	61
24.0	21
45.0	19
37.0	10
44.0	8
30.0	3
59.0	1
87.0	0
88.0	0
88.0	0
89.0	0
44.0	1
88.0	0
88.0	0
89.0	0
33.0	1
89.0	0
88.0	0
89.0	0
90.0	0
90.0	0
91.0	0
80.0	1
67.0	4
87.0	1
14.0	2
19.0	8
23.0	14
28.0	34
23.0	47
18.0	38
13.0	35
12.0	50
20.0	48
21.0	60
16.0	55
18.0	46
28.0	15
66.0	2
100.0	1
104.0	0
56.0	3
103.0	0
104.0	1
105.0	0
105.0	0
105.0	0
71.0	3
103.0	0
56.0	1
102.0	0
102.0	0
101.0	0
101.0	0
49.0	2
101.0	0
97.0	0
36.0	1
69.0	1
96.0	0
51.0	3
45.0	7
79.0	7
12.0	20
43.0	20
33.0	34
11.0	41
33.0	58
29.0	50
17.0	57
23.0	65
26.0	62
24.0	44
23.0	11
27.0	10
31.0	4
60.0	2
21.0	3
32.0	2
52.0	1
51.0	1
88.0	0
89.0	0
88.0	0
88.0	0
89.0	0
89.0	0
79.0	1
88.0	0
89.0	0
89.0	0
69.0	1
90.0	0
90.0	0
91.0	0
12.0	2
84.0	2
57.0	7
62.0	18
21.0	80
23.0	242
16.0	294
8.0	152
13.0	99
22.0	107
13.0	104
12.0	110
19.0	51
12.0	26
21.0	6
51.0	2
104.0	0
105.0	0
105.0	0
106.0	0
105.0	0
105.0	0
63.0	1
34.0	1
92.0	1
105.0	0
104.0	0
82.0	1
102.0	0
89.0	1
100.0	0
100.0	0
100.0	0
52.0	3
81.0	1
97.0	0
97.0	0
53.0	4
64.0	1
31.0	12
34.0	11
51.0	28
34.0	47
39.0	43
18.0	63
16.0	63
27.0	66
22.0	53
22.0	41
23.0	30
39.0	3
44.0	1
57.0	1
88.0	0
87.0	0
87.0	0
88.0	0
88.0	0
88.0	0
87.0	0
87.0	0
87.0	0
87.0	0
88.0	0
89.0	0
89.0	0
89.0	0
90.0	0
90.0	0
33.0	2
91.0	0
92.0	0
94.0	2
52.0	7
60.0	7
36.0	45
29.0	245
16.0	767
16.0	694
19.0	238
12.0	143
9.0	151
7.0	126
14.0	86
13.0	19
86.0	2
104.0	0
46.0	2
105.0	0
45.0	1
106.0	0
106.0	0
106.0	0
106.0	0
105.0	0
105.0	0
105.0	0
105.0	0
105.0	0
103.0	0
103.0	0
84.0	1
102.0	0
101.0	0
101.0	0
99.0	0
98.0	0
47.0	1
98.0	0
68.0	4
16.0	6
51.0	7
31.0	24
31.0	31
45.0	44
31.0	49
24.0	48
32.0	36
21.0	39
25.0	24
21.0	18
26.0	10
87.0	0
88.0	0
87.0	0
88.0	0
47.0	1
49.0	1
30.0	1
87.0	0
87.0	0
87.0	0
88.0	0
88.0	0
88.0	0
87.0	0
88.0	0
88.0	0
89.0	0
90.0	0
90.0	0
91.0	0
91.0	0
93.0	0
94.0	0
50.0	6
50.0	14
42.0	69
24.0	303
22.0	713
7.0	373
15.0	162
5.0	137
9.0	92
20.0	38
18.0	19
28.0	2
104.0	0
41.0	1
105.0	0
106.0	0
106.0	0
106.0	0
108.0	0
107.0	0
106.0	0
107.0	0
107.0	0
106.0	0
105.0	0
61.0	1
104.0	0
104.0	0
104.0	0
102.0	0
103.0	0
102.0	0
99.0	0
100.0	0
99.0	0
97.0	0
97.0	0
62.0	2
47.0	8
33.0	24
11.0	28
43.0	35
26.0	27
53.0	20
44.0	10
42.0	11
44.0	10
26.0	3
41.0	1
89.0	0
88.0	0
88.0	0
87.0	0
88.0	0
88.0	0
89.0	0
88.0	0
88.0	0
88.0	0
88.0	0
89.0	0
89.0	0
90.0	0
89.0	0
89.0	0
90.0	0
91.0	0
91.0	0
92.0	0
92.0	0
93.0	0
62.0	2
12.0	11
32.0	21
42.0	31
36.0	147
17.0	130
15.0	107
18.0	63
33.0	40
14.0	12
60.0	3
17.0	2
105.0	0
105.0	0
106.0	0
107.0	0
107.0	0
107.0	0
31.0	2
110.0	0
109.0	0
108.0	0
109.0	0
107.0	0
108.0	0
107.0	0
107.0	0
106.0	0
105.0	0
104.0	0
103.0	0
103.0	0
101.0	0
101.0	0
100.0	0
99.0	0
97.0	0
58.0	1
94.0	1
26.0	4
7.0	13
36.0	18
30.0	22
20.0	18
28.0	5
26.0	6
24.0	5
87.0	0
51.0	1
89.0	0
88.0	0
88.0	0
87.0	0
87.0	0
86.0	0
87.0	0
87.0	0
87.0	0
88.0	0
87.0	0
87.0	0
87.0	0
88.0	0
88.0	0
89.0	0
89.0	0
89.0	0
91.0	0
91.0	0
92.0	0
93.0	0
94.0	0
95.0	0
31.0	6
45.0	9
52.0	20
50.0	27
31.0	26
34.0	14
15.0	10
33.0	3
66.0	3
104.0	0
105.0	0
106.0	0
18.0	1
107.0	0
107.0	0
107.0	0
107.0	0
108.0	0
108.0	0
109.0	0
109.0	0
110.0	0
107.0	0
107.0	0
106.0	0
107.0	0
105.0	0
106.0	0
105.0	0
103.0	0
102.0	0
101.0	0
100.0	0
99.0	0
99.0	0
98.0	0
98.0	0
90.0	1
59.0	3
49.0	7
44.0	6
11.0	3
23.0	5
47.0	2
90.0	0
89.0	1
71.0	1
87.0	0
88.0	0
88.0	0
87.0	0
88.0	0
88.0	0
88.0	0
86.0	0
87.0	0
88.0	0
86.0	0
87.0	0
88.0	0
88.0	0
88.0	0
88.0	0
89.0	0
89.0	0
90.0	0
92.0	0
93.0	0
94.0	0
94.0	0
47.0	1
96.0	0
83.0	3
12.0	8
46.0	6
41.0	9
35.0	5
102.0	1
32.0	2
104.0	0
105.0	0
106.0	0
106.0	0
107.0	0
108.0	0
108.0	0
110.0	0
109.0	0
110.0	0
109.0	0
109.0	0
109.0	0
109.0	0
110.0	0
108.0	0
109.0	0
108.0	0
105.0	0
105.0	0
105.0	0
103.0	0
104.0	0
103.0	0
101.0	0
101.0	0
100.0	0
47.0	1
98.0	0
97.0	0
96.0	0
63.0	3
95.0	1
65.0	2
92.0	0
54.0	2
91.0	0
90.0	0
90.0	0
90.0	0
87.0	0
87.0	0
87.0	0
86.0	0
86.0	0
86.0	0
86.0	0
86.0	0
87.0	0
86.0	0
87.0	0
86.0	0
87.0	0
87.0	0
88.0	0
89.0	0
89.0	0
90.0	0
91.0	0
92.0	0
93.0	0
94.0	0
81.0	1
97.0	0
57.0	1
72.0	1
63.0	3
100.0	0
68.0	1
58.0	1
102.0	0
103.0	0
105.0	0
106.0	0
106.0	0
107.0	0
107.0	0
108.0	0
109.0	0
109.0	0
109.0	0
111.0	0
111.0	0
110.0	0
109.0	0
108.0	0
108.0	0
108.0	0
108.0	0
107.0	0
107.0	0
107.0	0
103.0	0
104.0	0
103.0	0
102.0	0
101.0	0
100.0	0
100.0	0
99.0	0
98.0	0
97.0	0
95.0	0
62.0	1
65.0	1
93.0	0
92.0	0
91.0	0
91.0	0
90.0	0
90.0	0
89.0	0
33.0	1
87.0	0
87.0	0
87.0	0
88.0	0
88.0	0
87.0	0
86.0	0
87.0	0
89.0	0
88.0	0
88.0	0
89.0	0
89.0	0
88.0	0
89.0	0
89.0	0
91.0	0
92.0	0
93.0	0
94.0	0
58.0	1
96.0	0
98.0	0
70.0	2
99.0	0
68.0	1
74.0	1
36.0	1
103.0	0
105.0	0
105.0	0
105.0	0
107.0	0
108.0	0
108.0	0
108.0	0
109.0	0
110.0	0
109.0	0
110.0	0
111.0	0
111.0	0
111.0	0
112.0	0
110.0	0
111.0	0
110.0	0
108.0	0
107.0	0
107.0	0
106.0	0
105.0	0
105.0	0
103.0	0
102.0	0
101.0	0
101.0	0
99.0	0
51.0	1
98.0	0
96.0	0
96.0	0
95.0	0
95.0	0
94.0	0
93.0	0
92.0	0
89.0	0
88.0	0
88.0	0
88.0	0
88.0	0
87.0	0
86.0	0
86.0	0
87.0	0
86.0	0
87.0	0
86.0	0
87.0	0
87.0	0
87.0	0
88.0	0
88.0	0
88.0	0
88.0	0
89.0	0
90.0	0
91.0	0
94.0	0
95.0	0
95.0	0
96.0	0
98.0	0
98.0	0
99.0	0
100.0	0
102.0	0
103.0	0
103.0	0
104.0	0
105.0	0
106.0	0
106.0	0
109.0	0
109.0	0
110.0	0
110.0	0
110.0	0
109.0	0
110.0	0
111.0	0
110.0	0
110.0	0
110.0	0
110.0	0
109.0	0
111.0	0
110.0	0
109.0	0
108.0	0
107.0	0
105.0	0
105.0	0
104.0	0
103.0	0
102.0	0
101.0	0
101.0	0
100.0	0
99.0	0
98.0	0
96.0	0
96.0	0
96.0	0
95.0	0
94.0	0
91.0	0
44.0	1
90.0	0
89.0	0
88.0	0
87.0	0
87.0	0
87.0	0
88.0	0
88.0	0
87.0	0
87.0	0
86.0	0
87.0	0
87.0	0
87.0	0
87.0	0
86.0	0
87.0	0
88.0	0
89.0	0
91.0	0
91.0	0
92.0	0
93.0	0
94.0	0
95.0	0
96.0	0
98.0	0
99.0	0
100.0	0
101.0	0
102.0	0
103.0	0
103.0	0
104.0	0
105.0	0
106.0	0
107.0	0
108.0	0
109.0	0
111.0	0
111.0	0
111.0	0
111.0	0
112.0	0
112.0	0
112.0	0
112.0	0
110.0	0
111.0	0
109.0	0
108.0	0
109.0	0
107.0	0
106.0	0
107.0	0
105.0	0
105.0	0
104.0	0
103.0	0
101.0	0
101.0	0
100.0	0
99.0	0
98.0	0
97.0	0
96.0	0
95.0	0
94.0	0
93.0	0
92.0	0
91.0	0
90.0	0
89.0	0
88.0	0
89.0	0
89.0	0
88.0	0
88.0	0
86.0	0
85.0	0
87.0	0
87.0	0
86.0	0
87.0	0
86.0	0
87.0	0
88.0	0
88.0	0
88.0	0
89.0	0
91.0	0
91.0	0
93.0	0
94.0	0
94.0	0
96.0	0
97.0	0
98.0	0
99.0	0
100.0	0
102.0	0
103.0	0
103.0	0
103.0	0
104.0	0
105.0	0
106.0	0
107.0	0
108.0	0
109.0	0
111.0	0
110.0	0
111.0	0
111.0	0
111.0	0
111.0	0
112.0	0
112.0	0
111.0	0
110.0	0
111.0	0
110.0	0
110.0	0
110.0	0
108.0	0
107.0	0
106.0	0
105.0	0
104.0	0
103.0	0
102.0	0
102.0	0
100.0	0
99.0	0
99.0	0
97.0	0
95.0	0
95.0	0
94.0	0
94.0	0
93.0	0
92.0	0
90.0	0
89.0	0
88.0	0
88.0	0
87.0	0
87.0	0
87.0	0
86.0	0
87.0	0
87.0	0
80.0	1
86.0	0
87.0	0
86.0	0
87.0	0
87.0	0
87.0	0
88.0	0
89.0	0
90.0	0
91.0	0
93.0	0
93.0	0
95.0	0
96.0	0
97.0	0
98.0	0
99.0	0
101.0	0
101.0	0
103.0	0
103.0	0
105.0	0
106.0	0
107.0	0
107.0	0
109.0	0
109.0	0
111.0	0
111.0	0
112.0	0
112.0	0
113.0	0
113.0	0
113.0	0
114.0	0
113.0	0
112.0	0
112.0	0
111.0	0
111.0	0
110.0	0
110.0	0
109.0	0
108.0	0
108.0	0
107.0	0
105.0	0
105.0	0
103.0	0
103.0	0
102.0	0
101.0	0
100.0	0
99.0	0
98.0	0
98.0	0
27.0	1
96.0	0
95.0	0
93.0	0
92.0	0
91.0	0
90.0	0
89.0	0
90.0	0
88.0	0
87.0	0
86.0	0
87.0	0
86.0	0
87.0	0
86.0	0
86.0	0
87.0	0
87.0	0
87.0	0
87.0	0
89.0	0
89.0	0
90.0	0
90.0	0
92.0	0
94.0	0
95.0	0
96.0	0
97.0	0
98.0	0
100.0	0
101.0	0
102.0	0
102.0	0
103.0	0
104.0	0
105.0	0
106.0	0
107.0	0
108.0	0
109.0	0
110.0	0
111.0	0
111.0	0
112.0	0
111.0	0
112.0	0
112.0	0
114.0	0
114.0	0
49.0	1
113.0	0
112.0	0
111.0	0
111.0	0
109.0	0
109.0	0
107.0	0
108.0	0
106.0	0
106.0	0
105.0	0
104.0	0
103.0	0
103.0	0
102.0	0
100.0	0
100.0	0
99.0	0
98.0	0
97.0	0
96.0	0
94.0	0
92.0	0
92.0	0
91.0	0
90.0	0
88.0	0
88.0	0
87.0	0
88.0	0
87.0	0
87.0	0
86.0	0
86.0	0
86.0	0
86.0	0
87.0	0
87.0	0
87.0	0
87.0	0
88.0	0
89.0	0
90.0	0
92.0	0
93.0	0
93.0	0
93.0	0
96.0	0
96.0	0
98.0	0
98.0	0
100.0	0
100.0	0
102.0	0
101.0	0
104.0	0
105.0	0
106.0	0
106.0	0
108.0	0
109.0	0
108.0	0
109.0	0
109.0	0
110.0	0
112.0	0
112.0	0
112.0	0
112.0	0
112.0	0
112.0	0
111.0	0
112.0	0
111.0	0
111.0	0
111.0	0
109.0	0
110.0	0
106.0	0
107.0	0
106.0	0
105.0	0
104.0	0
104.0	0
103.0	0
102.0	0
100.0	0
98.0	0
98.0	0
97.0	0
95.0	0
95.0	0
93.0	0
93.0	0
91.0	0
91.0	0
89.0	0
89.0	0
89.0	0
88.0	0
88.0	0
87.0	0
88.0	0
86.0	0
86.0	0
86.0	0
86.0	0
87.0	0
87.0	0
88.0	0
87.0	0
88.0	0
88.0	0
90.0	0
91.0	0
91.0	0
92.0	0
93.0	0
95.0	0
95.0	0
98.0	0
99.0	0
99.0	0
100.0	0
101.0	0
102.0	0
103.0	0
105.0	0
105.0	0
107.0	0
107.0	0
108.0	0
109.0	0
110.0	0
110.0	0
111.0	0
112.0	0
112.0	0
112.0	0
113.0	0
113.0	0
112.0	0
114.0	0
113.0	0
112.0	0
111.0	0
110.0	0
110.0	0
108.0	0
108.0	0
106.0	0
107.0	0
106.0	0
105.0	0
104.0	0
101.0	0
100.0	0
99.0	0
98.0	0
98.0	0
98.0	0
96.0	0
94.0	0
94.0	0
93.0	0
92.0	0
91.0	0
91.0	0
90.0	0
89.0	0
88.0	0
88.0	0
87.0	0
88.0	0
87.0	0
86.0	0
87.0	0
86.0	0
86.0	0
86.0	0
87.0	0
87.0	0
88.0	0
87.0	0
89.0	0
91.0	0
91.0	0
93.0	0
93.0	0
93.0	0
96.0	0
98.0	0
98.0	0
99.0	0
99.0	0
100.0	0
102.0	0
103.0	0
72.0	1
106.0	0
105.0	0
107.0	0
107.0	0
109.0	0
109.0	0
109.0	0
110.0	0
110.0	0
112.0	0
111.0	0
111.0	0
111.0	0
112.0	0
111.0	0
112.0	0
111.0	0
111.0	0
110.0	0
109.0	0
109.0	0
107.0	0
106.0	0
106.0	0
105.0	0
104.0	0
103.0	0
102.0	0
101.0	0
101.0	0
100.0	0
99.0	0
98.0	0
96.0	0
96.0	0
94.0	0
53.0	1
93.0	0
91.0	0
90.0	0
89.0	0
88.0	0
88.0	0
87.0	0
86.0	0
86.0	0
87.0	0
85.0	0
85.0	0
86.0	0
87.0	0
87.0	0
88.0	0
87.0	0
89.0	0
89.0	0
90.0	0
90.0	0
92.0	0
92.0	0
93.0	0
94.0	0
96.0	0
97.0	0
97.0	0
99.0	0
100.0	0
101.0	0
102.0	0
103.0	0
104.0	0
105.0	0
104.0	0
106.0	0
108.0	0
108.0	0
109.0	0
109.0	0
110.0	0
111.0	0
112.0	0
112.0	0
111.0	0
112.0	0
112.0	0
114.0	0
112.0	0
112.0	0
112.0	0
112.0	0
111.0	0
109.0	0
109.0	0
107.0	0
106.0	0
106.0	0
106.0	0
104.0	0
103.0	0
102.0	0
101.0	0
102.0	0
100.0	0
97.0	0
97.0	0
95.0	0
94.0	0
93.0	0
92.0	0
91.0	0
90.0	0
90.0	0
88.0	0
87.0	0
87.0	0
87.0	0
87.0	0
87.0	0
86.0	0
87.0	0
86.0	0
86.0	0
86.0	0
86.0	0
87.0	0
87.0	0
87.0	0
57.0	1
90.0	0
90.0	0
92.0	0
93.0	0
94.0	0
95.0	0
96.0	0
98.0	0
99.0	0
99.0	0
100.0	0
102.0	0
102.0	0
103.0	0
104.0	0
105.0	0
105.0	0
107.0	0
108.0	0
108.0	0
109.0	0
109.0	0
110.0	0
111.0	0
111.0	0
112.0	0
112.0	0
111.0	0
111.0	0
112.0	0
110.0	0
110.0	0
111.0	0
109.0	0
110.0	0
108.0	0
108.0	0
107.0	0
106.0	0
105.0	0
104.0	0
27.0	1
103.0	0
102.0	0
101.0	0
100.0	0
97.0	0
97.0	0
97.0	0
95.0	0
94.0	0
93.0	0
91.0	0
91.0	0
89.0	0
88.0	0
88.0	0
87.0	0
87.0	0
87.0	0
86.0	0
86.0	0
86.0	0
86.0	0
86.0	0
85.0	0
86.0	0
86.0	0
87.0	0
88.0	0
89.0	0
88.0	0
89.0	0
90.0	0
92.0	0
94.0	0
65.0	1
95.0	0
76.0	1
97.0	0
98.0	0
88.0	1
101.0	0
102.0	0
101.0	0
68.0	1
104.0	0
105.0	0
106.0	0
106.0	0
108.0	0
108.0	0
108.0	0
109.0	0
110.0	0
111.0	0
110.0	0
111.0	0
111.0	0
111.0	0
111.0	0
112.0	0
111.0	0
110.0	0
110.0	0
108.0	0
109.0	0
107.0	0
107.0	0
106.0	0
105.0	0
104.0	0
103.0	0
102.0	0
72.0	1
100.0	0
99.0	0
98.0	0
98.0	0
97.0	0
96.0	0
93.0	0
93.0	0
92.0	0
90.0	0
89.0	0
87.0	0
88.0	0
87.0	0
86.0	0
87.0	0
87.0	0
86.0	0
87.0	0
86.0	0
86.0	0
87.0	0
86.0	0
86.0	0
87.0	0
87.0	0
87.0	0
88.0	0
89.0	0
90.0	0
92.0	0
93.0	0
94.0	0
94.0	0
96.0	1
97.0	0
98.0	0
99.0	0
99.0	0
101.0	0
102.0	0
103.0	0
104.0	0
105.0	0
105.0	0
106.0	0
107.0	0
108.0	0
108.0	0
109.0	0
111.0	0
111.0	0
111.0	0
111.0	0
112.0	0
110.0	0
112.0	0
111.0	0
111.0	0
111.0	0
109.0	0
109.0	0
108.0	0
107.0	0
107.0	0
105.0	0
103.0	0
103.0	0
103.0	0
103.0	0
101.0	0
101.0	0
100.0	0
100.0	0
98.0	0
96.0	0
95.0	0
94.0	0
93.0	0
93.0	0
91.0	0
90.0	0
88.0	0
88.0	0
88.0	0
87.0	0
87.0	0
87.0	0
87.0	0
86.0	0
87.0	0
86.0	0
87.0	0
86.0	0
86.0	0
86.0	0
86.0	0
87.0	0
88.0	0
89.0	0
90.0	0
92.0	0
92.0	0
92.0	0
94.0	0
95.0	0
96.0	0
86.0	1
98.0	0
75.0	2
101.0	0
102.0	0
102.0	0
103.0	0
104.0	0
105.0	0
105.0	0
106.0	0
107.0	0
109.0	0
108.0	0
108.0	0
109.0	0
109.0	0
109.0	0
109.0	0
111.0	0
110.0	0
110.0	0
110.0	0
109.0	0
109.0	0
108.0	0
108.0	0
106.0	0
106.0	0
105.0	0
104.0	0
104.0	0
102.0	0
102.0	0
101.0	0
101.0	0
99.0	0
98.0	0
97.0	0
97.0	0
43.0	1
95.0	0
94.0	0
93.0	0
91.0	0
90.0	0
89.0	0
89.0	0
88.0	0
87.0	0
87.0	0
86.0	0
86.0	0
86.0	0
86.0	0
86.0	0
86.0	0
86.0	0
86.0	0
86.0	0
87.0	0
87.0	0
87.0	0
88.0	0
88.0	0
91.0	0
91.0	0
58.0	1
93.0	0
94.0	0
10.0	2
37.0	1
39.0	3
99.0	0
99.0	0
100.0	0
101.0	0
102.0	0
103.0	0
104.0	0
105.0	0
106.0	0
106.0	0
107.0	0
103.0	1
108.0	0
108.0	0
109.0	0
109.0	0
111.0	0
110.0	0
111.0	0
110.0	0
110.0	0
110.0	0
109.0	0
110.0	0
107.0	0
107.0	0
107.0	0
105.0	0
105.0	0
95.0	1
104.0	0
86.0	1
101.0	0
38.0	1
99.0	0
56.0	1
98.0	0
16.0	1
96.0	0
94.0	0
93.0	0
92.0	0
78.0	1
90.0	0
89.0	0
88.0	0
87.0	0
88.0	0
88.0	0
88.0	0
88.0	0
87.0	0
88.0	0
87.0	0
87.0	0
86.0	0
87.0	0
87.0	0
87.0	0
86.0	0
88.0	0
87.0	0
88.0	0
88.0	0
18.0	1
90.0	0
92.0	0
87.0	3
28.0	3
81.0	3
34.0	5
96.0	0
99.0	0
28.0	1
99.0	0
100.0	0
102.0	0
102.0	0
104.0	0
105.0	0
106.0	0
106.0	0
107.0	0
108.0	0
108.0	0
108.0	0
108.0	0
108.0	0
110.0	0
109.0	0
110.0	0
110.0	0
108.0	0
108.0	0
107.0	0
107.0	0
106.0	0
106.0	0
106.0	0
104.0	0
103.0	0
8.0	2
101.0	0
99.0	1
12.0	2
11.0	3
99.0	0
97.0	0
27.0	2
95.0	0
94.0	0
93.0	0
92.0	0
91.0	0
90.0	0
89.0	0
89.0	0
88.0	0
88.0	0
88.0	0
87.0	0
77.0	1
87.0	0
87.0	0
86.0	0
86.0	0
45.0	1
86.0	0
86.0	0
86.0	0
86.0	0
87.0	0
88.0	0
88.0	0
89.0	0
62.0	1
90.0	0
87.0	1
89.0	1
60.0	4
18.0	17
10.0	24
45.0	10
11.0	6
44.0	3
100.0	0
101.0	0
101.0	0
102.0	0
103.0	0
103.0	0
105.0	0
107.0	0
106.0	0
106.0	0
107.0	0
108.0	0
108.0	0
109.0	0
108.0	0
109.0	0
109.0	0
110.0	0
110.0	0
108.0	0
109.0	0
106.0	0
107.0	0
107.0	0
105.0	0
104.0	0
103.0	0
77.0	1
24.0	5
47.0	2
10.0	4
46.0	2
17.0	3
97.0	0
96.0	0
96.0	0
93.0	0
94.0	0
93.0	0
92.0	0
91.0	0
90.0	0
89.0	0
88.0	0
87.0	0
88.0	0
87.0	0
88.0	0
88.0	0
87.0	0
86.0	0
87.0	0
86.0	0
44.0	1
86.0	0
86.0	0
86.0	0
86.0	0
47.0	2
86.0	0
87.0	0
71.0	1
69.0	2
52.0	1
23.0	12
33.0	18
15.0	36
10.0	65
23.0	40
10.0	35
26.0	5
31.0	2
22.0	1
63.0	2
101.0	1
101.0	0
102.0	0
102.0	0
103.0	0
104.0	0
105.0	0
106.0	0
106.0	0
106.0	0
107.0	0
108.0	0
107.0	0
109.0	0
108.0	0
107.0	0
108.0	0
108.0	0
107.0	0
106.0	0
105.0	0
104.0	0
103.0	0
104.0	0
24.0	3
48.0	6
14.0	20
8.0	23
9.0	18
33.0	10
25.0	10
75.0	2
42.0	2
83.0	2
93.0	0
93.0	0
92.0	0
91.0	0
90.0	0
89.0	0
88.0	0
88.0	0
87.0	0
88.0	0
87.0	0
88.0	0
87.0	0
86.0	0
51.0	1
87.0	0
86.0	0
87.0	0
87.0	0
87.0	0
86.0	0
86.0	0
86.0	0
87.0	0
44.0	1
88.0	0
51.0	2
17.0	16
21.0	29
24.0	26
17.0	69
12.0	88
11.0	104
12.0	66
8.0	16
6.0	5
15.0	5
99.0	0
99.0	0
101.0	0
102.0	0
102.0	0
69.0	1
103.0	0
105.0	0
105.0	0
106.0	0
106.0	0
106.0	0
107.0	0
107.0	0
108.0	0
107.0	0
106.0	0
106.0	0
106.0	0
48.0	1
104.0	0
104.0	0
103.0	0
51.0	3
23.0	8
7.0	17
8.0	40
10.0	57
9.0	46
19.0	35
20.0	20
26.0	9
14.0	3
57.0	3
94.0	1
17.0	1
91.0	0
90.0	0
89.0	0
89.0	0
90.0	0
88.0	0
88.0	0
88.0	0
87.0	0
87.0	0
86.0	0
45.0	1
86.0	0
87.0	0
87.0	0
87.0	0
87.0	0
86.0	0
86.0	0
86.0	0
69.0	1
54.0	2
67.0	2
24.0	7
16.0	17
18.0	26
22.0	37
17.0	52
15.0	44
14.0	43
10.0	50
8.0	76
11.0	50
11.0	21
32.0	11
98.0	0
99.0	0
39.0	1
99.0	0
72.0	1
102.0	0
102.0	0
103.0	0
103.0	0
104.0	0
106.0	0
105.0	0
106.0	0
107.0	0
107.0	0
106.0	0
108.0	0
107.0	0
106.0	0
13.0	1
36.0	1
29.0	2
46.0	2
12.0	9
14.0	20
7.0	42
11.0	69
6.0	100
7.0	104
12.0	85
25.0	46
26.0	19
32.0	12
43.0	6
87.0	2
93.0	0
90.0	0
90.0	0
91.0	0
90.0	0
88.0	0
88.0	0
87.0	0
17.0	1
88.0	0
88.0	0
88.0	0
87.0	0
88.0	0
88.0	0
88.0	0
88.0	0
88.0	0
88.0	0
88.0	0
87.0	0
58.0	1
87.0	0
40.0	9
24.0	22
17.0	40
27.0	46
21.0	46
21.0	54
13.0	40
22.0	24
18.0	18
21.0	20
20.0	37
24.0	23
25.0	13
31.0	8
30.0	3
97.0	0
98.0	0
100.0	0
100.0	0
101.0	0
102.0	0
17.0	1
103.0	0
103.0	0
104.0	0
77.0	1
24.0	1
104.0	0
106.0	1
106.0	0
41.0	1
104.0	0
104.0	0
103.0	0
23.0	2
15.0	7
20.0	22
12.0	45
10.0	82
15.0	132
9.0	158
7.0	178
7.0	129
22.0	96
19.0	51
28.0	19
29.0	15
61.0	3
28.0	1
79.0	2
90.0	0
90.0	0
90.0	0
89.0	0
87.0	0
88.0	0
87.0	0
89.0	0
88.0	0
87.0	0
87.0	0
37.0	1
88.0	0
87.0	0
87.0	0
23.0	1
85.0	0
87.0	0
51.0	1
26.0	3
34.0	1
56.0	9
37.0	23
32.0	30
26.0	55
22.0	41
13.0	44
18.0	42
22.0	28
14.0	19
25.0	14
19.0	10
24.0	11
19.0	10
21.0	6
35.0	6
18.0	3
23.0	3
77.0	1
17.0	1
75.0	1
79.0	1
101.0	0
102.0	0
102.0	0
78.0	1
103.0	0
103.0	0
104.0	0
105.0	0
104.0	0
93.0	1
22.0	1
104.0	0
52.0	1
30.0	4
22.0	9
11.0	27
8.0	113
6.0	197
9.0	219
4.0	251
13.0	241
12.0	177
17.0	120
22.0	53
17.0	22
10.0	14
46.0	5
36.0	4
9.0	7
29.0	3
33.0	1
90.0	0
90.0	0
90.0	0
90.0	0
89.0	0
90.0	0
88.0	0
88.0	0
88.0	0
89.0	0
88.0	0
87.0	0
88.0	0
86.0	0
87.0	0
87.0	0
36.0	2
54.0	3
65.0	3
43.0	14
20.0	19
16.0	46
24.0	74
15.0	50
16.0	60
9.0	37
31.0	35
24.0	25
39.0	12
51.0	6
42.0	7
17.0	7
88.0	2
19.0	6
29.0	3
27.0	1
97.0	1
82.0	2
61.0	1
52.0	1
98.0	1
102.0	0
101.0	0
31.0	2
98.0	1
35.0	6
24.0	2
104.0	0
104.0	0
103.0	0
104.0	0
48.0	4
19.0	2
35.0	5
21.0	10
14.0	45
12.0	136
7.0	357
6.0	337
4.0	285
4.0	260
10.0	201
9.0	116
9.0	60
24.0	28
25.0	12
30.0	7
93.0	0
32.0	6
29.0	4
77.0	2
89.0	1
90.0	0
90.0	0
69.0	1
90.0	0
89.0	0
89.0	0
87.0	0
88.0	0
28.0	1
88.0	0
87.0	0
87.0	0
88.0	0
62.0	1
66.0	1
56.0	5
55.0	6
42.0	13
3.0	19
36.0	36
19.0	32
16.0	39
15.0	41
19.0	51
24.0	35
24.0	24
33.0	23
6.0	15
25.0	11
33.0	7
15.0	8
46.0	4
25.0	3
36.0	3
24.0	3
96.0	0
25.0	1
97.0	1
97.0	1
98.0	1
79.0	2
48.0	2
38.0	4
26.0	5
34.0	9
27.0	5
35.0	7
12.0	8
56.0	3
28.0	3
55.0	4
16.0	4
7.0	8
13.0	16
12.0	64
7.0	154
8.0	300
5.0	428
3.0	294
8.0	290
8.0	232
15.0	131
10.0	53
25.0	35
29.0	8
16.0	10
21.0	8
65.0	4
77.0	1
82.0	2
91.0	0
48.0	1
91.0	0
90.0	0
84.0	1
67.0	1
89.0	1
57.0	1
22.0	2
87.0	0
87.0	0
88.0	1
84.0	1
39.0	1
64.0	1
70.0	2
39.0	9
45.0	8
44.0	12
36.0	27
15.0	34
33.0	38
16.0	51
19.0	33
25.0	44
13.0	34
22.0	35
41.0	22
22.0	20
37.0	12
17.0	17
11.0	13
57.0	6
55.0	9
48.0	3
88.0	2
54.0	2
89.0	2
95.0	0
97.0	0
97.0	0
24.0	4
41.0	1
19.0	3
40.0	4
60.0	3
49.0	4
34.0	5
43.0	2
48.0	2
16.0	3
12.0	4
10.0	2
17.0	7
18.0	13
7.0	47
10.0	150
7.0	286
8.0	326
4.0	316
10.0	237
14.0	204
14.0	139
16.0	64
6.0	32
27.0	8
35.0	9
27.0	7
16.0	4
61.0	4
60.0	1
91.0	1
91.0	0
91.0	0
90.0	1
90.0	0
16.0	1
89.0	0
88.0	0
56.0	1
88.0	0
28.0	2
88.0	0
88.0	0
74.0	3
58.0	6
52.0	5
52.0	5
40.0	13
32.0	23
36.0	29
32.0	20
10.0	34
16.0	50
20.0	54
14.0	30
29.0	25
18.0	31
25.0	27
25.0	12
25.0	18
21.0	8
35.0	9
30.0	4
20.0	2
7.0	1
50.0	3
92.0	1
74.0	3
68.0	1
36.0	2
43.0	2
96.0	0
59.0	2
98.0	0
53.0	1
10.0	4
44.0	1
46.0	2
48.0	2
68.0	2
88.0	1
55.0	2
19.0	7
43.0	7
14.0	14
12.0	32
9.0	88
11.0	222
6.0	265
6.0	235
5.0	221
13.0	175
12.0	129
10.0	78
24.0	34
27.0	16
16.0	8
88.0	2
16.0	3
92.0	0
91.0	1
41.0	4
90.0	1
90.0	0
90.0	0
82.0	1
89.0	0
78.0	2
51.0	1
89.0	0
43.0	2
72.0	3
88.0	0
69.0	2
15.0	7
31.0	4
70.0	1
69.0	5
55.0	10
38.0	22
27.0	21
39.0	35
36.0	39
28.0	53
24.0	38
16.0	38
29.0	20
29.0	25
30.0	13
21.0	18
20.0	10
21.0	14
59.0	10
19.0	11
65.0	2
90.0	0
52.0	2
65.0	2
27.0	1
91.0	0
88.0	1
94.0	0
95.0	0
62.0	1
94.0	1
39.0	1
71.0	2
50.0	3
98.0	0
99.0	0
98.0	0
98.0	0
50.0	2
81.0	1
27.0	3
15.0	7
14.0	19
5.0	53
3.0	96
11.0	195
7.0	150
11.0	116
13.0	150
22.0	109
26.0	84
23.0	45
35.0	19
40.0	6
29.0	8
28.0	5
31.0	4
91.0	0
79.0	2
89.0	2
35.0	2
56.0	2
85.0	1
90.0	0
89.0	0
85.0	2
68.0	1
88.0	0
63.0	1
34.0	4
75.0	2
64.0	2
78.0	1
17.0	5
38.0	7
53.0	16
50.0	16
36.0	17
38.0	22
44.0	30
27.0	42
22.0	39
37.0	33
21.0	25
23.0	15
46.0	17
26.0	11
18.0	10
53.0	11
39.0	6
41.0	7
14.0	6
31.0	3
41.0	4
80.0	1
58.0	5
91.0	1
46.0	1
59.0	1
39.0	3
59.0	1
50.0	2
95.0	0
96.0	0
97.0	0
97.0	0
59.0	1
97.0	0
98.0	0
28.0	1
56.0	1
39.0	3
20.0	3
25.0	4
11.0	23
4.0	60
12.0	72
11.0	96
14.0	74
13.0	61
22.0	95
27.0	63
29.0	43
29.0	18
38.0	9
20.0	6
55.0	2
92.0	0
78.0	1
91.0	1
73.0	2
61.0	2
86.0	1
90.0	0
89.0	0
88.0	0
89.0	0
75.0	2
79.0	2
32.0	2
88.0	0
88.0	0
60.0	4
60.0	6
49.0	5
43.0	5
63.0	5
51.0	12
49.0	11
40.0	14
35.0	17
26.0	20
22.0	19
39.0	15
32.0	29
26.0	22
27.0	15
44.0	14
39.0	11
10.0	15
14.0	13
31.0	12
30.0	10
49.0	2
89.0	2
81.0	1
88.0	1
9.0	2
40.0	1
13.0	3
91.0	0
38.0	1
93.0	0
84.0	1
94.0	0
95.0	0
95.0	0
96.0	0
95.0	0
10.0	1
12.0	1
96.0	0
98.0	0
31.0	3
22.0	5
18.0	6
14.0	19
11.0	46
12.0	56
8.0	53
6.0	50
8.0	47
23.0	74
23.0	39
28.0	23
33.0	9
31.0	8
8.0	5
66.0	2
83.0	1
32.0	3
91.0	0
63.0	4
86.0	1
15.0	1
90.0	0
82.0	1
83.0	1
88.0	0
75.0	1
88.0	1
54.0	1
28.0	3
87.0	0
74.0	2
87.0	0
37.0	9
52.0	5
29.0	6
29.0	8
42.0	7
38.0	18
43.0	18
28.0	19
44.0	22
52.0	14
22.0	19
26.0	21
35.0	4
21.0	22
36.0	12
25.0	9
17.0	5
39.0	11
39.0	7
48.0	3
57.0	4
63.0	2
54.0	2
89.0	1
45.0	1
90.0	0
44.0	1
92.0	0
92.0	0
92.0	0
24.0	3
51.0	2
93.0	0
94.0	0
94.0	0
67.0	1
95.0	0
95.0	1
43.0	1
48.0	2
14.0	6
7.0	11
1.0	10
18.0	15
24.0	25
16.0	19
13.0	38
11.0	28
17.0	33
25.0	31
35.0	15
33.0	9
69.0	5
30.0	1
39.0	2
55.0	3
37.0	3
90.0	0
26.0	2
90.0	0
89.0	0
86.0	1
31.0	1
88.0	0
88.0	0
40.0	1
79.0	1
89.0	0
87.0	0
83.0	1
49.0	3
79.0	3
66.0	8
64.0	2
31.0	4
57.0	5
35.0	16
42.0	12
28.0	10
50.0	10
37.0	21
45.0	9
37.0	19
31.0	17
24.0	13
29.0	13
34.0	7
49.0	3
26.0	11
32.0	14
41.0	4
86.0	0
26.0	6
84.0	1
48.0	2
33.0	2
71.0	1
88.0	0
89.0	0
89.0	1
91.0	0
90.0	0
91.0	0
92.0	0
94.0	0
93.0	0
94.0	0
94.0	0
94.0	0
89.0	1
13.0	2
67.0	1
95.0	3
18.0	4
37.0	12
32.0	11
16.0	8
17.0	19
28.0	14
25.0	17
21.0	31
28.0	12
19.0	12
13.0	7
39.0	5
72.0	3
90.0	0
89.0	0
89.0	1
89.0	0
59.0	1
88.0	0
89.0	0
89.0	0
88.0	0
89.0	0
89.0	0
87.0	0
84.0	1
88.0	0
87.0	0
37.0	4
58.0	2
72.0	2
87.0	0
59.0	4
62.0	2
35.0	7
60.0	10
58.0	6
37.0	11
42.0	11
51.0	13
48.0	16
25.0	12
44.0	9
30.0	10
47.0	9
59.0	10
43.0	10
24.0	9
32.0	10
76.0	4
17.0	7
56.0	4
79.0	1
85.0	2
46.0	1
89.0	0
89.0	0
40.0	1
90.0	0
27.0	2
91.0	0
92.0	0
20.0	1
93.0	0
60.0	1
87.0	1
94.0	0
93.0	0
94.0	0
94.0	0
49.0	2
25.0	1
28.0	6
42.0	5
29.0	8
30.0	12
38.0	9
27.0	10
29.0	11
30.0	15
63.0	2
31.0	4
82.0	2
90.0	2
40.0	3
92.0	0
81.0	1
91.0	0
74.0	1
90.0	0
89.0	0
89.0	0
90.0	0
90.0	0
21.0	1
19.0	1
89.0	0
62.0	2
77.0	3
71.0	1
78.0	2
68.0	2
88.0	0
86.0	1
49.0	4
48.0	3
50.0	6
53.0	6
24.0	7
54.0	10
35.0	10
54.0	9
26.0	11
53.0	13
35.0	13
36.0	13
29.0	19
24.0	14
55.0	10
44.0	11
30.0	9
25.0	4
55.0	7
62.0	3
57.0	2
40.0	4
88.0	0
35.0	1
46.0	1
89.0	0
89.0	0
90.0	0
89.0	0
15.0	1
91.0	0
73.0	1
75.0	1
41.0	2
91.0	0
38.0	2
93.0	0
92.0	0
56.0	2
91.0	1
93.0	0
34.0	2
39.0	7
28.0	7
73.0	4
26.0	14
30.0	8
27.0	8
48.0	2
88.0	1
81.0	1
81.0	2
91.0	0
22.0	1
25.0	1
90.0	0
91.0	0
91.0	0
90.0	0
90.0	0
90.0	0
89.0	0
89.0	0
89.0	0
32.0	1
89.0	0
43.0	2
55.0	1
87.0	0
87.0	0
69.0	2
40.0	4
59.0	4
86.0	1
30.0	5
35.0	4
29.0	4
43.0	3
33.0	5
37.0	13
55.0	9
45.0	13
46.0	15
46.0	8
33.0	13
25.0	17
41.0	15
29.0	7
32.0	12
58.0	6
23.0	8
53.0	2
57.0	4
47.0	4
19.0	1
87.0	0
87.0	1
87.0	0
91.0	0
91.0	0
89.0	0
90.0	0
22.0	1
91.0	0
69.0	1
91.0	0
91.0	0
92.0	1
33.0	2
71.0	1
92.0	0
57.0	2
93.0	0
63.0	3
53.0	5
14.0	7
38.0	5
39.0	7
20.0	9
71.0	4
39.0	6
91.0	0
74.0	2
91.0	0
90.0	0
91.0	0
51.0	1
34.0	1
90.0	0
89.0	0
90.0	0
90.0	0
90.0	0
89.0	0
90.0	0
88.0	0
88.0	0
89.0	0
88.0	1
88.0	0
88.0	0
87.0	0
78.0	1
87.0	0
87.0	0
47.0	2
35.0	3
64.0	2
44.0	4
57.0	7
63.0	6
31.0	11
33.0	12
34.0	11
28.0	11
45.0	6
31.0	7
49.0	16
24.0	15
36.0	8
50.0	14
11.0	8
52.0	10
60.0	3
87.0	1
61.0	2
88.0	0
87.0	0
86.0	0
31.0	1
88.0	1
89.0	0
90.0	0
90.0	0
89.0	0
91.0	0
90.0	0
90.0	0
90.0	0
90.0	1
63.0	1
91.0	0
31.0	2
48.0	4
38.0	3
63.0	1
26.0	4
91.0	0
39.0	5
66.0	4
53.0	4
91.0	0
91.0	1
91.0	0
90.0	0
91.0	0
89.0	0
90.0	0
90.0	0
91.0	0
90.0	0
90.0	0
90.0	0
89.0	0
90.0	0
90.0	0
89.0	0
89.0	0
89.0	0
89.0	0
57.0	1
89.0	0
88.0	0
39.0	2
87.0	0
71.0	4
47.0	3
59.0	2
55.0	2
39.0	5
45.0	3
51.0	7
50.0	7
57.0	5
30.0	10
44.0	7
45.0	22
55.0	10
51.0	19
34.0	16
27.0	20
27.0	13
32.0	10
8.0	6
41.0	5
40.0	5
79.0	2
87.0	0
87.0	1
88.0	0
85.0	1
87.0	0
34.0	2
48.0	1
90.0	0
90.0	0
89.0	1
91.0	0
90.0	0
40.0	1
66.0	1
91.0	0
90.0	0
91.0	0
25.0	1
44.0	2
37.0	2
24.0	3
23.0	2
65.0	2
58.0	3
79.0	3
29.0	5
26.0	1
91.0	0
91.0	0
90.0	0
92.0	0
91.0	0
72.0	1
91.0	0
89.0	0
90.0	1
90.0	0
90.0	0
90.0	0
91.0	0
90.0	0
89.0	0
89.0	0
89.0	0
88.0	0
88.0	0
88.0	0
88.0	0
55.0	1
87.0	0
70.0	2
86.0	0
66.0	2
87.0	0
65.0	5
53.0	4
49.0	4
64.0	2
45.0	8
43.0	9
47.0	7
57.0	11
54.0	12
32.0	25
27.0	22
39.0	15
24.0	18
28.0	17
55.0	9
49.0	9
68.0	3
76.0	2
86.0	0
53.0	3
87.0	0
87.0	0
87.0	0
87.0	0
87.0	0
88.0	0
89.0	0
89.0	0
89.0	0
89.0	0
31.0	1
89.0	0
51.0	1
10.0	3
90.0	0
86.0	2
32.0	2
59.0	2
91.0	0
29.0	2
56.0	3
90.0	0
70.0	1
64.0	1
91.0	0
90.0	0
90.0	0
89.0	1
90.0	0
90.0	0
92.0	0
92.0	0
90.0	0
90.0	0
89.0	0
90.0	0
90.0	0
89.0	0
89.0	0
89.0	0
89.0	0
43.0	1
89.0	0
81.0	1
82.0	1
87.0	0
88.0	0
34.0	2
51.0	1
86.0	0
84.0	2
86.0	0
26.0	4
41.0	3
23.0	8
34.0	8
48.0	11
48.0	12
41.0	10
38.0	19
10.0	15
44.0	16
36.0	25
46.0	18
48.0	18
52.0	17
21.0	8
47.0	6
80.0	5
80.0	1
86.0	0
87.0	0
87.0	0
87.0	0
88.0	0
88.0	0
88.0	0
89.0	0
88.0	0
88.0	0
89.0	0
89.0	0
89.0	0
90.0	0
20.0	2
88.0	1
90.0	0
91.0	0
91.0	0
91.0	1
91.0	0
90.0	0
91.0	0
72.0	1
92.0	0
92.0	0
92.0	0
91.0	0
91.0	0
90.0	0
90.0	0
91.0	0
90.0	1
90.0	0
91.0	0
90.0	0
91.0	0
90.0	0
90.0	0
90.0	0
90.0	0
89.0	0
89.0	0
89.0	0
89.0	0
87.0	0
71.0	1
73.0	1
40.0	1
88.0	0
86.0	0
73.0	2
71.0	2
87.0	1
75.0	3
47.0	3
60.0	4
70.0	4
70.0	4
61.0	12
32.0	11
36.0	17
27.0	18
28.0	24
48.0	30
28.0	19
32.0	17
35.0	14
67.0	12
66.0	7
65.0	4
27.0	4
83.0	3
61.0	4
45.0	1
88.0	0
88.0	0
89.0	0
89.0	0
49.0	1
89.0	0
89.0	0
90.0	0
78.0	1
89.0	0
69.0	1
89.0	1
90.0	0
53.0	2
90.0	0
66.0	1
46.0	2
65.0	1
89.0	0
89.0	0
90.0	0
90.0	0
90.0	0
90.0	0
91.0	0
90.0	0
92.0	0
92.0	0
91.0	0
92.0	0
91.0	0
90.0	0
91.0	0
90.0	0
90.0	0
89.0	0
90.0	0
89.0	0
89.0	0
90.0	0
88.0	0
88.0	0
88.0	0
78.0	1
89.0	0
88.0	0
79.0	1
44.0	2
84.0	1
31.0	3
60.0	2
54.0	2
45.0	3
63.0	1
77.0	4
56.0	10
61.0	11
42.0	14
31.0	22
35.0	27
56.0	28
40.0	19
40.0	31
33.0	25
31.0	17
40.0	10
81.0	4
69.0	5
76.0	4
23.0	1
52.0	3
83.0	1
29.0	3
52.0	1
61.0	1
88.0	0
88.0	0
89.0	0
89.0	0
89.0	0
89.0	0
90.0	0
90.0	0
63.0	1
91.0	0
91.0	0
49.0	2
91.0	1
91.0	0
90.0	0
90.0	0
89.0	1
90.0	0
89.0	0
90.0	0
90.0	0
42.0	1
91.0	0
92.0	0
91.0	0
91.0	0
93.0	0
92.0	0
91.0	0
90.0	0
91.0	0
90.0	0
49.0	1
90.0	0
89.0	0
89.0	0
89.0	0
88.0	0
89.0	0
89.0	0
63.0	1
89.0	0
89.0	0
88.0	0
87.0	0
88.0	0
85.0	1
67.0	2
87.0	0
86.0	0
46.0	6
55.0	6
53.0	6
40.0	11
28.0	13
28.0	28
50.0	37
9.0	36
27.0	32
24.0	26
38.0	27
58.0	16
37.0	15
40.0	13
59.0	7
67.0	3
82.0	1
49.0	1
86.0	1
88.0	0
75.0	1
89.0	0
89.0	0
90.0	0
90.0	0
90.0	0
90.0	0
78.0	1
38.0	1
90.0	0
91.0	0
91.0	0
74.0	1
91.0	1
90.0	0
91.0	0
89.0	1
91.0	0
75.0	1
91.0	0
90.0	0
90.0	0
89.0	0
91.0	0
90.0	0
91.0	0
91.0	0
90.0	0
89.0	0
90.0	0
92.0	0
90.0	0
90.0	0
90.0	0
90.0	0
91.0	0
91.0	0
90.0	0
90.0	0
90.0	0
90.0	0
89.0	0
89.0	0
88.0	0
88.0	0
88.0	0
41.0	2
61.0	2
87.0	0
86.0	1
85.0	2
74.0	2
61.0	4
65.0	3
59.0	6
51.0	13
58.0	23
34.0	16
39.0	30
41.0	39
41.0	33
18.0	23
44.0	30
60.0	13
58.0	11
35.0	8
51.0	6
41.0	6
88.0	1
87.0	2
62.0	1
53.0	1
89.0	0
89.0	0
88.0	0
89.0	0
89.0	0
80.0	1
90.0	0
90.0	0
90.0	0
90.0	0
89.0	0
15.0	1
76.0	1
90.0	0
89.0	0
90.0	0
89.0	1
91.0	0
89.0	0
90.0	0
90.0	0
91.0	0
90.0	0
81.0	1
90.0	0
91.0	0
91.0	0
89.0	0
90.0	0
89.0	0
90.0	0
91.0	0
86.0	1
90.0	0
86.0	2
88.0	1
90.0	0
89.0	0
78.0	1
90.0	0
20.0	1
88.0	0
87.0	0
87.0	0
87.0	0
73.0	1
88.0	0
87.0	0
86.0	1
84.0	3
82.0	1
65.0	4
75.0	3
57.0	6
30.0	14
26.0	27
36.0	19
26.0	36
43.0	33
43.0	39
53.0	39
24.0	32
59.0	11
37.0	9
45.0	11
50.0	8
67.0	2
88.0	1
88.0	0
84.0	1
88.0	0
88.0	1
89.0	0
89.0	0
89.0	0
89.0	0
89.0	0
90.0	0
89.0	0
89.0	0
37.0	1
90.0	0
89.0	0
90.0	0
90.0	0
91.0	0
91.0	0
90.0	0
91.0	0
91.0	0
76.0	1
91.0	0
91.0	0
91.0	0
90.0	0
90.0	0
91.0	0
90.0	0
91.0	0
90.0	0
91.0	0
91.0	0
93.0	0
93.0	0
93.0	0
93.0	0
91.0	0
91.0	0
90.0	0
91.0	0
91.0	0
39.0	1
66.0	1
90.0	0
89.0	0
87.0	0
87.0	0
87.0	0
86.0	0
86.0	0
87.0	0
87.0	0
81.0	2
68.0	2
48.0	4
57.0	9
56.0	16
50.0	26
47.0	35
56.0	41
