SA_diff	pop
154.0	0
94.0	1
155.0	0
154.0	0
154.0	0
155.0	0
156.0	0
157.0	0
157.0	0
157.0	0
158.0	0
158.0	0
160.0	0
159.0	0
160.0	0
160.0	0
161.0	0
162.0	0
161.0	0
163.0	0
162.0	0
162.0	0
162.0	0
163.0	0
162.0	0
162.0	0
161.0	0
161.0	0
161.0	0
160.0	0
161.0	0
160.0	0
160.0	0
159.0	0
158.0	0
158.0	0
157.0	0
157.0	0
157.0	0
155.0	0
155.0	0
155.0	0
155.0	0
155.0	0
154.0	0
153.0	0
153.0	0
154.0	0
153.0	0
154.0	0
153.0	0
152.0	0
152.0	0
151.0	0
152.0	0
151.0	0
152.0	0
150.0	0
149.0	0
149.0	0
150.0	0
151.0	0
151.0	0
133.0	1
152.0	0
103.0	1
152.0	0
128.0	2
140.0	2
137.0	1
154.0	0
155.0	0
95.0	2
93.0	1
150.0	1
154.0	0
156.0	0
157.0	0
157.0	0
157.0	0
157.0	0
159.0	0
158.0	0
158.0	0
159.0	0
158.0	0
159.0	0
159.0	0
160.0	0
160.0	0
160.0	0
160.0	0
160.0	0
161.0	0
161.0	0
161.0	0
160.0	0
161.0	0
160.0	0
161.0	0
161.0	0
161.0	0
161.0	0
159.0	0
158.0	0
159.0	0
157.0	0
159.0	0
158.0	0
157.0	0
157.0	0
155.0	0
155.0	0
153.0	0
153.0	0
152.0	0
153.0	0
153.0	0
152.0	0
151.0	0
151.0	0
150.0	0
152.0	0
150.0	0
150.0	0
149.0	0
150.0	0
149.0	0
149.0	0
149.0	0
149.0	0
150.0	0
149.0	0
150.0	0
150.0	0
144.0	1
104.0	1
119.0	4
144.0	1
119.0	2
94.0	4
73.0	3
127.0	1
62.0	2
97.0	3
156.0	0
154.0	1
156.0	0
157.0	0
157.0	0
159.0	0
159.0	0
159.0	0
159.0	0
160.0	0
159.0	0
159.0	0
160.0	0
159.0	0
160.0	0
161.0	0
161.0	0
161.0	0
161.0	0
162.0	0
163.0	0
163.0	0
163.0	0
162.0	0
162.0	0
162.0	0
161.0	0
163.0	0
161.0	0
160.0	0
161.0	0
160.0	0
159.0	0
159.0	0
159.0	0
159.0	0
39.0	1
158.0	0
156.0	0
156.0	0
155.0	0
155.0	0
155.0	0
153.0	0
153.0	0
152.0	0
152.0	0
152.0	0
152.0	0
151.0	0
151.0	0
151.0	0
150.0	0
151.0	0
152.0	0
151.0	0
151.0	0
151.0	0
151.0	0
151.0	0
151.0	0
152.0	0
151.0	0
136.0	3
134.0	1
131.0	3
86.0	10
70.0	11
62.0	5
146.0	1
70.0	4
107.0	5
94.0	7
156.0	0
109.0	1
156.0	0
157.0	0
157.0	0
158.0	0
158.0	0
159.0	0
160.0	0
160.0	0
161.0	0
160.0	0
160.0	0
161.0	0
161.0	0
161.0	0
161.0	0
161.0	0
161.0	0
162.0	0
161.0	0
161.0	0
162.0	0
162.0	0
162.0	0
161.0	0
161.0	0
161.0	0
160.0	0
161.0	0
160.0	0
160.0	0
159.0	0
158.0	0
159.0	0
158.0	0
157.0	0
156.0	0
14.0	1
154.0	0
154.0	0
155.0	0
152.0	0
152.0	0
152.0	0
151.0	0
150.0	0
151.0	0
151.0	0
150.0	0
151.0	0
150.0	0
149.0	0
150.0	0
150.0	0
150.0	0
150.0	0
150.0	0
151.0	0
106.0	2
139.0	1
87.0	2
105.0	5
76.0	15
71.0	19
56.0	25
38.0	12
62.0	9
97.0	13
78.0	8
66.0	16
95.0	15
64.0	5
107.0	3
157.0	1
157.0	0
158.0	0
158.0	0
158.0	0
161.0	0
160.0	0
161.0	0
161.0	0
159.0	0
160.0	0
160.0	0
161.0	0
161.0	0
162.0	0
161.0	0
162.0	0
162.0	0
162.0	0
162.0	0
162.0	0
161.0	0
162.0	0
161.0	0
160.0	0
160.0	0
160.0	0
160.0	0
159.0	0
160.0	0
158.0	0
158.0	0
157.0	0
157.0	0
157.0	0
156.0	0
155.0	0
155.0	0
154.0	0
154.0	0
153.0	0
152.0	0
153.0	0
153.0	0
152.0	0
151.0	0
150.0	0
150.0	0
150.0	0
150.0	0
150.0	0
149.0	0
150.0	0
87.0	1
131.0	1
149.0	1
150.0	0
151.0	0
143.0	2
89.0	5
58.0	13
101.0	15
81.0	36
60.0	28
57.0	22
87.0	17
63.0	16
73.0	26
99.0	17
94.0	21
93.0	11
114.0	4
79.0	2
119.0	3
157.0	0
157.0	0
158.0	0
158.0	0
158.0	0
158.0	0
157.0	0
159.0	0
159.0	0
160.0	0
159.0	0
160.0	0
140.0	1
162.0	0
162.0	0
162.0	0
161.0	0
162.0	0
162.0	0
162.0	0
163.0	0
163.0	0
160.0	0
35.0	1
160.0	0
61.0	1
160.0	0
159.0	0
84.0	1
159.0	0
157.0	0
156.0	0
156.0	0
155.0	0
154.0	0
154.0	0
146.0	1
153.0	0
94.0	1
152.0	0
152.0	0
151.0	0
106.0	1
151.0	0
150.0	0
150.0	0
78.0	1
149.0	0
149.0	0
150.0	0
150.0	0
150.0	0
151.0	0
62.0	1
151.0	0
88.0	3
108.0	4
81.0	7
62.0	21
76.0	29
63.0	48
58.0	39
20.0	36
64.0	27
79.0	17
89.0	17
95.0	11
130.0	11
91.0	16
89.0	2
89.0	4
157.0	0
156.0	0
156.0	0
157.0	0
158.0	0
158.0	0
158.0	0
159.0	0
159.0	0
159.0	0
160.0	0
159.0	0
160.0	0
161.0	0
161.0	0
161.0	0
72.0	1
162.0	0
162.0	0
161.0	0
162.0	0
162.0	0
161.0	0
160.0	0
161.0	0
160.0	0
67.0	1
160.0	0
159.0	0
95.0	1
158.0	0
157.0	1
64.0	1
155.0	0
155.0	0
155.0	0
154.0	0
153.0	1
154.0	0
153.0	0
153.0	0
152.0	0
152.0	0
132.0	1
150.0	0
121.0	2
151.0	0
33.0	1
108.0	1
149.0	0
150.0	0
104.0	2
33.0	3
85.0	1
35.0	2
124.0	2
24.0	6
41.0	14
78.0	20
46.0	32
39.0	47
39.0	51
67.0	38
47.0	44
23.0	43
62.0	25
65.0	24
55.0	27
50.0	18
107.0	11
89.0	6
126.0	1
145.0	1
56.0	2
158.0	0
159.0	0
160.0	0
159.0	0
161.0	0
161.0	0
160.0	0
161.0	0
161.0	0
161.0	0
161.0	0
161.0	0
162.0	0
162.0	0
162.0	0
161.0	0
162.0	0
161.0	0
162.0	0
161.0	0
161.0	0
160.0	0
161.0	0
47.0	2
160.0	0
50.0	2
160.0	0
160.0	0
70.0	2
158.0	1
158.0	0
89.0	2
62.0	1
65.0	1
80.0	2
155.0	0
156.0	0
80.0	2
155.0	0
154.0	0
45.0	1
154.0	0
154.0	0
143.0	1
61.0	1
151.0	0
102.0	1
100.0	1
50.0	2
48.0	2
96.0	4
51.0	3
52.0	4
66.0	10
23.0	19
51.0	28
49.0	47
65.0	47
40.0	56
35.0	64
34.0	70
21.0	90
49.0	55
54.0	50
45.0	31
82.0	21
81.0	10
48.0	8
82.0	5
130.0	2
157.0	0
158.0	0
158.0	0
158.0	0
160.0	0
160.0	0
159.0	0
159.0	0
160.0	0
82.0	1
93.0	1
160.0	0
160.0	0
161.0	0
161.0	0
161.0	0
161.0	0
161.0	0
57.0	1
34.0	1
162.0	0
108.0	1
161.0	1
161.0	0
160.0	0
43.0	4
45.0	4
161.0	0
47.0	6
37.0	3
27.0	8
116.0	2
65.0	4
32.0	5
53.0	5
96.0	3
50.0	2
16.0	3
157.0	0
155.0	1
69.0	2
57.0	1
84.0	2
67.0	1
19.0	4
62.0	6
102.0	3
2.0	5
85.0	4
115.0	2
50.0	3
74.0	5
77.0	3
10.0	8
67.0	22
39.0	24
28.0	48
31.0	78
34.0	67
27.0	75
40.0	79
33.0	85
26.0	108
37.0	144
39.0	115
37.0	65
49.0	40
73.0	22
35.0	21
72.0	8
82.0	5
121.0	1
156.0	0
155.0	0
156.0	0
122.0	1
157.0	0
93.0	1
157.0	1
159.0	0
158.0	0
139.0	2
159.0	0
157.0	1
116.0	3
160.0	1
77.0	2
158.0	1
67.0	1
162.0	0
58.0	1
51.0	1
116.0	1
110.0	3
121.0	2
47.0	1
89.0	2
64.0	2
51.0	7
56.0	8
36.0	9
57.0	10
56.0	10
13.0	12
100.0	4
26.0	5
18.0	10
90.0	6
33.0	6
43.0	6
157.0	0
80.0	4
111.0	2
155.0	0
138.0	3
59.0	7
82.0	7
17.0	11
35.0	4
93.0	4
36.0	7
45.0	8
73.0	4
73.0	8
38.0	8
67.0	14
35.0	23
25.0	54
41.0	85
16.0	116
28.0	117
50.0	71
29.0	100
33.0	125
30.0	176
13.0	155
27.0	96
24.0	98
34.0	60
68.0	18
78.0	16
83.0	7
110.0	1
155.0	0
59.0	2
101.0	1
155.0	0
156.0	0
157.0	0
158.0	0
157.0	0
157.0	0
119.0	1
158.0	0
159.0	0
64.0	3
54.0	1
82.0	2
158.0	1
96.0	1
78.0	2
63.0	2
53.0	2
83.0	2
90.0	3
153.0	1
42.0	7
35.0	2
39.0	5
50.0	9
38.0	21
30.0	29
62.0	15
67.0	21
19.0	16
22.0	27
19.0	28
25.0	19
36.0	18
34.0	11
16.0	4
43.0	4
30.0	7
115.0	3
100.0	2
154.0	0
108.0	4
36.0	5
51.0	7
91.0	5
45.0	7
35.0	7
55.0	7
52.0	6
88.0	3
39.0	10
58.0	14
16.0	12
29.0	40
43.0	66
23.0	120
29.0	163
39.0	122
15.0	85
26.0	96
34.0	122
6.0	164
18.0	136
26.0	98
35.0	60
64.0	59
58.0	19
117.0	8
65.0	4
99.0	2
155.0	0
154.0	0
156.0	0
157.0	0
70.0	1
80.0	1
159.0	0
89.0	2
159.0	0
42.0	3
162.0	0
132.0	2
60.0	2
146.0	2
124.0	2
41.0	3
43.0	3
130.0	3
112.0	2
101.0	2
105.0	6
106.0	2
20.0	4
50.0	5
46.0	9
51.0	12
44.0	18
20.0	11
29.0	38
39.0	29
28.0	36
30.0	32
11.0	36
16.0	39
36.0	26
29.0	18
45.0	17
41.0	12
18.0	12
49.0	10
80.0	3
121.0	1
12.0	4
42.0	2
63.0	3
13.0	6
32.0	8
38.0	4
72.0	4
150.0	1
137.0	2
75.0	5
25.0	4
43.0	12
8.0	31
42.0	48
36.0	89
25.0	145
11.0	153
32.0	119
15.0	94
16.0	75
24.0	89
20.0	141
21.0	92
28.0	75
51.0	50
70.0	30
73.0	7
77.0	18
71.0	7
89.0	2
154.0	2
155.0	0
117.0	2
158.0	0
149.0	1
152.0	1
159.0	0
144.0	2
158.0	0
150.0	1
112.0	3
105.0	1
89.0	2
160.0	1
88.0	1
94.0	5
26.0	5
161.0	1
75.0	2
121.0	4
37.0	1
63.0	5
32.0	7
50.0	6
66.0	5
29.0	10
42.0	18
31.0	30
28.0	43
27.0	46
25.0	40
18.0	43
15.0	51
13.0	33
8.0	38
28.0	43
12.0	23
11.0	14
13.0	10
103.0	2
129.0	2
158.0	0
157.0	0
137.0	1
156.0	0
156.0	0
155.0	0
33.0	2
97.0	4
69.0	6
84.0	4
79.0	7
70.0	8
64.0	16
29.0	27
5.0	60
14.0	122
9.0	145
23.0	163
40.0	106
49.0	63
20.0	78
22.0	63
10.0	71
31.0	68
36.0	62
69.0	26
57.0	25
122.0	7
53.0	7
88.0	3
102.0	2
153.0	1
157.0	0
156.0	1
83.0	1
140.0	1
158.0	0
158.0	0
158.0	1
155.0	1
158.0	0
158.0	0
158.0	0
160.0	0
55.0	4
139.0	3
69.0	5
16.0	4
159.0	1
159.0	1
161.0	0
53.0	8
67.0	6
72.0	7
33.0	10
75.0	7
60.0	11
63.0	16
25.0	34
6.0	44
18.0	50
18.0	39
0.0	48
25.0	60
21.0	33
22.0	39
43.0	29
9.0	17
52.0	10
38.0	5
159.0	1
158.0	0
158.0	0
159.0	0
158.0	0
149.0	1
156.0	0
0.0	2
155.0	0
155.0	0
154.0	0
64.0	9
56.0	2
19.0	17
69.0	22
61.0	30
12.0	62
21.0	105
30.0	150
26.0	124
16.0	90
51.0	54
52.0	43
32.0	60
38.0	58
16.0	54
29.0	55
72.0	39
57.0	24
96.0	8
87.0	5
138.0	6
90.0	2
153.0	1
115.0	1
157.0	0
157.0	0
158.0	0
158.0	0
159.0	0
159.0	0
158.0	0
130.0	2
155.0	1
160.0	0
95.0	1
160.0	0
92.0	1
58.0	3
161.0	0
162.0	0
89.0	4
43.0	6
47.0	5
46.0	3
62.0	7
42.0	3
32.0	8
28.0	5
34.0	16
46.0	44
35.0	60
29.0	47
17.0	40
18.0	47
16.0	65
24.0	52
32.0	38
10.0	31
24.0	16
17.0	5
82.0	6
156.0	1
159.0	0
160.0	0
18.0	1
112.0	1
159.0	0
157.0	0
157.0	0
109.0	1
81.0	1
155.0	0
155.0	0
30.0	5
116.0	8
65.0	14
30.0	38
10.0	53
26.0	114
5.0	112
22.0	106
17.0	88
31.0	45
21.0	36
55.0	37
53.0	47
45.0	45
29.0	46
54.0	31
65.0	20
58.0	7
33.0	8
97.0	3
155.0	1
147.0	1
103.0	1
156.0	0
158.0	0
158.0	0
158.0	0
159.0	0
158.0	0
158.0	1
160.0	0
160.0	0
85.0	1
128.0	2
46.0	1
86.0	2
162.0	0
69.0	2
162.0	1
162.0	0
74.0	2
92.0	2
62.0	3
39.0	10
46.0	7
40.0	9
37.0	12
31.0	24
25.0	31
33.0	54
17.0	70
19.0	49
17.0	65
20.0	65
22.0	61
20.0	51
42.0	21
20.0	16
111.0	7
9.0	3
135.0	1
162.0	1
160.0	0
159.0	0
160.0	0
110.0	1
159.0	0
158.0	0
76.0	1
158.0	0
113.0	1
83.0	2
93.0	3
22.0	13
21.0	15
34.0	34
24.0	56
35.0	82
23.0	97
18.0	78
6.0	39
44.0	27
46.0	27
52.0	32
77.0	31
35.0	43
39.0	40
72.0	21
89.0	19
54.0	10
104.0	5
127.0	1
37.0	3
156.0	0
156.0	0
158.0	0
159.0	0
158.0	0
158.0	0
159.0	0
160.0	0
105.0	1
160.0	0
161.0	0
160.0	0
160.0	0
160.0	0
160.0	0
78.0	1
105.0	1
116.0	2
87.0	1
135.0	2
107.0	1
44.0	8
59.0	8
29.0	7
39.0	10
44.0	13
35.0	19
43.0	45
24.0	61
17.0	51
10.0	53
19.0	57
8.0	90
21.0	61
22.0	31
78.0	16
53.0	7
14.0	4
14.0	6
161.0	1
161.0	1
161.0	0
160.0	0
15.0	2
18.0	1
158.0	0
114.0	1
158.0	0
152.0	1
157.0	0
83.0	2
54.0	2
52.0	5
9.0	17
35.0	26
40.0	46
29.0	69
44.0	59
19.0	64
44.0	45
31.0	23
38.0	30
43.0	30
55.0	38
39.0	45
34.0	48
22.0	30
71.0	12
82.0	10
80.0	4
104.0	3
140.0	1
157.0	0
157.0	0
159.0	0
159.0	0
159.0	0
159.0	0
159.0	0
161.0	0
161.0	0
160.0	0
161.0	0
140.0	1
160.0	0
161.0	0
47.0	1
161.0	0
161.0	0
79.0	2
156.0	1
152.0	2
47.0	2
52.0	5
47.0	7
46.0	10
38.0	14
43.0	26
21.0	26
45.0	36
26.0	60
9.0	49
23.0	64
22.0	96
23.0	88
9.0	38
15.0	18
50.0	5
132.0	3
42.0	1
163.0	0
105.0	2
161.0	0
162.0	1
162.0	0
75.0	1
160.0	0
12.0	1
159.0	0
159.0	0
158.0	0
158.0	0
59.0	2
30.0	6
85.0	3
11.0	12
24.0	30
44.0	43
17.0	63
21.0	66
13.0	48
29.0	42
31.0	31
21.0	23
29.0	23
49.0	27
75.0	48
68.0	42
71.0	32
67.0	15
84.0	8
128.0	2
107.0	1
154.0	0
145.0	1
156.0	0
157.0	0
157.0	0
158.0	0
159.0	0
159.0	0
159.0	0
158.0	0
158.0	0
159.0	0
159.0	0
159.0	0
160.0	0
159.0	0
160.0	0
160.0	0
160.0	0
95.0	1
161.0	0
60.0	4
29.0	7
43.0	9
9.0	22
23.0	18
43.0	25
30.0	25
41.0	48
17.0	49
8.0	65
26.0	98
22.0	75
25.0	71
10.0	35
33.0	9
113.0	2
164.0	0
163.0	0
162.0	0
163.0	0
60.0	2
116.0	1
126.0	2
162.0	0
89.0	5
48.0	3
155.0	2
81.0	2
11.0	3
29.0	5
157.0	0
86.0	5
65.0	3
40.0	15
40.0	26
25.0	44
10.0	70
16.0	56
48.0	61
62.0	44
37.0	15
26.0	26
11.0	39
36.0	39
42.0	61
75.0	54
76.0	29
73.0	17
96.0	3
85.0	4
154.0	2
70.0	1
157.0	0
125.0	1
158.0	0
159.0	0
158.0	0
158.0	0
159.0	0
160.0	0
159.0	0
159.0	0
161.0	0
160.0	0
159.0	0
161.0	0
161.0	0
161.0	0
161.0	1
83.0	1
162.0	0
162.0	0
162.0	0
46.0	5
48.0	20
27.0	29
18.0	21
58.0	24
11.0	24
35.0	55
35.0	55
34.0	79
23.0	86
30.0	73
12.0	38
43.0	16
165.0	2
35.0	5
165.0	0
165.0	0
165.0	0
163.0	0
132.0	1
137.0	3
106.0	1
58.0	2
56.0	3
145.0	2
13.0	4
110.0	3
111.0	4
60.0	2
75.0	3
115.0	4
35.0	4
33.0	12
51.0	15
17.0	33
28.0	58
23.0	55
19.0	62
11.0	44
56.0	26
47.0	16
55.0	34
43.0	45
52.0	94
37.0	91
29.0	53
64.0	19
82.0	8
155.0	1
114.0	1
156.0	0
158.0	0
158.0	0
157.0	0
158.0	0
159.0	0
158.0	0
160.0	0
161.0	0
160.0	0
160.0	0
160.0	0
161.0	0
161.0	0
161.0	0
161.0	0
161.0	0
162.0	0
162.0	0
162.0	0
151.0	1
156.0	3
31.0	12
25.0	21
42.0	34
38.0	45
39.0	53
27.0	49
43.0	53
23.0	68
27.0	87
35.0	85
13.0	54
29.0	26
73.0	8
150.0	1
166.0	0
166.0	0
70.0	1
165.0	0
164.0	0
164.0	0
165.0	0
160.0	1
13.0	1
88.0	1
160.0	1
74.0	2
51.0	3
134.0	2
159.0	0
53.0	2
122.0	1
157.0	0
13.0	9
43.0	12
45.0	15
28.0	42
4.0	57
13.0	64
16.0	38
26.0	34
31.0	26
12.0	37
50.0	51
55.0	89
55.0	93
41.0	51
63.0	17
79.0	2
142.0	1
155.0	0
155.0	0
157.0	0
158.0	0
158.0	0
158.0	0
158.0	0
160.0	0
160.0	0
160.0	0
159.0	0
160.0	0
160.0	0
161.0	0
160.0	0
160.0	0
160.0	0
162.0	0
162.0	0
162.0	0
96.0	1
140.0	1
77.0	3
41.0	12
27.0	55
18.0	117
17.0	132
40.0	104
13.0	80
20.0	93
14.0	84
27.0	102
18.0	77
25.0	26
36.0	14
82.0	1
168.0	0
168.0	0
164.0	1
166.0	0
166.0	0
165.0	0
165.0	0
165.0	0
165.0	0
165.0	0
163.0	0
74.0	2
70.0	1
152.0	1
160.0	0
160.0	0
159.0	0
117.0	1
158.0	1
35.0	5
60.0	6
25.0	22
13.0	38
22.0	52
11.0	62
14.0	48
17.0	37
15.0	46
49.0	50
40.0	73
17.0	103
37.0	114
75.0	32
63.0	5
153.0	0
153.0	1
155.0	0
156.0	0
156.0	0
155.0	0
156.0	0
157.0	0
157.0	0
157.0	0
157.0	0
157.0	0
158.0	0
157.0	0
158.0	0
158.0	0
159.0	0
159.0	0
160.0	0
160.0	0
161.0	0
162.0	0
163.0	0
60.0	2
82.0	5
55.0	40
43.0	192
16.0	523
8.0	418
19.0	216
19.0	138
11.0	106
19.0	116
32.0	116
25.0	53
49.0	18
27.0	2
98.0	3
20.0	1
167.0	0
167.0	0
167.0	0
167.0	0
167.0	0
166.0	0
165.0	0
165.0	0
164.0	0
164.0	0
162.0	0
162.0	0
163.0	0
160.0	0
160.0	0
159.0	0
159.0	1
159.0	0
156.0	1
104.0	2
63.0	10
23.0	30
30.0	52
22.0	77
18.0	51
27.0	27
25.0	44
46.0	57
51.0	64
37.0	86
43.0	55
18.0	13
117.0	6
155.0	0
154.0	0
155.0	0
156.0	0
156.0	0
157.0	0
157.0	0
158.0	0
158.0	0
158.0	0
158.0	0
159.0	0
159.0	0
159.0	0
159.0	0
159.0	0
159.0	0
160.0	0
161.0	0
162.0	0
163.0	0
164.0	0
46.0	1
164.0	1
72.0	4
32.0	76
32.0	616
12.0	1173
12.0	492
35.0	192
6.0	132
24.0	85
24.0	89
19.0	33
48.0	8
170.0	0
169.0	0
170.0	0
169.0	0
170.0	0
170.0	0
168.0	0
169.0	0
168.0	0
167.0	0
167.0	0
166.0	0
166.0	0
165.0	0
163.0	0
163.0	0
163.0	0
20.0	1
161.0	0
161.0	0
161.0	0
160.0	0
160.0	0
11.0	1
12.0	9
14.0	22
25.0	51
11.0	78
20.0	59
15.0	58
8.0	33
62.0	29
63.0	30
59.0	42
61.0	18
89.0	5
154.0	0
155.0	0
156.0	0
155.0	0
155.0	0
157.0	0
157.0	0
157.0	0
158.0	0
157.0	0
158.0	0
159.0	0
159.0	0
159.0	0
159.0	0
160.0	0
160.0	0
161.0	0
162.0	0
162.0	0
163.0	0
163.0	0
164.0	0
165.0	0
58.0	3
72.0	4
31.0	77
33.0	562
37.0	704
15.0	239
18.0	101
11.0	76
25.0	45
8.0	14
87.0	3
40.0	1
170.0	0
171.0	0
171.0	0
170.0	0
170.0	0
74.0	1
171.0	0
171.0	0
168.0	0
170.0	0
169.0	0
168.0	0
167.0	0
167.0	0
166.0	0
165.0	0
165.0	0
163.0	0
163.0	0
161.0	0
160.0	0
160.0	0
160.0	0
111.0	2
14.0	4
10.0	26
13.0	47
9.0	79
22.0	73
11.0	41
60.0	24
33.0	11
64.0	9
73.0	6
68.0	1
98.0	1
154.0	0
155.0	0
155.0	0
156.0	0
156.0	0
156.0	0
157.0	0
158.0	0
157.0	0
158.0	0
158.0	0
158.0	0
160.0	0
159.0	0
160.0	0
160.0	0
159.0	0
160.0	0
161.0	0
161.0	0
163.0	0
163.0	0
164.0	0
50.0	1
136.0	2
90.0	4
60.0	42
42.0	162
10.0	167
47.0	81
42.0	39
10.0	10
55.0	3
106.0	1
171.0	0
171.0	0
171.0	0
49.0	1
171.0	0
170.0	0
170.0	0
171.0	0
171.0	0
170.0	0
170.0	0
170.0	0
169.0	0
169.0	0
168.0	0
167.0	0
166.0	0
165.0	0
165.0	0
163.0	0
163.0	0
160.0	0
161.0	0
161.0	0
160.0	0
63.0	1
36.0	7
32.0	11
7.0	37
8.0	65
34.0	40
40.0	14
152.0	2
106.0	4
40.0	2
154.0	0
129.0	1
155.0	0
154.0	0
155.0	0
155.0	0
155.0	0
155.0	0
155.0	0
156.0	0
156.0	0
156.0	0
157.0	0
157.0	0
158.0	0
158.0	0
158.0	0
160.0	0
160.0	0
160.0	0
160.0	0
162.0	0
162.0	0
164.0	0
165.0	0
67.0	1
166.0	0
167.0	0
68.0	6
54.0	17
39.0	40
29.0	42
69.0	17
89.0	7
81.0	3
75.0	1
172.0	0
107.0	1
173.0	0
172.0	0
173.0	0
172.0	0
172.0	0
171.0	0
172.0	0
171.0	0
170.0	0
170.0	0
170.0	0
168.0	0
168.0	0
166.0	0
166.0	0
166.0	0
165.0	0
164.0	0
162.0	0
162.0	0
161.0	0
160.0	0
160.0	0
84.0	1
159.0	0
39.0	4
86.0	4
17.0	13
11.0	26
8.0	11
62.0	6
118.0	1
74.0	1
154.0	0
154.0	0
153.0	0
153.0	0
155.0	0
154.0	0
155.0	0
155.0	0
155.0	0
156.0	0
156.0	0
159.0	0
158.0	0
158.0	0
159.0	0
160.0	0
160.0	0
160.0	0
160.0	0
160.0	0
161.0	0
162.0	0
163.0	0
164.0	0
164.0	0
165.0	0
167.0	0
168.0	0
71.0	2
14.0	2
48.0	7
37.0	18
43.0	9
172.0	0
71.0	1
70.0	1
173.0	0
173.0	0
174.0	0
174.0	0
175.0	0
174.0	0
175.0	0
174.0	0
174.0	0
174.0	0
173.0	0
173.0	0
172.0	0
171.0	0
170.0	0
170.0	0
168.0	0
166.0	0
166.0	0
166.0	0
164.0	0
163.0	0
163.0	0
162.0	0
161.0	0
159.0	0
29.0	1
158.0	0
158.0	1
14.0	4
12.0	8
43.0	8
155.0	0
154.0	1
155.0	0
156.0	0
156.0	0
155.0	0
155.0	0
154.0	0
153.0	0
155.0	0
156.0	0
155.0	0
156.0	0
156.0	0
156.0	0
157.0	0
157.0	0
158.0	0
159.0	0
160.0	0
160.0	0
160.0	0
161.0	0
161.0	0
162.0	0
163.0	0
164.0	0
166.0	0
166.0	0
167.0	0
168.0	0
169.0	0
137.0	2
146.0	1
67.0	2
61.0	2
63.0	3
173.0	0
173.0	0
173.0	0
174.0	0
175.0	0
175.0	0
175.0	0
175.0	0
175.0	0
175.0	0
174.0	0
175.0	0
174.0	0
173.0	0
172.0	0
172.0	0
172.0	0
171.0	0
171.0	0
169.0	0
169.0	0
168.0	0
165.0	0
165.0	0
165.0	0
164.0	0
163.0	0
162.0	0
161.0	0
160.0	0
160.0	0
112.0	3
88.0	2
8.0	4
55.0	1
118.0	1
157.0	0
157.0	0
157.0	0
158.0	0
157.0	0
155.0	0
154.0	0
155.0	0
154.0	0
154.0	0
156.0	0
156.0	0
156.0	0
156.0	0
157.0	0
157.0	0
157.0	0
157.0	0
159.0	0
159.0	0
159.0	0
161.0	0
161.0	0
161.0	0
162.0	0
163.0	0
165.0	0
166.0	0
168.0	0
169.0	0
169.0	0
170.0	0
171.0	0
172.0	0
172.0	0
173.0	0
101.0	1
175.0	0
174.0	0
175.0	0
175.0	0
176.0	0
176.0	0
176.0	0
176.0	0
175.0	0
175.0	0
175.0	0
175.0	0
174.0	0
174.0	0
172.0	0
172.0	0
171.0	0
170.0	0
169.0	0
168.0	0
166.0	0
165.0	0
165.0	0
163.0	0
163.0	0
161.0	0
161.0	0
160.0	0
160.0	0
159.0	0
158.0	0
158.0	0
158.0	0
158.0	0
158.0	0
157.0	0
156.0	0
155.0	0
154.0	0
155.0	0
154.0	0
154.0	0
154.0	0
154.0	0
154.0	0
154.0	0
155.0	0
156.0	0
155.0	0
157.0	0
158.0	0
158.0	0
160.0	0
159.0	0
158.0	0
158.0	0
161.0	0
162.0	0
163.0	0
164.0	0
166.0	0
167.0	0
168.0	0
169.0	0
170.0	0
172.0	0
172.0	0
173.0	0
174.0	0
174.0	0
174.0	0
175.0	0
175.0	0
176.0	0
177.0	0
177.0	0
177.0	0
177.0	0
177.0	0
177.0	0
177.0	0
177.0	0
174.0	0
175.0	0
174.0	0
173.0	0
172.0	0
172.0	0
171.0	0
170.0	0
169.0	0
168.0	0
167.0	0
166.0	0
165.0	0
164.0	0
163.0	0
163.0	0
163.0	0
162.0	0
161.0	0
160.0	0
159.0	0
158.0	0
158.0	0
157.0	0
158.0	0
156.0	0
156.0	0
155.0	0
148.0	1
155.0	0
154.0	0
154.0	0
154.0	0
154.0	0
155.0	0
153.0	0
154.0	0
155.0	0
157.0	0
157.0	0
156.0	0
157.0	0
158.0	0
159.0	0
160.0	0
160.0	0
161.0	0
163.0	0
164.0	0
165.0	0
166.0	0
167.0	0
169.0	0
170.0	0
172.0	0
172.0	0
173.0	0
175.0	0
175.0	0
174.0	0
176.0	0
176.0	0
176.0	0
177.0	0
177.0	0
177.0	0
178.0	0
178.0	0
177.0	0
178.0	0
178.0	0
177.0	0
177.0	0
176.0	0
174.0	0
174.0	0
173.0	0
172.0	0
172.0	0
170.0	0
169.0	0
168.0	0
167.0	0
70.0	1
166.0	0
164.0	0
163.0	0
162.0	0
163.0	0
161.0	0
160.0	0
159.0	0
159.0	0
158.0	0
158.0	0
158.0	0
158.0	0
156.0	0
155.0	0
154.0	0
154.0	0
154.0	0
154.0	0
154.0	0
154.0	0
155.0	0
154.0	0
155.0	0
154.0	0
155.0	0
157.0	0
157.0	0
159.0	0
159.0	0
160.0	0
161.0	0
162.0	0
163.0	0
163.0	0
165.0	0
166.0	0
166.0	0
169.0	0
170.0	0
171.0	0
171.0	0
172.0	0
173.0	0
174.0	0
174.0	0
174.0	0
174.0	0
175.0	0
176.0	0
177.0	0
178.0	0
177.0	0
178.0	0
177.0	0
178.0	0
177.0	0
177.0	0
177.0	0
177.0	0
177.0	0
175.0	0
175.0	0
175.0	0
172.0	0
171.0	0
171.0	0
170.0	0
168.0	0
168.0	0
167.0	0
166.0	0
164.0	0
163.0	0
163.0	0
163.0	0
161.0	0
161.0	0
160.0	0
159.0	0
158.0	0
157.0	0
157.0	0
156.0	0
156.0	0
155.0	0
155.0	0
154.0	0
153.0	0
153.0	0
153.0	0
155.0	0
155.0	0
155.0	0
155.0	0
155.0	0
156.0	0
155.0	0
156.0	0
158.0	0
159.0	0
159.0	0
160.0	0
161.0	0
162.0	0
163.0	0
165.0	0
166.0	0
166.0	0
167.0	0
168.0	0
170.0	0
171.0	0
171.0	0
172.0	0
174.0	0
174.0	0
174.0	0
174.0	0
176.0	0
176.0	0
176.0	0
176.0	0
178.0	0
178.0	0
178.0	0
177.0	0
177.0	0
177.0	0
176.0	0
176.0	0
176.0	0
175.0	0
174.0	0
173.0	0
173.0	0
172.0	0
171.0	0
170.0	0
168.0	0
168.0	0
167.0	0
167.0	0
166.0	0
164.0	0
163.0	0
163.0	0
162.0	0
161.0	0
160.0	0
159.0	0
158.0	0
157.0	0
157.0	0
157.0	0
155.0	0
155.0	0
154.0	0
153.0	0
153.0	0
153.0	0
153.0	0
152.0	0
153.0	0
154.0	0
154.0	0
155.0	0
154.0	0
156.0	0
157.0	0
158.0	0
158.0	0
159.0	0
161.0	0
161.0	0
162.0	0
162.0	0
164.0	0
166.0	0
167.0	0
168.0	0
168.0	0
169.0	0
171.0	0
171.0	0
173.0	0
172.0	0
173.0	0
173.0	0
174.0	0
175.0	0
176.0	0
176.0	0
177.0	0
177.0	0
178.0	0
179.0	0
179.0	0
179.0	0
180.0	0
178.0	0
178.0	0
178.0	0
175.0	0
176.0	0
175.0	0
175.0	0
175.0	0
172.0	0
171.0	0
170.0	0
170.0	0
167.0	0
167.0	0
165.0	0
164.0	0
163.0	0
163.0	0
161.0	0
160.0	0
159.0	0
159.0	0
158.0	0
158.0	0
157.0	0
155.0	0
155.0	0
154.0	0
153.0	0
154.0	0
153.0	0
153.0	0
152.0	0
153.0	0
153.0	0
153.0	0
154.0	0
154.0	0
154.0	0
155.0	0
156.0	0
158.0	0
159.0	0
159.0	0
160.0	0
161.0	0
163.0	0
163.0	0
164.0	0
165.0	0
165.0	0
167.0	0
168.0	0
169.0	0
170.0	0
172.0	0
173.0	0
173.0	0
173.0	0
175.0	0
175.0	0
176.0	0
176.0	0
178.0	0
178.0	0
178.0	0
178.0	0
178.0	0
179.0	0
179.0	0
180.0	0
179.0	0
179.0	0
178.0	0
178.0	0
177.0	0
176.0	0
174.0	0
174.0	0
173.0	0
171.0	0
171.0	0
169.0	0
169.0	0
167.0	0
167.0	0
165.0	0
163.0	0
163.0	0
162.0	0
161.0	0
160.0	0
159.0	0
160.0	0
158.0	0
157.0	0
156.0	0
156.0	0
155.0	0
155.0	0
154.0	0
153.0	0
153.0	0
154.0	0
153.0	0
153.0	0
154.0	0
153.0	0
154.0	0
156.0	0
157.0	0
157.0	0
159.0	0
161.0	0
159.0	0
162.0	0
163.0	0
163.0	0
164.0	0
165.0	0
167.0	0
167.0	0
169.0	0
169.0	0
171.0	0
172.0	0
172.0	0
173.0	0
174.0	0
176.0	0
175.0	0
176.0	0
176.0	0
178.0	0
178.0	0
178.0	0
178.0	0
179.0	0
180.0	0
180.0	0
180.0	0
180.0	0
179.0	0
180.0	0
181.0	0
179.0	0
179.0	0
179.0	0
177.0	0
176.0	0
175.0	0
174.0	0
172.0	0
172.0	0
170.0	0
170.0	0
168.0	0
166.0	0
165.0	0
164.0	0
164.0	0
162.0	0
162.0	0
161.0	0
159.0	0
159.0	0
158.0	0
158.0	0
157.0	0
157.0	0
155.0	0
155.0	0
155.0	0
155.0	0
155.0	0
154.0	0
154.0	0
155.0	0
154.0	0
155.0	0
156.0	0
155.0	0
157.0	0
157.0	0
158.0	0
159.0	0
158.0	0
161.0	0
163.0	0
163.0	0
164.0	0
165.0	0
167.0	0
168.0	0
169.0	0
169.0	0
170.0	0
170.0	0
172.0	0
173.0	0
175.0	0
175.0	0
177.0	0
177.0	0
177.0	0
178.0	0
179.0	0
180.0	0
181.0	0
180.0	0
180.0	0
180.0	0
180.0	0
180.0	0
180.0	0
180.0	0
179.0	0
179.0	0
178.0	0
178.0	0
177.0	0
176.0	0
174.0	0
173.0	0
172.0	0
170.0	0
170.0	0
169.0	0
168.0	0
167.0	0
166.0	0
165.0	0
163.0	0
163.0	0
161.0	0
161.0	0
159.0	0
159.0	0
158.0	0
158.0	0
157.0	0
155.0	0
155.0	0
155.0	0
154.0	0
154.0	0
154.0	0
154.0	0
154.0	0
155.0	0
154.0	0
155.0	0
155.0	0
157.0	0
157.0	0
157.0	0
158.0	0
160.0	0
162.0	0
162.0	0
162.0	0
164.0	0
165.0	0
166.0	0
166.0	0
167.0	0
168.0	0
169.0	0
172.0	0
172.0	0
173.0	0
174.0	0
175.0	0
176.0	0
177.0	0
178.0	0
177.0	0
180.0	0
180.0	0
181.0	0
182.0	0
181.0	0
181.0	0
181.0	0
181.0	0
181.0	0
182.0	0
181.0	0
180.0	0
181.0	0
180.0	0
180.0	0
179.0	0
177.0	0
175.0	0
175.0	0
173.0	0
172.0	0
170.0	0
169.0	0
168.0	0
167.0	0
167.0	0
166.0	0
165.0	0
163.0	0
161.0	0
160.0	0
160.0	0
159.0	0
158.0	0
157.0	0
157.0	0
156.0	0
156.0	0
155.0	0
154.0	0
154.0	0
155.0	0
155.0	0
156.0	0
155.0	0
156.0	0
156.0	0
156.0	0
156.0	0
156.0	0
157.0	0
156.0	0
158.0	0
160.0	0
161.0	0
162.0	0
164.0	0
165.0	0
165.0	0
168.0	0
168.0	0
169.0	0
170.0	0
171.0	0
172.0	0
173.0	0
174.0	0
175.0	0
176.0	0
176.0	0
177.0	0
178.0	0
179.0	0
179.0	0
179.0	0
179.0	0
180.0	0
180.0	0
180.0	0
180.0	0
180.0	0
180.0	0
180.0	0
181.0	0
178.0	0
177.0	0
177.0	0
176.0	0
175.0	0
174.0	0
173.0	0
171.0	0
170.0	0
170.0	0
169.0	0
167.0	0
166.0	0
165.0	0
163.0	0
163.0	0
160.0	0
159.0	0
159.0	0
158.0	0
158.0	0
156.0	0
154.0	0
154.0	0
154.0	0
153.0	0
97.0	1
154.0	0
154.0	0
154.0	0
155.0	0
155.0	0
155.0	0
155.0	0
155.0	0
155.0	0
156.0	0
156.0	0
158.0	0
160.0	0
160.0	0
160.0	0
162.0	0
163.0	0
165.0	0
167.0	0
167.0	0
168.0	0
169.0	0
169.0	0
171.0	0
172.0	0
174.0	0
175.0	0
175.0	0
175.0	0
177.0	0
177.0	0
178.0	0
178.0	0
179.0	0
179.0	0
180.0	0
180.0	0
180.0	0
181.0	0
180.0	0
181.0	0
180.0	0
180.0	0
180.0	0
179.0	0
179.0	0
177.0	0
176.0	0
175.0	0
174.0	0
173.0	0
172.0	0
171.0	0
169.0	0
168.0	0
167.0	0
165.0	0
164.0	0
162.0	0
162.0	0
1.0	1
160.0	0
159.0	0
158.0	0
157.0	0
156.0	0
156.0	0
154.0	0
153.0	0
153.0	0
153.0	0
154.0	0
153.0	0
154.0	0
155.0	0
156.0	0
156.0	0
155.0	0
156.0	0
156.0	0
156.0	0
157.0	0
157.0	0
158.0	0
158.0	0
159.0	0
160.0	0
163.0	0
163.0	0
163.0	0
165.0	0
166.0	0
168.0	0
168.0	0
169.0	0
170.0	0
171.0	0
173.0	0
174.0	0
175.0	0
175.0	0
177.0	0
178.0	0
178.0	0
178.0	0
179.0	0
180.0	0
181.0	0
182.0	0
181.0	0
181.0	0
181.0	0
181.0	0
181.0	0
180.0	0
179.0	0
179.0	0
179.0	0
177.0	0
177.0	0
175.0	0
174.0	0
173.0	0
171.0	0
170.0	0
168.0	0
169.0	0
167.0	0
166.0	0
143.0	1
164.0	0
163.0	0
161.0	0
89.0	1
160.0	0
159.0	0
157.0	0
157.0	0
155.0	0
154.0	0
154.0	0
154.0	0
154.0	0
155.0	0
154.0	0
155.0	0
156.0	0
156.0	0
157.0	0
157.0	0
157.0	0
156.0	0
156.0	0
157.0	0
158.0	0
157.0	0
158.0	0
160.0	0
162.0	0
164.0	0
164.0	0
165.0	0
165.0	0
167.0	0
168.0	0
169.0	0
84.0	2
171.0	0
172.0	0
173.0	0
174.0	0
175.0	0
177.0	0
177.0	0
177.0	0
178.0	0
178.0	0
179.0	0
180.0	0
180.0	0
180.0	0
180.0	0
180.0	0
180.0	0
180.0	0
180.0	0
179.0	0
179.0	0
178.0	0
179.0	0
178.0	0
177.0	0
174.0	0
174.0	0
172.0	0
171.0	0
171.0	0
168.0	0
167.0	0
167.0	0
166.0	0
164.0	1
163.0	0
161.0	0
160.0	0
159.0	0
158.0	0
157.0	0
156.0	0
155.0	0
154.0	0
155.0	0
155.0	0
155.0	0
155.0	0
155.0	0
155.0	0
155.0	0
156.0	0
156.0	0
157.0	0
157.0	0
157.0	0
156.0	0
157.0	0
156.0	0
158.0	0
158.0	0
160.0	0
159.0	0
162.0	0
162.0	0
162.0	0
165.0	0
167.0	0
68.0	1
169.0	0
170.0	0
166.0	2
172.0	0
172.0	0
173.0	0
174.0	0
175.0	0
176.0	0
177.0	0
178.0	0
177.0	0
178.0	0
178.0	0
178.0	0
179.0	0
180.0	0
179.0	0
181.0	0
180.0	0
181.0	0
179.0	0
179.0	0
179.0	0
176.0	0
177.0	0
176.0	0
175.0	0
174.0	0
172.0	0
171.0	0
170.0	0
169.0	0
167.0	1
158.0	1
138.0	2
163.0	0
162.0	0
94.0	1
160.0	0
160.0	0
159.0	0
157.0	0
156.0	0
155.0	0
155.0	0
123.0	1
154.0	0
153.0	0
155.0	0
155.0	0
155.0	0
155.0	0
156.0	0
156.0	0
156.0	0
157.0	0
157.0	0
157.0	0
156.0	0
156.0	0
157.0	0
158.0	0
159.0	0
160.0	0
161.0	0
162.0	0
163.0	0
164.0	0
165.0	0
167.0	0
168.0	0
170.0	0
171.0	0
167.0	1
172.0	0
172.0	0
173.0	0
174.0	0
176.0	0
176.0	0
177.0	0
178.0	0
178.0	0
178.0	0
178.0	0
178.0	0
179.0	0
179.0	0
178.0	0
179.0	0
178.0	0
178.0	0
178.0	0
176.0	0
176.0	0
176.0	0
175.0	0
175.0	0
173.0	0
173.0	0
171.0	0
170.0	0
168.0	1
168.0	0
166.0	1
165.0	0
163.0	0
155.0	2
50.0	1
33.0	1
159.0	0
144.0	1
158.0	0
157.0	0
156.0	0
155.0	0
154.0	0
155.0	0
154.0	0
155.0	0
155.0	0
156.0	0
156.0	0
156.0	0
156.0	0
156.0	0
157.0	0
156.0	0
157.0	0
157.0	0
156.0	0
157.0	0
158.0	0
158.0	0
158.0	0
160.0	0
160.0	0
161.0	0
161.0	0
163.0	0
164.0	0
162.0	1
166.0	0
168.0	0
168.0	0
169.0	0
169.0	0
172.0	0
172.0	0
173.0	0
174.0	0
175.0	0
176.0	0
177.0	0
178.0	0
178.0	0
177.0	0
178.0	0
179.0	0
180.0	0
178.0	0
178.0	0
179.0	0
179.0	0
178.0	0
176.0	0
177.0	0
176.0	0
174.0	0
174.0	0
171.0	0
172.0	0
169.0	0
168.0	0
168.0	0
81.0	2
94.0	2
20.0	2
163.0	0
161.0	0
110.0	2
160.0	0
158.0	0
158.0	0
157.0	0
156.0	0
156.0	0
155.0	0
155.0	0
154.0	0
154.0	0
155.0	0
155.0	0
157.0	0
156.0	0
156.0	0
155.0	0
157.0	0
157.0	0
157.0	0
157.0	0
157.0	0
158.0	0
158.0	0
158.0	0
158.0	0
143.0	1
159.0	0
160.0	0
162.0	0
163.0	0
163.0	0
164.0	0
165.0	0
167.0	0
167.0	0
167.0	0
169.0	0
170.0	0
173.0	0
172.0	0
173.0	0
174.0	0
175.0	0
176.0	0
177.0	0
177.0	0
178.0	0
178.0	0
178.0	0
179.0	0
180.0	0
179.0	0
179.0	0
180.0	0
178.0	0
178.0	0
178.0	0
176.0	0
176.0	0
174.0	0
174.0	0
172.0	0
172.0	0
77.0	1
169.0	0
168.0	0
95.0	2
53.0	4
157.0	1
108.0	2
162.0	0
92.0	1
161.0	1
158.0	0
48.0	1
157.0	0
156.0	0
156.0	0
156.0	0
155.0	0
154.0	0
38.0	1
156.0	0
155.0	0
157.0	0
156.0	0
156.0	0
120.0	1
158.0	0
157.0	0
158.0	0
157.0	0
158.0	0
158.0	0
159.0	0
157.0	0
158.0	0
158.0	0
159.0	0
160.0	0
163.0	0
162.0	0
162.0	0
163.0	0
165.0	0
165.0	0
166.0	0
167.0	0
168.0	0
168.0	0
170.0	0
170.0	0
171.0	0
173.0	0
174.0	0
175.0	0
175.0	0
176.0	0
176.0	0
176.0	0
177.0	0
177.0	0
177.0	0
177.0	0
177.0	0
177.0	0
177.0	0
176.0	0
176.0	0
175.0	0
175.0	0
87.0	1
172.0	0
170.0	0
134.0	1
15.0	3
167.0	0
166.0	0
28.0	4
163.0	0
161.0	0
95.0	1
160.0	0
158.0	0
159.0	0
95.0	1
157.0	0
156.0	0
156.0	0
156.0	0
155.0	0
155.0	0
155.0	0
155.0	0
156.0	0
156.0	0
156.0	0
156.0	0
157.0	0
158.0	0
157.0	0
157.0	0
158.0	0
157.0	0
159.0	0
158.0	0
158.0	0
158.0	0
159.0	0
158.0	0
159.0	0
161.0	0
161.0	0
161.0	0
162.0	0
164.0	0
164.0	0
165.0	0
166.0	0
167.0	0
168.0	0
168.0	0
170.0	0
171.0	0
171.0	0
173.0	0
174.0	0
174.0	0
175.0	0
175.0	0
176.0	0
51.0	1
176.0	0
176.0	0
82.0	1
177.0	0
133.0	1
176.0	0
176.0	0
176.0	0
175.0	0
175.0	0
174.0	0
172.0	0
172.0	0
171.0	1
170.0	0
168.0	0
62.0	3
164.0	0
164.0	0
162.0	0
28.0	1
160.0	0
159.0	0
159.0	0
159.0	0
115.0	1
156.0	0
156.0	0
156.0	0
155.0	0
155.0	0
155.0	0
155.0	0
155.0	0
156.0	0
155.0	0
156.0	0
157.0	0
157.0	0
158.0	0
157.0	0
157.0	0
160.0	0
159.0	0
32.0	2
159.0	0
138.0	1
158.0	0
158.0	0
158.0	0
158.0	0
159.0	0
160.0	0
161.0	0
161.0	0
162.0	0
163.0	0
164.0	0
165.0	0
165.0	0
166.0	0
167.0	0
168.0	0
169.0	0
170.0	0
170.0	0
172.0	0
173.0	0
174.0	0
174.0	0
48.0	2
174.0	0
174.0	0
175.0	0
174.0	0
175.0	0
175.0	0
174.0	0
174.0	0
173.0	0
172.0	0
171.0	0
105.0	2
169.0	0
169.0	0
144.0	1
168.0	0
75.0	1
164.0	0
164.0	0
162.0	0
161.0	0
160.0	0
159.0	1
158.0	0
155.0	1
38.0	1
155.0	0
155.0	0
154.0	0
55.0	1
154.0	0
154.0	0
153.0	0
154.0	0
154.0	0
154.0	0
155.0	0
155.0	0
156.0	0
156.0	0
156.0	0
157.0	0
155.0	0
148.0	1
130.0	1
153.0	1
110.0	2
159.0	0
158.0	0
159.0	0
158.0	0
159.0	0
158.0	0
158.0	0
160.0	0
161.0	0
161.0	0
161.0	0
163.0	0
165.0	0
165.0	0
166.0	0
167.0	0
168.0	0
169.0	0
170.0	0
171.0	0
170.0	0
171.0	0
172.0	0
141.0	2
128.0	2
62.0	2
46.0	2
174.0	0
175.0	0
173.0	0
174.0	0
173.0	0
173.0	0
172.0	0
172.0	0
64.0	2
25.0	3
29.0	5
50.0	2
167.0	0
166.0	0
69.0	1
163.0	0
140.0	1
161.0	0
160.0	0
160.0	0
159.0	0
160.0	0
158.0	0
127.0	1
156.0	0
155.0	0
155.0	0
156.0	0
155.0	0
154.0	0
155.0	0
156.0	0
155.0	0
155.0	0
155.0	0
156.0	0
156.0	0
89.0	1
155.0	0
156.0	0
157.0	0
62.0	3
157.0	0
129.0	2
157.0	0
84.0	1
160.0	0
160.0	0
160.0	0
159.0	0
160.0	0
160.0	0
160.0	0
161.0	0
162.0	0
162.0	0
163.0	0
165.0	0
165.0	0
165.0	0
168.0	0
168.0	0
169.0	0
170.0	0
170.0	0
171.0	0
173.0	0
173.0	0
174.0	0
168.0	1
174.0	1
173.0	0
175.0	0
175.0	0
174.0	0
174.0	0
175.0	0
174.0	0
172.0	0
173.0	0
60.0	6
48.0	3
84.0	5
78.0	4
168.0	0
167.0	0
166.0	0
164.0	0
164.0	0
162.0	0
161.0	0
161.0	0
159.0	0
159.0	0
158.0	0
157.0	0
157.0	0
157.0	0
156.0	0
27.0	1
155.0	0
155.0	0
155.0	0
156.0	0
155.0	0
155.0	0
156.0	0
157.0	0
158.0	0
157.0	0
158.0	0
158.0	0
159.0	0
118.0	2
108.0	1
159.0	0
159.0	0
159.0	0
161.0	0
160.0	0
161.0	0
160.0	0
161.0	0
161.0	0
161.0	0
162.0	0
162.0	0
163.0	0
164.0	0
164.0	0
165.0	0
167.0	0
167.0	0
168.0	0
169.0	0
169.0	0
170.0	0
171.0	0
171.0	0
172.0	0
173.0	0
172.0	0
173.0	0
175.0	0
173.0	0
173.0	0
174.0	0
174.0	0
174.0	0
173.0	0
173.0	0
173.0	0
70.0	1
171.0	0
106.0	1
170.0	0
168.0	0
167.0	0
167.0	0
165.0	0
165.0	0
163.0	0
162.0	0
161.0	0
160.0	0
159.0	0
159.0	0
158.0	0
158.0	0
158.0	0
155.0	0
156.0	0
156.0	0
156.0	0
156.0	0
156.0	0
156.0	0
156.0	0
157.0	0
158.0	0
157.0	0
105.0	1
88.0	1
99.0	1
100.0	2
160.0	0
159.0	0
159.0	0
159.0	0
161.0	0
159.0	0
159.0	0
159.0	0
160.0	0
160.0	0
160.0	0
161.0	0
162.0	0
162.0	0
161.0	0
163.0	0
163.0	0
163.0	0
164.0	0
165.0	0
166.0	0
167.0	0
168.0	0
169.0	0
168.0	0
170.0	0
170.0	0
170.0	0
171.0	0
171.0	0
172.0	0
172.0	0
173.0	0
172.0	0
172.0	0
172.0	0
171.0	0
171.0	0
171.0	1
171.0	0
168.0	0
168.0	0
168.0	0
166.0	0
165.0	0
164.0	0
163.0	0
163.0	0
162.0	0
160.0	0
160.0	0
158.0	0
157.0	0
158.0	0
156.0	0
156.0	0
155.0	0
156.0	0
155.0	0
156.0	0
155.0	0
155.0	0
155.0	0
155.0	0
155.0	0
156.0	0
157.0	0
156.0	0
157.0	0
158.0	0
158.0	0
159.0	0
158.0	0
158.0	0
158.0	0
158.0	0
158.0	0
160.0	0
160.0	0
163.0	0
160.0	0
160.0	0
161.0	0
160.0	0
162.0	0
162.0	0
162.0	0
162.0	0
162.0	0
164.0	0
164.0	0
165.0	0
166.0	0
166.0	0
167.0	0
168.0	0
170.0	0
171.0	0
170.0	0
171.0	0
171.0	0
172.0	0
171.0	0
171.0	0
172.0	0
171.0	0
171.0	0
171.0	0
171.0	0
172.0	0
162.0	1
170.0	0
169.0	0
169.0	0
167.0	0
167.0	0
166.0	0
164.0	0
163.0	0
162.0	0
161.0	0
160.0	0
160.0	0
159.0	0
158.0	0
157.0	0
158.0	0
156.0	0
156.0	0
156.0	0
156.0	0
156.0	0
157.0	0
157.0	0
155.0	0
156.0	0
156.0	0
155.0	0
52.0	1
158.0	0
158.0	0
157.0	0
158.0	0
159.0	0
159.0	0
158.0	0
159.0	0
161.0	0
160.0	0
161.0	0
161.0	0
160.0	0
161.0	0
160.0	0
161.0	0
161.0	0
160.0	0
161.0	0
162.0	0
162.0	0
162.0	0
164.0	0
163.0	0
164.0	0
165.0	0
166.0	0
167.0	0
167.0	0
168.0	0
169.0	0
170.0	0
171.0	0
172.0	0
171.0	0
170.0	0
171.0	0
171.0	0
171.0	0
171.0	0
171.0	0
148.0	1
171.0	0
170.0	0
169.0	0
169.0	0
168.0	0
167.0	0
166.0	0
165.0	0
164.0	0
162.0	0
161.0	0
160.0	0
160.0	0
159.0	0
159.0	0
158.0	0
158.0	0
158.0	0
156.0	0
156.0	0
156.0	0
157.0	0
155.0	0
156.0	0
155.0	0
155.0	0
156.0	0
156.0	0
157.0	0
157.0	0
158.0	0
157.0	0
158.0	0
158.0	0
159.0	0
159.0	0
160.0	0
160.0	0
160.0	0
161.0	0
161.0	0
161.0	0
161.0	0
161.0	0
160.0	0
161.0	0
161.0	0
161.0	0
161.0	0
162.0	0
162.0	0
163.0	0
163.0	0
164.0	0
164.0	0
165.0	0
166.0	0
166.0	0
168.0	0
170.0	0
170.0	0
171.0	0
171.0	0
170.0	0
171.0	0
170.0	0
172.0	0
172.0	0
172.0	0
171.0	0
172.0	0
170.0	0
170.0	0
169.0	0
168.0	0
168.0	0
169.0	0
167.0	0
166.0	0
165.0	0
163.0	0
162.0	0
161.0	0
160.0	0
160.0	0
158.0	0
159.0	0
158.0	0
158.0	0
157.0	0
156.0	0
156.0	0
156.0	0
157.0	0
157.0	0
156.0	0
156.0	0
156.0	0
156.0	0
157.0	0
157.0	0
157.0	0
159.0	0
159.0	0
159.0	0
160.0	0
159.0	0
160.0	0
161.0	0
161.0	0
160.0	0
160.0	0
161.0	0
161.0	0
161.0	0
160.0	0
161.0	0
161.0	0
161.0	0
161.0	0
162.0	0
162.0	0
163.0	0
161.0	0
162.0	0
163.0	0
164.0	0
164.0	0
166.0	0
165.0	0
167.0	0
168.0	0
169.0	0
170.0	0
169.0	0
171.0	0
170.0	0
170.0	0
171.0	0
170.0	0
171.0	0
171.0	0
170.0	0
170.0	0
170.0	0
170.0	0
169.0	0
168.0	0
166.0	0
166.0	0
166.0	0
164.0	0
164.0	0
163.0	0
161.0	0
160.0	0
158.0	0
158.0	0
158.0	0
157.0	0
157.0	0
157.0	0
156.0	0
157.0	0
157.0	0
156.0	0
156.0	0
155.0	0
155.0	0
155.0	0
155.0	0
155.0	0
157.0	0
157.0	0
158.0	0
158.0	0
158.0	0
159.0	0
159.0	0
160.0	0
160.0	0
160.0	0
160.0	0
160.0	0
159.0	0
161.0	0
160.0	0
161.0	0
160.0	0
160.0	0
161.0	0
161.0	0
162.0	0
162.0	0
162.0	0
163.0	0
163.0	0
164.0	0
165.0	0
165.0	0
166.0	0
167.0	0
168.0	0
168.0	0
168.0	0
169.0	0
170.0	0
170.0	0
170.0	0
170.0	0
170.0	0
169.0	0
170.0	0
169.0	0
170.0	0
169.0	0
168.0	0
169.0	0
168.0	0
167.0	0
166.0	0
165.0	0
164.0	0
163.0	0
163.0	0
162.0	0
161.0	0
161.0	0
160.0	0
158.0	0
158.0	0
159.0	0
158.0	0
158.0	0
157.0	0
157.0	0
156.0	0
156.0	0
156.0	0
157.0	0
156.0	0
157.0	0
156.0	0
157.0	0
157.0	0
158.0	0
158.0	0
158.0	0
158.0	0
159.0	0
158.0	0
159.0	0
160.0	0
160.0	0
159.0	0
160.0	0
160.0	0
159.0	0
160.0	0
161.0	0
159.0	0
160.0	0
160.0	0
160.0	0
162.0	0
161.0	0
161.0	0
161.0	0
162.0	0
162.0	0
163.0	0
163.0	0
164.0	0
164.0	0
166.0	0
165.0	0
166.0	0
167.0	0
167.0	0
168.0	0
167.0	0
167.0	0
168.0	0
168.0	0
168.0	0
169.0	0
167.0	0
168.0	0
168.0	0
167.0	0
167.0	0
166.0	0
167.0	0
165.0	0
164.0	0
162.0	0
162.0	0
160.0	0
159.0	0
159.0	0
158.0	0
158.0	0
158.0	0
157.0	0
157.0	0
157.0	0
156.0	0
156.0	0
157.0	0
154.0	0
155.0	0
155.0	0
154.0	0
154.0	0
155.0	0
155.0	0
155.0	0
156.0	0
155.0	0
156.0	0
156.0	0
157.0	0
158.0	0
158.0	0
159.0	0
159.0	0
159.0	0
159.0	0
159.0	0
160.0	0
160.0	0
161.0	0
162.0	0
161.0	0
161.0	0
162.0	0
161.0	0
164.0	0
163.0	0
163.0	0
165.0	0
164.0	0
164.0	0
165.0	0
166.0	0
167.0	0
167.0	0
167.0	0
169.0	0
168.0	0
170.0	0
171.0	0
168.0	0
169.0	0
169.0	0
170.0	0
168.0	0
169.0	0
169.0	0
169.0	0
169.0	0
168.0	0
167.0	0
167.0	0
166.0	0
164.0	0
164.0	0
162.0	0
163.0	0
161.0	0
160.0	0
160.0	0
159.0	0
159.0	0
158.0	0
158.0	0
158.0	0
158.0	0
157.0	0
157.0	0
157.0	0
156.0	0
157.0	0
156.0	0
156.0	0
156.0	0
157.0	0
157.0	0
157.0	0
158.0	0
157.0	0
158.0	0
158.0	0
158.0	0
158.0	0
158.0	0
159.0	0
160.0	0
159.0	0
159.0	0
157.0	0
158.0	0
159.0	0
160.0	0
162.0	0
160.0	0
161.0	0
160.0	0
160.0	0
162.0	0
162.0	0
162.0	0
162.0	0
162.0	0
164.0	0
164.0	0
164.0	0
163.0	0
166.0	0
166.0	0
166.0	0
166.0	0
167.0	0
167.0	0
167.0	0
167.0	0
166.0	0
167.0	0
166.0	0
167.0	0
167.0	0
166.0	0
166.0	0
165.0	0
165.0	0
165.0	0
164.0	0
162.0	0
161.0	0
161.0	0
162.0	0
160.0	0
160.0	0
160.0	0
158.0	0
158.0	0
158.0	0
157.0	0
157.0	0
158.0	0
157.0	0
156.0	0
156.0	0
155.0	0
155.0	0
155.0	0
155.0	0
154.0	0
155.0	0
154.0	0
154.0	0
155.0	0
155.0	0
155.0	0
156.0	0
156.0	0
156.0	0
156.0	0
158.0	0
157.0	0
158.0	0
158.0	0
159.0	0
159.0	0
159.0	0
159.0	0
159.0	0
160.0	0
160.0	0
161.0	0
161.0	0
161.0	0
162.0	0
162.0	0
163.0	0
163.0	0
164.0	0
166.0	0
166.0	0
165.0	0
166.0	0
165.0	0
167.0	0
167.0	0
167.0	0
166.0	0
167.0	0
168.0	0
167.0	0
166.0	0
167.0	0
166.0	0
167.0	0
166.0	0
167.0	0
166.0	0
164.0	0
164.0	0
164.0	0
163.0	0
163.0	0
160.0	0
160.0	0
160.0	0
159.0	0
159.0	0
160.0	0
159.0	0
158.0	0
158.0	0
157.0	0
156.0	0
155.0	0
157.0	0
155.0	0
155.0	0
155.0	0
154.0	0
155.0	0
155.0	0
155.0	0
154.0	0
155.0	0
156.0	0
157.0	0
157.0	0
158.0	0
157.0	0
158.0	0
159.0	0
157.0	0
159.0	0
159.0	0
159.0	0
158.0	0
157.0	0
158.0	0
158.0	0
159.0	0
159.0	0
158.0	0
160.0	0
160.0	0
161.0	0
161.0	0
161.0	0
162.0	0
163.0	0
164.0	0
164.0	0
164.0	0
165.0	0
165.0	0
165.0	0
167.0	0
166.0	0
165.0	0
166.0	0
166.0	0
166.0	0
165.0	0
61.0	1
165.0	0
165.0	0
165.0	0
165.0	0
165.0	0
164.0	0
163.0	0
163.0	0
163.0	0
161.0	0
160.0	0
159.0	0
159.0	0
159.0	0
159.0	0
159.0	0
158.0	0
158.0	0
157.0	0
158.0	0
156.0	0
155.0	0
155.0	0
157.0	0
155.0	0
156.0	0
155.0	0
154.0	0
155.0	0
155.0	0
155.0	0
154.0	0
153.0	0
154.0	0
155.0	0
156.0	0
62.0	1
156.0	0
157.0	0
156.0	0
157.0	0
157.0	0
157.0	0
158.0	0
159.0	0
158.0	0
157.0	0
159.0	0
157.0	0
157.0	0
158.0	0
158.0	0
159.0	0
160.0	0
159.0	0
162.0	0
161.0	0
162.0	0
162.0	0
163.0	0
163.0	0
165.0	0
165.0	0
165.0	0
165.0	0
165.0	0
165.0	0
166.0	0
166.0	0
165.0	0
165.0	0
165.0	0
165.0	0
165.0	0
165.0	0
166.0	0
165.0	0
164.0	0
163.0	0
161.0	0
161.0	0
160.0	0
160.0	0
159.0	0
159.0	0
158.0	0
157.0	0
157.0	0
157.0	0
157.0	0
156.0	0
155.0	0
155.0	0
155.0	0
155.0	0
153.0	0
153.0	0
154.0	0
153.0	0
154.0	0
153.0	0
153.0	0
153.0	0
153.0	0
154.0	0
155.0	0
155.0	0
156.0	0
156.0	0
156.0	0
155.0	0
157.0	0
158.0	0
157.0	0
158.0	0
158.0	0
156.0	0
156.0	0
157.0	0
157.0	0
158.0	0
158.0	0
157.0	0
158.0	0
158.0	0
157.0	0
158.0	0
159.0	0
159.0	0
160.0	0
160.0	0
161.0	0
162.0	0
163.0	0
163.0	0
164.0	0
164.0	0
164.0	0
165.0	0
165.0	0
165.0	0
165.0	0
165.0	0
165.0	0
164.0	0
164.0	0
164.0	0
163.0	0
163.0	0
161.0	0
161.0	0
160.0	0
161.0	0
159.0	0
158.0	0
158.0	0
158.0	0
158.0	0
158.0	0
158.0	0
156.0	0
156.0	0
154.0	0
155.0	0
155.0	0
153.0	0
153.0	0
153.0	0
153.0	0
153.0	0
153.0	0
153.0	0
152.0	0
153.0	0
153.0	0
154.0	0
155.0	0
154.0	0
154.0	0
154.0	0
156.0	0
156.0	0
155.0	0
157.0	0
155.0	0
156.0	0
156.0	0
157.0	0
157.0	0
158.0	0
157.0	0
158.0	0
158.0	0
158.0	0
158.0	0
159.0	0
159.0	0
159.0	0
159.0	0
160.0	0
160.0	0
161.0	0
162.0	0
161.0	0
162.0	0
163.0	0
163.0	0
163.0	0
164.0	0
164.0	0
166.0	0
166.0	0
164.0	0
164.0	0
164.0	0
165.0	0
165.0	0
164.0	0
164.0	0
164.0	0
98.0	1
162.0	0
162.0	0
161.0	0
161.0	0
160.0	0
159.0	0
159.0	0
158.0	0
159.0	0
157.0	0
157.0	0
157.0	0
156.0	0
156.0	0
156.0	0
155.0	0
155.0	0
154.0	0
153.0	0
153.0	0
153.0	0
153.0	0
152.0	0
152.0	0
152.0	0
153.0	0
153.0	0
153.0	0
153.0	0
154.0	0
155.0	0
155.0	0
155.0	0
155.0	0
155.0	0
156.0	0
157.0	0
157.0	0
157.0	0
156.0	0
157.0	0
157.0	0
158.0	0
157.0	0
158.0	0
159.0	0
158.0	0
161.0	0
160.0	0
159.0	0
161.0	0
161.0	0
162.0	0
163.0	0
162.0	0
163.0	0
163.0	0
164.0	0
164.0	0
165.0	0
165.0	0
165.0	0
166.0	0
165.0	0
165.0	0
165.0	0
164.0	0
165.0	0
164.0	0
164.0	0
164.0	0
163.0	0
163.0	0
163.0	0
161.0	0
161.0	0
160.0	0
158.0	0
159.0	0
159.0	0
159.0	0
157.0	0
158.0	0
158.0	0
158.0	0
156.0	0
156.0	0
155.0	0
156.0	0
155.0	0
154.0	0
155.0	0
154.0	0
154.0	0
153.0	0
153.0	0
153.0	0
154.0	0
154.0	0
153.0	0
154.0	0
155.0	0
155.0	0
155.0	0
156.0	0
155.0	0
155.0	0
104.0	1
155.0	0
156.0	0
156.0	0
155.0	0
155.0	0
155.0	0
156.0	0
155.0	0
155.0	0
156.0	0
157.0	0
157.0	0
158.0	0
158.0	0
158.0	0
157.0	0
159.0	0
160.0	0
161.0	0
160.0	0
161.0	0
162.0	0
163.0	0
162.0	0
162.0	0
162.0	0
162.0	0
163.0	0
163.0	0
164.0	0
163.0	0
162.0	0
162.0	0
161.0	0
161.0	0
161.0	0
161.0	0
159.0	0
160.0	0
159.0	0
158.0	0
157.0	0
157.0	0
156.0	0
156.0	0
156.0	0
155.0	0
154.0	0
154.0	0
153.0	0
152.0	0
152.0	0
152.0	0
152.0	0
151.0	0
150.0	0
150.0	0
150.0	0
151.0	0
151.0	0
152.0	0
151.0	0
151.0	0
151.0	0
152.0	0
153.0	0
152.0	0
152.0	0
153.0	0
154.0	0
154.0	0
153.0	0
155.0	0
154.0	0
155.0	0
156.0	0
157.0	0
157.0	0
157.0	0
158.0	0
157.0	0
158.0	0
158.0	0
160.0	0
160.0	0
159.0	0
160.0	0
159.0	0
161.0	0
161.0	0
163.0	0
163.0	0
163.0	0
165.0	0
163.0	0
165.0	0
165.0	0
164.0	0
165.0	0
165.0	0
165.0	0
165.0	0
164.0	0
164.0	0
164.0	0
163.0	0
163.0	0
163.0	0
162.0	0
161.0	0
161.0	0
159.0	0
160.0	0
159.0	0
159.0	0
159.0	0
159.0	0
156.0	0
156.0	0
157.0	0
156.0	0
155.0	0
154.0	0
154.0	0
156.0	0
155.0	0
154.0	0
154.0	0
154.0	0
153.0	0
153.0	0
154.0	0
153.0	0
153.0	0
152.0	0
154.0	0
153.0	0
155.0	0
155.0	0
155.0	0
154.0	0
155.0	0
156.0	0
156.0	0
155.0	0
157.0	0
157.0	0
156.0	0
158.0	0
157.0	0
157.0	0
157.0	0
156.0	0
157.0	0
157.0	0
159.0	0
160.0	0
159.0	0
159.0	0
160.0	0
161.0	0
161.0	0
161.0	0
161.0	0
162.0	0
163.0	0
164.0	0
164.0	0
164.0	0
164.0	0
165.0	0
165.0	0
163.0	0
163.0	0
163.0	0
162.0	0
162.0	0
162.0	0
163.0	0
161.0	0
160.0	0
161.0	0
160.0	0
160.0	0
160.0	0
159.0	0
159.0	0
159.0	0
157.0	0
156.0	0
156.0	0
156.0	0
156.0	0
156.0	0
154.0	0
154.0	0
154.0	0
153.0	0
153.0	0
153.0	0
153.0	0
154.0	0
152.0	0
152.0	0
152.0	0
153.0	0
153.0	0
154.0	0
154.0	0
153.0	0
153.0	0
153.0	0
130.0	1
155.0	0
155.0	0
155.0	0
156.0	0
155.0	0
157.0	0
154.0	0
154.0	0
155.0	0
155.0	0
157.0	0
156.0	0
156.0	0
156.0	0
157.0	0
158.0	0
158.0	0
159.0	0
158.0	0
159.0	0
160.0	0
160.0	0
160.0	0
160.0	0
162.0	0
163.0	0
163.0	0
163.0	0
163.0	0
162.0	0
162.0	0
163.0	0
162.0	0
163.0	0
163.0	0
162.0	0
161.0	0
160.0	0
160.0	0
161.0	0
160.0	0
159.0	0
158.0	0
157.0	0
156.0	0
156.0	0
156.0	0
156.0	0
155.0	0
154.0	0
155.0	0
155.0	0
154.0	0
154.0	0
154.0	0
153.0	0
153.0	0
153.0	0
153.0	0
153.0	0
151.0	0
151.0	0
151.0	0
150.0	0
151.0	0
151.0	0
151.0	0
151.0	0
152.0	0
152.0	0
153.0	0
152.0	0
152.0	0
153.0	0
153.0	0
153.0	0
154.0	0
155.0	0
