SA_diff	pop
203.0	0
203.0	0
203.0	0
203.0	0
202.0	0
205.0	0
204.0	0
206.0	0
206.0	0
206.0	0
207.0	0
206.0	0
208.0	0
207.0	0
208.0	0
208.0	0
208.0	0
207.0	0
207.0	0
208.0	0
208.0	0
208.0	0
207.0	0
207.0	0
207.0	0
207.0	0
208.0	0
207.0	0
206.0	0
207.0	0
206.0	0
205.0	0
204.0	0
206.0	0
204.0	0
204.0	0
204.0	0
203.0	0
204.0	0
203.0	0
203.0	0
203.0	0
203.0	0
203.0	0
203.0	0
203.0	0
204.0	0
203.0	0
204.0	0
204.0	0
203.0	0
203.0	0
203.0	0
201.0	0
203.0	0
203.0	0
202.0	0
201.0	0
202.0	0
202.0	0
202.0	0
202.0	0
201.0	0
202.0	0
174.0	1
202.0	0
199.0	1
201.0	0
202.0	0
197.0	1
202.0	0
202.0	0
202.0	0
202.0	0
203.0	0
202.0	0
202.0	0
203.0	0
202.0	0
204.0	0
205.0	0
205.0	0
206.0	0
206.0	0
209.0	0
206.0	0
206.0	0
207.0	0
208.0	0
206.0	0
206.0	0
206.0	0
205.0	0
206.0	0
206.0	0
207.0	0
206.0	0
206.0	0
205.0	0
206.0	0
206.0	0
207.0	0
205.0	0
205.0	0
204.0	0
205.0	0
203.0	0
205.0	0
204.0	0
203.0	0
203.0	0
203.0	0
203.0	0
203.0	0
202.0	0
201.0	0
202.0	0
202.0	0
201.0	0
201.0	0
200.0	0
200.0	0
200.0	0
200.0	0
200.0	0
200.0	0
201.0	0
200.0	0
201.0	0
201.0	0
199.0	0
198.0	0
199.0	0
191.0	1
200.0	0
201.0	0
201.0	0
201.0	0
99.0	1
172.0	1
186.0	1
202.0	0
201.0	0
202.0	0
204.0	0
202.0	0
204.0	0
201.0	0
204.0	0
203.0	0
205.0	0
204.0	0
204.0	0
206.0	0
206.0	0
206.0	0
207.0	0
207.0	0
206.0	0
206.0	0
207.0	0
207.0	0
208.0	0
206.0	0
207.0	0
207.0	0
207.0	0
206.0	0
205.0	0
206.0	0
205.0	0
205.0	0
206.0	0
206.0	0
206.0	0
205.0	0
205.0	0
204.0	0
205.0	0
206.0	0
204.0	0
203.0	0
205.0	0
203.0	0
203.0	0
203.0	0
203.0	0
203.0	0
202.0	0
201.0	0
201.0	0
201.0	0
200.0	0
201.0	0
201.0	0
201.0	0
201.0	0
200.0	0
200.0	0
197.0	1
201.0	1
201.0	0
195.0	1
201.0	0
201.0	0
201.0	0
201.0	0
24.0	3
181.0	2
156.0	2
99.0	2
132.0	3
168.0	2
179.0	3
106.0	4
203.0	0
204.0	0
204.0	0
203.0	0
204.0	0
204.0	0
204.0	0
204.0	0
205.0	0
204.0	0
206.0	0
208.0	0
207.0	0
208.0	0
207.0	0
207.0	0
208.0	0
207.0	0
207.0	0
207.0	0
206.0	0
206.0	0
206.0	0
205.0	0
206.0	0
207.0	0
206.0	0
206.0	0
206.0	0
206.0	0
206.0	0
205.0	0
206.0	0
205.0	0
205.0	0
204.0	0
205.0	0
204.0	0
204.0	0
205.0	0
204.0	0
203.0	0
204.0	0
203.0	0
203.0	0
201.0	0
201.0	0
202.0	0
202.0	0
201.0	0
200.0	0
179.0	1
201.0	0
200.0	0
198.0	0
132.0	2
200.0	0
199.0	0
200.0	0
200.0	0
201.0	0
201.0	0
200.0	0
151.0	1
95.0	5
99.0	5
9.0	4
97.0	4
152.0	5
149.0	11
180.0	6
111.0	2
121.0	1
192.0	1
202.0	0
203.0	0
203.0	0
203.0	0
204.0	0
205.0	0
205.0	0
207.0	0
208.0	0
208.0	0
209.0	0
207.0	0
207.0	0
207.0	0
207.0	0
206.0	0
207.0	0
208.0	0
208.0	0
209.0	0
209.0	0
207.0	0
208.0	0
207.0	0
207.0	0
206.0	0
206.0	0
205.0	0
205.0	0
206.0	0
206.0	0
205.0	0
205.0	0
204.0	0
204.0	0
205.0	0
204.0	0
204.0	0
203.0	0
203.0	0
203.0	0
202.0	0
204.0	0
204.0	0
203.0	0
202.0	0
202.0	0
202.0	0
203.0	0
202.0	0
202.0	0
123.0	1
201.0	0
202.0	0
200.0	0
199.0	1
202.0	0
201.0	1
202.0	0
201.0	0
155.0	2
201.0	2
118.0	10
151.0	6
116.0	9
154.0	8
128.0	6
152.0	9
166.0	8
192.0	1
99.0	1
200.0	0
201.0	0
200.0	0
203.0	0
158.0	1
203.0	0
203.0	0
204.0	0
205.0	0
205.0	0
206.0	0
206.0	0
206.0	0
207.0	0
206.0	0
207.0	0
206.0	0
207.0	0
206.0	0
207.0	0
207.0	0
207.0	0
207.0	0
207.0	0
207.0	0
207.0	0
208.0	0
208.0	0
206.0	0
206.0	0
205.0	0
204.0	0
205.0	0
204.0	0
205.0	0
204.0	0
203.0	0
201.0	0
202.0	0
202.0	0
202.0	0
202.0	0
201.0	1
201.0	0
200.0	0
201.0	0
200.0	0
202.0	0
201.0	0
201.0	0
200.0	0
201.0	0
199.0	0
198.0	0
200.0	0
117.0	1
200.0	0
200.0	0
165.0	1
151.0	3
107.0	4
155.0	7
139.0	9
148.0	7
112.0	12
127.0	15
155.0	8
99.0	13
113.0	16
123.0	12
151.0	6
200.0	2
203.0	0
202.0	0
202.0	0
203.0	0
203.0	0
203.0	0
204.0	0
205.0	0
205.0	0
205.0	0
206.0	0
207.0	0
208.0	0
206.0	0
207.0	0
208.0	0
207.0	0
208.0	0
208.0	0
208.0	0
209.0	0
209.0	0
208.0	0
208.0	0
207.0	0
208.0	0
207.0	0
206.0	0
206.0	0
207.0	0
207.0	0
207.0	0
206.0	0
206.0	0
205.0	0
204.0	0
205.0	0
203.0	0
203.0	0
204.0	0
204.0	0
204.0	0
203.0	0
204.0	0
203.0	0
202.0	0
200.0	0
202.0	0
192.0	1
201.0	0
202.0	0
202.0	0
202.0	0
201.0	1
202.0	0
202.0	0
186.0	1
202.0	0
189.0	1
170.0	2
196.0	1
177.0	7
122.0	4
125.0	10
141.0	13
121.0	17
133.0	15
126.0	21
148.0	9
157.0	6
171.0	1
161.0	2
176.0	1
201.0	0
201.0	0
201.0	0
202.0	0
202.0	0
204.0	0
205.0	0
205.0	0
202.0	1
207.0	0
208.0	0
208.0	0
208.0	0
209.0	0
208.0	0
208.0	0
209.0	0
209.0	0
208.0	0
209.0	0
208.0	0
207.0	0
208.0	0
205.0	0
207.0	0
174.0	1
206.0	0
206.0	0
206.0	0
206.0	0
205.0	0
205.0	0
205.0	0
205.0	0
203.0	1
203.0	1
203.0	0
203.0	0
203.0	1
165.0	1
202.0	0
201.0	0
139.0	1
202.0	0
202.0	0
75.0	1
172.0	1
143.0	2
196.0	2
200.0	2
200.0	0
200.0	0
201.0	0
200.0	0
132.0	2
200.0	0
167.0	1
199.0	0
200.0	0
85.0	5
84.0	9
54.0	8
82.0	15
86.0	20
114.0	16
94.0	23
109.0	21
79.0	9
185.0	4
169.0	5
201.0	0
202.0	0
202.0	1
112.0	1
202.0	0
202.0	0
204.0	0
204.0	0
204.0	0
206.0	0
207.0	0
208.0	0
208.0	0
208.0	0
208.0	0
208.0	0
208.0	0
209.0	0
209.0	0
208.0	0
208.0	0
207.0	0
206.0	0
128.0	1
164.0	1
207.0	0
208.0	0
70.0	1
152.0	1
206.0	0
206.0	0
206.0	0
206.0	0
138.0	1
205.0	0
169.0	1
204.0	0
205.0	0
173.0	1
204.0	0
204.0	0
153.0	2
174.0	2
175.0	1
204.0	1
204.0	0
203.0	0
200.0	1
203.0	0
199.0	1
162.0	2
178.0	3
184.0	1
193.0	1
190.0	2
202.0	0
200.0	0
193.0	2
127.0	1
159.0	5
200.0	1
173.0	10
148.0	12
86.0	14
133.0	23
79.0	25
120.0	21
31.0	21
52.0	16
59.0	12
149.0	6
142.0	5
199.0	2
201.0	0
203.0	0
203.0	0
203.0	0
205.0	0
206.0	0
206.0	0
207.0	0
207.0	0
207.0	0
208.0	0
208.0	0
208.0	0
206.0	0
208.0	0
207.0	0
207.0	0
207.0	0
207.0	0
207.0	0
208.0	0
207.0	0
208.0	0
208.0	0
116.0	1
208.0	0
207.0	0
203.0	1
175.0	1
206.0	0
206.0	0
206.0	0
205.0	0
205.0	0
203.0	1
205.0	0
206.0	1
139.0	1
207.0	1
151.0	1
114.0	1
51.0	2
199.0	1
45.0	3
167.0	1
206.0	1
205.0	0
76.0	2
119.0	4
198.0	1
184.0	2
165.0	4
100.0	1
205.0	0
70.0	2
203.0	0
200.0	2
131.0	5
204.0	1
152.0	7
134.0	4
80.0	15
82.0	26
136.0	25
110.0	24
88.0	34
111.0	20
57.0	29
160.0	11
89.0	10
149.0	5
198.0	1
199.0	2
202.0	1
202.0	0
203.0	0
203.0	0
204.0	0
204.0	0
205.0	0
205.0	0
206.0	0
206.0	0
207.0	0
206.0	0
207.0	0
207.0	0
208.0	0
207.0	0
207.0	0
207.0	0
206.0	0
206.0	0
207.0	0
205.0	0
205.0	0
205.0	0
206.0	0
204.0	1
206.0	0
206.0	0
205.0	0
97.0	1
138.0	1
205.0	0
179.0	1
206.0	0
205.0	1
43.0	1
153.0	2
93.0	1
174.0	3
207.0	1
164.0	1
159.0	1
145.0	1
193.0	1
189.0	1
205.0	0
204.0	0
170.0	2
136.0	2
204.0	3
203.0	0
202.0	0
41.0	1
192.0	1
150.0	2
161.0	2
127.0	6
145.0	5
181.0	7
152.0	10
69.0	25
103.0	25
113.0	27
131.0	28
60.0	15
102.0	13
158.0	14
92.0	14
152.0	6
106.0	2
130.0	2
179.0	2
201.0	0
198.0	1
204.0	0
203.0	0
203.0	0
204.0	0
205.0	0
205.0	0
205.0	0
206.0	0
207.0	0
207.0	0
207.0	0
207.0	0
207.0	0
206.0	0
208.0	0
207.0	0
207.0	0
206.0	0
206.0	0
207.0	0
206.0	0
205.0	0
207.0	0
206.0	0
178.0	1
207.0	0
206.0	0
206.0	0
89.0	1
119.0	1
168.0	3
206.0	0
170.0	2
38.0	5
185.0	3
199.0	2
135.0	1
188.0	1
160.0	3
176.0	1
146.0	2
103.0	2
207.0	0
206.0	0
148.0	1
107.0	3
205.0	1
185.0	2
205.0	1
205.0	0
146.0	1
150.0	1
150.0	2
193.0	2
66.0	8
41.0	7
149.0	12
143.0	13
127.0	17
94.0	21
11.0	31
86.0	21
97.0	18
81.0	18
108.0	16
96.0	8
147.0	4
110.0	1
192.0	1
203.0	0
203.0	0
205.0	0
204.0	0
204.0	0
204.0	0
204.0	0
206.0	0
207.0	0
207.0	0
206.0	0
206.0	0
208.0	0
208.0	0
208.0	0
208.0	0
207.0	0
207.0	0
207.0	0
207.0	0
207.0	0
207.0	0
206.0	0
111.0	1
206.0	0
205.0	0
207.0	0
206.0	0
206.0	0
192.0	2
172.0	1
79.0	3
207.0	0
185.0	2
79.0	1
54.0	3
76.0	4
123.0	5
58.0	3
122.0	6
161.0	3
208.0	1
65.0	4
207.0	0
207.0	0
175.0	2
207.0	0
207.0	0
206.0	0
205.0	0
97.0	1
119.0	2
203.0	2
199.0	1
104.0	4
181.0	2
171.0	6
103.0	7
141.0	8
188.0	9
118.0	17
95.0	23
121.0	26
101.0	21
61.0	21
114.0	17
93.0	17
138.0	8
85.0	4
174.0	4
201.0	1
184.0	3
108.0	2
204.0	0
205.0	0
205.0	0
205.0	0
206.0	0
205.0	0
205.0	0
207.0	0
208.0	0
207.0	0
207.0	0
66.0	1
207.0	0
208.0	0
207.0	0
208.0	0
208.0	0
207.0	1
194.0	1
207.0	0
207.0	0
208.0	0
205.0	1
207.0	0
208.0	0
207.0	0
208.0	0
182.0	1
203.0	1
36.0	2
65.0	4
66.0	3
62.0	2
181.0	2
108.0	3
66.0	5
197.0	1
176.0	3
73.0	6
105.0	3
97.0	3
159.0	1
144.0	2
208.0	0
209.0	0
174.0	1
208.0	0
208.0	0
208.0	0
208.0	1
207.0	0
199.0	1
165.0	2
200.0	1
199.0	1
188.0	5
144.0	6
140.0	13
63.0	9
50.0	12
85.0	19
22.0	16
29.0	21
104.0	14
29.0	16
116.0	12
110.0	11
138.0	5
79.0	2
152.0	3
204.0	0
178.0	1
132.0	1
205.0	0
204.0	0
206.0	0
207.0	0
205.0	0
205.0	0
206.0	0
206.0	0
208.0	0
208.0	0
208.0	0
208.0	0
208.0	0
208.0	0
84.0	1
207.0	0
208.0	0
208.0	0
193.0	1
208.0	0
208.0	1
191.0	1
207.0	0
207.0	0
207.0	0
116.0	1
132.0	2
175.0	2
110.0	4
201.0	1
105.0	1
165.0	2
95.0	2
156.0	1
127.0	7
35.0	8
89.0	6
162.0	4
131.0	4
179.0	1
91.0	3
210.0	0
209.0	0
209.0	0
209.0	0
202.0	1
209.0	0
208.0	0
208.0	0
208.0	0
207.0	0
203.0	2
206.0	1
205.0	1
203.0	2
56.0	7
106.0	16
112.0	8
122.0	19
42.0	18
97.0	25
17.0	23
57.0	20
23.0	12
15.0	11
73.0	11
95.0	4
142.0	3
172.0	2
202.0	0
204.0	0
204.0	1
204.0	0
206.0	0
204.0	0
205.0	0
205.0	1
207.0	0
207.0	0
207.0	0
208.0	0
208.0	0
208.0	0
209.0	0
208.0	0
208.0	0
207.0	0
208.0	0
208.0	0
207.0	0
208.0	0
207.0	0
201.0	1
207.0	1
207.0	0
131.0	1
207.0	0
207.0	0
44.0	2
87.0	2
185.0	2
207.0	1
183.0	3
159.0	2
95.0	7
61.0	9
122.0	14
55.0	8
132.0	10
86.0	10
135.0	4
210.0	2
211.0	0
211.0	0
211.0	0
210.0	0
209.0	0
210.0	0
209.0	0
209.0	0
139.0	1
208.0	1
207.0	0
205.0	1
175.0	1
179.0	3
24.0	8
51.0	14
73.0	8
187.0	8
24.0	16
92.0	15
104.0	23
54.0	16
140.0	13
154.0	9
140.0	10
112.0	7
76.0	8
203.0	0
203.0	0
205.0	0
118.0	3
204.0	0
204.0	0
204.0	0
204.0	0
204.0	0
204.0	0
206.0	0
206.0	0
208.0	0
208.0	0
207.0	0
208.0	0
208.0	0
209.0	0
207.0	1
207.0	0
207.0	0
167.0	1
206.0	0
207.0	0
206.0	1
199.0	1
206.0	0
206.0	0
123.0	1
204.0	2
198.0	1
76.0	7
163.0	3
63.0	11
115.0	4
176.0	4
118.0	8
59.0	9
52.0	11
81.0	15
32.0	10
82.0	7
22.0	8
38.0	5
207.0	3
211.0	0
211.0	0
208.0	1
210.0	0
210.0	0
31.0	1
207.0	1
202.0	1
208.0	0
208.0	0
207.0	0
207.0	0
200.0	2
189.0	3
178.0	8
191.0	2
103.0	5
113.0	13
105.0	12
82.0	10
132.0	16
87.0	9
34.0	15
64.0	14
75.0	8
17.0	9
147.0	1
179.0	2
202.0	0
203.0	0
192.0	1
204.0	0
205.0	0
203.0	0
205.0	0
204.0	0
206.0	0
205.0	0
206.0	0
206.0	0
208.0	0
208.0	0
208.0	0
207.0	0
207.0	0
206.0	0
207.0	0
139.0	1
207.0	0
207.0	0
207.0	0
206.0	0
206.0	0
207.0	0
208.0	0
154.0	2
167.0	2
135.0	5
89.0	5
52.0	5
135.0	2
113.0	7
121.0	5
87.0	6
37.0	18
44.0	13
22.0	23
48.0	10
162.0	8
199.0	3
136.0	3
195.0	1
211.0	0
210.0	0
52.0	1
211.0	0
211.0	0
118.0	1
180.0	1
210.0	0
132.0	2
151.0	1
208.0	1
138.0	4
207.0	1
96.0	4
123.0	3
202.0	2
93.0	10
90.0	9
30.0	7
77.0	16
56.0	16
91.0	16
116.0	13
62.0	9
75.0	11
143.0	4
153.0	5
200.0	1
165.0	2
84.0	3
73.0	3
204.0	0
204.0	1
206.0	0
206.0	0
206.0	0
208.0	0
208.0	0
207.0	0
208.0	0
208.0	0
208.0	0
208.0	0
208.0	0
208.0	0
209.0	0
207.0	0
208.0	0
208.0	0
209.0	0
208.0	0
208.0	0
209.0	0
210.0	0
209.0	0
209.0	0
97.0	3
200.0	3
92.0	4
51.0	9
128.0	6
26.0	7
51.0	10
51.0	11
48.0	20
37.0	31
42.0	31
14.0	11
121.0	3
160.0	3
101.0	1
178.0	1
210.0	1
215.0	0
197.0	2
215.0	0
145.0	2
208.0	1
164.0	2
174.0	3
126.0	4
208.0	4
201.0	2
129.0	3
129.0	4
120.0	3
211.0	1
37.0	8
55.0	11
81.0	5
88.0	13
111.0	26
63.0	17
154.0	10
49.0	17
67.0	17
54.0	14
107.0	11
88.0	10
143.0	4
162.0	5
204.0	1
175.0	1
203.0	0
205.0	0
205.0	0
205.0	0
205.0	0
204.0	0
205.0	0
205.0	0
205.0	0
207.0	0
207.0	0
207.0	0
208.0	0
207.0	0
201.0	1
207.0	0
207.0	0
207.0	0
207.0	0
207.0	0
207.0	1
208.0	0
208.0	0
205.0	1
209.0	1
209.0	0
154.0	5
51.0	9
147.0	9
74.0	13
55.0	11
37.0	12
73.0	20
25.0	20
52.0	14
60.0	16
130.0	3
80.0	3
214.0	0
212.0	1
214.0	0
211.0	1
214.0	0
213.0	0
137.0	2
45.0	3
189.0	1
94.0	3
182.0	4
190.0	3
182.0	1
211.0	1
209.0	1
210.0	1
206.0	3
47.0	3
120.0	4
39.0	9
89.0	9
42.0	13
108.0	6
33.0	23
27.0	17
43.0	23
18.0	17
108.0	11
98.0	13
150.0	5
164.0	4
190.0	3
204.0	0
203.0	0
203.0	0
202.0	0
202.0	0
203.0	0
204.0	0
203.0	0
206.0	0
206.0	0
206.0	0
208.0	0
209.0	0
208.0	0
208.0	0
207.0	0
208.0	0
208.0	0
208.0	0
207.0	0
206.0	0
207.0	0
207.0	0
209.0	0
209.0	0
209.0	1
210.0	0
50.0	7
78.0	8
42.0	18
88.0	12
78.0	16
48.0	16
125.0	9
61.0	24
54.0	25
62.0	13
113.0	7
212.0	0
213.0	0
213.0	0
213.0	0
214.0	0
213.0	0
213.0	0
209.0	1
214.0	0
214.0	0
128.0	1
153.0	4
119.0	2
209.0	1
189.0	1
211.0	0
211.0	0
154.0	4
208.0	0
208.0	1
208.0	1
184.0	5
109.0	7
83.0	13
96.0	14
106.0	16
41.0	10
64.0	24
80.0	15
40.0	19
142.0	10
151.0	5
79.0	8
110.0	2
107.0	2
205.0	0
203.0	0
131.0	1
205.0	0
207.0	0
207.0	0
205.0	0
205.0	0
207.0	0
207.0	0
208.0	0
208.0	0
208.0	0
207.0	0
208.0	0
208.0	0
207.0	0
207.0	0
208.0	0
209.0	0
209.0	0
208.0	0
208.0	0
155.0	1
136.0	3
208.0	2
154.0	17
93.0	40
61.0	69
82.0	68
69.0	49
60.0	39
18.0	29
79.0	25
76.0	24
170.0	5
145.0	3
216.0	0
217.0	0
217.0	0
217.0	0
217.0	0
218.0	0
217.0	0
216.0	0
217.0	0
216.0	0
216.0	0
215.0	0
214.0	0
214.0	0
213.0	0
213.0	0
213.0	0
129.0	1
210.0	0
192.0	1
199.0	4
174.0	2
141.0	4
73.0	10
54.0	11
92.0	16
25.0	19
27.0	27
50.0	13
113.0	14
105.0	6
99.0	10
126.0	4
203.0	0
204.0	0
204.0	0
205.0	0
205.0	0
204.0	0
205.0	0
206.0	0
206.0	0
206.0	0
206.0	0
207.0	0
208.0	0
208.0	0
208.0	0
208.0	0
207.0	0
208.0	0
208.0	0
208.0	0
208.0	0
209.0	0
209.0	0
210.0	0
201.0	1
210.0	0
211.0	1
145.0	8
85.0	34
72.0	175
52.0	240
62.0	166
12.0	75
78.0	53
40.0	39
68.0	26
36.0	12
174.0	3
96.0	2
218.0	0
218.0	0
217.0	0
55.0	1
218.0	0
218.0	0
218.0	0
218.0	0
217.0	0
217.0	0
217.0	0
216.0	0
214.0	0
215.0	0
216.0	0
214.0	0
214.0	0
214.0	0
214.0	0
213.0	0
212.0	0
206.0	2
29.0	4
134.0	7
29.0	23
91.0	18
112.0	23
72.0	33
108.0	23
63.0	13
40.0	14
66.0	7
164.0	3
204.0	0
204.0	0
204.0	0
203.0	0
203.0	0
204.0	0
204.0	0
204.0	0
206.0	0
208.0	0
206.0	0
206.0	0
207.0	0
208.0	0
207.0	0
207.0	0
207.0	0
208.0	0
208.0	0
208.0	0
209.0	0
209.0	0
209.0	0
210.0	0
169.0	1
210.0	0
36.0	1
40.0	26
66.0	136
53.0	506
69.0	434
53.0	167
61.0	77
54.0	38
116.0	26
21.0	12
136.0	2
215.0	0
214.0	0
216.0	0
216.0	0
217.0	0
217.0	0
216.0	0
216.0	0
216.0	0
216.0	0
216.0	0
216.0	0
215.0	0
214.0	0
214.0	0
214.0	0
214.0	0
212.0	0
212.0	0
212.0	0
211.0	0
211.0	0
210.0	0
209.0	0
100.0	3
129.0	8
22.0	15
35.0	20
93.0	32
18.0	29
60.0	13
158.0	15
84.0	7
137.0	5
160.0	1
203.0	0
202.0	0
204.0	0
205.0	0
203.0	0
205.0	0
206.0	0
205.0	0
206.0	0
207.0	0
207.0	0
207.0	0
208.0	0
209.0	0
209.0	0
209.0	0
210.0	0
209.0	0
210.0	0
210.0	0
210.0	0
212.0	0
211.0	0
211.0	0
211.0	0
212.0	1
165.0	2
74.0	33
32.0	197
48.0	336
71.0	171
28.0	83
66.0	41
105.0	21
45.0	7
218.0	0
218.0	0
217.0	0
218.0	0
218.0	0
219.0	0
219.0	0
218.0	0
219.0	0
219.0	0
217.0	0
218.0	0
217.0	0
217.0	0
217.0	0
217.0	0
215.0	0
215.0	0
216.0	0
214.0	0
213.0	0
213.0	0
212.0	0
212.0	0
213.0	0
212.0	0
29.0	4
108.0	5
82.0	9
106.0	14
96.0	24
130.0	7
53.0	7
154.0	6
182.0	5
205.0	0
205.0	0
204.0	0
204.0	0
207.0	0
207.0	0
206.0	0
206.0	0
206.0	0
207.0	0
207.0	0
205.0	0
207.0	0
208.0	0
209.0	0
209.0	0
209.0	0
210.0	0
211.0	0
208.0	0
209.0	0
210.0	0
209.0	0
211.0	0
211.0	0
213.0	0
213.0	0
215.0	0
133.0	1
53.0	20
56.0	62
62.0	62
43.0	38
92.0	15
91.0	11
165.0	2
183.0	1
220.0	0
221.0	0
221.0	0
221.0	0
221.0	0
221.0	0
221.0	0
223.0	0
222.0	0
223.0	0
219.0	0
223.0	0
222.0	0
221.0	0
220.0	0
220.0	0
219.0	0
217.0	0
217.0	0
214.0	0
215.0	0
215.0	0
214.0	0
214.0	0
212.0	0
212.0	0
173.0	1
140.0	1
122.0	4
66.0	14
103.0	16
129.0	14
42.0	6
207.0	0
206.0	0
205.0	0
205.0	0
205.0	0
206.0	0
204.0	0
203.0	0
203.0	0
204.0	0
203.0	0
204.0	0
205.0	0
205.0	0
206.0	0
205.0	0
206.0	0
207.0	0
207.0	0
208.0	0
208.0	0
208.0	0
208.0	0
209.0	0
209.0	0
209.0	0
211.0	0
211.0	0
212.0	0
90.0	2
213.0	0
98.0	6
119.0	8
104.0	10
68.0	10
151.0	1
154.0	2
65.0	1
217.0	0
218.0	0
219.0	0
219.0	0
220.0	0
220.0	0
219.0	0
218.0	0
219.0	0
220.0	0
219.0	0
219.0	0
220.0	0
218.0	0
218.0	0
217.0	0
218.0	0
216.0	0
216.0	0
216.0	0
213.0	0
213.0	0
213.0	0
212.0	0
211.0	0
211.0	0
210.0	0
210.0	0
209.0	1
189.0	2
103.0	4
174.0	3
108.0	2
206.0	0
204.0	0
203.0	0
202.0	0
203.0	0
204.0	0
203.0	0
203.0	0
203.0	0
202.0	0
203.0	0
203.0	0
203.0	0
205.0	0
204.0	0
204.0	0
205.0	0
205.0	0
206.0	0
207.0	0
207.0	0
207.0	0
208.0	0
207.0	0
209.0	0
209.0	0
210.0	0
211.0	0
211.0	0
212.0	0
212.0	0
204.0	2
190.0	2
196.0	2
199.0	1
217.0	0
218.0	0
218.0	0
217.0	0
218.0	0
220.0	0
219.0	0
220.0	0
220.0	0
221.0	0
222.0	0
223.0	0
223.0	0
220.0	0
220.0	0
220.0	0
220.0	0
218.0	0
219.0	0
217.0	0
216.0	0
216.0	0
216.0	0
214.0	0
214.0	0
213.0	0
213.0	0
212.0	0
211.0	0
211.0	0
209.0	0
207.0	1
209.0	0
78.0	2
167.0	1
101.0	1
206.0	0
205.0	0
205.0	0
204.0	0
204.0	0
203.0	0
202.0	0
202.0	0
203.0	0
203.0	0
202.0	0
204.0	0
204.0	0
204.0	0
204.0	0
204.0	0
205.0	0
207.0	0
209.0	0
208.0	0
207.0	0
209.0	0
209.0	0
210.0	0
210.0	0
212.0	0
213.0	0
213.0	0
214.0	0
215.0	0
216.0	0
216.0	0
215.0	0
205.0	1
179.0	1
217.0	0
218.0	0
218.0	0
218.0	0
220.0	0
220.0	0
221.0	0
221.0	0
222.0	0
222.0	0
222.0	0
222.0	0
223.0	0
222.0	0
221.0	0
222.0	0
220.0	0
220.0	0
220.0	0
218.0	0
218.0	0
218.0	0
217.0	0
215.0	0
216.0	0
213.0	0
214.0	0
214.0	0
213.0	0
212.0	0
212.0	0
211.0	0
209.0	1
97.0	1
208.0	0
208.0	0
207.0	0
207.0	0
207.0	0
208.0	0
206.0	0
205.0	0
204.0	0
204.0	0
201.0	0
201.0	0
201.0	0
204.0	0
204.0	0
203.0	0
202.0	0
204.0	0
206.0	0
206.0	0
206.0	0
208.0	0
208.0	0
208.0	0
209.0	0
209.0	0
210.0	0
210.0	0
211.0	0
212.0	0
212.0	0
214.0	0
214.0	0
215.0	0
215.0	0
217.0	0
219.0	0
219.0	0
220.0	0
220.0	0
220.0	0
222.0	0
222.0	0
221.0	0
222.0	0
222.0	0
223.0	0
223.0	0
222.0	0
222.0	0
222.0	0
222.0	0
221.0	0
222.0	0
220.0	0
220.0	0
220.0	0
218.0	0
218.0	0
218.0	0
217.0	0
216.0	0
216.0	0
214.0	0
213.0	0
213.0	0
212.0	0
212.0	0
211.0	0
210.0	0
209.0	0
121.0	1
208.0	0
207.0	0
207.0	0
207.0	0
206.0	0
205.0	0
204.0	0
204.0	0
203.0	0
202.0	0
202.0	0
203.0	0
201.0	0
203.0	0
202.0	0
202.0	0
202.0	0
203.0	0
205.0	0
206.0	0
206.0	0
206.0	0
207.0	0
208.0	0
208.0	0
209.0	0
209.0	0
211.0	0
212.0	0
212.0	0
214.0	0
214.0	0
214.0	0
215.0	0
215.0	0
217.0	0
219.0	0
219.0	0
219.0	0
220.0	0
221.0	0
221.0	0
222.0	0
223.0	0
221.0	0
223.0	0
223.0	0
223.0	0
223.0	0
224.0	0
223.0	0
224.0	0
222.0	0
221.0	0
221.0	0
221.0	0
220.0	0
220.0	0
219.0	0
218.0	0
216.0	0
216.0	0
215.0	0
215.0	0
213.0	0
213.0	0
212.0	0
213.0	0
211.0	0
210.0	0
210.0	0
209.0	0
209.0	0
208.0	0
206.0	0
206.0	0
205.0	0
204.0	0
203.0	0
203.0	0
202.0	0
201.0	0
202.0	0
202.0	0
202.0	0
203.0	0
202.0	0
202.0	0
203.0	0
204.0	0
204.0	0
205.0	0
206.0	0
208.0	0
207.0	0
209.0	0
210.0	0
211.0	0
212.0	0
212.0	0
212.0	0
215.0	0
214.0	0
214.0	0
216.0	0
217.0	0
218.0	0
219.0	0
219.0	0
220.0	0
220.0	0
221.0	0
221.0	0
221.0	0
221.0	0
222.0	0
223.0	0
223.0	0
223.0	0
224.0	0
223.0	0
223.0	0
223.0	0
223.0	0
222.0	0
222.0	0
221.0	0
219.0	0
219.0	0
218.0	0
217.0	0
217.0	0
216.0	0
216.0	0
215.0	0
214.0	0
213.0	0
213.0	0
212.0	0
212.0	0
210.0	0
209.0	0
209.0	0
208.0	0
208.0	0
205.0	0
204.0	0
205.0	0
203.0	0
203.0	0
202.0	0
203.0	0
202.0	0
202.0	0
202.0	0
204.0	0
202.0	0
204.0	0
204.0	0
204.0	0
205.0	0
204.0	0
206.0	0
207.0	0
206.0	0
208.0	0
209.0	0
211.0	0
212.0	0
214.0	0
214.0	0
215.0	0
216.0	0
217.0	0
218.0	0
218.0	0
219.0	0
220.0	0
221.0	0
221.0	0
221.0	0
221.0	0
223.0	0
222.0	0
224.0	0
224.0	0
224.0	0
225.0	0
225.0	0
225.0	0
225.0	0
226.0	0
225.0	0
226.0	0
227.0	0
225.0	0
224.0	0
222.0	0
223.0	0
222.0	0
221.0	0
220.0	0
218.0	0
219.0	0
218.0	0
216.0	0
216.0	0
214.0	0
215.0	0
214.0	0
213.0	0
212.0	0
212.0	0
210.0	0
209.0	0
209.0	0
208.0	0
207.0	0
207.0	0
206.0	0
205.0	0
204.0	0
203.0	0
204.0	0
203.0	0
205.0	0
203.0	0
201.0	0
201.0	0
201.0	0
202.0	0
202.0	0
204.0	0
205.0	0
205.0	0
206.0	0
208.0	0
209.0	0
210.0	0
212.0	0
213.0	0
213.0	0
213.0	0
214.0	0
215.0	0
217.0	0
218.0	0
218.0	0
219.0	0
219.0	0
221.0	0
220.0	0
221.0	0
222.0	0
222.0	0
222.0	0
223.0	0
224.0	0
223.0	0
224.0	0
223.0	0
223.0	0
223.0	0
223.0	0
223.0	0
223.0	0
221.0	0
222.0	0
221.0	0
221.0	0
219.0	0
219.0	0
217.0	0
218.0	0
217.0	0
217.0	0
215.0	0
214.0	0
213.0	0
212.0	0
212.0	0
212.0	0
212.0	0
210.0	0
209.0	0
208.0	0
209.0	0
209.0	0
208.0	0
206.0	0
206.0	0
203.0	0
202.0	0
202.0	0
202.0	0
201.0	0
200.0	0
199.0	0
201.0	0
200.0	0
201.0	0
200.0	0
201.0	0
201.0	0
204.0	0
204.0	0
204.0	0
209.0	0
208.0	0
210.0	0
211.0	0
210.0	0
213.0	0
214.0	0
215.0	0
215.0	0
217.0	0
219.0	0
219.0	0
219.0	0
219.0	0
220.0	0
221.0	0
221.0	0
221.0	0
222.0	0
224.0	0
224.0	0
225.0	0
226.0	0
226.0	0
223.0	0
226.0	0
226.0	0
225.0	0
224.0	0
225.0	0
223.0	0
223.0	0
221.0	0
222.0	0
221.0	0
220.0	0
219.0	0
218.0	0
218.0	0
215.0	0
215.0	0
213.0	0
214.0	0
213.0	0
212.0	0
212.0	0
210.0	0
209.0	0
209.0	0
209.0	0
207.0	0
206.0	0
204.0	0
204.0	0
203.0	0
203.0	0
202.0	0
201.0	0
201.0	0
200.0	0
200.0	0
201.0	0
200.0	0
200.0	0
201.0	0
203.0	0
203.0	0
203.0	0
204.0	0
204.0	0
206.0	0
207.0	0
207.0	0
209.0	0
210.0	0
212.0	0
213.0	0
213.0	0
214.0	0
215.0	0
215.0	0
216.0	0
217.0	0
218.0	0
219.0	0
220.0	0
221.0	0
222.0	0
223.0	0
223.0	0
224.0	0
227.0	0
226.0	0
226.0	0
225.0	0
225.0	0
226.0	0
226.0	0
227.0	0
226.0	0
225.0	0
224.0	0
225.0	0
225.0	0
222.0	0
222.0	0
222.0	0
220.0	0
220.0	0
219.0	0
218.0	0
218.0	0
216.0	0
216.0	0
215.0	0
214.0	0
212.0	0
212.0	0
211.0	0
212.0	0
211.0	0
209.0	0
208.0	0
208.0	0
207.0	0
206.0	0
205.0	0
205.0	0
204.0	0
204.0	0
205.0	0
204.0	0
202.0	0
203.0	0
202.0	0
203.0	0
203.0	0
203.0	0
203.0	0
204.0	0
205.0	0
204.0	0
206.0	0
207.0	0
210.0	0
210.0	0
212.0	0
211.0	0
215.0	0
215.0	0
216.0	0
218.0	0
218.0	0
219.0	0
219.0	0
220.0	0
220.0	0
221.0	0
221.0	0
222.0	0
223.0	0
223.0	0
225.0	0
225.0	0
225.0	0
226.0	0
227.0	0
227.0	0
227.0	0
227.0	0
225.0	0
226.0	0
226.0	0
226.0	0
225.0	0
224.0	0
224.0	0
223.0	0
222.0	0
220.0	0
220.0	0
218.0	0
219.0	0
216.0	0
216.0	0
215.0	0
214.0	0
213.0	0
212.0	0
212.0	0
211.0	0
210.0	0
208.0	0
207.0	0
207.0	0
207.0	0
206.0	0
204.0	0
204.0	0
205.0	0
204.0	0
204.0	0
203.0	0
203.0	0
202.0	0
201.0	0
202.0	0
202.0	0
202.0	0
202.0	0
202.0	0
203.0	0
204.0	0
206.0	0
206.0	0
209.0	0
211.0	0
212.0	0
213.0	0
216.0	0
216.0	0
217.0	0
217.0	0
218.0	0
219.0	0
220.0	0
220.0	0
221.0	0
222.0	0
223.0	0
224.0	0
223.0	0
224.0	0
224.0	0
225.0	0
225.0	0
224.0	0
225.0	0
225.0	0
227.0	0
226.0	0
226.0	0
224.0	0
224.0	0
225.0	0
224.0	0
224.0	0
224.0	0
221.0	0
221.0	0
220.0	0
219.0	0
218.0	0
216.0	0
217.0	0
216.0	0
215.0	0
213.0	0
213.0	0
213.0	0
212.0	0
211.0	0
210.0	0
209.0	0
209.0	0
208.0	0
208.0	0
208.0	0
205.0	0
204.0	0
203.0	0
202.0	0
202.0	0
202.0	0
202.0	0
200.0	0
202.0	0
202.0	0
202.0	0
202.0	0
203.0	0
203.0	0
204.0	0
204.0	0
206.0	0
207.0	0
208.0	0
209.0	0
210.0	0
211.0	0
213.0	0
213.0	0
215.0	0
215.0	0
216.0	0
217.0	0
218.0	0
219.0	0
220.0	0
221.0	0
221.0	0
221.0	0
222.0	0
222.0	0
223.0	0
223.0	0
224.0	0
225.0	0
226.0	0
225.0	0
226.0	0
225.0	0
226.0	0
226.0	0
225.0	0
226.0	0
226.0	0
225.0	0
225.0	0
225.0	0
223.0	0
222.0	0
221.0	0
219.0	0
218.0	0
218.0	0
217.0	0
215.0	0
215.0	0
213.0	0
213.0	0
212.0	0
211.0	0
211.0	0
209.0	0
208.0	0
208.0	0
207.0	0
205.0	0
204.0	0
204.0	0
203.0	0
203.0	0
201.0	0
201.0	0
202.0	0
202.0	0
202.0	0
201.0	0
203.0	0
202.0	0
203.0	0
204.0	0
201.0	0
203.0	0
203.0	0
205.0	0
205.0	0
207.0	0
209.0	0
211.0	0
212.0	0
212.0	0
214.0	0
214.0	0
216.0	0
217.0	0
218.0	0
219.0	0
218.0	0
220.0	0
220.0	0
222.0	0
222.0	0
223.0	0
224.0	0
225.0	0
224.0	0
226.0	0
226.0	0
226.0	0
227.0	0
226.0	0
226.0	0
226.0	0
226.0	0
226.0	0
225.0	0
222.0	0
224.0	0
224.0	0
220.0	0
222.0	0
220.0	0
219.0	0
220.0	0
219.0	0
217.0	0
216.0	0
214.0	0
213.0	0
213.0	0
212.0	0
211.0	0
209.0	0
209.0	0
209.0	0
205.0	0
207.0	0
204.0	0
205.0	0
204.0	0
203.0	0
200.0	0
204.0	0
203.0	0
202.0	0
202.0	0
202.0	0
201.0	0
202.0	0
202.0	0
200.0	0
201.0	0
203.0	0
204.0	0
204.0	0
205.0	0
206.0	0
206.0	0
207.0	0
210.0	0
211.0	0
212.0	0
213.0	0
214.0	0
215.0	0
216.0	0
218.0	0
218.0	0
219.0	0
220.0	0
220.0	0
220.0	0
222.0	0
224.0	0
225.0	0
224.0	0
225.0	0
226.0	0
226.0	0
227.0	0
227.0	0
227.0	0
227.0	0
227.0	0
226.0	0
226.0	0
226.0	0
225.0	0
225.0	0
224.0	0
223.0	0
222.0	0
221.0	0
221.0	0
219.0	0
219.0	0
219.0	0
217.0	0
217.0	0
215.0	0
215.0	0
212.0	0
212.0	0
210.0	0
210.0	0
210.0	0
208.0	0
207.0	0
208.0	0
206.0	0
205.0	0
204.0	0
204.0	0
204.0	0
203.0	0
203.0	0
203.0	0
204.0	0
203.0	0
203.0	0
203.0	0
203.0	0
204.0	0
203.0	0
202.0	0
204.0	0
204.0	0
205.0	0
206.0	0
206.0	0
208.0	0
210.0	0
211.0	0
212.0	0
213.0	0
214.0	0
215.0	0
216.0	0
218.0	0
217.0	0
219.0	0
219.0	0
220.0	0
221.0	0
222.0	0
221.0	0
222.0	0
224.0	0
223.0	0
224.0	0
225.0	0
227.0	0
225.0	0
225.0	0
225.0	0
225.0	0
225.0	0
225.0	0
224.0	0
224.0	0
224.0	0
223.0	0
223.0	0
220.0	0
220.0	0
219.0	0
218.0	0
217.0	0
215.0	0
215.0	0
213.0	0
212.0	0
212.0	0
211.0	0
211.0	0
210.0	0
208.0	0
207.0	0
207.0	0
206.0	0
205.0	0
203.0	0
203.0	0
202.0	0
201.0	0
201.0	0
201.0	0
202.0	0
201.0	0
202.0	0
202.0	0
203.0	0
203.0	0
202.0	0
202.0	0
203.0	0
203.0	0
203.0	0
203.0	0
205.0	0
205.0	0
208.0	0
209.0	0
209.0	0
211.0	0
212.0	0
213.0	0
214.0	0
216.0	0
217.0	0
217.0	0
217.0	0
218.0	0
219.0	0
220.0	0
221.0	0
221.0	0
222.0	0
222.0	0
223.0	0
224.0	0
224.0	0
224.0	0
225.0	0
224.0	0
225.0	0
225.0	0
225.0	0
225.0	0
224.0	0
223.0	0
223.0	0
223.0	0
222.0	0
223.0	0
219.0	0
218.0	0
217.0	0
217.0	0
216.0	0
214.0	0
213.0	0
213.0	0
116.0	1
212.0	0
211.0	0
209.0	0
207.0	0
207.0	0
206.0	0
206.0	0
205.0	0
204.0	0
202.0	0
202.0	0
201.0	0
201.0	0
201.0	0
202.0	0
201.0	0
201.0	0
201.0	0
202.0	0
202.0	0
203.0	0
202.0	0
201.0	0
202.0	0
202.0	0
203.0	0
204.0	0
205.0	0
206.0	0
208.0	0
208.0	0
209.0	0
212.0	0
212.0	0
213.0	0
216.0	0
74.0	1
217.0	0
217.0	0
219.0	0
219.0	0
221.0	0
221.0	0
222.0	0
222.0	0
223.0	0
223.0	0
224.0	0
224.0	0
224.0	0
225.0	0
224.0	0
224.0	0
225.0	0
225.0	0
224.0	0
223.0	0
223.0	0
223.0	0
222.0	0
221.0	0
218.0	0
221.0	0
219.0	0
217.0	0
217.0	0
216.0	0
214.0	0
213.0	0
213.0	0
211.0	0
210.0	0
210.0	0
208.0	0
208.0	0
206.0	0
207.0	0
205.0	0
206.0	0
204.0	0
203.0	0
203.0	0
203.0	0
201.0	0
203.0	0
201.0	0
201.0	0
202.0	0
203.0	0
202.0	0
203.0	0
203.0	0
203.0	0
203.0	0
202.0	0
202.0	0
204.0	0
204.0	0
204.0	0
206.0	0
207.0	0
208.0	0
209.0	0
211.0	0
212.0	0
213.0	0
214.0	0
215.0	0
206.0	1
218.0	0
219.0	0
219.0	0
219.0	0
220.0	0
221.0	0
222.0	0
222.0	0
223.0	0
224.0	0
224.0	0
225.0	0
225.0	0
225.0	0
225.0	0
225.0	0
225.0	0
224.0	0
225.0	0
226.0	0
223.0	0
223.0	0
222.0	0
222.0	0
221.0	0
221.0	0
220.0	0
218.0	0
218.0	0
216.0	0
215.0	0
214.0	0
126.0	1
148.0	3
28.0	1
83.0	1
209.0	1
208.0	0
208.0	0
207.0	0
205.0	0
205.0	0
204.0	0
204.0	0
203.0	0
202.0	0
203.0	0
203.0	0
204.0	0
204.0	0
204.0	0
204.0	0
204.0	0
203.0	0
203.0	0
204.0	0
204.0	0
204.0	0
204.0	0
204.0	0
205.0	0
204.0	0
207.0	0
207.0	0
206.0	0
209.0	0
212.0	0
182.0	1
212.0	0
215.0	0
159.0	1
217.0	0
217.0	0
219.0	0
219.0	0
219.0	0
220.0	0
221.0	0
221.0	0
222.0	0
223.0	0
223.0	0
223.0	0
224.0	0
224.0	0
224.0	0
225.0	0
224.0	0
224.0	0
224.0	0
225.0	0
223.0	0
222.0	0
222.0	0
221.0	0
220.0	0
220.0	0
218.0	0
218.0	0
216.0	0
216.0	0
216.0	1
213.0	0
59.0	4
200.0	2
211.0	0
209.0	0
209.0	0
208.0	0
207.0	0
207.0	0
207.0	0
204.0	0
204.0	0
203.0	0
203.0	0
201.0	0
202.0	0
203.0	0
203.0	0
203.0	0
203.0	0
203.0	0
202.0	0
203.0	0
203.0	0
202.0	0
202.0	0
203.0	0
203.0	0
203.0	0
204.0	0
205.0	0
205.0	0
206.0	0
207.0	0
209.0	0
209.0	0
210.0	0
187.0	1
212.0	0
214.0	0
215.0	0
193.0	1
216.0	0
216.0	0
218.0	0
218.0	0
218.0	0
219.0	0
47.0	1
221.0	0
223.0	0
223.0	0
223.0	0
223.0	0
223.0	0
224.0	0
225.0	0
120.0	1
226.0	0
226.0	0
223.0	0
224.0	0
223.0	0
222.0	0
221.0	0
220.0	0
218.0	0
218.0	0
218.0	0
134.0	3
72.0	3
121.0	3
48.0	5
145.0	2
48.0	3
101.0	4
208.0	1
209.0	0
208.0	0
206.0	0
205.0	0
204.0	0
204.0	0
204.0	0
202.0	0
202.0	0
202.0	0
202.0	0
202.0	0
202.0	0
203.0	0
204.0	0
202.0	0
202.0	0
203.0	0
203.0	0
204.0	0
204.0	0
204.0	0
204.0	0
205.0	0
205.0	0
206.0	0
206.0	0
207.0	0
209.0	0
210.0	0
209.0	0
210.0	0
212.0	0
201.0	1
214.0	0
214.0	0
216.0	0
216.0	0
217.0	0
218.0	0
218.0	0
218.0	0
220.0	0
221.0	0
221.0	0
222.0	0
222.0	0
223.0	0
224.0	0
223.0	0
224.0	0
224.0	0
224.0	0
223.0	0
224.0	0
224.0	0
223.0	0
223.0	0
221.0	0
222.0	0
220.0	0
219.0	0
217.0	0
51.0	1
34.0	5
19.0	4
124.0	7
63.0	6
115.0	6
41.0	4
159.0	2
209.0	0
208.0	0
208.0	0
206.0	1
206.0	0
205.0	0
205.0	0
204.0	0
204.0	0
203.0	0
205.0	0
204.0	0
204.0	0
203.0	0
203.0	0
205.0	0
205.0	0
206.0	0
205.0	0
206.0	0
205.0	0
205.0	0
205.0	0
204.0	0
206.0	0
205.0	0
206.0	0
207.0	0
208.0	0
209.0	0
210.0	0
210.0	0
211.0	0
212.0	0
212.0	0
215.0	0
214.0	0
215.0	0
216.0	0
217.0	0
218.0	0
219.0	0
218.0	0
219.0	0
220.0	0
222.0	0
222.0	0
222.0	0
223.0	0
224.0	0
224.0	0
224.0	0
225.0	0
223.0	0
223.0	0
224.0	0
223.0	0
222.0	0
222.0	0
220.0	0
222.0	0
219.0	0
182.0	1
24.0	1
38.0	5
83.0	4
172.0	2
131.0	4
213.0	0
125.0	1
209.0	0
169.0	1
209.0	0
209.0	0
208.0	0
205.0	0
206.0	0
204.0	0
206.0	0
205.0	0
205.0	0
204.0	0
205.0	0
205.0	0
205.0	0
205.0	0
205.0	0
205.0	0
206.0	0
205.0	0
205.0	0
206.0	0
206.0	0
205.0	0
205.0	0
206.0	0
207.0	0
204.0	0
205.0	0
205.0	0
205.0	0
206.0	0
206.0	0
208.0	0
208.0	0
210.0	0
210.0	0
212.0	0
212.0	0
212.0	0
213.0	0
214.0	0
215.0	0
216.0	0
217.0	0
218.0	0
219.0	0
219.0	0
221.0	0
221.0	0
221.0	0
221.0	0
20.0	1
221.0	0
220.0	0
221.0	0
185.0	1
220.0	0
219.0	0
219.0	0
219.0	0
218.0	0
217.0	0
216.0	0
214.0	1
84.0	2
65.0	4
137.0	2
132.0	2
208.0	1
209.0	0
183.0	2
208.0	0
52.0	1
206.0	0
200.0	1
204.0	0
204.0	0
203.0	0
203.0	0
202.0	0
202.0	0
203.0	0
203.0	0
204.0	0
203.0	0
203.0	0
202.0	0
203.0	0
204.0	0
204.0	0
203.0	0
203.0	0
202.0	0
204.0	0
195.0	1
203.0	0
204.0	0
205.0	0
204.0	0
205.0	0
205.0	0
204.0	0
205.0	0
206.0	0
206.0	0
208.0	0
209.0	0
210.0	0
211.0	0
213.0	0
214.0	0
214.0	0
215.0	0
215.0	0
216.0	0
217.0	0
217.0	0
218.0	0
218.0	0
215.0	1
220.0	0
218.0	0
220.0	0
220.0	0
69.0	1
220.0	0
220.0	0
219.0	0
220.0	0
219.0	0
217.0	0
218.0	0
217.0	0
215.0	1
215.0	0
123.0	1
195.0	2
67.0	2
212.0	0
209.0	0
210.0	0
208.0	0
208.0	0
207.0	0
205.0	0
206.0	0
205.0	0
205.0	0
203.0	0
203.0	0
204.0	0
203.0	0
204.0	0
204.0	0
202.0	0
203.0	0
203.0	0
202.0	0
204.0	0
204.0	0
204.0	0
202.0	0
202.0	0
204.0	0
204.0	0
203.0	0
203.0	0
203.0	0
203.0	0
205.0	0
204.0	0
204.0	0
204.0	0
204.0	0
205.0	0
206.0	0
207.0	0
207.0	0
209.0	0
209.0	0
211.0	0
212.0	0
213.0	0
213.0	0
215.0	0
216.0	0
215.0	0
217.0	0
217.0	0
216.0	0
218.0	0
217.0	0
218.0	0
219.0	0
198.0	1
219.0	0
219.0	0
220.0	0
220.0	0
219.0	0
220.0	0
219.0	0
217.0	0
218.0	0
216.0	0
75.0	2
215.0	0
151.0	1
212.0	0
212.0	0
212.0	0
209.0	0
209.0	0
208.0	0
207.0	0
206.0	0
205.0	0
206.0	0
205.0	0
205.0	0
204.0	0
204.0	0
204.0	0
203.0	0
202.0	0
203.0	0
202.0	0
203.0	0
202.0	0
203.0	0
203.0	0
204.0	0
204.0	0
203.0	0
203.0	0
204.0	0
204.0	0
205.0	0
204.0	0
204.0	0
204.0	0
204.0	0
205.0	0
206.0	0
206.0	0
207.0	0
207.0	0
207.0	0
206.0	0
208.0	0
209.0	0
210.0	0
210.0	0
211.0	0
212.0	0
214.0	0
214.0	0
214.0	0
215.0	0
215.0	0
216.0	0
217.0	0
218.0	0
217.0	0
218.0	0
218.0	0
218.0	0
219.0	0
218.0	0
218.0	0
218.0	0
217.0	0
217.0	0
218.0	0
206.0	1
159.0	1
130.0	1
215.0	0
214.0	0
214.0	0
213.0	0
211.0	0
212.0	0
210.0	0
209.0	0
209.0	0
208.0	0
207.0	0
206.0	0
205.0	0
205.0	0
204.0	0
205.0	0
205.0	0
203.0	0
204.0	0
204.0	0
204.0	0
203.0	0
196.0	1
202.0	0
203.0	0
204.0	0
205.0	0
203.0	0
205.0	0
204.0	0
205.0	0
206.0	0
206.0	0
204.0	0
204.0	0
204.0	0
206.0	0
206.0	0
204.0	0
205.0	0
206.0	0
207.0	0
208.0	0
208.0	0
209.0	0
209.0	0
209.0	0
211.0	0
211.0	0
211.0	0
212.0	0
213.0	0
213.0	0
214.0	0
215.0	0
216.0	0
215.0	0
216.0	0
215.0	0
216.0	0
215.0	0
218.0	0
217.0	0
218.0	0
219.0	0
217.0	0
217.0	0
218.0	0
216.0	0
216.0	0
216.0	0
142.0	1
214.0	0
213.0	0
177.0	1
161.0	1
212.0	0
210.0	0
210.0	0
209.0	0
209.0	0
207.0	0
207.0	0
206.0	0
204.0	0
205.0	0
204.0	0
204.0	0
203.0	0
204.0	0
203.0	0
204.0	0
203.0	0
203.0	0
204.0	0
203.0	0
203.0	0
203.0	0
204.0	0
204.0	0
204.0	0
205.0	0
204.0	0
206.0	0
205.0	0
204.0	0
204.0	0
204.0	0
204.0	0
206.0	0
206.0	0
206.0	0
207.0	0
208.0	0
207.0	0
208.0	0
209.0	0
209.0	0
210.0	0
210.0	0
211.0	0
211.0	0
212.0	0
213.0	0
213.0	0
213.0	0
215.0	0
215.0	0
217.0	0
217.0	0
217.0	0
217.0	0
217.0	0
218.0	0
217.0	0
217.0	0
217.0	0
217.0	0
217.0	0
217.0	0
216.0	0
216.0	0
216.0	0
215.0	0
214.0	0
214.0	0
213.0	0
213.0	0
211.0	0
210.0	0
209.0	0
209.0	0
209.0	0
207.0	0
206.0	0
206.0	0
206.0	0
205.0	0
205.0	0
205.0	0
205.0	0
204.0	0
204.0	0
204.0	0
204.0	0
204.0	0
204.0	0
205.0	0
205.0	0
203.0	0
204.0	0
205.0	0
204.0	0
204.0	0
205.0	0
205.0	0
205.0	0
205.0	0
206.0	0
207.0	0
206.0	0
209.0	0
209.0	0
208.0	0
207.0	0
209.0	0
209.0	0
209.0	0
208.0	0
210.0	0
211.0	0
211.0	0
212.0	0
213.0	0
212.0	0
213.0	0
213.0	0
215.0	0
216.0	0
215.0	0
215.0	0
216.0	0
217.0	0
217.0	0
219.0	0
218.0	0
217.0	0
218.0	0
217.0	0
218.0	0
217.0	0
218.0	0
216.0	0
217.0	0
217.0	0
216.0	0
215.0	0
215.0	0
213.0	0
213.0	0
212.0	0
210.0	0
210.0	0
210.0	0
208.0	0
209.0	0
208.0	0
207.0	0
207.0	0
207.0	0
208.0	0
206.0	0
205.0	0
205.0	0
206.0	0
204.0	0
206.0	0
205.0	0
204.0	0
206.0	0
206.0	0
206.0	0
207.0	0
207.0	0
206.0	0
205.0	0
206.0	0
208.0	0
207.0	0
208.0	0
208.0	0
207.0	0
208.0	0
205.0	0
205.0	0
205.0	0
205.0	0
205.0	0
206.0	0
207.0	0
206.0	0
207.0	0
208.0	0
208.0	0
209.0	0
210.0	0
210.0	0
211.0	0
210.0	0
211.0	0
212.0	0
213.0	0
214.0	0
214.0	0
215.0	0
215.0	0
214.0	0
215.0	0
215.0	0
215.0	0
215.0	0
215.0	0
215.0	0
215.0	0
213.0	0
213.0	0
212.0	0
212.0	0
212.0	0
211.0	0
211.0	0
209.0	0
209.0	0
209.0	0
208.0	0
206.0	0
206.0	0
204.0	0
204.0	0
205.0	0
205.0	0
204.0	0
204.0	0
202.0	0
202.0	0
203.0	0
203.0	0
203.0	0
202.0	0
203.0	0
202.0	0
202.0	0
203.0	0
203.0	0
203.0	0
205.0	0
205.0	0
204.0	0
205.0	0
205.0	0
204.0	0
204.0	0
205.0	0
205.0	0
205.0	0
207.0	0
205.0	0
208.0	0
206.0	0
206.0	0
206.0	0
208.0	0
210.0	0
209.0	0
208.0	0
210.0	0
208.0	0
210.0	0
209.0	0
212.0	0
212.0	0
213.0	0
212.0	0
212.0	0
214.0	0
214.0	0
214.0	0
216.0	0
215.0	0
215.0	0
215.0	0
216.0	0
215.0	0
215.0	0
215.0	0
213.0	0
214.0	0
214.0	0
213.0	0
212.0	0
211.0	0
211.0	0
212.0	0
210.0	0
208.0	0
209.0	0
209.0	0
208.0	0
206.0	0
206.0	0
206.0	0
205.0	0
204.0	0
206.0	0
206.0	0
206.0	0
205.0	0
205.0	0
203.0	0
205.0	0
204.0	0
205.0	0
205.0	0
204.0	0
206.0	0
206.0	0
205.0	0
206.0	0
206.0	0
206.0	0
206.0	0
206.0	0
206.0	0
207.0	0
206.0	0
205.0	0
208.0	0
206.0	0
208.0	0
206.0	0
206.0	0
208.0	0
206.0	0
209.0	0
209.0	0
209.0	0
208.0	0
208.0	0
210.0	0
210.0	0
210.0	0
212.0	0
213.0	0
213.0	0
213.0	0
214.0	0
214.0	0
213.0	0
214.0	0
216.0	0
215.0	0
215.0	0
215.0	0
216.0	0
214.0	0
215.0	0
214.0	0
214.0	0
215.0	0
213.0	0
213.0	0
213.0	0
211.0	0
212.0	0
211.0	0
210.0	0
210.0	0
208.0	0
209.0	0
208.0	0
207.0	0
207.0	0
206.0	0
205.0	0
206.0	0
205.0	0
205.0	0
205.0	0
206.0	0
204.0	0
205.0	0
205.0	0
205.0	0
205.0	0
205.0	0
205.0	0
206.0	0
205.0	0
206.0	0
206.0	0
205.0	0
206.0	0
206.0	0
206.0	0
205.0	0
205.0	0
206.0	0
206.0	0
206.0	0
206.0	0
206.0	0
206.0	0
205.0	0
205.0	0
207.0	0
208.0	0
207.0	0
208.0	0
208.0	0
210.0	0
209.0	0
209.0	0
210.0	0
210.0	0
211.0	0
212.0	0
212.0	0
212.0	0
212.0	0
214.0	0
212.0	0
212.0	0
214.0	0
213.0	0
214.0	0
214.0	0
214.0	0
214.0	0
215.0	0
214.0	0
214.0	0
213.0	0
213.0	0
211.0	0
210.0	0
210.0	0
210.0	0
209.0	0
208.0	0
208.0	0
207.0	0
207.0	0
206.0	0
205.0	0
207.0	0
207.0	0
205.0	0
206.0	0
205.0	0
205.0	0
205.0	0
206.0	0
204.0	0
205.0	0
204.0	0
204.0	0
205.0	0
205.0	0
205.0	0
206.0	0
207.0	0
206.0	0
205.0	0
206.0	0
207.0	0
206.0	0
206.0	0
206.0	0
206.0	0
207.0	0
206.0	0
207.0	0
207.0	0
207.0	0
208.0	0
209.0	0
208.0	0
209.0	0
209.0	0
209.0	0
210.0	0
211.0	0
211.0	0
212.0	0
211.0	0
212.0	0
212.0	0
213.0	0
212.0	0
214.0	0
214.0	0
213.0	0
213.0	0
215.0	0
214.0	0
214.0	0
215.0	0
214.0	0
214.0	0
214.0	0
215.0	0
213.0	0
213.0	0
213.0	0
213.0	0
213.0	0
213.0	0
211.0	0
209.0	0
209.0	0
209.0	0
209.0	0
209.0	0
208.0	0
208.0	0
207.0	0
207.0	0
206.0	0
206.0	0
207.0	0
208.0	0
206.0	0
207.0	0
206.0	0
205.0	0
206.0	0
205.0	0
205.0	0
206.0	0
206.0	0
205.0	0
206.0	0
206.0	0
206.0	0
179.0	1
207.0	0
206.0	0
205.0	0
207.0	0
206.0	0
207.0	0
207.0	0
207.0	0
207.0	0
207.0	0
206.0	0
208.0	0
206.0	0
208.0	0
208.0	0
209.0	0
209.0	0
210.0	0
210.0	0
211.0	0
211.0	0
211.0	0
212.0	0
212.0	0
212.0	0
211.0	0
214.0	0
214.0	0
212.0	0
213.0	0
214.0	0
214.0	0
213.0	0
214.0	0
213.0	0
214.0	0
213.0	0
212.0	0
214.0	0
213.0	0
212.0	0
212.0	0
213.0	0
212.0	0
210.0	0
209.0	0
210.0	0
209.0	0
210.0	0
208.0	0
208.0	0
208.0	0
207.0	0
207.0	0
207.0	0
207.0	0
207.0	0
208.0	0
206.0	0
207.0	0
207.0	0
205.0	0
206.0	0
206.0	0
206.0	0
206.0	0
206.0	0
204.0	0
205.0	0
206.0	0
207.0	0
206.0	0
206.0	0
206.0	0
207.0	0
207.0	0
207.0	0
207.0	0
207.0	0
207.0	0
208.0	0
206.0	0
208.0	0
208.0	0
208.0	0
208.0	0
208.0	0
209.0	0
209.0	0
210.0	0
211.0	0
210.0	0
210.0	0
210.0	0
211.0	0
213.0	0
212.0	0
211.0	0
212.0	0
212.0	0
213.0	0
213.0	0
213.0	0
212.0	0
213.0	0
213.0	0
212.0	0
213.0	0
213.0	0
213.0	0
212.0	0
212.0	0
212.0	0
211.0	0
209.0	0
209.0	0
210.0	0
209.0	0
208.0	0
206.0	0
208.0	0
208.0	0
207.0	0
207.0	0
208.0	0
208.0	0
205.0	0
207.0	0
206.0	0
206.0	0
206.0	0
207.0	0
205.0	0
205.0	0
206.0	0
205.0	0
206.0	0
205.0	0
205.0	0
205.0	0
205.0	0
206.0	0
207.0	0
206.0	0
206.0	0
206.0	0
206.0	0
208.0	0
207.0	0
206.0	0
206.0	0
208.0	0
206.0	0
206.0	0
207.0	0
207.0	0
207.0	0
207.0	0
209.0	0
209.0	0
210.0	0
212.0	0
210.0	0
211.0	0
211.0	0
209.0	0
211.0	0
211.0	0
211.0	0
212.0	0
212.0	0
212.0	0
213.0	0
212.0	0
212.0	0
212.0	0
212.0	0
211.0	0
212.0	0
210.0	0
213.0	0
212.0	0
212.0	0
212.0	0
212.0	0
210.0	0
210.0	0
209.0	0
209.0	0
208.0	0
208.0	0
208.0	0
208.0	0
207.0	0
208.0	0
208.0	0
208.0	0
207.0	0
207.0	0
207.0	0
206.0	0
207.0	0
207.0	0
206.0	0
206.0	0
206.0	0
206.0	0
206.0	0
207.0	0
206.0	0
205.0	0
205.0	0
203.0	0
207.0	0
207.0	0
208.0	0
206.0	0
206.0	0
208.0	0
206.0	0
207.0	0
207.0	0
207.0	0
208.0	0
209.0	0
209.0	0
208.0	0
209.0	0
210.0	0
210.0	0
211.0	0
210.0	0
211.0	0
213.0	0
211.0	0
213.0	0
212.0	0
212.0	0
212.0	0
212.0	0
212.0	0
213.0	0
213.0	0
212.0	0
213.0	0
213.0	0
213.0	0
213.0	0
213.0	0
212.0	0
213.0	0
213.0	0
213.0	0
213.0	0
213.0	0
214.0	0
213.0	0
213.0	0
211.0	0
210.0	0
210.0	0
209.0	0
210.0	0
209.0	0
210.0	0
209.0	0
209.0	0
210.0	0
208.0	0
209.0	0
208.0	0
207.0	0
207.0	0
208.0	0
208.0	0
206.0	0
207.0	0
206.0	0
206.0	0
206.0	0
206.0	0
207.0	0
206.0	0
206.0	0
207.0	0
206.0	0
207.0	0
206.0	0
207.0	0
208.0	0
207.0	0
209.0	0
209.0	0
209.0	0
209.0	0
209.0	0
207.0	0
207.0	0
206.0	0
207.0	0
206.0	0
209.0	0
209.0	0
210.0	0
210.0	0
210.0	0
211.0	0
208.0	0
212.0	0
212.0	0
210.0	0
211.0	0
210.0	0
212.0	0
212.0	0
212.0	0
211.0	0
212.0	0
213.0	0
212.0	0
212.0	0
211.0	0
212.0	0
212.0	0
212.0	0
212.0	0
212.0	0
210.0	0
210.0	0
210.0	0
210.0	0
209.0	0
209.0	0
207.0	0
206.0	0
207.0	0
208.0	0
208.0	0
207.0	0
208.0	0
207.0	0
207.0	0
205.0	0
207.0	0
207.0	0
207.0	0
206.0	0
207.0	0
207.0	0
207.0	0
206.0	0
206.0	0
205.0	0
206.0	0
206.0	0
206.0	0
207.0	0
207.0	0
207.0	0
206.0	0
207.0	0
208.0	0
208.0	0
208.0	0
207.0	0
208.0	0
208.0	0
207.0	0
207.0	0
208.0	0
207.0	0
208.0	0
207.0	0
208.0	0
209.0	0
208.0	0
209.0	0
210.0	0
210.0	0
210.0	0
210.0	0
211.0	0
211.0	0
211.0	0
210.0	0
211.0	0
210.0	0
211.0	0
211.0	0
211.0	0
212.0	0
212.0	0
212.0	0
212.0	0
212.0	0
212.0	0
212.0	0
211.0	0
210.0	0
211.0	0
211.0	0
209.0	0
210.0	0
210.0	0
208.0	0
208.0	0
209.0	0
208.0	0
207.0	0
208.0	0
208.0	0
207.0	0
208.0	0
208.0	0
207.0	0
207.0	0
206.0	0
208.0	0
207.0	0
206.0	0
206.0	0
206.0	0
206.0	0
205.0	0
205.0	0
205.0	0
207.0	0
207.0	0
204.0	0
206.0	0
206.0	0
206.0	0
207.0	0
207.0	0
206.0	0
206.0	0
206.0	0
206.0	0
207.0	0
208.0	0
206.0	0
205.0	0
206.0	0
208.0	0
206.0	0
207.0	0
209.0	0
209.0	0
211.0	0
209.0	0
210.0	0
211.0	0
210.0	0
212.0	0
212.0	0
211.0	0
211.0	0
211.0	0
211.0	0
211.0	0
211.0	0
211.0	0
211.0	0
211.0	0
210.0	0
209.0	0
210.0	0
210.0	0
209.0	0
211.0	0
210.0	0
210.0	0
209.0	0
209.0	0
207.0	0
207.0	0
208.0	0
207.0	0
207.0	0
207.0	0
207.0	0
208.0	0
207.0	0
208.0	0
206.0	0
207.0	0
207.0	0
206.0	0
205.0	0
208.0	0
206.0	0
206.0	0
207.0	0
206.0	0
206.0	0
205.0	0
204.0	0
204.0	0
204.0	0
205.0	0
204.0	0
203.0	0
207.0	0
207.0	0
206.0	0
207.0	0
205.0	0
205.0	0
206.0	0
205.0	0
206.0	0
205.0	0
205.0	0
206.0	0
205.0	0
206.0	0
205.0	0
206.0	0
207.0	0
208.0	0
207.0	0
209.0	0
208.0	0
207.0	0
207.0	0
208.0	0
208.0	0
209.0	0
208.0	0
208.0	0
209.0	0
209.0	0
209.0	0
209.0	0
209.0	0
209.0	0
209.0	0
210.0	0
210.0	0
210.0	0
208.0	0
208.0	0
209.0	0
207.0	0
208.0	0
207.0	0
207.0	0
207.0	0
206.0	0
207.0	0
206.0	0
206.0	0
205.0	0
205.0	0
206.0	0
205.0	0
206.0	0
206.0	0
205.0	0
204.0	0
204.0	0
204.0	0
203.0	0
204.0	0
204.0	0
204.0	0
203.0	0
204.0	0
204.0	0
204.0	0
203.0	0
204.0	0
204.0	0
205.0	0
205.0	0
205.0	0
204.0	0
205.0	0
205.0	0
205.0	0
205.0	0
205.0	0
205.0	0
205.0	0
205.0	0
205.0	0
206.0	0
207.0	0
207.0	0
206.0	0
206.0	0
208.0	0
208.0	0
209.0	0
208.0	0
209.0	0
207.0	0
209.0	0
209.0	0
209.0	0
210.0	0
210.0	0
209.0	0
209.0	0
210.0	0
210.0	0
209.0	0
209.0	0
209.0	0
210.0	0
210.0	0
209.0	0
209.0	0
209.0	0
208.0	0
208.0	0
209.0	0
208.0	0
206.0	0
206.0	0
205.0	0
208.0	0
207.0	0
206.0	0
207.0	0
207.0	0
206.0	0
205.0	0
206.0	0
205.0	0
204.0	0
205.0	0
205.0	0
205.0	0
205.0	0
204.0	0
204.0	0
204.0	0
205.0	0
204.0	0
204.0	0
203.0	0
204.0	0
204.0	0
204.0	0
204.0	0
205.0	0
205.0	0
204.0	0
204.0	0
204.0	0
205.0	0
205.0	0
204.0	0
205.0	0
206.0	0
196.0	1
204.0	0
204.0	0
204.0	0
206.0	0
205.0	0
205.0	0
206.0	0
207.0	0
208.0	0
207.0	0
208.0	0
208.0	0
208.0	0
207.0	0
208.0	0
207.0	0
208.0	0
209.0	0
208.0	0
209.0	0
208.0	0
208.0	0
208.0	0
208.0	0
208.0	0
207.0	0
208.0	0
207.0	0
206.0	0
207.0	0
207.0	0
205.0	0
206.0	0
206.0	0
205.0	0
205.0	0
205.0	0
204.0	0
205.0	0
205.0	0
204.0	0
204.0	0
204.0	0
205.0	0
205.0	0
205.0	0
204.0	0
203.0	0
203.0	0
203.0	0
203.0	0
204.0	0
203.0	0
203.0	0
202.0	0
203.0	0
203.0	0
203.0	0
203.0	0
203.0	0
203.0	0
203.0	0
202.0	0
202.0	0
203.0	0
203.0	0
203.0	0
203.0	0
203.0	0
203.0	0
204.0	0
202.0	0
202.0	0
203.0	0
203.0	0
205.0	0
205.0	0
205.0	0
206.0	0
207.0	0
207.0	0
207.0	0
207.0	0
207.0	0
208.0	0
208.0	0
207.0	0
208.0	0
208.0	0
208.0	0
209.0	0
208.0	0
207.0	0
208.0	0
208.0	0
206.0	0
207.0	0
207.0	0
207.0	0
207.0	0
208.0	0
207.0	0
206.0	0
206.0	0
205.0	0
205.0	0
206.0	0
205.0	0
204.0	0
204.0	0
203.0	0
204.0	0
204.0	0
204.0	0
203.0	0
204.0	0
204.0	0
204.0	0
204.0	0
204.0	0
204.0	0
203.0	0
203.0	0
204.0	0
204.0	0
205.0	0
203.0	0
202.0	0
201.0	0
201.0	0
201.0	0
201.0	0
202.0	0
202.0	0
202.0	0
202.0	0
202.0	0
202.0	0
201.0	0
203.0	0
202.0	0
202.0	0
203.0	0
