SA_diff	pop
208.0	0
209.0	0
209.0	0
209.0	0
209.0	0
211.0	0
211.0	0
211.0	0
27.0	1
212.0	0
212.0	0
212.0	0
213.0	0
213.0	0
215.0	0
214.0	0
214.0	0
214.0	0
214.0	0
214.0	0
213.0	0
214.0	0
213.0	0
214.0	0
212.0	0
214.0	0
213.0	0
213.0	0
213.0	0
213.0	0
213.0	0
212.0	0
212.0	0
211.0	0
210.0	0
210.0	0
210.0	0
210.0	0
210.0	0
210.0	0
209.0	0
209.0	0
210.0	0
209.0	0
210.0	0
209.0	0
210.0	0
209.0	0
209.0	0
210.0	0
209.0	0
210.0	0
209.0	0
208.0	0
210.0	0
209.0	0
209.0	0
208.0	0
209.0	0
208.0	0
208.0	0
176.0	1
207.0	0
208.0	0
142.0	1
209.0	0
208.0	0
142.0	1
208.0	0
153.0	1
209.0	0
208.0	0
108.0	1
208.0	1
210.0	0
209.0	0
210.0	0
210.0	0
209.0	0
211.0	0
210.0	0
211.0	0
212.0	0
212.0	0
213.0	0
212.0	0
213.0	0
214.0	0
214.0	0
213.0	0
214.0	0
213.0	0
213.0	0
212.0	0
213.0	0
213.0	0
213.0	0
213.0	0
212.0	0
213.0	0
212.0	0
213.0	0
214.0	0
210.0	0
211.0	0
210.0	0
211.0	0
212.0	0
212.0	0
210.0	0
210.0	0
209.0	0
210.0	0
208.0	0
209.0	0
208.0	0
208.0	0
208.0	0
207.0	0
207.0	0
207.0	0
207.0	0
209.0	0
208.0	0
207.0	0
207.0	0
207.0	0
206.0	0
209.0	0
209.0	0
206.0	0
207.0	0
207.0	0
207.0	0
208.0	0
208.0	1
111.0	1
208.0	1
158.0	2
210.0	0
114.0	4
125.0	3
196.0	1
209.0	0
86.0	1
201.0	1
209.0	0
208.0	0
208.0	0
209.0	0
210.0	0
210.0	0
211.0	0
211.0	0
211.0	0
212.0	0
212.0	0
211.0	0
212.0	0
212.0	0
214.0	0
214.0	0
214.0	0
213.0	0
213.0	0
213.0	0
212.0	0
212.0	0
211.0	0
211.0	0
211.0	0
211.0	0
212.0	0
211.0	0
212.0	0
211.0	0
210.0	0
209.0	0
210.0	0
211.0	0
210.0	0
209.0	0
210.0	0
208.0	0
209.0	0
208.0	0
208.0	0
207.0	0
207.0	0
207.0	0
207.0	0
207.0	0
206.0	0
207.0	0
208.0	0
206.0	0
208.0	0
207.0	0
206.0	0
207.0	0
207.0	0
208.0	0
207.0	0
206.0	0
207.0	0
206.0	1
124.0	2
207.0	0
92.0	4
82.0	4
137.0	4
47.0	7
96.0	7
94.0	9
96.0	1
95.0	3
162.0	3
211.0	0
209.0	0
210.0	0
209.0	0
210.0	0
210.0	0
211.0	0
211.0	0
213.0	0
213.0	0
212.0	0
212.0	0
213.0	0
213.0	0
214.0	0
213.0	0
213.0	0
213.0	0
213.0	0
213.0	0
213.0	0
212.0	0
213.0	0
170.0	1
213.0	0
213.0	0
212.0	0
212.0	0
213.0	0
212.0	0
213.0	0
211.0	0
211.0	0
211.0	0
212.0	0
210.0	0
210.0	0
212.0	0
210.0	0
210.0	0
211.0	0
210.0	0
210.0	0
207.0	0
208.0	0
209.0	0
209.0	0
208.0	0
208.0	0
207.0	0
208.0	0
197.0	1
206.0	0
207.0	0
206.0	0
205.0	0
207.0	0
80.0	1
206.0	0
105.0	2
154.0	2
148.0	2
101.0	7
114.0	6
143.0	7
114.0	14
77.0	15
96.0	15
84.0	9
152.0	4
121.0	2
146.0	2
208.0	0
209.0	0
209.0	0
210.0	0
210.0	0
211.0	0
211.0	0
211.0	0
213.0	0
212.0	0
213.0	0
214.0	0
213.0	0
213.0	0
212.0	0
213.0	0
213.0	0
214.0	0
214.0	0
215.0	0
215.0	0
214.0	0
215.0	0
213.0	0
213.0	0
213.0	0
213.0	0
213.0	0
212.0	0
212.0	0
212.0	0
212.0	0
211.0	0
211.0	0
210.0	0
210.0	0
210.0	0
210.0	0
209.0	0
209.0	0
209.0	0
209.0	0
209.0	0
209.0	0
208.0	0
138.0	1
208.0	0
157.0	1
208.0	0
208.0	0
207.0	0
207.0	0
118.0	2
208.0	0
207.0	0
133.0	2
208.0	0
108.0	1
207.0	0
49.0	4
124.0	3
114.0	5
60.0	14
83.0	16
141.0	11
112.0	9
80.0	25
83.0	22
61.0	11
139.0	6
89.0	3
116.0	1
207.0	0
207.0	0
67.0	1
205.0	1
208.0	0
209.0	0
208.0	0
210.0	0
210.0	0
211.0	0
210.0	0
210.0	0
211.0	0
212.0	0
212.0	0
211.0	0
212.0	0
212.0	0
213.0	0
214.0	0
214.0	0
214.0	0
214.0	0
214.0	0
215.0	0
215.0	0
215.0	0
213.0	0
213.0	0
114.0	1
212.0	0
212.0	0
212.0	0
211.0	0
210.0	0
209.0	0
209.0	0
209.0	0
209.0	0
208.0	0
207.0	0
207.0	0
207.0	0
207.0	0
206.0	0
207.0	0
207.0	0
194.0	1
98.0	2
93.0	2
61.0	1
93.0	1
205.0	0
147.0	1
200.0	1
139.0	1
71.0	6
111.0	2
149.0	2
126.0	5
81.0	5
47.0	16
79.0	18
60.0	15
66.0	17
80.0	25
42.0	24
82.0	21
130.0	7
64.0	6
159.0	4
182.0	2
128.0	1
209.0	0
210.0	0
209.0	0
210.0	0
210.0	0
211.0	0
211.0	0
212.0	0
213.0	0
214.0	0
214.0	0
213.0	0
214.0	0
215.0	0
216.0	0
214.0	0
214.0	0
214.0	0
214.0	0
214.0	0
214.0	0
215.0	0
214.0	0
214.0	0
214.0	0
213.0	0
212.0	0
213.0	0
213.0	0
214.0	0
213.0	0
212.0	0
212.0	0
210.0	0
211.0	0
211.0	0
210.0	0
210.0	0
210.0	0
159.0	1
209.0	0
210.0	0
82.0	1
160.0	1
209.0	0
209.0	0
208.0	0
209.0	0
209.0	0
209.0	0
81.0	2
87.0	2
51.0	4
140.0	3
108.0	2
208.0	1
206.0	2
50.0	7
46.0	10
99.0	13
44.0	15
58.0	27
92.0	25
41.0	25
75.0	29
47.0	33
89.0	22
100.0	10
59.0	7
142.0	1
209.0	0
147.0	1
209.0	0
209.0	0
209.0	0
88.0	1
210.0	0
210.0	0
211.0	0
212.0	0
212.0	0
212.0	0
213.0	0
213.0	0
213.0	0
214.0	0
213.0	0
214.0	0
214.0	0
213.0	0
214.0	0
214.0	0
214.0	0
215.0	0
213.0	0
214.0	0
213.0	0
214.0	0
213.0	0
214.0	0
88.0	1
211.0	0
212.0	0
148.0	1
211.0	0
28.0	1
210.0	0
210.0	0
78.0	1
210.0	0
210.0	0
82.0	2
196.0	1
183.0	1
208.0	1
194.0	1
121.0	5
137.0	1
210.0	0
50.0	1
95.0	1
198.0	2
209.0	0
167.0	1
209.0	1
77.0	3
84.0	6
153.0	1
114.0	5
76.0	6
107.0	15
48.0	18
89.0	20
39.0	34
54.0	36
69.0	41
68.0	42
68.0	36
51.0	17
107.0	10
105.0	4
114.0	2
209.0	0
210.0	0
210.0	0
208.0	0
210.0	0
211.0	0
211.0	0
212.0	0
212.0	0
213.0	0
213.0	0
118.0	1
213.0	0
112.0	1
214.0	0
214.0	0
214.0	0
214.0	0
215.0	0
214.0	0
214.0	0
213.0	0
213.0	0
215.0	0
214.0	0
215.0	0
215.0	0
52.0	2
214.0	0
213.0	0
93.0	1
213.0	0
214.0	0
212.0	0
156.0	1
211.0	0
114.0	3
213.0	1
17.0	5
134.0	1
211.0	0
131.0	1
211.0	0
87.0	1
211.0	0
211.0	0
193.0	1
177.0	2
96.0	1
209.0	0
130.0	4
28.0	4
109.0	2
46.0	5
69.0	3
117.0	3
208.0	0
44.0	5
97.0	8
62.0	15
39.0	14
90.0	16
61.0	36
81.0	30
67.0	47
68.0	46
51.0	47
47.0	39
90.0	22
65.0	12
75.0	9
86.0	3
118.0	1
182.0	1
209.0	0
209.0	0
210.0	0
212.0	0
211.0	0
213.0	0
213.0	0
213.0	0
214.0	0
213.0	0
213.0	0
213.0	0
213.0	0
130.0	1
214.0	0
213.0	0
214.0	0
215.0	0
111.0	1
213.0	0
213.0	0
214.0	0
122.0	1
214.0	0
213.0	0
74.0	2
213.0	0
213.0	0
213.0	0
212.0	1
212.0	0
129.0	1
212.0	0
113.0	4
99.0	1
195.0	1
161.0	1
144.0	3
178.0	1
68.0	2
171.0	2
159.0	1
198.0	1
70.0	3
211.0	0
212.0	0
63.0	2
63.0	5
48.0	5
44.0	7
95.0	5
80.0	8
120.0	3
75.0	4
83.0	4
50.0	4
26.0	7
41.0	13
75.0	20
67.0	21
67.0	35
33.0	45
67.0	44
36.0	59
37.0	43
65.0	39
47.0	29
111.0	12
81.0	5
169.0	3
156.0	2
95.0	2
209.0	0
208.0	0
85.0	1
209.0	0
211.0	0
211.0	0
211.0	0
212.0	0
212.0	0
212.0	0
211.0	0
169.0	1
214.0	0
215.0	0
214.0	0
213.0	0
214.0	0
212.0	0
177.0	1
212.0	0
206.0	1
73.0	1
95.0	1
212.0	0
212.0	0
115.0	3
212.0	0
79.0	1
68.0	3
75.0	2
75.0	2
98.0	2
29.0	2
104.0	1
48.0	4
66.0	4
41.0	7
71.0	5
68.0	6
77.0	9
97.0	1
37.0	4
102.0	2
109.0	3
48.0	3
94.0	4
124.0	5
93.0	4
46.0	9
46.0	7
80.0	7
43.0	5
75.0	2
142.0	2
78.0	3
115.0	5
18.0	19
63.0	12
8.0	40
58.0	40
37.0	52
28.0	51
54.0	45
31.0	56
44.0	44
36.0	31
88.0	29
89.0	13
52.0	6
50.0	3
209.0	0
209.0	0
163.0	1
207.0	1
111.0	1
211.0	0
211.0	0
213.0	0
212.0	0
152.0	1
212.0	0
213.0	0
213.0	0
213.0	0
216.0	0
216.0	0
215.0	0
216.0	0
215.0	0
203.0	1
215.0	0
214.0	0
213.0	0
213.0	0
213.0	0
88.0	2
120.0	3
212.0	0
101.0	4
210.0	2
84.0	2
72.0	2
212.0	0
93.0	4
109.0	2
65.0	6
53.0	3
54.0	7
58.0	11
108.0	9
53.0	9
98.0	4
93.0	6
88.0	4
47.0	4
126.0	2
137.0	2
169.0	1
57.0	3
69.0	3
49.0	2
77.0	6
45.0	7
67.0	5
105.0	4
67.0	4
72.0	4
97.0	9
48.0	14
45.0	14
76.0	31
41.0	36
61.0	39
31.0	40
73.0	37
48.0	37
51.0	33
47.0	22
66.0	12
111.0	6
106.0	8
108.0	1
210.0	0
209.0	0
84.0	2
110.0	1
210.0	0
211.0	0
194.0	1
213.0	0
214.0	0
214.0	0
213.0	0
195.0	2
214.0	0
214.0	0
215.0	0
214.0	0
213.0	0
214.0	0
213.0	0
178.0	1
213.0	0
213.0	0
212.0	0
213.0	0
61.0	4
77.0	3
110.0	1
93.0	3
84.0	3
48.0	6
131.0	3
87.0	3
62.0	3
76.0	6
56.0	7
139.0	3
69.0	8
30.0	9
50.0	15
31.0	10
59.0	12
34.0	5
28.0	2
106.0	3
214.0	0
156.0	1
63.0	2
37.0	2
213.0	0
110.0	2
213.0	0
128.0	1
212.0	0
150.0	3
63.0	3
110.0	5
114.0	4
9.0	16
47.0	17
48.0	18
50.0	30
50.0	40
41.0	33
61.0	48
43.0	40
38.0	35
59.0	20
67.0	28
82.0	17
68.0	15
93.0	2
152.0	2
94.0	2
136.0	1
123.0	2
138.0	3
80.0	1
214.0	0
213.0	0
213.0	0
215.0	0
215.0	0
214.0	0
214.0	0
215.0	0
214.0	0
215.0	0
215.0	0
216.0	0
215.0	0
215.0	0
94.0	1
214.0	0
110.0	2
130.0	1
215.0	0
28.0	3
59.0	5
65.0	3
105.0	3
69.0	5
85.0	3
79.0	10
105.0	6
59.0	6
107.0	6
50.0	13
63.0	10
51.0	24
71.0	11
43.0	14
45.0	11
84.0	3
91.0	12
85.0	4
65.0	3
40.0	2
188.0	1
216.0	0
215.0	0
215.0	0
99.0	1
215.0	0
215.0	0
137.0	1
97.0	4
16.0	9
50.0	7
58.0	9
59.0	8
83.0	14
48.0	17
19.0	19
51.0	47
60.0	43
30.0	42
61.0	38
25.0	31
24.0	24
76.0	15
69.0	8
68.0	10
99.0	3
105.0	5
210.0	0
120.0	1
211.0	0
211.0	0
212.0	0
213.0	0
213.0	0
212.0	0
212.0	0
213.0	0
214.0	0
213.0	0
94.0	1
214.0	0
215.0	0
214.0	0
215.0	0
215.0	0
94.0	1
149.0	1
85.0	1
214.0	0
12.0	2
214.0	0
181.0	1
214.0	0
115.0	2
72.0	4
133.0	5
119.0	5
101.0	11
74.0	10
42.0	10
79.0	14
81.0	9
33.0	15
27.0	15
48.0	25
9.0	18
37.0	17
93.0	12
176.0	4
217.0	0
217.0	0
66.0	2
216.0	0
216.0	0
173.0	1
68.0	2
215.0	0
139.0	1
215.0	0
134.0	1
214.0	0
114.0	3
100.0	4
68.0	5
45.0	15
75.0	18
15.0	19
46.0	27
63.0	43
19.0	41
28.0	27
65.0	36
45.0	31
18.0	19
68.0	28
91.0	17
75.0	6
69.0	2
34.0	5
94.0	2
210.0	0
116.0	1
211.0	0
210.0	0
211.0	0
211.0	0
212.0	0
98.0	1
212.0	0
212.0	0
114.0	1
213.0	0
213.0	0
214.0	0
58.0	1
212.0	0
213.0	0
214.0	0
214.0	0
213.0	0
213.0	0
213.0	0
90.0	1
213.0	0
214.0	0
213.0	0
48.0	9
101.0	5
84.0	5
23.0	9
40.0	18
56.0	13
56.0	19
53.0	17
28.0	27
42.0	28
19.0	24
46.0	23
20.0	16
62.0	10
176.0	3
36.0	2
216.0	0
56.0	2
140.0	1
215.0	0
216.0	0
214.0	0
61.0	1
131.0	4
191.0	1
186.0	2
76.0	2
169.0	2
62.0	7
94.0	9
30.0	11
55.0	16
22.0	31
23.0	34
65.0	34
36.0	43
63.0	28
47.0	28
31.0	27
43.0	26
41.0	20
106.0	8
81.0	8
72.0	3
200.0	2
126.0	1
212.0	0
211.0	0
211.0	0
212.0	0
212.0	0
212.0	0
214.0	0
213.0	0
80.0	1
213.0	0
214.0	0
214.0	0
213.0	0
214.0	0
60.0	1
215.0	0
213.0	0
212.0	0
213.0	0
213.0	0
213.0	0
212.0	0
117.0	1
161.0	1
70.0	3
62.0	3
106.0	8
101.0	10
62.0	8
30.0	17
26.0	14
35.0	20
23.0	20
64.0	20
25.0	31
24.0	63
42.0	29
52.0	25
34.0	11
12.0	4
112.0	4
80.0	3
125.0	2
91.0	1
218.0	0
217.0	0
217.0	0
18.0	2
167.0	1
70.0	1
150.0	2
84.0	1
95.0	4
213.0	0
66.0	6
40.0	11
39.0	16
72.0	14
30.0	32
35.0	31
29.0	30
56.0	36
47.0	25
27.0	32
39.0	19
75.0	27
70.0	22
44.0	13
69.0	10
165.0	3
210.0	0
99.0	1
211.0	0
210.0	0
210.0	0
210.0	0
211.0	0
85.0	1
212.0	0
212.0	0
212.0	0
212.0	0
213.0	0
213.0	0
213.0	0
212.0	0
212.0	0
212.0	0
214.0	0
213.0	0
212.0	0
213.0	0
199.0	2
153.0	1
213.0	0
66.0	2
97.0	1
58.0	1
74.0	6
31.0	12
38.0	18
38.0	21
61.0	16
64.0	12
43.0	28
52.0	29
21.0	55
21.0	66
7.0	32
38.0	16
80.0	5
37.0	3
31.0	2
218.0	0
217.0	0
218.0	0
217.0	0
175.0	1
126.0	4
63.0	2
112.0	2
55.0	3
113.0	3
177.0	1
179.0	2
58.0	4
83.0	4
77.0	11
59.0	15
51.0	12
60.0	23
32.0	38
34.0	38
60.0	31
47.0	27
50.0	30
39.0	21
52.0	16
62.0	17
87.0	12
116.0	8
49.0	4
88.0	9
193.0	1
139.0	1
211.0	0
54.0	1
211.0	0
210.0	0
211.0	0
212.0	0
213.0	0
212.0	0
213.0	0
212.0	0
213.0	0
212.0	0
212.0	0
213.0	1
213.0	0
213.0	0
213.0	0
212.0	0
213.0	0
213.0	0
214.0	0
214.0	0
62.0	3
84.0	5
64.0	8
39.0	10
85.0	11
57.0	21
72.0	16
42.0	20
48.0	29
41.0	44
39.0	54
41.0	55
63.0	79
23.0	21
60.0	16
134.0	1
219.0	0
112.0	2
219.0	0
220.0	0
220.0	0
80.0	2
100.0	1
84.0	6
67.0	4
48.0	7
42.0	6
113.0	5
52.0	2
70.0	5
68.0	5
57.0	8
44.0	9
45.0	13
32.0	13
44.0	26
18.0	26
89.0	33
61.0	27
29.0	34
46.0	26
78.0	22
46.0	25
60.0	24
81.0	19
36.0	12
152.0	2
108.0	6
150.0	1
211.0	0
213.0	0
127.0	2
212.0	0
212.0	0
211.0	0
212.0	0
213.0	0
213.0	0
214.0	0
213.0	0
213.0	0
213.0	0
214.0	0
214.0	0
212.0	0
213.0	0
214.0	0
214.0	0
213.0	0
213.0	0
214.0	0
214.0	0
100.0	1
34.0	7
58.0	11
65.0	17
39.0	30
53.0	25
48.0	30
66.0	19
49.0	35
21.0	54
16.0	50
38.0	54
44.0	26
65.0	14
45.0	8
141.0	1
220.0	0
220.0	0
220.0	0
221.0	0
220.0	0
219.0	0
91.0	3
131.0	2
90.0	4
21.0	3
45.0	9
140.0	5
130.0	2
33.0	9
65.0	4
92.0	2
72.0	9
40.0	14
15.0	22
18.0	19
76.0	19
26.0	33
44.0	30
18.0	33
41.0	27
13.0	30
30.0	28
44.0	17
89.0	16
49.0	10
127.0	6
211.0	0
145.0	1
210.0	0
209.0	0
209.0	0
209.0	0
210.0	0
211.0	0
212.0	0
210.0	0
210.0	0
212.0	0
212.0	0
211.0	0
212.0	0
212.0	0
213.0	0
213.0	0
212.0	0
213.0	0
212.0	0
213.0	0
213.0	0
214.0	0
214.0	0
136.0	1
91.0	4
48.0	19
58.0	16
44.0	53
19.0	43
21.0	46
25.0	45
33.0	46
13.0	61
25.0	55
59.0	30
21.0	14
47.0	2
106.0	1
44.0	1
220.0	0
220.0	0
221.0	0
219.0	0
93.0	1
220.0	0
220.0	0
220.0	0
85.0	2
98.0	4
91.0	3
100.0	2
217.0	0
8.0	2
52.0	1
30.0	6
28.0	7
37.0	9
51.0	14
55.0	14
34.0	29
47.0	31
72.0	35
63.0	29
37.0	36
29.0	29
29.0	36
35.0	17
62.0	14
90.0	7
57.0	7
189.0	1
67.0	1
210.0	0
211.0	0
210.0	0
212.0	0
212.0	0
211.0	0
211.0	0
213.0	0
213.0	0
214.0	0
213.0	0
214.0	0
213.0	0
214.0	0
213.0	0
213.0	0
213.0	0
214.0	0
214.0	0
214.0	0
214.0	0
118.0	1
105.0	1
63.0	8
45.0	10
37.0	24
61.0	85
12.0	169
38.0	137
14.0	80
44.0	60
24.0	68
24.0	65
18.0	50
12.0	37
63.0	6
153.0	1
223.0	0
46.0	2
223.0	0
223.0	0
224.0	0
223.0	0
223.0	0
223.0	0
222.0	0
223.0	0
221.0	0
84.0	2
220.0	0
169.0	1
219.0	0
219.0	0
218.0	0
217.0	0
123.0	2
36.0	4
95.0	8
48.0	15
59.0	15
20.0	25
24.0	41
44.0	38
16.0	52
39.0	31
31.0	39
45.0	29
40.0	14
53.0	8
78.0	3
210.0	0
210.0	0
210.0	0
210.0	0
210.0	0
210.0	0
211.0	0
212.0	0
212.0	0
212.0	0
212.0	0
213.0	0
212.0	0
213.0	0
212.0	0
213.0	0
213.0	0
213.0	0
213.0	0
213.0	0
214.0	0
214.0	0
215.0	0
56.0	2
139.0	2
60.0	6
47.0	21
45.0	104
19.0	448
27.0	712
34.0	332
46.0	149
11.0	117
13.0	125
29.0	84
53.0	28
50.0	4
110.0	1
223.0	0
223.0	0
223.0	0
121.0	1
223.0	0
224.0	0
223.0	0
224.0	0
222.0	0
222.0	0
222.0	0
223.0	0
97.0	1
221.0	0
220.0	0
219.0	0
219.0	0
71.0	1
26.0	1
217.0	0
160.0	1
82.0	3
72.0	6
30.0	14
22.0	32
45.0	42
12.0	34
32.0	50
58.0	34
41.0	31
65.0	25
68.0	14
60.0	5
151.0	2
210.0	0
210.0	0
209.0	0
209.0	0
210.0	0
210.0	0
209.0	0
211.0	0
211.0	0
210.0	0
211.0	0
212.0	0
212.0	0
213.0	0
213.0	0
213.0	0
213.0	0
213.0	0
213.0	0
214.0	0
214.0	0
215.0	0
215.0	0
217.0	0
49.0	2
84.0	8
52.0	41
38.0	313
9.0	1208
7.0	1086
20.0	349
12.0	169
6.0	129
15.0	84
39.0	46
104.0	6
221.0	0
223.0	0
223.0	0
223.0	0
224.0	0
224.0	0
223.0	0
223.0	0
223.0	0
222.0	0
222.0	0
221.0	0
56.0	1
221.0	0
221.0	0
220.0	0
220.0	0
219.0	0
218.0	0
218.0	0
218.0	0
158.0	1
217.0	0
216.0	0
22.0	6
71.0	10
41.0	26
12.0	41
26.0	50
46.0	42
37.0	24
40.0	25
45.0	15
62.0	6
85.0	3
209.0	0
171.0	1
212.0	0
211.0	0
210.0	0
211.0	0
212.0	0
91.0	1
211.0	0
212.0	0
212.0	0
213.0	0
213.0	0
214.0	0
213.0	0
213.0	0
214.0	0
214.0	0
214.0	0
214.0	0
214.0	0
216.0	0
216.0	0
216.0	0
113.0	1
217.0	0
94.0	8
31.0	56
46.0	424
28.0	867
27.0	460
30.0	201
21.0	104
66.0	60
52.0	24
225.0	0
225.0	0
224.0	0
52.0	1
225.0	0
225.0	0
226.0	0
226.0	0
226.0	0
226.0	0
224.0	0
226.0	0
226.0	0
225.0	0
225.0	0
224.0	0
223.0	0
223.0	0
222.0	0
221.0	0
222.0	0
219.0	0
218.0	0
218.0	0
219.0	0
68.0	1
15.0	3
104.0	10
16.0	35
11.0	43
44.0	48
30.0	33
37.0	21
64.0	11
150.0	4
174.0	3
212.0	0
210.0	0
211.0	0
212.0	0
213.0	0
212.0	0
211.0	0
211.0	0
213.0	0
213.0	0
213.0	0
214.0	0
214.0	0
213.0	0
215.0	0
214.0	0
215.0	0
214.0	0
214.0	0
215.0	0
215.0	0
215.0	0
216.0	0
217.0	0
218.0	0
219.0	0
33.0	3
76.0	6
23.0	46
53.0	144
40.0	186
32.0	108
49.0	52
46.0	34
77.0	10
112.0	2
86.0	1
226.0	0
225.0	0
225.0	0
226.0	0
226.0	0
228.0	0
227.0	0
227.0	0
228.0	0
227.0	0
228.0	0
227.0	0
226.0	0
227.0	0
225.0	0
224.0	0
224.0	0
223.0	0
223.0	0
223.0	0
221.0	0
221.0	0
219.0	0
124.0	1
217.0	0
114.0	3
38.0	10
28.0	25
20.0	28
19.0	31
68.0	14
47.0	8
65.0	9
121.0	1
212.0	0
212.0	0
211.0	0
210.0	0
209.0	0
209.0	0
209.0	0
210.0	0
209.0	0
210.0	0
210.0	0
210.0	0
210.0	0
210.0	0
211.0	0
211.0	0
212.0	0
212.0	0
213.0	0
214.0	0
214.0	0
214.0	0
214.0	0
215.0	0
217.0	0
217.0	0
59.0	2
218.0	0
105.0	3
69.0	13
26.0	35
65.0	28
89.0	15
70.0	10
221.0	0
223.0	0
160.0	1
224.0	0
225.0	0
225.0	0
225.0	0
225.0	0
224.0	0
225.0	0
225.0	0
226.0	0
225.0	0
225.0	0
225.0	0
224.0	0
225.0	0
222.0	0
224.0	0
222.0	0
222.0	0
222.0	0
219.0	0
219.0	0
218.0	0
218.0	0
217.0	0
104.0	1
215.0	0
216.0	0
51.0	7
17.0	14
59.0	14
27.0	16
110.0	2
100.0	3
139.0	1
180.0	1
209.0	0
209.0	0
209.0	0
209.0	0
211.0	0
211.0	0
211.0	0
211.0	0
211.0	0
211.0	0
213.0	0
213.0	0
212.0	0
213.0	0
213.0	0
212.0	0
213.0	0
214.0	0
213.0	0
214.0	0
215.0	0
216.0	0
217.0	0
217.0	0
219.0	0
218.0	0
220.0	0
82.0	1
120.0	2
50.0	5
52.0	9
64.0	3
202.0	2
110.0	1
225.0	0
226.0	0
227.0	0
227.0	0
227.0	0
228.0	0
228.0	0
229.0	0
229.0	0
231.0	0
230.0	0
228.0	0
229.0	0
228.0	0
228.0	0
227.0	0
227.0	0
225.0	0
224.0	0
224.0	0
222.0	0
221.0	0
222.0	0
221.0	0
220.0	0
220.0	0
219.0	0
218.0	0
141.0	1
23.0	2
114.0	2
197.0	4
212.0	2
212.0	1
213.0	0
213.0	0
212.0	0
172.0	1
212.0	0
211.0	0
209.0	0
209.0	0
209.0	0
209.0	0
208.0	0
208.0	0
209.0	0
209.0	0
211.0	0
210.0	0
209.0	0
211.0	0
212.0	0
212.0	0
211.0	0
213.0	0
214.0	0
215.0	0
88.0	1
216.0	0
217.0	0
218.0	0
218.0	0
220.0	0
135.0	1
221.0	0
222.0	0
223.0	0
141.0	2
106.0	1
224.0	0
91.0	1
224.0	0
226.0	0
226.0	0
227.0	0
227.0	0
227.0	0
227.0	0
227.0	0
227.0	0
228.0	0
229.0	0
227.0	0
227.0	0
226.0	0
226.0	0
225.0	0
225.0	0
224.0	0
224.0	0
223.0	0
221.0	0
221.0	0
221.0	0
220.0	0
219.0	0
219.0	0
217.0	0
216.0	0
216.0	0
216.0	0
58.0	1
9.0	1
108.0	1
213.0	0
212.0	0
212.0	0
173.0	1
212.0	0
211.0	0
210.0	0
209.0	0
208.0	0
209.0	0
208.0	0
211.0	0
210.0	0
210.0	0
210.0	0
209.0	0
212.0	0
212.0	0
212.0	0
212.0	0
213.0	0
213.0	0
214.0	0
214.0	0
215.0	0
215.0	0
216.0	0
217.0	0
218.0	0
220.0	0
220.0	0
221.0	0
71.0	1
222.0	0
223.0	0
224.0	0
225.0	0
226.0	0
226.0	0
225.0	0
226.0	0
227.0	0
228.0	0
228.0	0
230.0	0
229.0	0
228.0	0
229.0	0
229.0	0
229.0	0
228.0	0
228.0	0
227.0	0
228.0	0
226.0	0
225.0	0
224.0	0
224.0	0
223.0	0
223.0	0
223.0	0
221.0	0
220.0	0
219.0	0
219.0	0
218.0	0
217.0	0
216.0	0
215.0	0
68.0	1
215.0	0
132.0	1
214.0	0
214.0	0
212.0	0
212.0	0
211.0	0
210.0	0
209.0	0
210.0	0
209.0	0
209.0	0
209.0	0
209.0	0
209.0	0
209.0	0
209.0	0
209.0	0
210.0	0
211.0	0
211.0	0
211.0	0
212.0	0
211.0	0
213.0	0
215.0	0
215.0	0
217.0	0
218.0	0
218.0	0
219.0	0
220.0	0
221.0	0
149.0	1
223.0	0
224.0	0
225.0	0
225.0	0
225.0	0
227.0	0
227.0	0
228.0	0
229.0	0
229.0	0
228.0	0
228.0	0
229.0	0
229.0	0
229.0	0
230.0	0
229.0	0
230.0	0
228.0	0
228.0	0
226.0	0
227.0	0
226.0	0
226.0	0
225.0	0
223.0	0
222.0	0
222.0	0
221.0	0
220.0	0
219.0	0
219.0	0
219.0	0
218.0	0
218.0	0
216.0	0
215.0	0
215.0	0
215.0	0
214.0	0
213.0	0
212.0	0
211.0	0
210.0	0
209.0	0
209.0	0
208.0	0
208.0	0
208.0	0
208.0	0
209.0	0
209.0	0
209.0	0
209.0	0
209.0	0
212.0	0
210.0	0
211.0	0
211.0	0
213.0	0
212.0	0
213.0	0
215.0	0
215.0	0
217.0	0
218.0	0
218.0	0
220.0	0
221.0	0
221.0	0
223.0	0
223.0	0
225.0	0
225.0	0
226.0	0
226.0	0
226.0	0
228.0	0
228.0	0
228.0	0
229.0	0
229.0	0
230.0	0
231.0	0
230.0	0
231.0	0
231.0	0
231.0	0
229.0	0
230.0	0
229.0	0
229.0	0
228.0	0
226.0	0
226.0	0
225.0	0
225.0	0
224.0	0
223.0	0
222.0	0
222.0	0
222.0	0
220.0	0
220.0	0
220.0	0
219.0	0
217.0	0
216.0	0
215.0	0
215.0	0
215.0	0
213.0	0
212.0	0
211.0	0
211.0	0
211.0	0
209.0	0
210.0	0
209.0	0
209.0	0
209.0	0
208.0	0
208.0	0
209.0	0
209.0	0
209.0	0
210.0	0
209.0	0
210.0	0
211.0	0
212.0	0
213.0	0
214.0	0
215.0	0
216.0	0
217.0	0
218.0	0
219.0	0
221.0	0
221.0	0
223.0	0
224.0	0
224.0	0
226.0	0
226.0	0
227.0	0
227.0	0
227.0	0
228.0	0
228.0	0
229.0	0
230.0	0
229.0	0
230.0	0
230.0	0
230.0	0
231.0	0
231.0	0
231.0	0
231.0	0
231.0	0
230.0	0
230.0	0
229.0	0
227.0	0
227.0	0
226.0	0
226.0	0
224.0	0
224.0	0
223.0	0
222.0	0
222.0	0
221.0	0
220.0	0
220.0	0
219.0	0
219.0	0
217.0	0
216.0	0
215.0	0
215.0	0
214.0	0
213.0	0
212.0	0
212.0	0
211.0	0
210.0	0
209.0	0
209.0	0
209.0	0
210.0	0
208.0	0
208.0	0
209.0	0
208.0	0
210.0	0
210.0	0
209.0	0
211.0	0
211.0	0
212.0	0
213.0	0
213.0	0
216.0	0
219.0	0
219.0	0
219.0	0
220.0	0
221.0	0
222.0	0
223.0	0
223.0	0
224.0	0
224.0	0
226.0	0
226.0	0
226.0	0
227.0	0
228.0	0
230.0	0
231.0	0
231.0	0
231.0	0
232.0	0
232.0	0
231.0	0
231.0	0
232.0	0
231.0	0
231.0	0
230.0	0
230.0	0
230.0	0
229.0	0
229.0	0
228.0	0
229.0	0
225.0	0
225.0	0
225.0	0
223.0	0
222.0	0
222.0	0
220.0	0
221.0	0
219.0	0
218.0	0
218.0	0
217.0	0
216.0	0
216.0	0
215.0	0
215.0	0
215.0	0
213.0	0
211.0	0
211.0	0
210.0	0
210.0	0
210.0	0
210.0	0
208.0	0
207.0	0
207.0	0
207.0	0
208.0	0
208.0	0
210.0	0
210.0	0
210.0	0
210.0	0
211.0	0
212.0	0
213.0	0
215.0	0
215.0	0
217.0	0
219.0	0
220.0	0
221.0	0
221.0	0
222.0	0
224.0	0
224.0	0
225.0	0
225.0	0
226.0	0
226.0	0
228.0	0
228.0	0
229.0	0
230.0	0
230.0	0
231.0	0
232.0	0
232.0	0
232.0	0
232.0	0
231.0	0
231.0	0
231.0	0
231.0	0
229.0	0
230.0	0
229.0	0
228.0	0
228.0	0
228.0	0
228.0	0
226.0	0
226.0	0
224.0	0
223.0	0
223.0	0
222.0	0
221.0	0
221.0	0
220.0	0
218.0	0
217.0	0
217.0	0
215.0	0
215.0	0
214.0	0
213.0	0
212.0	0
212.0	0
211.0	0
210.0	0
209.0	0
209.0	0
208.0	0
210.0	0
208.0	0
207.0	0
207.0	0
207.0	0
208.0	0
209.0	0
209.0	0
209.0	0
210.0	0
212.0	0
213.0	0
213.0	0
214.0	0
215.0	0
216.0	0
217.0	0
219.0	0
219.0	0
220.0	0
221.0	0
222.0	0
224.0	0
224.0	0
135.0	1
226.0	0
228.0	0
227.0	0
229.0	0
229.0	0
231.0	0
232.0	0
231.0	0
232.0	0
231.0	0
231.0	0
231.0	0
232.0	0
232.0	0
232.0	0
231.0	0
231.0	0
229.0	0
230.0	0
229.0	0
228.0	0
228.0	0
226.0	0
227.0	0
224.0	0
225.0	0
222.0	0
222.0	0
221.0	0
221.0	0
218.0	0
218.0	0
218.0	0
217.0	0
218.0	0
216.0	0
215.0	0
213.0	0
213.0	0
212.0	0
210.0	0
211.0	0
210.0	0
209.0	0
210.0	0
210.0	0
210.0	0
208.0	0
209.0	0
207.0	0
208.0	0
210.0	0
210.0	0
210.0	0
210.0	0
212.0	0
211.0	0
212.0	0
213.0	0
215.0	0
216.0	0
216.0	0
218.0	0
218.0	0
219.0	0
220.0	0
223.0	0
223.0	0
224.0	0
224.0	0
226.0	0
227.0	0
227.0	0
229.0	0
229.0	0
230.0	0
230.0	0
231.0	0
232.0	0
231.0	0
233.0	0
233.0	0
234.0	0
233.0	0
233.0	0
233.0	0
234.0	0
232.0	0
233.0	0
232.0	0
231.0	0
231.0	0
229.0	0
229.0	0
227.0	0
227.0	0
225.0	0
225.0	0
224.0	0
223.0	0
221.0	0
221.0	0
220.0	0
219.0	0
218.0	0
218.0	0
217.0	0
216.0	0
214.0	0
214.0	0
213.0	0
213.0	0
211.0	0
212.0	0
212.0	0
211.0	0
211.0	0
210.0	0
210.0	0
209.0	0
209.0	0
209.0	0
210.0	0
208.0	0
208.0	0
209.0	0
209.0	0
209.0	0
210.0	0
211.0	0
213.0	0
214.0	0
215.0	0
217.0	0
217.0	0
219.0	0
219.0	0
221.0	0
223.0	0
222.0	0
224.0	0
225.0	0
225.0	0
226.0	0
227.0	0
229.0	0
228.0	0
230.0	0
229.0	0
231.0	0
231.0	0
231.0	0
231.0	0
231.0	0
233.0	0
231.0	0
232.0	0
231.0	0
231.0	0
231.0	0
230.0	0
229.0	0
229.0	0
228.0	0
227.0	0
226.0	0
225.0	0
224.0	0
222.0	0
222.0	0
222.0	0
220.0	0
219.0	0
219.0	0
219.0	0
217.0	0
217.0	0
214.0	0
214.0	0
214.0	0
213.0	0
213.0	0
211.0	0
210.0	0
210.0	0
209.0	0
208.0	0
208.0	0
207.0	0
207.0	0
208.0	0
208.0	0
207.0	0
207.0	0
207.0	0
209.0	0
208.0	0
210.0	0
210.0	0
211.0	0
213.0	0
214.0	0
215.0	0
216.0	0
216.0	0
218.0	0
219.0	0
220.0	0
221.0	0
222.0	0
224.0	0
225.0	0
225.0	0
225.0	0
227.0	0
227.0	0
227.0	0
228.0	0
228.0	0
230.0	0
230.0	0
231.0	0
232.0	0
231.0	0
232.0	0
231.0	0
232.0	0
232.0	0
233.0	0
231.0	0
232.0	0
232.0	0
231.0	0
231.0	0
231.0	0
229.0	0
228.0	0
227.0	0
225.0	0
225.0	0
223.0	0
223.0	0
223.0	0
221.0	0
221.0	0
220.0	0
219.0	0
217.0	0
217.0	0
216.0	0
215.0	0
214.0	0
214.0	0
212.0	0
211.0	0
210.0	0
209.0	0
208.0	0
208.0	0
208.0	0
209.0	0
209.0	0
209.0	0
208.0	0
209.0	0
208.0	0
209.0	0
210.0	0
210.0	0
211.0	0
211.0	0
212.0	0
213.0	0
215.0	0
216.0	0
217.0	0
218.0	0
221.0	0
222.0	0
222.0	0
223.0	0
225.0	0
226.0	0
226.0	0
226.0	0
227.0	0
228.0	0
229.0	0
229.0	0
229.0	0
230.0	0
231.0	0
231.0	0
232.0	0
233.0	0
232.0	0
232.0	0
233.0	0
234.0	0
234.0	0
233.0	0
233.0	0
233.0	0
231.0	0
230.0	0
231.0	0
229.0	0
229.0	0
229.0	0
227.0	0
226.0	0
225.0	0
225.0	0
223.0	0
222.0	0
221.0	0
220.0	0
220.0	0
220.0	0
218.0	0
217.0	0
215.0	0
214.0	0
213.0	0
43.0	1
210.0	0
210.0	0
209.0	0
210.0	0
209.0	0
210.0	0
210.0	0
209.0	0
209.0	0
210.0	0
209.0	0
210.0	0
210.0	0
208.0	0
208.0	0
208.0	0
209.0	0
210.0	0
210.0	0
211.0	0
212.0	0
214.0	0
216.0	0
217.0	0
218.0	0
219.0	0
220.0	0
221.0	0
222.0	0
223.0	0
224.0	0
226.0	0
226.0	0
226.0	0
227.0	0
229.0	0
229.0	0
229.0	0
230.0	0
231.0	0
231.0	0
232.0	0
232.0	0
232.0	0
232.0	0
232.0	0
231.0	0
231.0	0
231.0	0
230.0	0
230.0	0
228.0	0
228.0	0
227.0	0
227.0	0
225.0	0
224.0	0
224.0	0
223.0	0
222.0	0
221.0	0
220.0	0
219.0	0
216.0	0
217.0	0
216.0	0
214.0	0
214.0	0
213.0	0
212.0	0
212.0	0
211.0	0
209.0	0
209.0	0
208.0	0
209.0	0
207.0	0
208.0	0
208.0	0
208.0	0
208.0	0
208.0	0
208.0	0
208.0	0
209.0	0
208.0	0
210.0	0
210.0	0
211.0	0
211.0	0
212.0	0
213.0	0
214.0	0
215.0	0
217.0	0
219.0	0
219.0	0
220.0	0
221.0	0
221.0	0
223.0	0
224.0	0
225.0	0
226.0	0
227.0	0
227.0	0
228.0	0
229.0	0
230.0	0
230.0	0
230.0	0
232.0	0
232.0	0
233.0	0
234.0	0
233.0	0
232.0	0
232.0	0
232.0	0
232.0	0
231.0	0
232.0	0
231.0	0
229.0	0
229.0	0
228.0	0
226.0	0
226.0	0
226.0	0
223.0	0
221.0	0
222.0	0
30.0	1
220.0	0
219.0	0
217.0	0
217.0	0
216.0	0
215.0	0
214.0	0
213.0	0
212.0	0
212.0	0
210.0	0
209.0	0
208.0	0
208.0	0
209.0	0
209.0	0
208.0	0
208.0	0
209.0	0
209.0	0
209.0	0
209.0	0
209.0	0
209.0	0
209.0	0
210.0	0
117.0	1
210.0	0
212.0	0
214.0	0
215.0	0
216.0	0
216.0	0
217.0	0
219.0	0
220.0	0
221.0	0
221.0	0
224.0	0
223.0	0
224.0	0
225.0	0
226.0	0
227.0	0
228.0	0
228.0	0
228.0	0
229.0	0
229.0	0
231.0	0
231.0	0
231.0	0
231.0	0
231.0	0
232.0	0
231.0	0
232.0	0
231.0	0
231.0	0
230.0	0
229.0	0
230.0	0
230.0	0
229.0	0
226.0	0
226.0	0
224.0	0
224.0	0
92.0	1
222.0	0
220.0	0
220.0	0
160.0	1
127.0	1
217.0	0
215.0	0
214.0	0
30.0	1
213.0	0
212.0	0
212.0	0
210.0	0
209.0	0
209.0	0
209.0	0
209.0	0
209.0	0
209.0	0
209.0	0
208.0	0
209.0	0
208.0	0
209.0	0
210.0	0
208.0	0
208.0	0
209.0	0
209.0	0
210.0	0
210.0	0
212.0	0
212.0	0
215.0	0
215.0	0
215.0	0
217.0	0
217.0	0
220.0	0
221.0	0
222.0	0
223.0	0
224.0	0
225.0	0
225.0	0
227.0	0
227.0	0
227.0	0
229.0	0
230.0	0
229.0	0
230.0	0
231.0	0
232.0	0
232.0	0
233.0	0
232.0	0
233.0	0
233.0	0
232.0	0
231.0	0
230.0	0
230.0	0
228.0	0
229.0	0
226.0	0
226.0	0
226.0	0
225.0	0
224.0	0
223.0	0
221.0	0
221.0	0
220.0	0
141.0	1
79.0	1
216.0	0
71.0	1
215.0	0
215.0	0
213.0	0
212.0	0
211.0	0
210.0	0
209.0	0
209.0	0
209.0	0
208.0	0
209.0	0
209.0	0
209.0	0
210.0	0
209.0	0
210.0	0
210.0	0
210.0	0
209.0	0
210.0	0
209.0	0
208.0	0
210.0	0
211.0	0
211.0	0
212.0	0
213.0	0
213.0	0
215.0	0
216.0	0
217.0	0
219.0	0
219.0	0
221.0	0
221.0	0
224.0	0
224.0	0
224.0	0
225.0	0
226.0	0
227.0	0
227.0	0
228.0	0
229.0	0
229.0	0
231.0	0
231.0	0
230.0	0
231.0	0
231.0	0
231.0	0
231.0	0
231.0	0
230.0	0
230.0	0
229.0	0
229.0	0
228.0	0
227.0	0
226.0	0
226.0	0
226.0	0
223.0	0
224.0	0
222.0	0
221.0	0
220.0	0
205.0	2
34.0	5
51.0	7
28.0	4
215.0	0
214.0	0
213.0	0
212.0	0
211.0	0
211.0	0
209.0	0
209.0	0
209.0	0
208.0	0
209.0	0
209.0	0
209.0	0
209.0	0
210.0	0
210.0	0
210.0	0
209.0	0
209.0	0
209.0	0
209.0	0
209.0	0
210.0	0
211.0	0
211.0	0
211.0	0
213.0	0
213.0	0
213.0	0
214.0	0
216.0	0
209.0	1
112.0	1
75.0	3
47.0	1
222.0	0
223.0	0
127.0	1
225.0	0
225.0	0
226.0	0
227.0	0
227.0	0
229.0	0
229.0	0
229.0	0
229.0	0
230.0	0
231.0	0
231.0	0
231.0	0
231.0	0
231.0	0
231.0	0
231.0	0
230.0	0
228.0	0
229.0	0
227.0	0
227.0	0
226.0	0
226.0	0
224.0	0
223.0	0
92.0	1
34.0	2
68.0	3
25.0	8
12.0	20
56.0	15
38.0	5
58.0	3
64.0	2
214.0	0
213.0	0
213.0	0
210.0	0
211.0	0
210.0	0
209.0	0
209.0	0
209.0	0
210.0	0
210.0	0
210.0	0
210.0	0
210.0	0
210.0	0
210.0	0
210.0	0
209.0	0
209.0	0
209.0	0
210.0	0
209.0	0
210.0	0
211.0	0
211.0	0
212.0	0
213.0	0
213.0	0
216.0	0
131.0	1
217.0	0
106.0	3
163.0	2
109.0	1
89.0	4
103.0	1
222.0	0
224.0	0
224.0	0
225.0	0
225.0	0
226.0	0
227.0	0
228.0	0
228.0	0
229.0	0
229.0	0
229.0	0
229.0	0
229.0	0
230.0	0
230.0	0
230.0	0
228.0	0
229.0	0
228.0	0
227.0	0
227.0	0
21.0	1
225.0	0
223.0	0
224.0	0
220.0	0
61.0	5
60.0	17
31.0	21
10.0	38
40.0	24
39.0	21
80.0	4
44.0	4
214.0	0
213.0	0
211.0	0
210.0	0
210.0	0
211.0	0
209.0	0
209.0	0
209.0	0
208.0	0
208.0	0
208.0	0
210.0	0
210.0	0
208.0	0
208.0	0
209.0	0
209.0	0
210.0	0
210.0	0
209.0	0
210.0	0
210.0	0
210.0	0
213.0	0
212.0	0
214.0	0
213.0	0
216.0	0
153.0	1
216.0	0
83.0	2
26.0	1
220.0	0
129.0	1
221.0	0
172.0	1
153.0	1
66.0	1
224.0	0
225.0	0
226.0	0
227.0	0
227.0	0
228.0	0
229.0	0
229.0	0
230.0	0
229.0	0
230.0	0
229.0	0
230.0	0
229.0	0
229.0	0
228.0	0
229.0	0
228.0	0
228.0	0
226.0	0
226.0	0
226.0	0
155.0	1
47.0	4
59.0	12
50.0	14
11.0	17
36.0	30
40.0	26
26.0	20
70.0	10
69.0	5
107.0	4
214.0	0
213.0	0
212.0	0
211.0	0
211.0	0
210.0	0
210.0	0
209.0	0
209.0	0
209.0	0
210.0	0
209.0	0
209.0	0
209.0	0
209.0	0
211.0	0
211.0	0
210.0	0
211.0	0
210.0	0
211.0	0
211.0	0
211.0	0
211.0	0
213.0	0
212.0	0
214.0	0
216.0	0
205.0	1
216.0	0
184.0	1
218.0	0
218.0	0
221.0	0
221.0	0
220.0	0
222.0	0
224.0	0
224.0	0
225.0	0
34.0	1
227.0	0
228.0	0
228.0	0
228.0	0
228.0	0
228.0	0
229.0	0
230.0	0
230.0	0
231.0	0
230.0	0
43.0	1
230.0	0
229.0	0
228.0	0
228.0	0
227.0	0
227.0	0
146.0	1
109.0	1
23.0	8
41.0	8
31.0	11
24.0	7
43.0	18
51.0	11
80.0	8
53.0	4
67.0	2
59.0	4
192.0	1
75.0	3
211.0	0
211.0	0
212.0	0
211.0	0
101.0	1
211.0	0
211.0	0
211.0	0
211.0	0
192.0	1
211.0	0
211.0	0
211.0	0
212.0	0
211.0	0
211.0	0
212.0	0
212.0	0
211.0	0
212.0	0
212.0	0
212.0	0
211.0	0
210.0	1
211.0	0
213.0	0
213.0	0
214.0	0
216.0	0
216.0	0
217.0	0
217.0	0
219.0	0
219.0	0
220.0	0
220.0	0
221.0	0
222.0	0
224.0	0
224.0	0
225.0	0
226.0	0
227.0	0
198.0	1
229.0	0
227.0	0
228.0	0
228.0	0
229.0	0
227.0	0
228.0	0
229.0	0
227.0	0
227.0	0
227.0	0
225.0	0
224.0	0
223.0	0
86.0	3
94.0	4
47.0	5
54.0	11
28.0	9
57.0	7
58.0	5
211.0	2
71.0	3
215.0	0
214.0	0
213.0	0
212.0	0
179.0	1
211.0	0
211.0	0
211.0	0
210.0	0
209.0	0
208.0	0
210.0	0
211.0	0
210.0	0
210.0	0
209.0	0
211.0	0
210.0	0
212.0	0
211.0	0
212.0	0
56.0	1
212.0	0
210.0	0
211.0	0
211.0	0
213.0	0
211.0	0
212.0	0
212.0	0
213.0	0
213.0	0
214.0	0
214.0	0
215.0	0
216.0	0
217.0	0
218.0	0
220.0	0
220.0	0
221.0	0
222.0	0
222.0	0
223.0	0
224.0	0
226.0	0
226.0	0
225.0	0
88.0	1
226.0	0
227.0	0
68.0	2
227.0	0
227.0	0
227.0	0
227.0	0
227.0	0
226.0	0
225.0	0
225.0	0
224.0	0
224.0	0
35.0	3
60.0	5
74.0	3
97.0	6
61.0	4
60.0	4
217.0	0
155.0	2
216.0	0
214.0	0
214.0	0
96.0	1
213.0	0
212.0	0
211.0	0
212.0	0
209.0	0
211.0	0
210.0	0
211.0	0
212.0	0
211.0	0
210.0	0
210.0	0
210.0	0
146.0	1
211.0	0
211.0	0
211.0	0
210.0	0
210.0	0
210.0	0
210.0	0
209.0	0
210.0	0
210.0	0
212.0	0
211.0	0
211.0	0
212.0	0
212.0	0
212.0	0
213.0	0
214.0	0
214.0	0
216.0	0
216.0	0
217.0	0
218.0	0
220.0	0
220.0	0
221.0	0
222.0	0
223.0	0
223.0	0
223.0	0
224.0	0
225.0	0
224.0	0
216.0	1
225.0	0
225.0	0
225.0	0
173.0	1
226.0	0
100.0	1
226.0	0
115.0	1
225.0	0
224.0	0
224.0	0
89.0	2
69.0	1
45.0	5
220.0	0
18.0	2
219.0	0
218.0	0
51.0	1
216.0	0
215.0	0
214.0	0
214.0	0
213.0	0
213.0	0
212.0	0
211.0	0
210.0	0
210.0	0
210.0	0
210.0	0
210.0	0
209.0	0
209.0	0
209.0	0
94.0	1
209.0	0
209.0	0
210.0	0
178.0	1
211.0	0
210.0	0
134.0	1
211.0	0
212.0	0
211.0	0
212.0	0
211.0	0
211.0	0
213.0	0
213.0	0
214.0	0
214.0	0
214.0	0
215.0	0
214.0	0
216.0	0
217.0	0
218.0	0
218.0	0
219.0	0
219.0	0
221.0	0
221.0	0
222.0	0
223.0	0
223.0	0
225.0	0
224.0	0
225.0	0
225.0	0
226.0	0
224.0	0
226.0	0
226.0	0
226.0	0
225.0	0
225.0	0
226.0	0
225.0	0
226.0	0
225.0	0
224.0	0
225.0	0
223.0	0
153.0	1
222.0	0
221.0	0
219.0	0
219.0	0
217.0	0
217.0	0
216.0	0
215.0	0
214.0	0
214.0	0
213.0	0
213.0	0
212.0	0
213.0	0
212.0	0
212.0	0
212.0	0
212.0	0
212.0	0
211.0	0
211.0	0
211.0	0
210.0	0
212.0	0
212.0	0
212.0	0
212.0	0
213.0	0
212.0	0
214.0	0
214.0	0
212.0	0
213.0	0
212.0	0
213.0	0
146.0	1
212.0	0
213.0	0
215.0	0
215.0	0
215.0	0
216.0	0
216.0	0
217.0	0
218.0	0
219.0	0
219.0	0
219.0	0
221.0	0
222.0	0
222.0	0
224.0	0
224.0	0
223.0	0
221.0	0
224.0	0
223.0	0
224.0	0
225.0	0
108.0	1
227.0	0
227.0	0
226.0	0
94.0	1
226.0	0
224.0	0
226.0	0
140.0	1
225.0	0
225.0	0
220.0	0
220.0	0
220.0	0
220.0	0
218.0	0
219.0	0
219.0	0
217.0	0
216.0	0
215.0	0
215.0	0
215.0	0
214.0	0
213.0	0
213.0	0
213.0	0
211.0	0
213.0	0
212.0	0
213.0	0
211.0	0
212.0	0
212.0	0
212.0	0
210.0	0
212.0	0
213.0	0
212.0	0
212.0	0
213.0	0
214.0	0
214.0	0
213.0	0
212.0	0
213.0	0
212.0	0
212.0	0
215.0	0
215.0	0
216.0	0
214.0	0
216.0	0
215.0	0
216.0	0
217.0	0
217.0	0
218.0	0
218.0	0
218.0	0
219.0	0
220.0	0
221.0	0
222.0	0
221.0	0
222.0	0
223.0	0
225.0	0
225.0	0
225.0	0
225.0	0
225.0	0
225.0	0
225.0	0
225.0	0
225.0	0
226.0	0
224.0	0
224.0	0
225.0	0
225.0	0
222.0	0
37.0	1
222.0	0
221.0	0
222.0	0
220.0	0
220.0	0
219.0	0
218.0	0
217.0	0
216.0	0
215.0	0
214.0	0
214.0	0
213.0	0
213.0	0
213.0	0
212.0	0
212.0	0
212.0	0
211.0	0
211.0	0
212.0	0
212.0	0
212.0	0
213.0	0
213.0	0
212.0	0
213.0	0
213.0	0
214.0	0
212.0	0
213.0	0
213.0	0
214.0	0
213.0	0
214.0	0
214.0	0
214.0	0
214.0	0
214.0	0
214.0	0
213.0	0
215.0	0
214.0	0
215.0	0
215.0	0
215.0	0
216.0	0
216.0	0
217.0	0
217.0	0
218.0	0
218.0	0
221.0	0
222.0	0
222.0	0
222.0	0
223.0	0
223.0	0
224.0	0
223.0	0
225.0	0
223.0	0
223.0	0
224.0	0
224.0	0
224.0	0
223.0	0
224.0	0
223.0	0
224.0	0
222.0	0
221.0	0
220.0	0
220.0	0
219.0	0
218.0	0
219.0	0
216.0	0
216.0	0
216.0	0
215.0	0
213.0	0
213.0	0
214.0	0
212.0	0
213.0	0
214.0	0
212.0	0
212.0	0
211.0	0
211.0	0
211.0	0
49.0	1
211.0	0
212.0	0
212.0	0
212.0	0
212.0	0
212.0	0
212.0	0
213.0	0
212.0	0
213.0	0
212.0	0
212.0	0
213.0	0
213.0	0
213.0	0
214.0	0
212.0	0
212.0	0
211.0	0
212.0	0
212.0	0
213.0	0
212.0	0
212.0	0
213.0	0
214.0	0
214.0	0
216.0	0
216.0	0
217.0	0
218.0	0
217.0	0
218.0	0
218.0	0
219.0	0
220.0	0
221.0	0
222.0	0
222.0	0
222.0	0
222.0	0
222.0	0
224.0	0
223.0	0
224.0	0
223.0	0
224.0	0
221.0	0
221.0	0
221.0	0
219.0	0
219.0	0
218.0	0
218.0	0
215.0	0
216.0	0
215.0	0
214.0	0
213.0	0
213.0	0
212.0	0
211.0	0
211.0	0
211.0	0
211.0	0
210.0	0
209.0	0
209.0	0
210.0	0
210.0	0
210.0	0
209.0	0
209.0	0
209.0	0
209.0	0
209.0	0
211.0	0
210.0	0
212.0	0
211.0	0
211.0	0
212.0	0
211.0	0
211.0	0
212.0	0
212.0	0
212.0	0
212.0	0
214.0	0
214.0	0
214.0	0
214.0	0
216.0	0
214.0	0
216.0	0
217.0	0
216.0	0
216.0	0
217.0	0
217.0	0
217.0	0
217.0	0
219.0	0
220.0	0
74.0	1
221.0	0
221.0	0
221.0	0
221.0	0
221.0	0
222.0	0
223.0	0
222.0	0
222.0	0
222.0	0
223.0	0
222.0	0
222.0	0
221.0	0
221.0	0
222.0	0
221.0	0
219.0	0
220.0	0
219.0	0
219.0	0
218.0	0
217.0	0
217.0	0
216.0	0
215.0	0
215.0	0
215.0	0
214.0	0
212.0	0
213.0	0
214.0	0
214.0	0
211.0	0
213.0	0
213.0	0
213.0	0
211.0	0
211.0	0
212.0	0
212.0	0
212.0	0
214.0	0
213.0	0
211.0	0
212.0	0
213.0	0
213.0	0
214.0	0
213.0	0
214.0	0
214.0	0
214.0	0
213.0	0
215.0	0
215.0	0
216.0	0
215.0	0
215.0	0
216.0	0
215.0	0
216.0	0
217.0	0
216.0	0
216.0	0
217.0	0
218.0	0
218.0	0
219.0	0
219.0	0
220.0	0
221.0	0
221.0	0
222.0	0
222.0	0
222.0	0
223.0	0
223.0	0
224.0	0
223.0	0
223.0	0
224.0	0
224.0	0
222.0	0
223.0	0
223.0	0
223.0	0
221.0	0
90.0	1
222.0	0
220.0	0
219.0	0
219.0	0
218.0	0
218.0	0
217.0	0
217.0	0
216.0	0
216.0	0
215.0	0
214.0	0
213.0	0
214.0	0
214.0	0
213.0	0
213.0	0
214.0	0
213.0	0
213.0	0
214.0	0
213.0	0
213.0	0
213.0	0
213.0	0
214.0	0
214.0	0
215.0	0
214.0	0
214.0	0
215.0	0
215.0	0
214.0	0
214.0	0
215.0	0
215.0	0
214.0	0
215.0	0
214.0	0
215.0	0
215.0	0
215.0	0
214.0	0
215.0	0
215.0	0
217.0	0
217.0	0
217.0	0
217.0	0
218.0	0
218.0	0
219.0	0
219.0	0
219.0	0
218.0	0
218.0	0
220.0	0
220.0	0
221.0	0
221.0	0
221.0	0
221.0	0
220.0	0
220.0	0
222.0	0
221.0	0
222.0	0
223.0	0
221.0	0
221.0	0
221.0	0
221.0	0
219.0	0
220.0	0
219.0	0
219.0	0
218.0	0
217.0	0
216.0	0
216.0	0
214.0	0
214.0	0
213.0	0
214.0	0
213.0	0
212.0	0
213.0	0
214.0	0
212.0	0
213.0	0
213.0	0
211.0	0
212.0	0
213.0	0
212.0	0
212.0	0
212.0	0
212.0	0
212.0	0
214.0	0
213.0	0
213.0	0
213.0	0
214.0	0
215.0	0
214.0	0
214.0	0
214.0	0
215.0	0
214.0	0
215.0	0
215.0	0
215.0	0
216.0	0
216.0	0
216.0	0
216.0	0
218.0	0
217.0	0
218.0	0
218.0	0
219.0	0
219.0	0
218.0	0
219.0	0
220.0	0
220.0	0
221.0	0
221.0	0
222.0	0
221.0	0
221.0	0
222.0	0
222.0	0
223.0	0
223.0	0
222.0	0
222.0	0
222.0	0
222.0	0
221.0	0
221.0	0
220.0	0
221.0	0
221.0	0
221.0	0
219.0	0
217.0	0
217.0	0
217.0	0
217.0	0
217.0	0
216.0	0
216.0	0
215.0	0
215.0	0
215.0	0
215.0	0
214.0	0
215.0	0
214.0	0
214.0	0
214.0	0
213.0	0
214.0	0
214.0	0
214.0	0
213.0	0
214.0	0
214.0	0
213.0	0
214.0	0
215.0	0
214.0	0
214.0	0
214.0	0
213.0	0
215.0	0
215.0	0
214.0	0
215.0	0
215.0	0
215.0	0
214.0	0
215.0	0
216.0	0
216.0	0
215.0	0
217.0	0
217.0	0
217.0	0
218.0	0
218.0	0
219.0	0
218.0	0
219.0	0
219.0	0
220.0	0
221.0	0
218.0	0
221.0	0
221.0	0
221.0	0
221.0	0
222.0	0
221.0	0
222.0	0
221.0	0
221.0	0
222.0	0
222.0	0
223.0	0
221.0	0
221.0	0
220.0	0
220.0	0
221.0	0
219.0	0
218.0	0
217.0	0
217.0	0
216.0	0
217.0	0
216.0	0
216.0	0
216.0	0
215.0	0
216.0	0
215.0	0
215.0	0
215.0	0
216.0	0
214.0	0
214.0	0
216.0	0
214.0	0
215.0	0
215.0	0
214.0	0
214.0	0
214.0	0
214.0	0
214.0	0
214.0	0
214.0	0
215.0	0
214.0	0
214.0	0
215.0	0
214.0	0
215.0	0
215.0	0
215.0	0
214.0	0
213.0	0
213.0	0
213.0	0
212.0	0
213.0	0
213.0	0
214.0	0
213.0	0
214.0	0
215.0	0
216.0	0
216.0	0
216.0	0
217.0	0
217.0	0
218.0	0
220.0	0
218.0	0
219.0	0
218.0	0
220.0	0
219.0	0
219.0	0
219.0	0
219.0	0
220.0	0
219.0	0
218.0	0
106.0	1
219.0	0
218.0	0
218.0	0
218.0	0
217.0	0
216.0	0
217.0	0
216.0	0
215.0	0
215.0	0
213.0	0
213.0	0
214.0	0
213.0	0
213.0	0
214.0	0
213.0	0
212.0	0
213.0	0
213.0	0
213.0	0
213.0	0
214.0	0
212.0	0
212.0	0
213.0	0
212.0	0
212.0	0
213.0	0
212.0	0
212.0	0
212.0	0
213.0	0
214.0	0
213.0	0
212.0	0
211.0	0
212.0	0
213.0	0
213.0	0
212.0	0
213.0	0
213.0	0
213.0	0
214.0	0
213.0	0
214.0	0
213.0	0
215.0	0
216.0	0
216.0	0
217.0	0
218.0	0
216.0	0
217.0	0
218.0	0
216.0	0
217.0	0
217.0	0
217.0	0
220.0	0
218.0	0
218.0	0
219.0	0
219.0	0
219.0	0
218.0	0
218.0	0
218.0	0
218.0	0
218.0	0
219.0	0
219.0	0
219.0	0
219.0	0
218.0	0
218.0	0
216.0	0
214.0	0
214.0	0
214.0	0
215.0	0
215.0	0
215.0	0
214.0	0
215.0	0
215.0	0
214.0	0
214.0	0
214.0	0
215.0	0
212.0	0
213.0	0
214.0	0
213.0	0
213.0	0
213.0	0
213.0	0
213.0	0
213.0	0
212.0	0
212.0	0
211.0	0
213.0	0
213.0	0
213.0	0
215.0	0
214.0	0
213.0	0
213.0	0
212.0	0
214.0	0
214.0	0
214.0	0
214.0	0
213.0	0
215.0	0
213.0	0
215.0	0
214.0	0
215.0	0
215.0	0
214.0	0
216.0	0
217.0	0
215.0	0
217.0	0
216.0	0
216.0	0
216.0	0
216.0	0
217.0	0
217.0	0
217.0	0
217.0	0
218.0	0
217.0	0
216.0	0
218.0	0
217.0	0
217.0	0
217.0	0
217.0	0
218.0	0
218.0	0
217.0	0
217.0	0
217.0	0
216.0	0
216.0	0
215.0	0
215.0	0
214.0	0
213.0	0
214.0	0
214.0	0
214.0	0
214.0	0
214.0	0
213.0	0
213.0	0
212.0	0
212.0	0
212.0	0
212.0	0
211.0	0
211.0	0
211.0	0
211.0	0
210.0	0
211.0	0
211.0	0
211.0	0
211.0	0
210.0	0
211.0	0
211.0	0
211.0	0
212.0	0
212.0	0
212.0	0
211.0	0
214.0	0
213.0	0
213.0	0
214.0	0
213.0	0
212.0	0
213.0	0
213.0	0
213.0	0
213.0	0
212.0	0
214.0	0
214.0	0
216.0	0
215.0	0
216.0	0
216.0	0
216.0	0
217.0	0
215.0	0
216.0	0
215.0	0
217.0	0
217.0	0
218.0	0
217.0	0
218.0	0
217.0	0
217.0	0
217.0	0
218.0	0
217.0	0
217.0	0
217.0	0
216.0	0
217.0	0
215.0	0
215.0	0
214.0	0
215.0	0
214.0	0
214.0	0
214.0	0
213.0	0
212.0	0
212.0	0
214.0	0
213.0	0
213.0	0
212.0	0
213.0	0
211.0	0
212.0	0
212.0	0
212.0	0
211.0	0
211.0	0
212.0	0
212.0	0
212.0	0
212.0	0
211.0	0
212.0	0
212.0	0
212.0	0
212.0	0
212.0	0
212.0	0
211.0	0
212.0	0
211.0	0
212.0	0
213.0	0
211.0	0
212.0	0
213.0	0
214.0	0
213.0	0
213.0	0
212.0	0
213.0	0
213.0	0
213.0	0
213.0	0
213.0	0
214.0	0
215.0	0
214.0	0
215.0	0
215.0	0
215.0	0
215.0	0
215.0	0
215.0	0
216.0	0
215.0	0
216.0	0
216.0	0
216.0	0
217.0	0
217.0	0
216.0	0
217.0	0
217.0	0
217.0	0
217.0	0
217.0	0
217.0	0
216.0	0
216.0	0
214.0	0
215.0	0
214.0	0
213.0	0
213.0	0
213.0	0
213.0	0
212.0	0
213.0	0
213.0	0
212.0	0
213.0	0
212.0	0
212.0	0
212.0	0
211.0	0
212.0	0
211.0	0
210.0	0
210.0	0
211.0	0
211.0	0
210.0	0
210.0	0
210.0	0
211.0	0
211.0	0
210.0	0
211.0	0
210.0	0
212.0	0
212.0	0
212.0	0
212.0	0
210.0	0
212.0	0
211.0	0
211.0	0
213.0	0
210.0	0
211.0	0
209.0	0
211.0	0
210.0	0
212.0	0
211.0	0
213.0	0
214.0	0
213.0	0
213.0	0
215.0	0
213.0	0
215.0	0
215.0	0
215.0	0
214.0	0
214.0	0
215.0	0
215.0	0
215.0	0
215.0	0
215.0	0
215.0	0
213.0	0
214.0	0
214.0	0
215.0	0
215.0	0
213.0	0
214.0	0
214.0	0
213.0	0
213.0	0
213.0	0
212.0	0
212.0	0
211.0	0
211.0	0
211.0	0
211.0	0
211.0	0
211.0	0
212.0	0
210.0	0
210.0	0
211.0	0
210.0	0
211.0	0
212.0	0
210.0	0
210.0	0
211.0	0
210.0	0
210.0	0
210.0	0
209.0	0
209.0	0
209.0	0
211.0	0
209.0	0
209.0	0
211.0	0
211.0	0
210.0	0
209.0	0
209.0	0
209.0	0
210.0	0
209.0	0
211.0	0
209.0	0
210.0	0
210.0	0
209.0	0
211.0	0
210.0	0
210.0	0
212.0	0
212.0	0
212.0	0
213.0	0
213.0	0
212.0	0
211.0	0
212.0	0
213.0	0
213.0	0
213.0	0
213.0	0
214.0	0
214.0	0
213.0	0
214.0	0
214.0	0
213.0	0
214.0	0
215.0	0
215.0	0
215.0	0
214.0	0
214.0	0
214.0	0
213.0	0
213.0	0
213.0	0
212.0	0
211.0	0
211.0	0
212.0	0
212.0	0
211.0	0
212.0	0
211.0	0
211.0	0
209.0	0
211.0	0
210.0	0
210.0	0
209.0	0
209.0	0
209.0	0
209.0	0
210.0	0
209.0	0
209.0	0
208.0	0
208.0	0
209.0	0
209.0	0
209.0	0
209.0	0
210.0	0
210.0	0
210.0	0
210.0	0
210.0	0
209.0	0
210.0	0
209.0	0
210.0	0
210.0	0
210.0	0
210.0	0
209.0	0
209.0	0
210.0	0
210.0	0
210.0	0
210.0	0
210.0	0
211.0	0
212.0	0
212.0	0
213.0	0
213.0	0
212.0	0
213.0	0
213.0	0
214.0	0
214.0	0
214.0	0
213.0	0
213.0	0
214.0	0
213.0	0
212.0	0
212.0	0
213.0	0
213.0	0
214.0	0
213.0	0
213.0	0
213.0	0
212.0	0
212.0	0
212.0	0
211.0	0
210.0	0
210.0	0
209.0	0
211.0	0
211.0	0
210.0	0
211.0	0
210.0	0
210.0	0
208.0	0
210.0	0
209.0	0
209.0	0
209.0	0
208.0	0
209.0	0
209.0	0
208.0	0
207.0	0
208.0	0
208.0	0
208.0	0
208.0	0
207.0	0
208.0	0
208.0	0
208.0	0
208.0	0
209.0	0
209.0	0
127.0	1
208.0	0
208.0	0
209.0	0
209.0	0
208.0	0
209.0	0
210.0	0
208.0	0
208.0	0
209.0	0
209.0	0
210.0	0
210.0	0
209.0	0
209.0	0
211.0	0
212.0	0
212.0	0
212.0	0
212.0	0
212.0	0
213.0	0
212.0	0
212.0	0
213.0	0
214.0	0
213.0	0
213.0	0
213.0	0
212.0	0
213.0	0
212.0	0
213.0	0
212.0	0
212.0	0
211.0	0
211.0	0
211.0	0
211.0	0
210.0	0
211.0	0
210.0	0
210.0	0
211.0	0
210.0	0
209.0	0
208.0	0
209.0	0
208.0	0
209.0	0
208.0	0
210.0	0
209.0	0
209.0	0
209.0	0
208.0	0
207.0	0
207.0	0
208.0	0
208.0	0
208.0	0
207.0	0
206.0	0
207.0	0
207.0	0
207.0	0
207.0	0
207.0	0
207.0	0
208.0	0
207.0	0
207.0	0
207.0	0
207.0	0
206.0	0
208.0	0
92.0	1
207.0	0
210.0	0
208.0	0
209.0	0
210.0	0
209.0	0
210.0	0
212.0	0
211.0	0
212.0	0
213.0	0
213.0	0
213.0	0
213.0	0
213.0	0
213.0	0
214.0	0
213.0	0
214.0	0
215.0	0
214.0	0
215.0	0
214.0	0
213.0	0
213.0	0
214.0	0
213.0	0
213.0	0
213.0	0
212.0	0
213.0	0
212.0	0
212.0	0
212.0	0
212.0	0
211.0	0
211.0	0
211.0	0
211.0	0
210.0	0
209.0	0
208.0	0
210.0	0
209.0	0
210.0	0
209.0	0
210.0	0
209.0	0
209.0	0
210.0	0
210.0	0
209.0	0
210.0	0
102.0	1
209.0	0
208.0	0
210.0	0
208.0	0
209.0	0
207.0	0
208.0	0
208.0	0
207.0	0
208.0	0
208.0	0
208.0	0
208.0	0
86.0	1
208.0	0
207.0	0
209.0	0
208.0	0
207.0	0
210.0	0
