SA_diff	pop
180.0	0
180.0	0
127.0	1
180.0	0
182.0	0
183.0	0
183.0	0
183.0	0
184.0	0
184.0	0
184.0	0
184.0	0
185.0	0
185.0	0
186.0	0
186.0	0
186.0	0
186.0	0
185.0	0
186.0	0
185.0	0
186.0	0
186.0	0
186.0	0
185.0	0
185.0	0
169.0	1
184.0	0
185.0	0
184.0	0
184.0	0
184.0	0
183.0	0
182.0	0
182.0	0
181.0	0
181.0	0
182.0	0
182.0	0
181.0	0
181.0	0
181.0	0
181.0	0
181.0	0
181.0	0
181.0	0
182.0	0
182.0	0
181.0	0
181.0	0
181.0	0
181.0	0
180.0	0
181.0	0
181.0	0
181.0	0
115.0	2
179.0	0
179.0	0
180.0	0
179.0	0
181.0	0
179.0	1
181.0	0
154.0	1
180.0	0
179.0	0
179.0	0
180.0	0
180.0	1
108.0	2
180.0	0
98.0	4
61.0	2
108.0	1
181.0	0
176.0	1
182.0	0
181.0	0
182.0	0
182.0	0
182.0	0
183.0	0
183.0	0
184.0	0
183.0	0
184.0	0
184.0	0
184.0	0
183.0	0
184.0	0
184.0	0
184.0	0
184.0	0
183.0	0
184.0	0
183.0	0
184.0	0
184.0	0
184.0	0
184.0	0
184.0	0
184.0	0
183.0	0
182.0	0
183.0	0
183.0	0
184.0	0
183.0	0
181.0	0
182.0	0
182.0	0
181.0	0
181.0	0
181.0	0
180.0	0
180.0	0
180.0	0
180.0	0
179.0	0
179.0	0
179.0	0
179.0	0
178.0	0
179.0	0
127.0	1
180.0	0
179.0	0
179.0	0
179.0	0
173.0	1
177.0	0
137.0	1
178.0	0
149.0	1
179.0	0
179.0	0
179.0	0
62.0	1
114.0	1
102.0	4
62.0	7
67.0	4
97.0	5
120.0	2
111.0	6
179.0	1
87.0	2
180.0	0
179.0	0
180.0	0
180.0	0
180.0	0
181.0	0
180.0	0
180.0	0
180.0	0
180.0	0
180.0	0
181.0	0
182.0	0
181.0	0
182.0	0
181.0	0
183.0	0
182.0	0
181.0	0
182.0	0
181.0	0
182.0	0
181.0	0
181.0	0
181.0	0
182.0	0
182.0	0
180.0	0
180.0	0
180.0	0
181.0	0
181.0	0
179.0	0
152.0	1
180.0	0
178.0	0
179.0	0
179.0	0
178.0	0
178.0	0
177.0	0
177.0	0
176.0	0
44.0	1
173.0	1
147.0	2
143.0	1
165.0	1
177.0	0
117.0	2
114.0	4
52.0	1
174.0	1
178.0	0
99.0	1
176.0	0
109.0	2
137.0	2
122.0	4
175.0	1
68.0	2
149.0	2
170.0	1
103.0	5
92.0	3
76.0	11
105.0	11
98.0	10
110.0	15
95.0	14
95.0	6
182.0	0
180.0	0
180.0	0
181.0	0
182.0	0
181.0	0
183.0	0
183.0	0
183.0	0
183.0	0
182.0	0
182.0	0
183.0	0
73.0	1
183.0	0
183.0	0
183.0	0
183.0	0
183.0	0
110.0	1
183.0	0
183.0	0
183.0	0
183.0	0
183.0	0
182.0	0
183.0	0
182.0	0
182.0	0
181.0	0
182.0	0
181.0	0
182.0	0
180.0	0
180.0	0
181.0	0
181.0	0
180.0	0
181.0	0
180.0	0
180.0	0
179.0	0
178.0	0
179.0	0
180.0	0
140.0	2
177.0	1
52.0	1
75.0	3
53.0	4
115.0	3
154.0	2
108.0	7
82.0	2
77.0	7
121.0	3
108.0	6
110.0	2
151.0	1
130.0	2
177.0	1
97.0	4
104.0	10
95.0	4
65.0	10
85.0	22
97.0	17
86.0	25
93.0	13
98.0	15
99.0	8
136.0	5
87.0	8
127.0	1
181.0	0
181.0	0
183.0	0
181.0	0
184.0	0
184.0	0
183.0	0
184.0	0
182.0	0
183.0	0
183.0	0
182.0	0
183.0	0
183.0	0
183.0	0
184.0	0
183.0	0
183.0	0
183.0	0
183.0	0
183.0	0
183.0	0
182.0	0
182.0	0
182.0	0
182.0	0
182.0	0
181.0	0
182.0	0
182.0	0
181.0	0
144.0	1
180.0	0
115.0	1
181.0	0
180.0	0
180.0	0
48.0	1
126.0	1
179.0	0
101.0	1
85.0	2
52.0	3
49.0	3
57.0	1
42.0	8
99.0	3
90.0	4
82.0	9
77.0	10
48.0	9
32.0	9
80.0	5
101.0	2
79.0	8
126.0	1
124.0	4
89.0	6
106.0	8
68.0	8
86.0	4
73.0	15
81.0	16
111.0	14
74.0	27
83.0	28
95.0	28
78.0	13
86.0	14
95.0	5
102.0	6
123.0	4
123.0	2
179.0	0
179.0	0
180.0	0
180.0	0
180.0	0
180.0	0
180.0	0
181.0	0
179.0	1
182.0	0
182.0	0
182.0	0
182.0	0
183.0	0
182.0	0
171.0	1
182.0	0
183.0	0
183.0	0
183.0	0
155.0	1
183.0	0
181.0	0
182.0	0
179.0	1
181.0	0
116.0	1
180.0	0
181.0	0
179.0	0
179.0	0
176.0	1
105.0	3
106.0	1
59.0	2
178.0	0
178.0	0
55.0	1
178.0	0
178.0	0
42.0	3
105.0	2
75.0	10
53.0	7
92.0	5
35.0	8
102.0	9
69.0	6
97.0	10
62.0	8
57.0	12
73.0	8
83.0	10
74.0	15
49.0	9
84.0	14
79.0	11
91.0	7
78.0	11
65.0	11
115.0	16
65.0	23
65.0	20
106.0	18
60.0	24
84.0	25
130.0	6
88.0	9
115.0	6
133.0	3
106.0	3
125.0	2
179.0	0
180.0	0
180.0	0
180.0	0
181.0	0
181.0	0
181.0	0
181.0	0
181.0	0
183.0	0
182.0	0
182.0	1
183.0	0
182.0	0
182.0	1
183.0	0
183.0	0
184.0	0
182.0	0
59.0	1
183.0	0
182.0	0
182.0	0
182.0	0
182.0	0
182.0	0
182.0	0
166.0	1
126.0	1
180.0	0
152.0	1
180.0	0
45.0	6
96.0	3
140.0	5
85.0	3
159.0	1
140.0	2
39.0	3
77.0	2
55.0	4
173.0	1
46.0	6
81.0	7
64.0	9
70.0	4
100.0	8
107.0	5
127.0	5
18.0	9
28.0	8
65.0	12
61.0	7
53.0	13
96.0	7
65.0	14
130.0	11
79.0	15
73.0	12
95.0	10
68.0	13
60.0	21
68.0	20
77.0	26
87.0	17
90.0	22
113.0	7
116.0	8
103.0	9
89.0	7
179.0	0
178.0	0
179.0	0
179.0	0
180.0	0
180.0	0
181.0	0
180.0	0
181.0	0
182.0	0
182.0	0
182.0	0
181.0	0
181.0	1
182.0	0
181.0	0
182.0	0
182.0	0
171.0	1
49.0	1
181.0	0
182.0	0
180.0	0
182.0	0
181.0	0
70.0	1
68.0	1
179.0	0
180.0	0
181.0	0
180.0	0
178.0	0
85.0	7
111.0	5
148.0	2
52.0	3
69.0	6
112.0	1
38.0	7
42.0	4
58.0	5
123.0	2
83.0	2
40.0	5
42.0	8
11.0	9
48.0	16
28.0	11
67.0	9
124.0	4
95.0	14
58.0	14
42.0	10
32.0	20
20.0	13
19.0	13
70.0	11
61.0	13
67.0	12
67.0	11
67.0	17
68.0	19
40.0	12
53.0	25
106.0	12
80.0	18
77.0	12
69.0	14
107.0	9
108.0	5
116.0	8
113.0	4
178.0	0
155.0	1
180.0	0
180.0	0
181.0	0
182.0	0
182.0	0
181.0	0
182.0	0
182.0	0
182.0	0
176.0	1
182.0	0
183.0	0
152.0	1
183.0	0
183.0	0
46.0	1
183.0	0
183.0	0
178.0	1
59.0	1
182.0	0
181.0	0
181.0	0
181.0	0
179.0	2
121.0	1
56.0	1
180.0	0
181.0	0
85.0	3
63.0	4
63.0	8
48.0	8
76.0	4
59.0	9
69.0	7
95.0	3
59.0	10
28.0	10
93.0	4
64.0	6
72.0	5
56.0	13
73.0	10
40.0	10
57.0	7
5.0	12
20.0	14
70.0	12
48.0	14
98.0	12
91.0	12
21.0	13
50.0	11
81.0	8
46.0	12
56.0	19
59.0	15
83.0	19
69.0	21
34.0	20
70.0	21
54.0	20
98.0	10
66.0	5
100.0	6
94.0	8
99.0	5
94.0	5
107.0	3
167.0	2
162.0	2
181.0	0
182.0	0
182.0	0
183.0	0
183.0	0
182.0	0
183.0	0
182.0	0
55.0	1
182.0	0
104.0	1
183.0	0
86.0	2
184.0	0
184.0	0
182.0	0
184.0	0
184.0	0
185.0	0
184.0	0
131.0	1
103.0	1
182.0	0
183.0	0
59.0	1
78.0	2
177.0	1
80.0	6
79.0	2
118.0	4
53.0	7
42.0	8
75.0	14
42.0	15
24.0	11
45.0	15
73.0	8
13.0	6
31.0	3
59.0	7
23.0	12
37.0	7
46.0	12
82.0	19
51.0	15
2.0	16
78.0	10
91.0	12
64.0	7
35.0	12
31.0	17
24.0	15
59.0	21
17.0	24
66.0	18
121.0	12
71.0	16
90.0	15
69.0	18
56.0	24
96.0	11
71.0	14
83.0	16
91.0	16
117.0	9
127.0	5
161.0	4
88.0	3
94.0	5
97.0	6
141.0	2
171.0	1
179.0	0
178.0	1
175.0	1
180.0	0
173.0	1
180.0	0
91.0	1
167.0	1
182.0	0
181.0	0
181.0	0
181.0	0
67.0	1
181.0	0
181.0	0
112.0	2
181.0	0
180.0	0
180.0	0
88.0	1
181.0	0
181.0	0
76.0	1
180.0	0
180.0	0
71.0	5
51.0	3
148.0	1
90.0	3
97.0	11
34.0	14
54.0	18
68.0	8
66.0	15
61.0	12
42.0	23
19.0	13
21.0	12
99.0	5
40.0	6
32.0	5
38.0	8
38.0	14
34.0	16
43.0	13
43.0	15
37.0	14
87.0	13
45.0	15
88.0	13
10.0	14
52.0	16
39.0	23
57.0	22
59.0	20
84.0	14
45.0	13
37.0	19
83.0	16
38.0	23
19.0	25
36.0	17
56.0	18
88.0	12
86.0	10
81.0	9
84.0	7
100.0	5
144.0	2
168.0	1
76.0	1
182.0	0
163.0	1
171.0	2
167.0	1
184.0	0
95.0	1
184.0	0
178.0	1
184.0	0
68.0	1
186.0	0
185.0	0
93.0	2
186.0	0
121.0	1
180.0	1
185.0	0
179.0	1
184.0	0
184.0	0
185.0	0
183.0	0
170.0	1
65.0	1
57.0	3
28.0	5
70.0	5
53.0	7
68.0	10
53.0	11
36.0	14
38.0	28
34.0	22
32.0	21
23.0	25
38.0	18
28.0	28
23.0	18
59.0	6
33.0	5
125.0	3
65.0	6
27.0	5
34.0	5
43.0	9
69.0	10
41.0	9
42.0	11
71.0	8
100.0	9
18.0	14
26.0	22
50.0	15
66.0	22
99.0	21
72.0	23
49.0	25
75.0	17
39.0	29
53.0	24
48.0	18
69.0	21
83.0	16
63.0	17
108.0	7
70.0	5
88.0	4
68.0	2
106.0	4
104.0	1
178.0	0
178.0	0
172.0	1
179.0	0
181.0	0
151.0	1
54.0	2
181.0	0
181.0	0
182.0	0
182.0	0
180.0	1
183.0	0
181.0	0
182.0	0
181.0	0
181.0	0
99.0	1
181.0	1
180.0	0
93.0	1
146.0	2
156.0	1
149.0	1
169.0	1
72.0	3
73.0	2
42.0	3
55.0	4
40.0	8
69.0	10
76.0	11
66.0	13
19.0	22
38.0	26
29.0	33
14.0	33
14.0	30
19.0	30
38.0	22
28.0	13
50.0	11
34.0	3
182.0	0
21.0	1
150.0	2
181.0	0
102.0	5
181.0	0
38.0	9
40.0	8
17.0	18
62.0	12
23.0	27
66.0	28
67.0	28
78.0	30
31.0	19
94.0	19
58.0	25
87.0	27
79.0	25
39.0	19
90.0	19
48.0	17
82.0	8
108.0	4
85.0	8
116.0	6
81.0	3
77.0	5
131.0	4
142.0	2
109.0	3
109.0	1
180.0	0
180.0	0
182.0	0
183.0	0
183.0	0
182.0	0
182.0	0
182.0	0
174.0	1
182.0	0
98.0	1
184.0	0
181.0	1
182.0	0
182.0	0
101.0	1
184.0	0
183.0	0
182.0	0
182.0	0
69.0	3
34.0	3
181.0	1
65.0	4
98.0	6
90.0	8
50.0	17
10.0	14
46.0	16
34.0	17
25.0	39
41.0	39
39.0	43
9.0	43
34.0	43
26.0	27
43.0	22
82.0	9
57.0	4
40.0	2
80.0	3
149.0	1
183.0	0
12.0	3
104.0	3
105.0	2
11.0	2
102.0	6
94.0	7
15.0	13
55.0	21
44.0	16
64.0	32
62.0	25
39.0	39
57.0	29
85.0	24
34.0	25
84.0	23
77.0	23
28.0	22
84.0	18
66.0	14
68.0	10
80.0	3
90.0	4
128.0	7
125.0	7
57.0	3
166.0	1
151.0	2
183.0	0
184.0	0
183.0	0
183.0	0
183.0	0
184.0	0
80.0	1
108.0	1
186.0	0
185.0	0
172.0	1
186.0	0
185.0	0
93.0	1
56.0	1
184.0	0
184.0	0
149.0	1
74.0	1
127.0	3
90.0	1
164.0	1
61.0	2
57.0	4
116.0	4
55.0	11
30.0	12
59.0	17
70.0	16
45.0	22
37.0	18
59.0	47
27.0	48
25.0	65
8.0	54
22.0	49
27.0	34
35.0	19
50.0	10
82.0	3
36.0	5
22.0	2
89.0	1
111.0	1
72.0	2
44.0	1
54.0	4
85.0	3
59.0	8
68.0	9
83.0	15
20.0	42
25.0	40
65.0	32
53.0	34
51.0	39
47.0	37
59.0	24
84.0	20
80.0	19
65.0	16
85.0	21
70.0	20
88.0	10
60.0	6
143.0	1
97.0	8
102.0	5
96.0	7
47.0	3
151.0	1
135.0	1
181.0	0
181.0	0
182.0	0
118.0	1
182.0	1
182.0	0
182.0	0
182.0	0
183.0	0
182.0	0
182.0	0
182.0	0
182.0	0
183.0	0
182.0	0
181.0	1
182.0	0
181.0	0
45.0	2
182.0	0
119.0	1
182.0	1
44.0	7
38.0	6
81.0	4
44.0	12
49.0	12
31.0	23
14.0	21
17.0	22
48.0	27
19.0	68
10.0	96
20.0	88
10.0	70
11.0	45
26.0	28
3.0	14
78.0	5
31.0	4
150.0	1
186.0	0
130.0	3
138.0	3
45.0	3
99.0	2
37.0	5
55.0	6
55.0	10
37.0	11
54.0	31
18.0	40
43.0	42
48.0	40
32.0	31
64.0	29
52.0	20
70.0	29
66.0	32
76.0	22
68.0	23
59.0	17
61.0	18
51.0	12
83.0	10
94.0	6
73.0	6
56.0	7
88.0	7
135.0	2
177.0	2
158.0	1
124.0	1
182.0	0
182.0	0
182.0	0
182.0	0
182.0	0
176.0	1
183.0	0
183.0	0
183.0	0
182.0	0
183.0	0
182.0	0
182.0	0
72.0	2
183.0	0
96.0	1
182.0	0
182.0	0
72.0	1
40.0	5
78.0	5
43.0	5
73.0	7
20.0	10
28.0	11
28.0	18
54.0	17
22.0	25
30.0	28
37.0	35
19.0	113
17.0	105
3.0	117
25.0	57
12.0	23
29.0	14
13.0	8
18.0	5
48.0	2
50.0	2
25.0	4
48.0	1
182.0	1
106.0	1
119.0	3
91.0	4
34.0	13
75.0	8
57.0	15
36.0	27
34.0	40
50.0	57
13.0	39
21.0	34
50.0	28
23.0	26
61.0	33
61.0	19
68.0	25
71.0	27
40.0	18
40.0	17
91.0	7
89.0	9
131.0	4
76.0	10
87.0	15
66.0	7
119.0	2
110.0	1
181.0	0
126.0	1
183.0	0
183.0	0
183.0	0
183.0	0
184.0	0
184.0	0
185.0	0
183.0	0
76.0	1
106.0	1
183.0	0
183.0	0
184.0	0
183.0	1
57.0	1
183.0	0
88.0	1
179.0	2
184.0	0
38.0	2
75.0	1
81.0	6
34.0	19
67.0	9
44.0	6
51.0	12
18.0	22
11.0	25
28.0	41
0.0	74
8.0	118
35.0	106
22.0	80
26.0	46
31.0	18
55.0	9
60.0	3
80.0	3
188.0	0
115.0	3
66.0	2
85.0	4
33.0	6
60.0	6
61.0	4
31.0	11
15.0	6
92.0	14
30.0	18
41.0	35
25.0	43
38.0	52
64.0	40
30.0	42
40.0	38
49.0	26
76.0	33
52.0	21
67.0	21
51.0	21
46.0	9
51.0	23
52.0	17
16.0	12
91.0	16
52.0	16
99.0	12
48.0	19
92.0	6
79.0	1
174.0	1
180.0	0
180.0	0
180.0	0
181.0	0
182.0	0
181.0	0
181.0	0
181.0	0
181.0	0
182.0	0
182.0	0
181.0	0
182.0	0
181.0	0
182.0	0
112.0	2
181.0	0
182.0	0
173.0	1
111.0	1
183.0	0
48.0	9
140.0	8
46.0	9
42.0	14
43.0	21
21.0	14
14.0	26
33.0	40
22.0	72
18.0	86
19.0	130
10.0	72
38.0	44
60.0	12
34.0	5
22.0	3
144.0	1
72.0	3
49.0	3
63.0	5
120.0	2
16.0	11
29.0	15
50.0	18
16.0	22
42.0	13
9.0	16
85.0	8
59.0	24
39.0	41
62.0	49
43.0	47
49.0	60
47.0	40
47.0	32
37.0	24
60.0	29
6.0	28
69.0	28
37.0	22
56.0	21
65.0	19
66.0	24
30.0	18
61.0	16
88.0	15
64.0	21
96.0	21
119.0	6
142.0	1
125.0	1
180.0	0
181.0	0
180.0	0
182.0	0
182.0	0
182.0	0
181.0	0
181.0	0
181.0	0
182.0	0
182.0	0
182.0	0
182.0	0
183.0	0
182.0	0
182.0	0
182.0	0
183.0	0
183.0	0
109.0	1
130.0	3
39.0	5
63.0	5
24.0	19
11.0	17
19.0	17
16.0	23
37.0	19
5.0	51
21.0	71
15.0	84
30.0	93
18.0	47
28.0	15
22.0	9
45.0	5
187.0	1
64.0	1
189.0	0
75.0	5
158.0	3
87.0	8
105.0	7
16.0	23
88.0	15
17.0	27
25.0	12
18.0	15
56.0	22
43.0	21
58.0	25
32.0	34
47.0	49
74.0	40
37.0	42
16.0	43
46.0	30
33.0	20
88.0	28
39.0	29
17.0	25
32.0	29
65.0	20
56.0	14
39.0	16
64.0	15
90.0	24
86.0	24
87.0	12
162.0	2
179.0	0
180.0	0
180.0	0
180.0	0
181.0	0
181.0	0
181.0	0
182.0	0
182.0	0
182.0	0
182.0	0
181.0	0
183.0	0
183.0	0
182.0	0
117.0	1
182.0	0
183.0	0
80.0	2
183.0	0
184.0	0
109.0	3
49.0	3
36.0	8
26.0	19
33.0	40
30.0	38
29.0	38
24.0	42
34.0	45
25.0	68
21.0	70
4.0	57
12.0	59
36.0	22
90.0	3
190.0	0
190.0	0
95.0	1
190.0	0
190.0	0
175.0	1
40.0	6
89.0	3
40.0	6
25.0	9
56.0	10
28.0	5
93.0	8
13.0	9
93.0	8
7.0	17
79.0	15
67.0	16
40.0	36
39.0	48
33.0	39
12.0	38
68.0	33
50.0	35
29.0	34
43.0	33
21.0	22
30.0	28
57.0	32
32.0	28
15.0	24
70.0	28
85.0	24
86.0	10
136.0	3
179.0	0
180.0	0
182.0	0
182.0	0
181.0	0
181.0	0
181.0	0
182.0	0
182.0	0
182.0	0
182.0	0
182.0	0
182.0	0
183.0	0
181.0	0
182.0	0
182.0	0
183.0	0
183.0	0
183.0	0
184.0	0
183.0	0
130.0	5
62.0	7
60.0	20
18.0	47
34.0	82
48.0	120
48.0	91
37.0	58
22.0	79
23.0	71
12.0	81
30.0	35
31.0	31
57.0	6
56.0	2
57.0	3
191.0	0
191.0	0
73.0	1
191.0	0
191.0	0
192.0	0
83.0	2
67.0	1
189.0	1
150.0	1
122.0	2
188.0	1
20.0	8
152.0	3
86.0	2
59.0	8
72.0	5
59.0	16
77.0	24
28.0	49
69.0	38
11.0	36
11.0	36
41.0	34
18.0	44
27.0	35
14.0	33
36.0	32
44.0	30
77.0	22
60.0	19
79.0	14
95.0	8
87.0	1
181.0	0
180.0	0
180.0	0
181.0	0
182.0	0
181.0	0
182.0	0
182.0	0
182.0	0
182.0	0
182.0	0
182.0	0
182.0	0
183.0	0
183.0	0
183.0	0
182.0	0
183.0	0
183.0	0
185.0	0
182.0	1
186.0	0
124.0	2
47.0	15
61.0	52
35.0	204
20.0	395
35.0	285
25.0	156
27.0	106
25.0	98
21.0	100
28.0	72
37.0	26
98.0	4
193.0	0
193.0	0
66.0	1
193.0	0
193.0	0
70.0	1
193.0	0
193.0	0
192.0	0
192.0	0
37.0	2
192.0	0
190.0	0
61.0	2
190.0	0
188.0	0
189.0	0
184.0	1
105.0	2
107.0	3
110.0	7
75.0	13
29.0	26
12.0	30
13.0	33
36.0	29
36.0	43
22.0	43
36.0	35
18.0	36
31.0	41
107.0	22
58.0	10
85.0	8
98.0	4
92.0	1
180.0	0
180.0	0
180.0	0
181.0	0
180.0	0
182.0	0
181.0	0
181.0	0
181.0	0
181.0	0
181.0	0
183.0	0
181.0	0
182.0	0
183.0	0
183.0	0
183.0	0
184.0	0
184.0	0
185.0	0
186.0	0
186.0	0
72.0	1
110.0	3
36.0	22
53.0	138
40.0	609
22.0	724
14.0	295
11.0	161
21.0	94
7.0	95
19.0	41
35.0	9
50.0	3
122.0	1
193.0	0
95.0	1
194.0	0
194.0	0
194.0	0
193.0	0
193.0	0
193.0	0
193.0	0
192.0	0
192.0	0
192.0	0
191.0	0
191.0	0
191.0	0
190.0	0
190.0	0
190.0	0
188.0	0
103.0	3
172.0	1
16.0	7
65.0	15
76.0	27
18.0	42
12.0	40
58.0	47
29.0	50
39.0	44
11.0	23
39.0	19
95.0	11
86.0	8
127.0	1
180.0	0
180.0	0
179.0	0
179.0	0
180.0	0
181.0	0
179.0	0
180.0	0
180.0	0
181.0	0
181.0	0
181.0	0
182.0	0
182.0	0
182.0	0
183.0	0
183.0	0
183.0	0
183.0	0
183.0	0
184.0	0
184.0	0
185.0	0
186.0	0
186.0	0
37.0	8
38.0	32
21.0	208
35.0	545
20.0	324
8.0	126
10.0	89
29.0	39
55.0	21
28.0	2
187.0	1
59.0	1
192.0	0
193.0	0
193.0	0
194.0	0
194.0	0
194.0	0
194.0	0
194.0	0
193.0	0
193.0	0
193.0	0
192.0	0
192.0	0
191.0	0
191.0	0
191.0	0
190.0	0
189.0	0
189.0	0
23.0	1
136.0	2
15.0	2
109.0	5
117.0	13
60.0	16
56.0	30
16.0	52
48.0	31
2.0	42
28.0	27
80.0	17
51.0	7
59.0	6
84.0	5
70.0	1
180.0	0
179.0	0
179.0	0
179.0	0
89.0	1
179.0	0
180.0	0
180.0	0
179.0	0
181.0	0
182.0	0
181.0	0
183.0	0
182.0	0
184.0	0
184.0	0
183.0	0
183.0	0
183.0	0
183.0	0
185.0	0
185.0	0
184.0	0
13.0	1
187.0	0
115.0	4
75.0	21
35.0	90
40.0	114
46.0	64
28.0	33
28.0	17
42.0	4
94.0	2
65.0	1
60.0	1
193.0	0
193.0	0
193.0	0
193.0	0
194.0	0
195.0	0
194.0	0
195.0	0
194.0	0
194.0	0
194.0	0
194.0	0
193.0	0
192.0	0
191.0	0
190.0	0
123.0	1
189.0	0
189.0	0
187.0	0
187.0	0
186.0	0
119.0	2
178.0	1
53.0	12
34.0	11
50.0	31
18.0	25
15.0	33
40.0	16
74.0	12
50.0	5
82.0	1
169.0	1
177.0	0
178.0	0
57.0	1
181.0	0
180.0	0
180.0	0
181.0	0
181.0	0
181.0	0
181.0	0
182.0	0
182.0	0
182.0	0
182.0	0
182.0	0
184.0	0
183.0	0
183.0	0
184.0	0
185.0	0
185.0	0
187.0	0
187.0	0
187.0	0
188.0	0
189.0	0
190.0	0
184.0	1
60.0	8
64.0	20
68.0	13
30.0	15
112.0	3
104.0	4
32.0	1
195.0	0
196.0	0
197.0	0
197.0	0
197.0	0
198.0	0
198.0	0
196.0	0
197.0	0
196.0	0
197.0	0
197.0	0
197.0	0
196.0	0
196.0	0
196.0	0
194.0	0
193.0	0
193.0	0
192.0	0
192.0	0
191.0	0
190.0	0
189.0	0
189.0	0
189.0	0
104.0	4
64.0	10
29.0	15
101.0	17
18.0	10
64.0	12
123.0	3
166.0	2
103.0	2
182.0	0
182.0	0
180.0	0
180.0	0
181.0	0
180.0	0
180.0	0
179.0	0
179.0	0
180.0	0
180.0	0
181.0	0
181.0	0
180.0	0
181.0	0
181.0	0
181.0	0
182.0	0
182.0	0
182.0	0
183.0	0
184.0	0
185.0	0
186.0	0
186.0	0
187.0	0
187.0	0
188.0	1
189.0	1
69.0	3
123.0	2
57.0	5
83.0	3
193.0	1
194.0	0
133.0	1
195.0	0
196.0	0
195.0	0
195.0	0
196.0	0
196.0	0
198.0	0
198.0	0
199.0	0
198.0	0
196.0	0
197.0	0
197.0	0
197.0	0
195.0	0
195.0	0
194.0	0
193.0	0
193.0	0
192.0	0
190.0	0
191.0	0
191.0	0
189.0	0
188.0	0
187.0	0
188.0	0
124.0	1
91.0	2
17.0	2
46.0	9
37.0	4
86.0	1
183.0	0
48.0	1
182.0	0
182.0	0
181.0	0
90.0	1
179.0	0
179.0	0
178.0	0
179.0	0
178.0	0
179.0	0
179.0	0
179.0	0
180.0	0
180.0	0
180.0	0
180.0	0
182.0	0
183.0	0
181.0	0
182.0	0
183.0	0
184.0	0
185.0	0
186.0	0
186.0	0
187.0	0
188.0	0
189.0	0
190.0	0
73.0	1
191.0	0
134.0	2
191.0	1
161.0	1
17.0	1
69.0	1
75.0	1
195.0	0
195.0	0
197.0	0
197.0	0
197.0	0
197.0	0
197.0	0
197.0	0
199.0	0
198.0	0
197.0	0
197.0	0
196.0	0
196.0	0
195.0	0
195.0	0
193.0	0
194.0	0
193.0	0
191.0	0
192.0	0
190.0	0
189.0	0
189.0	0
188.0	0
187.0	0
187.0	0
187.0	0
104.0	3
185.0	1
67.0	1
183.0	0
183.0	0
182.0	0
182.0	0
182.0	0
182.0	0
181.0	0
180.0	0
179.0	0
178.0	0
178.0	0
178.0	0
179.0	0
180.0	0
179.0	0
179.0	0
179.0	0
181.0	0
182.0	0
181.0	0
182.0	0
182.0	0
182.0	0
183.0	0
184.0	0
184.0	0
186.0	0
186.0	0
186.0	0
187.0	0
189.0	0
190.0	0
49.0	1
151.0	1
191.0	0
192.0	0
193.0	0
58.0	1
195.0	0
195.0	0
195.0	0
196.0	0
196.0	0
197.0	0
197.0	0
198.0	0
198.0	0
198.0	0
197.0	0
198.0	0
198.0	0
197.0	0
198.0	0
196.0	0
197.0	0
196.0	0
195.0	0
194.0	0
194.0	0
193.0	0
192.0	0
192.0	0
190.0	0
190.0	0
80.0	1
188.0	0
187.0	0
186.0	0
101.0	1
183.0	1
59.0	1
183.0	0
184.0	0
184.0	0
182.0	0
182.0	0
181.0	0
180.0	0
179.0	0
179.0	0
179.0	0
179.0	0
179.0	0
179.0	0
178.0	0
178.0	0
179.0	0
178.0	0
179.0	0
179.0	0
180.0	0
180.0	0
180.0	0
181.0	0
181.0	0
182.0	0
183.0	0
186.0	0
187.0	0
188.0	0
188.0	0
190.0	0
189.0	0
190.0	0
191.0	0
192.0	0
193.0	0
194.0	0
194.0	0
194.0	0
196.0	0
196.0	0
197.0	0
198.0	0
199.0	0
198.0	0
198.0	0
199.0	0
199.0	0
199.0	0
199.0	0
199.0	0
199.0	0
199.0	0
197.0	0
197.0	0
196.0	0
195.0	0
195.0	0
195.0	0
193.0	0
192.0	0
192.0	0
191.0	0
190.0	0
64.0	1
188.0	0
189.0	0
129.0	1
187.0	0
186.0	0
164.0	1
185.0	0
103.0	1
184.0	0
183.0	0
181.0	0
181.0	0
180.0	0
179.0	0
180.0	0
178.0	0
178.0	0
178.0	0
178.0	0
179.0	0
179.0	0
179.0	0
178.0	0
180.0	0
180.0	0
180.0	0
180.0	0
180.0	0
182.0	0
182.0	0
183.0	0
184.0	0
185.0	0
186.0	0
186.0	0
188.0	0
189.0	0
190.0	0
192.0	0
192.0	0
190.0	1
194.0	0
194.0	0
195.0	0
196.0	0
197.0	0
197.0	0
197.0	0
198.0	0
53.0	1
199.0	0
199.0	0
199.0	0
199.0	0
200.0	0
200.0	0
200.0	0
199.0	0
199.0	0
198.0	0
199.0	0
197.0	0
196.0	0
196.0	0
195.0	0
194.0	0
194.0	0
193.0	0
193.0	0
191.0	0
191.0	0
189.0	0
189.0	0
189.0	0
188.0	0
186.0	0
88.0	1
186.0	0
184.0	0
184.0	0
184.0	0
182.0	0
181.0	0
180.0	0
180.0	0
179.0	0
179.0	0
179.0	0
179.0	0
179.0	0
178.0	0
177.0	0
178.0	0
177.0	0
177.0	0
178.0	0
178.0	0
179.0	0
180.0	0
180.0	0
182.0	0
182.0	0
184.0	0
184.0	0
186.0	0
186.0	0
68.0	1
189.0	0
189.0	0
191.0	0
191.0	0
193.0	1
193.0	0
195.0	0
194.0	0
195.0	0
196.0	0
196.0	0
195.0	0
197.0	0
198.0	0
197.0	0
198.0	0
198.0	0
198.0	0
199.0	0
199.0	0
198.0	0
199.0	0
199.0	0
199.0	0
197.0	0
197.0	0
195.0	0
196.0	0
195.0	0
194.0	0
192.0	0
192.0	0
191.0	0
190.0	0
190.0	0
189.0	0
188.0	0
187.0	0
187.0	0
186.0	0
185.0	0
183.0	0
184.0	0
183.0	0
182.0	0
181.0	0
180.0	0
180.0	0
179.0	0
178.0	0
178.0	0
177.0	0
177.0	0
178.0	0
177.0	0
179.0	0
180.0	0
179.0	0
179.0	0
180.0	0
180.0	0
181.0	0
180.0	0
181.0	0
183.0	0
183.0	0
185.0	0
186.0	0
187.0	0
187.0	0
190.0	0
191.0	0
191.0	0
192.0	0
193.0	0
194.0	0
194.0	0
195.0	0
196.0	0
197.0	0
197.0	0
199.0	0
199.0	0
201.0	0
201.0	0
201.0	0
201.0	0
201.0	0
200.0	0
201.0	0
201.0	0
201.0	0
201.0	0
201.0	0
201.0	0
201.0	0
200.0	0
199.0	0
198.0	0
199.0	0
197.0	0
196.0	0
196.0	0
196.0	0
194.0	0
193.0	0
191.0	0
190.0	0
190.0	0
190.0	0
188.0	0
187.0	0
186.0	0
185.0	0
185.0	0
186.0	0
184.0	0
184.0	0
182.0	0
182.0	0
181.0	0
181.0	0
181.0	0
179.0	0
179.0	0
178.0	0
179.0	0
179.0	0
179.0	0
179.0	0
180.0	0
180.0	0
182.0	0
182.0	0
182.0	0
184.0	0
184.0	0
185.0	0
186.0	0
187.0	0
188.0	0
189.0	0
191.0	0
191.0	0
193.0	0
195.0	0
194.0	0
196.0	0
196.0	0
197.0	0
197.0	0
199.0	0
200.0	0
200.0	0
200.0	0
201.0	0
201.0	0
203.0	0
202.0	0
201.0	0
202.0	0
202.0	0
202.0	0
201.0	0
202.0	0
200.0	0
201.0	0
200.0	0
200.0	0
199.0	0
197.0	0
197.0	0
196.0	0
197.0	0
194.0	0
194.0	0
193.0	0
192.0	0
191.0	0
191.0	0
190.0	0
188.0	0
187.0	0
186.0	0
186.0	0
186.0	0
184.0	0
184.0	0
183.0	0
182.0	0
182.0	0
181.0	0
180.0	0
180.0	0
179.0	0
180.0	0
179.0	0
180.0	0
178.0	0
177.0	0
177.0	0
178.0	0
178.0	0
178.0	0
180.0	0
180.0	0
181.0	0
181.0	0
182.0	0
184.0	0
185.0	0
186.0	0
186.0	0
187.0	0
190.0	0
190.0	0
190.0	0
192.0	0
192.0	0
193.0	0
193.0	0
195.0	0
196.0	0
197.0	0
198.0	0
198.0	0
199.0	0
199.0	0
199.0	0
199.0	0
200.0	0
200.0	0
200.0	0
200.0	0
200.0	0
200.0	0
200.0	0
199.0	0
199.0	0
198.0	0
198.0	0
198.0	0
195.0	0
195.0	0
193.0	0
193.0	0
191.0	0
191.0	0
190.0	0
189.0	0
189.0	0
188.0	0
187.0	0
186.0	0
185.0	0
185.0	0
184.0	0
184.0	0
182.0	0
181.0	0
181.0	0
180.0	0
178.0	0
178.0	0
178.0	0
178.0	0
178.0	0
177.0	0
179.0	0
178.0	0
176.0	0
180.0	0
180.0	0
179.0	0
180.0	0
182.0	0
180.0	0
182.0	0
183.0	0
185.0	0
186.0	0
186.0	0
188.0	0
188.0	0
190.0	0
190.0	0
193.0	0
194.0	0
195.0	0
194.0	0
196.0	0
196.0	0
197.0	0
198.0	0
198.0	0
200.0	0
200.0	0
200.0	0
201.0	0
201.0	0
202.0	0
203.0	0
203.0	0
203.0	0
202.0	0
203.0	0
203.0	0
201.0	0
203.0	0
201.0	0
201.0	0
200.0	0
199.0	0
198.0	0
196.0	0
196.0	0
194.0	0
194.0	0
193.0	0
192.0	0
191.0	0
190.0	0
190.0	0
189.0	0
188.0	0
187.0	0
186.0	0
185.0	0
183.0	0
183.0	0
182.0	0
182.0	0
181.0	0
181.0	0
181.0	0
179.0	0
180.0	0
179.0	0
178.0	0
180.0	0
178.0	0
179.0	0
180.0	0
178.0	0
179.0	0
179.0	0
180.0	0
180.0	0
181.0	0
181.0	0
184.0	0
185.0	0
186.0	0
187.0	0
187.0	0
188.0	0
190.0	0
190.0	0
192.0	0
192.0	0
194.0	0
195.0	0
196.0	0
167.0	1
197.0	0
199.0	0
198.0	0
200.0	0
200.0	0
200.0	0
201.0	0
201.0	0
201.0	0
203.0	0
204.0	0
201.0	0
201.0	0
201.0	0
202.0	0
201.0	0
201.0	0
200.0	0
199.0	0
199.0	0
198.0	0
197.0	0
195.0	0
194.0	0
194.0	0
193.0	0
192.0	0
192.0	0
190.0	0
190.0	0
189.0	0
45.0	1
187.0	0
186.0	0
185.0	0
184.0	0
183.0	0
183.0	0
182.0	0
181.0	0
180.0	0
179.0	0
180.0	0
178.0	0
178.0	0
178.0	0
178.0	0
178.0	0
178.0	0
178.0	0
179.0	0
180.0	0
179.0	0
181.0	0
180.0	0
183.0	0
184.0	0
185.0	0
185.0	0
186.0	0
187.0	0
189.0	0
190.0	0
190.0	0
191.0	0
192.0	0
194.0	0
195.0	0
196.0	0
197.0	0
197.0	0
198.0	0
197.0	0
198.0	0
199.0	0
200.0	0
201.0	0
202.0	0
203.0	0
202.0	0
202.0	0
202.0	0
203.0	0
204.0	0
204.0	0
202.0	0
203.0	0
202.0	0
202.0	0
202.0	0
202.0	0
200.0	0
198.0	0
199.0	0
196.0	0
195.0	0
193.0	0
193.0	0
193.0	0
192.0	0
191.0	0
190.0	0
85.0	1
188.0	0
187.0	0
186.0	0
185.0	0
185.0	0
183.0	0
81.0	1
181.0	0
181.0	0
181.0	0
179.0	0
179.0	0
179.0	0
179.0	0
180.0	0
180.0	0
179.0	0
179.0	0
179.0	0
180.0	0
179.0	0
179.0	0
180.0	0
181.0	0
181.0	0
182.0	0
184.0	0
185.0	0
186.0	0
188.0	0
188.0	0
190.0	0
190.0	0
192.0	0
192.0	0
193.0	0
194.0	0
194.0	0
196.0	0
196.0	0
198.0	0
198.0	0
199.0	0
200.0	0
201.0	0
200.0	0
201.0	0
201.0	0
202.0	0
202.0	0
201.0	0
202.0	0
202.0	0
202.0	0
202.0	0
201.0	0
200.0	0
199.0	0
200.0	0
199.0	0
199.0	0
198.0	0
196.0	0
195.0	0
194.0	0
194.0	0
192.0	0
191.0	0
190.0	0
189.0	0
188.0	0
188.0	0
187.0	0
185.0	0
177.0	1
183.0	0
183.0	0
182.0	0
180.0	0
180.0	0
179.0	0
179.0	0
179.0	0
179.0	0
179.0	0
179.0	0
178.0	0
179.0	0
178.0	0
179.0	0
178.0	0
178.0	0
178.0	0
179.0	0
179.0	0
180.0	0
182.0	0
182.0	0
182.0	0
184.0	0
185.0	0
187.0	0
188.0	0
190.0	0
191.0	0
191.0	0
193.0	0
193.0	0
195.0	0
196.0	0
195.0	0
196.0	0
198.0	0
198.0	0
200.0	0
200.0	0
201.0	0
201.0	0
202.0	0
202.0	0
203.0	0
203.0	0
202.0	0
202.0	0
202.0	0
201.0	0
201.0	0
201.0	0
201.0	0
199.0	0
198.0	0
197.0	0
196.0	0
195.0	0
194.0	0
194.0	0
193.0	0
192.0	0
193.0	0
190.0	0
190.0	0
188.0	0
187.0	0
186.0	0
185.0	0
185.0	0
184.0	0
183.0	0
182.0	0
181.0	0
180.0	0
180.0	0
178.0	0
179.0	0
179.0	0
179.0	0
179.0	0
179.0	0
178.0	0
179.0	0
179.0	0
178.0	0
179.0	0
179.0	0
180.0	0
180.0	0
181.0	0
182.0	0
182.0	0
183.0	0
185.0	0
186.0	0
187.0	0
189.0	0
189.0	0
191.0	0
191.0	0
192.0	0
194.0	0
194.0	0
195.0	0
195.0	0
197.0	0
198.0	0
141.0	1
198.0	0
199.0	0
200.0	0
200.0	0
200.0	0
200.0	0
202.0	0
201.0	0
201.0	0
202.0	0
201.0	0
202.0	0
201.0	0
200.0	0
200.0	0
201.0	0
200.0	0
200.0	0
196.0	0
196.0	0
195.0	0
194.0	0
193.0	0
192.0	0
191.0	0
189.0	0
72.0	1
189.0	0
188.0	0
187.0	0
186.0	0
185.0	0
184.0	0
183.0	0
183.0	0
181.0	0
180.0	0
179.0	0
178.0	0
178.0	0
178.0	0
179.0	0
178.0	0
178.0	0
178.0	0
179.0	0
179.0	0
180.0	0
179.0	0
178.0	0
180.0	0
180.0	0
181.0	0
181.0	0
182.0	0
184.0	0
185.0	0
186.0	0
186.0	0
188.0	0
189.0	0
190.0	0
192.0	0
192.0	1
193.0	0
194.0	0
194.0	0
195.0	0
197.0	0
196.0	0
198.0	0
198.0	0
198.0	0
199.0	0
200.0	0
201.0	0
201.0	0
200.0	0
202.0	0
201.0	0
202.0	0
202.0	0
201.0	0
202.0	0
201.0	0
201.0	0
200.0	0
201.0	0
201.0	0
200.0	0
197.0	0
197.0	0
195.0	0
194.0	0
193.0	0
192.0	0
192.0	0
190.0	0
12.0	3
34.0	2
188.0	0
86.0	2
185.0	0
185.0	0
184.0	0
183.0	0
183.0	0
181.0	0
180.0	0
179.0	0
179.0	0
178.0	0
178.0	0
179.0	0
178.0	0
178.0	0
178.0	0
180.0	0
180.0	0
180.0	0
180.0	0
179.0	0
180.0	0
179.0	0
180.0	0
181.0	0
182.0	0
183.0	0
185.0	0
185.0	0
185.0	0
186.0	0
187.0	0
188.0	0
190.0	0
191.0	0
192.0	0
193.0	0
194.0	0
195.0	0
196.0	0
196.0	0
197.0	0
199.0	0
199.0	0
199.0	0
200.0	0
201.0	0
200.0	0
201.0	0
202.0	0
201.0	0
203.0	0
202.0	0
200.0	0
200.0	0
200.0	0
200.0	0
199.0	0
199.0	0
197.0	0
196.0	0
196.0	0
194.0	0
194.0	0
73.0	1
191.0	0
52.0	1
16.0	4
97.0	3
38.0	4
49.0	4
185.0	0
185.0	0
34.0	1
141.0	1
182.0	0
181.0	0
180.0	0
179.0	0
179.0	0
179.0	0
178.0	0
179.0	0
179.0	0
179.0	0
179.0	0
179.0	0
180.0	0
179.0	0
180.0	0
179.0	0
179.0	0
179.0	0
179.0	0
182.0	0
182.0	0
183.0	0
184.0	0
185.0	0
185.0	0
187.0	0
188.0	0
189.0	0
191.0	0
192.0	0
95.0	2
155.0	1
195.0	0
196.0	0
196.0	0
197.0	0
197.0	0
199.0	0
199.0	0
200.0	0
201.0	0
200.0	0
202.0	0
202.0	0
202.0	0
202.0	0
202.0	0
202.0	0
202.0	0
203.0	0
202.0	0
202.0	0
201.0	0
201.0	0
200.0	0
199.0	0
199.0	0
198.0	0
198.0	0
195.0	0
139.0	1
64.0	2
127.0	1
42.0	12
15.0	20
14.0	27
13.0	18
34.0	13
43.0	3
100.0	1
184.0	0
183.0	0
182.0	0
181.0	0
180.0	0
181.0	0
180.0	0
179.0	0
181.0	0
181.0	0
181.0	0
182.0	0
181.0	0
181.0	0
181.0	0
180.0	0
180.0	0
181.0	0
181.0	0
181.0	0
182.0	0
181.0	0
181.0	0
181.0	0
183.0	0
183.0	0
184.0	0
185.0	0
186.0	0
133.0	1
119.0	2
76.0	1
150.0	1
105.0	3
57.0	1
194.0	0
194.0	0
195.0	0
73.0	1
197.0	0
197.0	0
199.0	0
199.0	0
200.0	0
199.0	0
199.0	0
200.0	0
200.0	0
201.0	0
201.0	0
201.0	0
201.0	0
201.0	0
200.0	0
199.0	0
198.0	0
197.0	0
197.0	0
197.0	0
195.0	0
195.0	0
45.0	2
192.0	1
20.0	12
20.0	30
11.0	81
16.0	87
16.0	64
42.0	29
45.0	9
67.0	3
29.0	1
183.0	0
183.0	0
50.0	1
180.0	0
180.0	0
179.0	0
178.0	0
179.0	0
180.0	0
180.0	0
180.0	0
180.0	0
180.0	0
179.0	0
180.0	0
179.0	0
179.0	0
179.0	0
180.0	0
180.0	0
180.0	0
182.0	0
183.0	0
52.0	1
184.0	0
185.0	0
186.0	0
188.0	0
96.0	2
108.0	2
60.0	3
77.0	7
55.0	4
39.0	7
56.0	1
141.0	1
84.0	1
196.0	0
196.0	0
197.0	0
198.0	0
199.0	0
199.0	0
200.0	0
200.0	0
200.0	0
200.0	0
200.0	0
200.0	0
201.0	0
201.0	0
201.0	0
199.0	0
200.0	0
199.0	0
198.0	0
198.0	0
197.0	0
197.0	0
96.0	1
55.0	2
29.0	6
21.0	13
13.0	48
17.0	116
15.0	172
7.0	109
20.0	72
34.0	37
83.0	11
39.0	5
184.0	0
183.0	0
181.0	0
182.0	0
182.0	0
181.0	0
181.0	0
181.0	0
180.0	0
180.0	0
181.0	0
181.0	0
182.0	0
181.0	0
180.0	0
181.0	0
180.0	0
181.0	0
180.0	0
181.0	0
182.0	0
181.0	0
180.0	0
182.0	0
183.0	0
183.0	0
120.0	1
186.0	0
186.0	0
186.0	0
187.0	0
189.0	0
46.0	5
47.0	1
94.0	2
130.0	2
192.0	0
194.0	0
195.0	0
195.0	0
196.0	0
197.0	0
198.0	0
198.0	0
198.0	0
199.0	0
199.0	0
101.0	1
199.0	0
200.0	0
200.0	0
200.0	0
199.0	0
199.0	0
198.0	0
199.0	0
197.0	0
197.0	0
196.0	0
195.0	0
61.0	4
37.0	12
28.0	26
16.0	72
18.0	118
11.0	150
22.0	142
22.0	85
31.0	45
36.0	22
25.0	13
51.0	6
64.0	1
46.0	1
43.0	1
180.0	0
180.0	0
180.0	0
179.0	0
180.0	0
180.0	0
181.0	0
179.0	0
179.0	0
180.0	0
180.0	0
181.0	0
182.0	0
181.0	0
182.0	0
181.0	0
181.0	0
182.0	0
182.0	0
180.0	0
182.0	0
182.0	0
183.0	0
184.0	0
185.0	0
182.0	1
82.0	1
186.0	0
89.0	1
189.0	0
121.0	2
190.0	0
88.0	1
192.0	0
193.0	0
194.0	0
193.0	0
196.0	0
197.0	0
197.0	0
197.0	0
197.0	0
198.0	0
199.0	0
199.0	0
199.0	0
199.0	0
199.0	0
198.0	0
199.0	0
199.0	0
198.0	0
197.0	0
142.0	1
197.0	0
194.0	0
73.0	6
17.0	20
22.0	45
19.0	77
16.0	88
22.0	82
23.0	60
20.0	54
34.0	20
14.0	10
40.0	6
105.0	3
101.0	3
106.0	3
180.0	0
31.0	1
53.0	1
179.0	0
179.0	0
180.0	0
180.0	0
180.0	0
180.0	0
180.0	0
180.0	0
180.0	0
181.0	0
180.0	0
181.0	0
181.0	0
181.0	0
181.0	0
180.0	0
156.0	1
159.0	1
180.0	0
181.0	0
180.0	0
181.0	0
182.0	0
183.0	0
179.0	1
184.0	0
185.0	0
185.0	0
187.0	0
188.0	0
188.0	0
117.0	1
190.0	0
174.0	1
192.0	0
192.0	0
73.0	1
194.0	0
195.0	0
196.0	0
196.0	0
196.0	0
197.0	0
196.0	0
198.0	1
196.0	0
183.0	1
197.0	0
196.0	0
195.0	0
78.0	1
195.0	0
34.0	1
87.0	4
18.0	5
13.0	17
13.0	48
14.0	46
20.0	49
18.0	35
11.0	24
39.0	12
64.0	9
40.0	3
24.0	2
149.0	2
181.0	0
113.0	1
180.0	0
64.0	2
179.0	0
179.0	0
178.0	0
178.0	0
178.0	0
179.0	0
178.0	0
178.0	0
178.0	0
179.0	0
180.0	0
180.0	0
179.0	0
180.0	0
178.0	0
179.0	0
179.0	0
179.0	0
179.0	0
108.0	2
103.0	1
182.0	0
183.0	0
183.0	0
183.0	0
99.0	1
185.0	0
186.0	0
187.0	0
188.0	0
189.0	0
190.0	0
191.0	0
191.0	0
192.0	0
193.0	0
194.0	1
195.0	0
196.0	0
196.0	0
196.0	0
197.0	0
197.0	0
198.0	0
29.0	2
198.0	0
68.0	1
198.0	0
197.0	0
197.0	0
197.0	0
29.0	1
132.0	1
106.0	1
27.0	4
69.0	7
21.0	16
11.0	17
41.0	17
23.0	14
44.0	17
58.0	10
37.0	5
27.0	3
185.0	0
60.0	1
184.0	1
184.0	0
183.0	0
152.0	1
118.0	1
181.0	0
130.0	1
181.0	0
182.0	0
182.0	0
182.0	0
181.0	0
181.0	0
181.0	0
181.0	0
182.0	0
181.0	0
182.0	0
180.0	0
181.0	0
181.0	0
181.0	0
181.0	0
181.0	0
181.0	0
182.0	0
181.0	0
181.0	0
181.0	0
181.0	0
182.0	0
182.0	0
183.0	0
184.0	0
185.0	0
51.0	1
187.0	0
188.0	0
189.0	0
189.0	0
191.0	0
191.0	0
192.0	0
193.0	0
193.0	0
193.0	0
194.0	0
194.0	0
194.0	1
82.0	1
196.0	0
194.0	0
197.0	0
197.0	0
195.0	0
196.0	0
30.0	2
87.0	2
103.0	2
81.0	4
37.0	8
38.0	5
24.0	17
69.0	7
107.0	3
20.0	4
37.0	6
157.0	1
81.0	1
184.0	0
184.0	0
86.0	1
183.0	0
108.0	1
182.0	0
181.0	0
181.0	0
180.0	0
180.0	0
180.0	0
180.0	0
180.0	0
136.0	1
178.0	0
178.0	0
179.0	0
180.0	0
179.0	0
180.0	0
180.0	0
180.0	0
180.0	0
71.0	1
181.0	0
180.0	0
178.0	1
181.0	0
180.0	0
182.0	0
70.0	1
182.0	0
183.0	0
184.0	0
184.0	0
80.0	1
185.0	0
185.0	0
186.0	0
187.0	0
135.0	1
188.0	0
189.0	0
181.0	1
190.0	0
192.0	0
192.0	0
193.0	0
192.0	0
193.0	0
194.0	0
195.0	0
194.0	0
195.0	0
194.0	0
195.0	0
195.0	0
194.0	0
194.0	0
194.0	0
195.0	0
194.0	0
39.0	1
25.0	7
22.0	7
28.0	5
53.0	2
189.0	0
187.0	0
80.0	1
186.0	0
28.0	1
185.0	0
184.0	0
183.0	0
182.0	0
125.0	1
182.0	0
181.0	0
181.0	0
181.0	0
181.0	0
180.0	0
181.0	0
120.0	1
179.0	0
179.0	0
128.0	1
180.0	0
181.0	0
181.0	0
180.0	0
181.0	0
111.0	1
182.0	0
182.0	0
182.0	0
181.0	0
181.0	0
181.0	0
182.0	0
182.0	0
182.0	0
182.0	0
182.0	0
183.0	0
184.0	0
184.0	0
184.0	0
185.0	0
186.0	0
187.0	0
187.0	0
188.0	0
189.0	0
190.0	0
191.0	0
192.0	0
192.0	0
192.0	0
191.0	0
193.0	0
192.0	0
193.0	0
193.0	0
58.0	1
194.0	0
195.0	0
195.0	0
194.0	0
194.0	0
194.0	0
194.0	0
56.0	1
192.0	0
192.0	0
34.0	2
191.0	0
189.0	0
188.0	0
187.0	0
186.0	0
186.0	0
186.0	0
185.0	0
184.0	0
183.0	0
183.0	0
182.0	0
182.0	0
182.0	0
181.0	0
180.0	0
180.0	0
180.0	0
181.0	0
179.0	0
179.0	0
180.0	0
166.0	1
180.0	0
180.0	0
181.0	0
181.0	0
181.0	0
181.0	0
182.0	0
182.0	0
109.0	1
181.0	0
181.0	0
181.0	0
180.0	0
183.0	0
182.0	0
183.0	0
183.0	0
183.0	0
183.0	0
184.0	0
185.0	0
185.0	0
185.0	0
186.0	0
186.0	0
187.0	0
187.0	0
189.0	0
189.0	0
189.0	0
190.0	0
190.0	0
192.0	0
192.0	0
193.0	0
192.0	0
193.0	0
193.0	0
192.0	0
193.0	0
192.0	0
193.0	0
192.0	0
192.0	0
192.0	0
192.0	0
112.0	1
30.0	1
189.0	0
189.0	0
188.0	0
188.0	0
188.0	0
186.0	0
185.0	0
185.0	0
184.0	0
182.0	0
182.0	0
182.0	0
181.0	0
181.0	0
182.0	0
180.0	0
181.0	0
180.0	0
180.0	0
180.0	0
180.0	0
180.0	0
180.0	0
180.0	0
90.0	1
180.0	0
180.0	0
181.0	0
181.0	0
180.0	0
180.0	0
180.0	0
181.0	0
181.0	0
181.0	0
178.0	1
182.0	0
185.0	0
184.0	0
184.0	0
184.0	0
184.0	0
185.0	0
184.0	0
184.0	0
185.0	0
186.0	0
186.0	0
186.0	0
188.0	0
187.0	0
189.0	0
190.0	0
190.0	0
191.0	0
191.0	0
191.0	0
192.0	0
193.0	0
193.0	0
194.0	0
193.0	0
193.0	0
193.0	0
192.0	0
193.0	0
193.0	0
192.0	0
192.0	0
192.0	0
192.0	0
191.0	0
190.0	0
190.0	0
189.0	0
188.0	0
188.0	0
187.0	0
186.0	0
186.0	0
184.0	0
184.0	0
183.0	0
183.0	0
182.0	0
182.0	0
183.0	0
182.0	0
181.0	0
180.0	0
181.0	0
180.0	0
181.0	0
180.0	0
180.0	0
181.0	0
181.0	0
181.0	0
182.0	0
181.0	0
182.0	0
181.0	0
183.0	0
182.0	0
182.0	0
182.0	0
182.0	0
184.0	0
184.0	0
181.0	0
182.0	0
181.0	0
182.0	0
182.0	0
183.0	0
183.0	0
183.0	0
183.0	0
184.0	0
184.0	0
185.0	0
186.0	0
186.0	0
187.0	0
187.0	0
188.0	0
189.0	0
190.0	0
190.0	0
190.0	0
191.0	0
191.0	0
191.0	0
191.0	0
190.0	0
192.0	0
192.0	0
192.0	0
190.0	0
191.0	0
190.0	0
189.0	0
189.0	0
70.0	1
187.0	0
187.0	0
187.0	0
185.0	0
185.0	0
184.0	0
184.0	0
183.0	0
183.0	0
181.0	0
180.0	0
180.0	0
181.0	0
181.0	0
180.0	0
179.0	0
179.0	0
179.0	0
180.0	0
180.0	0
179.0	0
179.0	0
179.0	0
178.0	0
180.0	0
180.0	0
180.0	0
180.0	0
181.0	0
181.0	0
181.0	0
181.0	0
180.0	0
181.0	0
181.0	0
181.0	0
181.0	0
183.0	0
182.0	0
183.0	0
182.0	0
184.0	0
183.0	0
184.0	0
185.0	0
185.0	0
184.0	0
185.0	0
186.0	0
185.0	0
186.0	0
188.0	0
188.0	0
188.0	0
189.0	0
189.0	0
189.0	0
190.0	0
190.0	0
191.0	0
191.0	0
191.0	0
190.0	0
191.0	0
190.0	0
192.0	0
191.0	0
190.0	0
190.0	0
189.0	0
189.0	0
188.0	0
188.0	0
187.0	0
187.0	0
186.0	0
185.0	0
185.0	0
184.0	0
184.0	0
183.0	0
182.0	0
181.0	0
182.0	0
181.0	0
182.0	0
182.0	0
180.0	0
181.0	0
181.0	0
181.0	0
180.0	0
180.0	0
180.0	0
180.0	0
180.0	0
182.0	0
181.0	0
181.0	0
181.0	0
181.0	0
181.0	0
160.0	1
182.0	0
182.0	0
182.0	0
183.0	0
181.0	0
183.0	0
184.0	0
185.0	0
183.0	0
183.0	0
185.0	0
184.0	0
185.0	0
186.0	0
185.0	0
185.0	0
186.0	0
186.0	0
187.0	0
188.0	0
189.0	0
189.0	0
189.0	0
189.0	0
191.0	0
190.0	0
191.0	0
191.0	0
192.0	0
192.0	0
192.0	0
183.0	1
193.0	0
192.0	0
191.0	0
191.0	0
191.0	0
161.0	1
190.0	0
190.0	0
189.0	0
189.0	0
188.0	0
188.0	0
187.0	0
186.0	0
185.0	0
185.0	0
184.0	0
184.0	0
184.0	0
183.0	0
182.0	0
183.0	0
182.0	0
182.0	0
182.0	0
182.0	0
182.0	0
182.0	0
183.0	0
183.0	0
182.0	0
182.0	0
181.0	0
182.0	0
183.0	0
183.0	0
183.0	0
183.0	0
183.0	0
183.0	0
183.0	0
182.0	0
184.0	0
183.0	0
183.0	0
184.0	0
184.0	0
184.0	0
184.0	0
184.0	0
183.0	0
185.0	0
184.0	0
186.0	0
186.0	0
186.0	0
187.0	0
186.0	0
188.0	0
188.0	0
187.0	0
189.0	0
189.0	0
189.0	0
190.0	0
189.0	0
191.0	0
191.0	0
191.0	0
192.0	0
191.0	0
191.0	0
191.0	0
191.0	0
191.0	0
191.0	0
190.0	0
190.0	0
190.0	0
189.0	0
188.0	0
188.0	0
188.0	0
187.0	0
187.0	0
185.0	0
185.0	0
184.0	0
184.0	0
183.0	0
183.0	0
184.0	0
184.0	0
182.0	0
184.0	0
183.0	0
183.0	0
184.0	0
184.0	0
182.0	0
183.0	0
182.0	0
182.0	0
182.0	0
182.0	0
182.0	0
183.0	0
184.0	0
183.0	0
183.0	0
184.0	0
185.0	0
184.0	0
183.0	0
183.0	0
184.0	0
184.0	0
183.0	0
184.0	0
185.0	0
184.0	0
185.0	0
186.0	0
185.0	0
186.0	0
187.0	0
187.0	0
188.0	0
188.0	0
188.0	0
189.0	0
188.0	0
189.0	0
189.0	0
190.0	0
191.0	0
190.0	0
191.0	0
191.0	0
190.0	0
192.0	0
191.0	0
192.0	0
192.0	0
191.0	0
192.0	0
191.0	0
192.0	0
191.0	0
190.0	0
190.0	0
190.0	0
190.0	0
190.0	0
188.0	0
186.0	0
186.0	0
186.0	0
186.0	0
186.0	0
185.0	0
185.0	0
184.0	0
184.0	0
184.0	0
183.0	0
184.0	0
185.0	0
184.0	0
184.0	0
183.0	0
183.0	0
183.0	0
183.0	0
183.0	0
183.0	0
80.0	1
183.0	0
182.0	0
183.0	0
184.0	0
183.0	0
183.0	0
184.0	0
183.0	0
184.0	0
184.0	0
184.0	0
184.0	0
184.0	0
184.0	0
185.0	0
185.0	0
185.0	0
186.0	0
185.0	0
187.0	0
186.0	0
186.0	0
187.0	0
188.0	0
188.0	0
187.0	0
187.0	0
188.0	0
189.0	0
190.0	0
189.0	0
191.0	0
191.0	0
191.0	0
190.0	0
191.0	0
191.0	0
192.0	0
192.0	0
191.0	0
192.0	0
192.0	0
192.0	0
191.0	0
190.0	0
190.0	0
189.0	0
190.0	0
189.0	0
187.0	0
186.0	0
186.0	0
186.0	0
186.0	0
185.0	0
185.0	0
186.0	0
184.0	0
185.0	0
184.0	0
184.0	0
184.0	0
185.0	0
184.0	0
185.0	0
185.0	0
183.0	0
184.0	0
184.0	0
184.0	0
183.0	0
183.0	0
183.0	0
183.0	0
183.0	0
184.0	0
184.0	0
184.0	0
184.0	0
185.0	0
183.0	0
184.0	0
185.0	0
184.0	0
184.0	0
187.0	0
185.0	0
186.0	0
186.0	0
186.0	0
187.0	0
186.0	0
188.0	0
187.0	0
187.0	0
189.0	0
188.0	0
189.0	0
188.0	0
188.0	0
191.0	0
191.0	0
190.0	0
191.0	0
190.0	0
191.0	0
191.0	0
191.0	0
191.0	0
191.0	0
192.0	0
191.0	0
191.0	0
191.0	0
190.0	0
190.0	0
190.0	0
190.0	0
189.0	0
188.0	0
189.0	0
188.0	0
188.0	0
188.0	0
186.0	0
186.0	0
186.0	0
186.0	0
185.0	0
186.0	0
186.0	0
185.0	0
186.0	0
184.0	0
184.0	0
184.0	0
185.0	0
183.0	0
183.0	0
184.0	0
183.0	0
184.0	0
183.0	0
183.0	0
183.0	0
183.0	0
185.0	0
185.0	0
185.0	0
185.0	0
184.0	0
185.0	0
186.0	0
185.0	0
185.0	0
186.0	0
186.0	0
185.0	0
184.0	0
186.0	0
186.0	0
186.0	0
187.0	0
187.0	0
188.0	0
188.0	0
190.0	0
188.0	0
189.0	0
189.0	0
189.0	0
190.0	0
191.0	0
191.0	0
191.0	0
191.0	0
191.0	0
192.0	0
191.0	0
191.0	0
191.0	0
190.0	0
191.0	0
191.0	0
191.0	0
192.0	0
191.0	0
191.0	0
191.0	0
190.0	0
189.0	0
188.0	0
187.0	0
188.0	0
188.0	0
187.0	0
186.0	0
186.0	0
186.0	0
186.0	0
186.0	0
186.0	0
186.0	0
185.0	0
186.0	0
185.0	0
184.0	0
185.0	0
185.0	0
183.0	0
185.0	0
185.0	0
184.0	0
186.0	0
184.0	0
183.0	0
183.0	0
184.0	0
185.0	0
185.0	0
185.0	0
185.0	0
185.0	0
186.0	0
185.0	0
186.0	0
185.0	0
186.0	0
187.0	0
184.0	0
185.0	0
184.0	0
186.0	0
186.0	0
187.0	0
186.0	0
187.0	0
187.0	0
189.0	0
187.0	0
188.0	0
187.0	0
187.0	0
188.0	0
188.0	0
188.0	0
189.0	0
188.0	0
188.0	0
189.0	0
189.0	0
188.0	0
188.0	0
189.0	0
188.0	0
189.0	0
189.0	0
188.0	0
190.0	0
189.0	0
189.0	0
188.0	0
188.0	0
188.0	0
186.0	0
185.0	0
185.0	0
185.0	0
185.0	0
186.0	0
185.0	0
186.0	0
185.0	0
185.0	0
185.0	0
184.0	0
184.0	0
184.0	0
184.0	0
184.0	0
183.0	0
183.0	0
182.0	0
182.0	0
182.0	0
182.0	0
182.0	0
182.0	0
182.0	0
183.0	0
182.0	0
183.0	0
183.0	0
183.0	0
183.0	0
183.0	0
185.0	0
185.0	0
185.0	0
186.0	0
184.0	0
183.0	0
183.0	0
185.0	0
184.0	0
184.0	0
185.0	0
186.0	0
187.0	0
187.0	0
187.0	0
186.0	0
187.0	0
188.0	0
188.0	0
188.0	0
187.0	0
188.0	0
189.0	0
189.0	0
188.0	0
189.0	0
189.0	0
190.0	0
188.0	0
189.0	0
189.0	0
189.0	0
189.0	0
188.0	0
188.0	0
188.0	0
187.0	0
187.0	0
187.0	0
185.0	0
185.0	0
186.0	0
185.0	0
184.0	0
184.0	0
184.0	0
184.0	0
186.0	0
186.0	0
183.0	0
184.0	0
183.0	0
184.0	0
184.0	0
183.0	0
183.0	0
183.0	0
183.0	0
184.0	0
183.0	0
183.0	0
182.0	0
183.0	0
183.0	0
184.0	0
184.0	0
183.0	0
183.0	0
183.0	0
185.0	0
184.0	0
184.0	0
184.0	0
183.0	0
185.0	0
184.0	0
184.0	0
184.0	0
184.0	0
183.0	0
184.0	0
185.0	0
184.0	0
184.0	0
185.0	0
185.0	0
185.0	0
186.0	0
186.0	0
186.0	0
186.0	0
187.0	0
187.0	0
186.0	0
187.0	0
186.0	0
186.0	0
188.0	0
188.0	0
188.0	0
188.0	0
188.0	0
188.0	0
188.0	0
188.0	0
188.0	0
188.0	0
188.0	0
187.0	0
187.0	0
186.0	0
185.0	0
185.0	0
185.0	0
184.0	0
185.0	0
184.0	0
184.0	0
185.0	0
184.0	0
183.0	0
183.0	0
183.0	0
183.0	0
183.0	0
182.0	0
182.0	0
181.0	0
181.0	0
182.0	0
182.0	0
182.0	0
181.0	0
182.0	0
182.0	0
182.0	0
182.0	0
182.0	0
182.0	0
182.0	0
182.0	0
182.0	0
183.0	0
183.0	0
182.0	0
183.0	0
183.0	0
183.0	0
184.0	0
182.0	0
182.0	0
184.0	0
183.0	0
184.0	0
185.0	0
185.0	0
186.0	0
186.0	0
186.0	0
187.0	0
186.0	0
186.0	0
186.0	0
186.0	0
187.0	0
187.0	0
186.0	0
187.0	0
187.0	0
187.0	0
187.0	0
187.0	0
188.0	0
186.0	0
187.0	0
187.0	0
186.0	0
186.0	0
186.0	0
186.0	0
186.0	0
185.0	0
186.0	0
185.0	0
185.0	0
185.0	0
184.0	0
183.0	0
184.0	0
184.0	0
183.0	0
184.0	0
184.0	0
183.0	0
183.0	0
183.0	0
183.0	0
183.0	0
183.0	0
182.0	0
182.0	0
182.0	0
181.0	0
181.0	0
181.0	0
181.0	0
182.0	0
181.0	0
181.0	0
180.0	0
181.0	0
182.0	0
182.0	0
182.0	0
182.0	0
183.0	0
183.0	0
183.0	0
183.0	0
182.0	0
182.0	0
184.0	0
184.0	0
184.0	0
184.0	0
184.0	0
186.0	0
186.0	0
186.0	0
187.0	0
187.0	0
187.0	0
186.0	0
186.0	0
186.0	0
186.0	0
187.0	0
187.0	0
186.0	0
187.0	0
188.0	0
188.0	0
187.0	0
188.0	0
188.0	0
188.0	0
188.0	0
188.0	0
188.0	0
187.0	0
187.0	0
187.0	0
187.0	0
186.0	0
186.0	0
186.0	0
186.0	0
186.0	0
185.0	0
184.0	0
185.0	0
184.0	0
184.0	0
184.0	0
184.0	0
184.0	0
184.0	0
184.0	0
183.0	0
183.0	0
184.0	0
183.0	0
183.0	0
182.0	0
182.0	0
182.0	0
182.0	0
182.0	0
183.0	0
182.0	0
181.0	0
182.0	0
183.0	0
183.0	0
183.0	0
182.0	0
183.0	0
184.0	0
184.0	0
184.0	0
184.0	0
184.0	0
184.0	0
181.0	0
182.0	0
182.0	0
183.0	0
183.0	0
183.0	0
183.0	0
184.0	0
185.0	0
186.0	0
185.0	0
184.0	0
184.0	0
186.0	0
186.0	0
186.0	0
186.0	0
186.0	0
186.0	0
186.0	0
187.0	0
187.0	0
186.0	0
186.0	0
185.0	0
187.0	0
186.0	0
186.0	0
185.0	0
186.0	0
185.0	0
185.0	0
185.0	0
184.0	0
183.0	0
183.0	0
183.0	0
185.0	0
184.0	0
183.0	0
184.0	0
183.0	0
183.0	0
182.0	0
183.0	0
181.0	0
182.0	0
182.0	0
182.0	0
182.0	0
182.0	0
181.0	0
181.0	0
181.0	0
181.0	0
181.0	0
180.0	0
180.0	0
180.0	0
181.0	0
181.0	0
181.0	0
182.0	0
181.0	0
181.0	0
181.0	0
181.0	0
182.0	0
182.0	0
182.0	0
181.0	0
183.0	0
181.0	0
181.0	0
182.0	0
181.0	0
182.0	0
182.0	0
182.0	0
183.0	0
184.0	0
185.0	0
185.0	0
185.0	0
185.0	0
185.0	0
185.0	0
185.0	0
185.0	0
185.0	0
186.0	0
186.0	0
186.0	0
186.0	0
185.0	0
185.0	0
185.0	0
185.0	0
184.0	0
184.0	0
184.0	0
184.0	0
183.0	0
184.0	0
183.0	0
183.0	0
183.0	0
182.0	0
182.0	0
182.0	0
182.0	0
182.0	0
182.0	0
181.0	0
181.0	0
181.0	0
181.0	0
182.0	0
181.0	0
180.0	0
180.0	0
180.0	0
180.0	0
181.0	0
181.0	0
180.0	0
180.0	0
178.0	0
180.0	0
180.0	0
55.0	1
180.0	0
180.0	0
180.0	0
180.0	0
180.0	0
180.0	0
180.0	0
180.0	0
180.0	0
180.0	0
180.0	0
180.0	0
181.0	0
182.0	0
181.0	0
182.0	0
182.0	0
184.0	0
183.0	0
183.0	0
183.0	0
184.0	0
185.0	0
185.0	0
186.0	0
186.0	0
186.0	0
186.0	0
186.0	0
186.0	0
187.0	0
187.0	0
188.0	0
186.0	0
186.0	0
185.0	0
186.0	0
185.0	0
185.0	0
185.0	0
186.0	0
185.0	0
185.0	0
185.0	0
184.0	0
184.0	0
183.0	0
183.0	0
184.0	0
183.0	0
183.0	0
183.0	0
182.0	0
182.0	0
182.0	0
182.0	0
181.0	0
182.0	0
183.0	0
182.0	0
183.0	0
182.0	0
182.0	0
182.0	0
182.0	0
182.0	0
182.0	0
162.0	1
181.0	0
181.0	0
179.0	0
179.0	0
179.0	0
35.0	1
179.0	0
167.0	1
180.0	0
79.0	1
181.0	0
180.0	0
158.0	1
181.0	0
181.0	0
148.0	2
181.0	0
