RSA	Psi	Phi
1.01769911504	-0.693326353737	-0.939005080558
1.02654867257	-0.80948111071	-0.798126555805
1.01769911504	-0.6309447551	-1.06112989014
1.05309734513	-0.698626777278	-0.978270563047
1.03539823009	-0.528587946383	-1.00983093215
1.01769911504	-0.616168358535	-1.11450771287
1.01769911504	-0.560822862726	-0.996233788475
1.01769911504	-0.725382785078	-0.944740844821
1.05309734513	-0.534957040135	-1.01982058202
1.04424778761	-0.652180839579	-0.884730268796
1.07079646018	-0.660741979392	-0.90574630509
1.01769911504	-0.613159261079	-1.05186059969
1.02654867257	-0.615768114399	-1.06593251692
1.00884955752	-0.453376435143	-1.07450834925
1.04424778761	-0.626826968202	-0.916912066278
1.03539823009	-0.580688010548	-0.969929435341
1.01769911504	-0.491408496359	-1.06870572679
1.00884955752	-0.382755395425	-1.07375292802
1.00884955752	-0.406709166211	-1.16894449364
1.00884955752	-0.424236528641	-1.10602465625
1.05309734513	-0.381516609154	-1.14356068626
1.01769911504	-0.585317526772	-1.03053595916
1.03539823009	-0.637778454712	-0.966102301024
1.02654867257	1.26771739105	-1.52361202104
1.07079646018	-0.228546474761	-1.163539958
1.01769911504	-0.684848089051	-1.25931356728
1.01769911504	-0.493649056132	-1.09006908463
1.07079646018	-0.586448177593	-0.909559786861
1.03539823009	-0.642502245417	-1.02238164892
1.05309734513	-0.408516901904	-1.25863129116
1.01769911504	-0.418581038385	-1.11287682902
1.03539823009	-0.640034340679	-0.948642386256
1.02654867257	-0.706064203495	-0.900894586756
1.02654867257	-0.397214260715	-1.20637766266
1.02654867257	-0.685333621534	-1.03816669672
1.00884955752	-0.606711238978	-1.09550562188
1.05309734513	-0.562930368551	-0.992410836981
1.03539823009	-0.515623698431	-1.02616484217
1.00884955752	1.57831460778	-1.53135046044
1.05309734513	0.563475051342	1.04443117796
1.00884955752	0.21235519667	-1.92903179288
1.05309734513	-0.484018340304	-1.00389349373
1.01769911504	-0.292723255558	-1.36838886386
1.00884955752	-0.668879404364	-1.15375855858
1.01769911504	-0.533842598974	-1.02543418666
1.03539823009	-0.432285931255	-1.12856104158
1.00884955752	-0.266081558723	-1.10526664242
1.01769911504	-0.717040146451	-1.01631146936
1.04424778761	-0.833708103805	-1.01088842566
1.01769911504	-0.465982695131	-1.0785114226
1.03539823009	-0.717205317875	-0.890105572147
1.00884955752	-0.618258703591	-0.847855762366
1.02654867257	-0.5623428893	-1.08578740372
1.02654867257	-0.352532197109	-1.03903007155
1.01769911504	-0.604489696638	-1.0216681311
1.04424778761	-0.470035258509	-1.09286544482
1.02654867257	-0.68038541009	-0.860519163559
1.01769911504	-0.684242529818	1.11213140328
1.03539823009	-0.484203525327	-1.03208428423
1.00884955752	-0.149599442612	-1.21590214074
1.00884955752	-0.377994722134	-1.01731875177
1.03539823009	-0.651954731924	-0.956317552248
1.03539823009	-0.577616558404	-0.953015378482
1.05309734513	-0.384933868171	-1.17544650839
1.04424778761	-0.629568136752	-0.984663220118
1.03539823009	-0.521732253418	-1.05594237868
1.02654867257	-0.492846983967	-1.08011503862
1.00884955752	-0.658029987772	-0.983887577447
1.00884955752	-0.195502928079	-1.18414213095
1.00884955752	-0.809073694727	-0.998236352296
1.03539823009	-0.451943496396	-1.31999295117
1.05309734513	-0.55579061877	-0.994333229347
1.05309734513	-0.448592330859	-1.0733078022
1.05309734513	-0.322872134732	-1.1485431347
1.00884955752	-0.400529879753	-1.15694952129
1.00884955752	-0.445339825879	-1.05042961487
1.00884955752	-0.524806179978	-1.06692952789
1.00884955752	-0.732955252349	-1.12700958654
