RSA	Psi	Phi
1.0622406639	0.486671533171	0.981307533951
1.01659751037	-0.310458616862	-1.07773450312
1.05394190871	2.42241505803	-1.52264959162
1.02904564315	2.18421619135	-0.963804253149
1.02074688797	-0.692980846415	-1.39332683191
1.03319502075	2.20562280152	-0.97720833717
1.04149377593	-0.177873873495	1.185394727
1.08298755187	-0.714918732488	-1.08646388513
1.03319502075	-0.451406030271	-1.06373797504
1.02904564315	-0.585254302993	-1.0077050594
1.04979253112	1.58675276414	-2.21311058847
1.03319502075	2.12478676148	-1.39851327412
1.01244813278	-0.442011945983	-1.01996643928
1.09958506224	-0.353026913845	-1.38289739752
1.02074688797	-0.179479005197	-1.17486891142
1.02074688797	2.32929215347	-0.98520856352
1.02904564315	2.24372754231	-1.06484076452
1.01244813278	-0.400727931034	-1.08253024082
1.02074688797	0.146792284149	-1.42096223196
1.03319502075	0.419397439049	-1.40673948263
1.00829875519	-0.469491157263	-1.1095593929
1.0622406639	0.630531176261	-1.63768683858
1.04979253112	-0.822392553996	-0.912267911874
1.05394190871	2.43535719655	-1.28532195767
1.04979253112	-0.653690083268	-1.12555908353
1.0622406639	2.2955162245	-1.18293585139
1.08298755187	-0.656537596554	-1.08352614317
1.04149377593	2.34884597339	-1.110965398
1.02904564315	-0.561323781393	-1.13017345706
1.00414937759	-0.774302852476	-1.9193316905
1.02489626556	-0.143475954166	-1.18232532994
1.02904564315	0.362186366415	-1.92803772754
1.01659751037	2.57323043503	-1.16273280715
1.02904564315	2.80139673017	-1.4097119295
1.00414937759	-0.68073873518	-1.4008797122
1.0622406639	1.38592607498	-1.46298430643
1.02489626556	-0.0584568549349	-1.6946190608
1.03319502075	-0.750032953057	-1.22452204132
1.07468879668	0.605768451354	-1.59034299903
1.03734439834	0.199323421038	-1.83951449118
1.04979253112	-0.731699449886	-1.30106524171
1.02489626556	2.42556951854	-1.82899735795
1.03734439834	-0.709930457106	-0.935006237493
1.03734439834	2.35372070513	-1.00834582768
1.02074688797	-0.403801750699	-0.968005571167
1.01659751037	-0.13931042548	-1.66878887833
1.04979253112	-0.359417346952	-1.39348954947
1.00414937759	2.43437991856	-1.55023353063
1.08713692946	-0.125855926023	-1.56842136826
1.04979253112	-0.647760217979	-1.0715101595
1.01659751037	-0.653760458171	-1.1146002058
1.01659751037	-0.441103531491	-1.08986544643
1.00414937759	2.35004997811	-2.37826482841
1.03319502075	-0.75775247787	-1.34604104822
1.05809128631	-0.0913222256109	-1.55877359079
1.02074688797	2.45058168848	-2.18056674944
1.03734439834	-0.535794350342	-1.06631079074
1.00829875519	2.32848957272	-2.52272120597
1.02904564315	0.228458249435	-1.63792761217
1.01244813278	-0.106616115516	-1.43598980022
1.04564315353	0.844282965235	-1.60260371442
1.06639004149	-0.534390851849	-1.07924911437
1.02074688797	-0.716115972214	1.30479686921
1.07468879668	-0.446894056453	-1.11984867102
1.04149377593	2.69030921868	-0.998168403634
1.04564315353	-0.715025431285	-1.0799699638
1.06639004149	-0.708777908862	-0.869954123813
1.00414937759	2.35832526949	-0.955129137651
1.03319502075	-0.651799548905	-1.35319821244
1.00829875519	2.360071708	-1.15206299838
1.05394190871	-0.21652874793	-1.22007769201
1.02489626556	1.23453345086	-1.46343538688
1.02904564315	0.0691038673507	-1.7810576098
1.04564315353	-0.036036451525	1.28115847691
1.00414937759	1.93142402881	-1.83071041795
1.00414937759	2.20296801255	-1.00937563714
1.03734439834	0.101300732588	-1.49076291487
1.00414937759	-0.01394238941	-1.53845689003
1.01659751037	-0.544414270251	-1.64347964915
1.04979253112	0.573007949116	-1.71496021317
1.06639004149	2.26994190973	-0.994956042297
1.04149377593	-0.534448298001	-1.13147600212
1.01244813278	1.69003277319	-1.47700936682
1.02489626556	0.668936395625	1.14183807493
1.03319502075	1.56565921398	-2.26257628765
1.01244813278	0.0165609425725	-1.51540766455
1.01244813278	2.4810382479	-2.38569174878
1.05809128631	2.6320577775	-1.71024575928
1.03319502075	1.71373995166	-1.60908023619
1.02074688797	0.439161003202	-2.04762396647
1.05394190871	-0.136379324204	-1.58852124648
1.08298755187	-0.352754919815	-1.23730202863
1.05809128631	2.10865791755	-1.33386861383
1.04564315353	-0.233387906349	-1.28244109481
1.04979253112	-0.130948585514	-1.30435297537
1.02489626556	-0.555696225412	-1.3546587433
1.04564315353	-0.723594140386	-1.08048203763
1.00414937759	-0.419428984195	-1.05291732044
1.00414937759	2.19257310235	-1.06734274307
1.00829875519	0.672997475925	-2.16230067998
1.04564315353	-0.351975090534	-1.26677693279
1.07053941909	-0.558527573782	-1.44453345056
1.00829875519	0.201100985238	-1.63884298045
1.00829875519	0.161824560796	-1.5551141654
1.00414937759	0.449171115668	-1.79763568129
1.09128630705	-0.222336378426	-1.25227752788
1.05394190871	-0.721970257847	-1.1439402253
1.02074688797	-0.502661019513	-1.09960366352
1.02904564315	-0.358175134713	-1.28025012966
1.03319502075	2.32836371278	-1.07021057997
1.02904564315	-0.112489685525	-1.53694800546
1.09543568465	-0.559061905742	-1.0683459751
1.03734439834	1.20572360292	-1.49813830636
1.05394190871	0.178454362095	-1.7725726711
1.01244813278	-0.588337810349	-1.01068246598
1.04564315353	-0.196115753849	-1.19508016582
1.02904564315	-0.165113022828	-1.67977979736
1.04564315353	1.06037138812	-1.6392052157
1.04979253112	2.3438289046	-0.885290679967
