RSA	Psi	Phi
1.03164556962	1.76919617001	-1.91385294445
1.06329113924	1.41429612335	-1.49629679829
1.06962025316	-0.0279463502725	-1.53814834377
1.05063291139	1.73410270984	-1.9843462047
1.09493670886	-0.497649881461	-1.08163079545
1.0253164557	0.0234391269505	-1.35698535929
1.01898734177	0.0766474995935	-1.75266746927
1.03164556962	0.162426842978	-1.77455730505
1.01898734177	0.660112441945	1.00730024908
1.08227848101	-0.299184972149	-1.56523622229
1.08860759494	2.3356495337	-1.09063769332
1.01898734177	0.106489931009	-1.78472038956
1.03164556962	0.331736043638	-1.65463553442
1.01265822785	0.442672187258	1.06798101642
1.01265822785	0.233278397231	-1.48837386606
1.08860759494	-0.0899537808708	-1.42115598485
1.01898734177	0.145082887267	-1.69894097313
1.07594936709	0.673862550267	0.860030922791
1.10126582278	0.664583136401	0.930873533793
1.00632911392	0.145516379536	-1.80235253423
1.11392405063	0.392066193459	-1.7172514371
1.00632911392	0.858894707395	0.900027934571
1.06329113924	0.557637603814	1.02735132919
1.05696202532	0.829385668367	0.878186900591
1.00632911392	0.42469223531	-1.92798506822
1.08860759494	0.434290312772	1.09016571529
1.06962025316	2.11036152235	-1.32857739226
1.01265822785	0.492656943673	1.01389406256
1.05063291139	0.82625563399	0.947926328598
1.00632911392	1.74350889043	-2.56072227055
1.05063291139	0.0532578030539	-1.83424255696
1.0253164557	0.271556462357	-1.76221465989
1.10759493671	0.131726486538	-1.79575234466
1.16455696203	-0.319335994565	-1.11949013851
1.06962025316	1.96523945807	-1.08731456149
1.04430379747	0.186148178039	-1.7665645304
1.03164556962	0.80254335687	1.0248438892
1.14556962025	-0.625564219928	-1.04275503706
1.05063291139	0.289939574257	1.11944757791
1.05696202532	0.712057653318	0.926099501486
1.01265822785	-0.698634707969	-1.43693223781
1.06329113924	1.41308344083	-1.3067236849
1.08227848101	0.945773256118	1.05785315619
1.06329113924	0.438129407894	1.10613054536
1.03797468354	0.685478815908	1.07513881492
1.11392405063	0.324760068018	1.2085065638
1.04430379747	-0.29350432854	-1.20923003685
1.06962025316	0.108907301631	1.15100057672
1.03797468354	0.305562451657	1.15974566137
1.01265822785	0.437431761868	-1.7850102352
1.01898734177	0.287227058167	1.11730612022
1.06329113924	0.649198377309	0.877131521336
1.05063291139	0.567580874722	1.05440873071
1.06962025316	-0.309223086177	-1.65736643066
1.10126582278	-0.592660624738	-1.42036855068
1.0253164557	0.251228811715	1.21227614056
1.03164556962	0.173236766866	-1.47269494804
1.07594936709	0.901959444017	0.871640183228
1.00632911392	0.472681537459	-1.95244267729
1.05696202532	-0.296068741157	-1.2835217117
1.03797468354	0.287212372146	-1.71681285091
1.04430379747	0.212451009033	-1.74916317903
1.05063291139	2.14053793031	-1.41596569293
1.06962025316	0.520486810329	1.1368015368
1.00632911392	0.743410626055	0.929463986313
1.07594936709	-0.402535044713	-1.10264866689
1.04430379747	0.402399262344	1.13316726291
1.06329113924	0.137015633925	-1.70559730225
1.05696202532	0.113128731546	1.2096676119
1.13291139241	-0.493653836638	-1.12937732398
1.05696202532	-0.823644629541	-1.02708539473
1.06329113924	0.892713040378	0.876068574549
1.05063291139	-0.0472572153042	-1.61843494887
1.06329113924	0.685660961539	-2.30899953076
1.05696202532	-0.113132184793	1.25326486311
1.06962025316	-0.742931219108	-1.28500950049
1.05696202532	1.155708459	-2.46338992774
1.06329113924	2.12754805254	-0.761351871678
1.10759493671	0.184994519306	1.13002518238
1.06329113924	0.855236941212	0.758754942533
1.08227848101	0.942017534089	0.824506366501
1.04430379747	0.446643908576	-1.55513794113
1.01898734177	0.962848385028	-2.07205938485
1.1835443038	-0.0591308912174	-1.65444205881
1.04430379747	-0.529344982676	-1.17228729213
1.01265822785	0.562814402954	-2.23125891129
1.08860759494	0.509470394355	0.940920095915
1.00632911392	0.359315578921	1.19524355362
1.03797468354	0.211427286826	-1.75022348088
1.0253164557	-0.498728999395	-0.934594319399
1.05696202532	2.29457864119	-1.02969333447
1.03164556962	0.423157879438	0.937506475055
1.01898734177	-0.366349473675	-1.1720226199
1.13291139241	0.0306635281102	-1.65215991365
1.05063291139	2.19444341251	-1.13004697036
1.04430379747	0.0492007414149	-1.755880876
1.13924050633	0.119538723214	1.247515525
1.01265822785	0.516837987484	1.02737128129
1.01898734177	0.00674256481378	-1.3782080201
1.09493670886	1.44384865755	-2.45202023924
1.03164556962	-0.37519061672	-1.40683635586
1.0253164557	0.928081288654	-1.76153114958
1.06962025316	0.927430684263	0.871167477402
1.01265822785	-0.636316526271	-1.20134670948
1.05696202532	-0.0106978081905	-1.62492039854
1.10759493671	0.854030274582	0.733769762108
1.05696202532	0.694086264028	0.970300208012
1.00632911392	0.178680698885	-1.77370621989
1.15189873418	-0.22654670531	-1.50004175359
1.03164556962	-0.0330719794508	-1.60740437731
1.05696202532	-0.268956197735	-1.41515883732
1.05696202532	0.495136721246	1.12223541034
1.05696202532	0.252675680307	-1.8203777564
1.03797468354	0.367410043708	-1.88587940424
1.12658227848	0.101948369112	-1.541324985
1.00632911392	1.11746651881	0.98806517064
1.07594936709	0.611961952852	-1.75606956765
1.0253164557	2.5646338472	-1.41817843268
1.0253164557	-0.0119788018567	1.42087076846
1.03797468354	-0.115076916886	-1.53456073507
1.05063291139	0.13110291271	-1.71435793345
1.06962025316	1.42779360476	-1.66411120498
1.00632911392	2.6125608869	-1.37023305594
1.05063291139	-0.134231862125	-1.30433786119
1.05696202532	0.869433392482	0.879682101786
1.07594936709	-0.994916280664	1.22794591991
1.0253164557	0.705315380319	1.02402438961
1.01265822785	0.48604368893	1.05325641398
1.07594936709	0.282648667427	1.11275536936
1.03164556962	0.0451913748921	-1.64995145006
1.05063291139	-0.506370451576	1.31721556304
1.01265822785	-0.641215050431	-1.05758582889
1.08860759494	0.449254841701	1.04739168024
1.04430379747	-0.688798956103	-0.888624047279
1.06962025316	0.78678044235	0.819168577295
1.09493670886	2.1811305963	-1.20833693915
1.00632911392	0.277583966855	-1.94083502296
1.01265822785	0.612321081149	1.10054755605
1.05696202532	-0.513612660449	-1.42693833064
1.13291139241	0.560393132515	0.950770963138
1.04430379747	-0.0335591847075	-1.58616285098
1.00632911392	0.366747352716	1.18595946101
1.14556962025	0.831597875771	0.901452202377
1.03164556962	0.669977895341	0.967080158704
1.0253164557	0.775220272829	0.942204788818
1.05063291139	-0.0531544580435	-1.48945072644
1.01265822785	0.576267147299	1.00873394391
1.00632911392	0.68724900848	1.22776384168
1.08860759494	-0.0719641697675	-1.35094871504
1.08860759494	0.840874691111	0.852353291465
1.05696202532	-0.400187397723	1.26309332169
1.05696202532	0.0608717434441	-1.55236235285
1.03164556962	0.458082813623	-2.06935247267
1.01898734177	2.05254724205	-2.35393800502
1.05696202532	-0.184923075488	-1.35457985639
1.03797468354	-0.261130450097	-1.70000349297
1.0253164557	2.50313651193	-1.26556365527
1.05063291139	0.573086142773	1.0612034289
1.00632911392	0.940739567091	1.20183041822
1.0253164557	0.285568176944	-1.62735103231
1.03164556962	-0.446933866714	-0.880566459211
1.03797468354	0.263542529576	-1.79940114464
1.07594936709	2.24992454931	-1.21389427109
1.07594936709	-0.212719355437	-1.12928623061
1.03797468354	0.902095057886	-1.92532227421
1.08860759494	2.23859901666	-1.28503890746
1.05696202532	-0.235658606788	-1.25652791792
1.08227848101	0.247949904893	1.16444049865
1.10759493671	-0.247917287895	-1.6110724684
1.03164556962	2.94949244863	-1.34859404303
1.03797468354	1.72565326928	-1.06418378954
1.06962025316	-0.661886071111	-0.979189029561
1.12658227848	1.65705439176	-1.34693947509
1.05063291139	0.698696255705	1.0085310748
1.10126582278	0.866711994197	0.67910302739
1.12658227848	0.709551302048	0.849070002786
1.0253164557	0.857573593513	0.969612564498
1.03797468354	2.88253843245	-1.59884136053
1.13291139241	-0.508608863133	-1.08131608555
1.08227848101	1.1829248183	-2.00380900663
1.01898734177	0.070405572462	-1.65928361738
1.05063291139	0.484842319514	1.09921944135
1.06962025316	-0.670731044397	-1.19864338208
1.07594936709	-0.060236703998	-1.60745372551
1.03164556962	-0.402756325428	-1.22469167971
1.01265822785	-0.70265228958	-1.17684299763
1.01898734177	-0.525738586109	-1.11563327153
1.06962025316	2.48692413142	-0.981005955145
1.00632911392	-0.0787399945624	-1.29268503009
1.0253164557	0.823604227022	0.683500941471
1.12658227848	0.65707536956	1.00174519132
1.01898734177	0.751852138216	0.964969941939
1.01898734177	-0.0216187801118	-1.49921458747
1.09493670886	-0.175604830999	-1.26728346104
1.01265822785	0.587902742745	0.956348571903
1.10759493671	1.47211928202	-1.41339200653
1.08227848101	0.686306816539	0.946000455672
1.11392405063	0.885535033685	0.724016040244
1.05063291139	0.310609674828	-1.91655591535
1.03797468354	1.80027499821	-1.82520281512
1.05063291139	-0.116287935917	-1.46746953018
1.09493670886	0.0253660050237	1.2084809642
1.05063291139	0.70272866634	1.09378568627
1.04430379747	0.206447997269	-1.64890115444
1.04430379747	0.617000526938	0.964014322795
1.08227848101	1.01578613394	-1.51210599442
1.04430379747	0.300333482135	-1.79335288988
1.06329113924	-0.136112489607	1.41792281037
1.06329113924	0.308701330097	1.32590410346
1.04430379747	2.62341350785	-1.29238065274
1.0253164557	-0.618406757909	-0.891433698246
1.12658227848	0.30435954293	-1.86936162734
1.01265822785	0.275663790759	1.14404322466
1.0253164557	0.0600589036162	-1.63822527843
1.00632911392	0.800861338816	0.943130382228
1.03797468354	1.68029402084	-2.13462689614
1.05696202532	0.348453676775	-2.04434004532
1.00632911392	0.797697011407	1.03598084914
1.00632911392	0.5171412487	0.967610860765
1.05696202532	1.9335176563	-1.69582794407
1.06962025316	0.393405228124	-2.02643144389
1.03164556962	-0.0706252366649	-1.5264958333
1.05696202532	-0.190879242993	-1.30234557273
1.01898734177	0.232127351922	-1.90360663296
1.03797468354	0.0816465676365	-1.58468557686
1.01265822785	2.00368528086	-1.69573913956
1.0253164557	-0.536844568283	-0.962051951701
1.12658227848	-0.526579771189	-1.01726308365
1.0253164557	0.390692546968	-1.883039361
1.00632911392	-0.45249448922	-1.03894992104
1.01265822785	0.783890451571	0.914795257355
1.01265822785	1.26766893396	-1.37948888792
1.12658227848	-0.337106070015	-1.09400099069
1.10126582278	0.112799835681	1.15967339292
1.01898734177	0.65824244184	0.954001032436
1.05696202532	-0.0665733589604	-1.66971157182
1.05063291139	0.305939077696	-1.84807706069
1.03164556962	-0.223499330663	-1.22637258191
1.07594936709	0.882940270132	0.766463150239
1.05063291139	0.232313814143	-1.80625445598
1.03164556962	0.537275026607	1.1613696613
1.06962025316	0.849696326936	0.810168504407
1.06329113924	0.33831492533	1.14949600115
1.05696202532	1.75880156043	-2.27162966199
1.01898734177	-0.0723921206463	-1.66797292964
1.06329113924	0.0728556590177	-1.69684992704
1.10759493671	0.366356162584	-1.78291728188
1.0253164557	0.708887556721	0.905558320816
1.03164556962	0.886053023895	0.846392440348
1.05063291139	-0.216639794071	-1.15371402819
1.03797468354	0.798136494082	0.814437817273
1.09493670886	0.43781231743	1.0860189224
1.07594936709	0.549854214084	1.00378136548
1.1582278481	0.58064260292	-1.80961401136
1.01898734177	0.731760413038	0.881814319275
1.03164556962	0.252544100433	1.15181611741
1.05063291139	0.8414438515	0.863433000702
1.00632911392	0.163525441187	-1.8740564179
1.01898734177	1.32789732414	-1.42664089711
1.10126582278	2.38330541614	-1.50937053429
1.00632911392	-0.146798773758	1.18248665193
1.03164556962	0.502607498195	1.10405709209
1.06329113924	-0.147484963401	-1.80853252537
1.08860759494	0.0654061485169	1.25714697835
1.11392405063	0.986728877138	0.716761015636
1.03164556962	0.844164391314	0.877371240242
1.07594936709	0.554506637181	0.987037629667
1.00632911392	0.94812261826	0.711459865606
1.08860759494	1.91875487821	-1.01161086431
1.0253164557	-0.156291528224	-1.19954236948
1.01265822785	0.852314558569	0.811877189466
1.00632911392	0.0239935332906	-1.97316848589
1.01265822785	0.837658314355	0.931717072555
1.03797468354	0.0405450378127	-1.56864531284
1.01265822785	-0.112982387984	1.57198431439
1.00632911392	0.437020703658	-1.7002940638
1.0253164557	0.253749272075	-1.82634117471
1.03164556962	-0.143792805304	-1.21366941791
1.01265822785	1.6256845931	-1.35107111755
1.13291139241	0.136870448372	1.20829234195
1.09493670886	0.82806807873	0.850495556557
1.00632911392	0.608027942576	0.927878069678
1.08227848101	0.543285840737	0.971283752207
1.07594936709	2.65316604048	-1.06630753419
1.10759493671	0.732793202817	0.951587415652
1.11392405063	0.282869509813	-1.82394981906
1.09493670886	-0.266020690644	-1.08499733914
1.00632911392	0.919516539391	0.774238379838
1.03164556962	0.411099204287	0.99142421425
1.01898734177	0.313139681805	-2.19538672004
1.03164556962	2.67876614911	-1.19092754301
1.05696202532	0.309557249804	1.24185979218
1.0253164557	0.28716800593	-2.10705697861
1.12658227848	1.00818709215	0.596539739147
1.03164556962	-0.367076806577	-1.01248326661
1.03164556962	-0.26264959624	-1.4111330011
1.06329113924	0.886711637326	0.927162617607
1.07594936709	0.733064349302	0.896855848065
1.17088607595	0.204692580758	-1.68205693103
1.03164556962	0.660241501285	0.918305003729
1.03797468354	0.00521652690735	1.3247865562
1.06329113924	0.369173554258	1.14477235907
1.10759493671	0.549483421563	1.16310149784
1.11392405063	-0.680360055708	-0.696911456985
1.01898734177	0.54779670252	0.999179106954
1.10126582278	0.321422238308	-1.94633520713
1.04430379747	1.11216602196	-1.39353298386
1.04430379747	-0.601668548375	-1.7173462995
1.03164556962	1.62669207442	-2.03395820764
1.12658227848	0.224318236676	1.1468915378
1.08227848101	2.31113240169	-1.3220938939
1.08227848101	-0.201310745334	-1.76493954214
1.04430379747	0.652946492574	0.980319619981
1.01898734177	-0.727366796368	-1.35110392578
1.0253164557	0.689483624915	1.05899098476
1.07594936709	-0.217156186494	-1.1762670427
1.01265822785	0.48309261232	-1.89051653331
1.00632911392	2.06893879664	-1.68594549399
1.07594936709	-0.447259034453	-1.42128136175
1.10759493671	0.519457970959	0.971296438585
1.10759493671	0.528272945466	-1.74519475436
1.05696202532	1.96589471809	-1.08309530156
1.01265822785	0.723370287034	0.905191413697
1.00632911392	0.687834567466	-2.21633334504
1.05696202532	-0.202540606757	-1.4734778362
1.1582278481	-0.0955182184617	-1.33441347347
1.00632911392	0.0231079266749	-1.3106019703
1.05063291139	0.478105049484	1.09551135843
1.01898734177	-0.265445253826	-1.1392001205
1.06962025316	1.24949431662	-1.50065499799
1.04430379747	2.31381660479	-0.929748096775
1.06329113924	0.134310851437	1.16539658893
1.05063291139	0.776125642178	0.835577251847
1.00632911392	0.817356472998	0.941283593779
1.0253164557	-0.00234773217334	-1.7050097025
1.06962025316	2.27550321414	-0.832326405108
1.11392405063	-0.574103482848	-1.09110466683
1.05696202532	0.0235558107923	1.35787346206
1.00632911392	0.657946493222	0.993751775494
1.05696202532	0.263147636131	-1.46769657139
1.14556962025	2.46034959279	-1.0189054548
1.09493670886	-1.15808177257	-0.942550222865
1.07594936709	1.28633224353	-1.55602706012
1.05696202532	-0.0780771073678	-1.65587171365
1.06962025316	-0.0308129379994	1.48061490256
1.10126582278	-0.276743209995	-1.97010438582
1.12025316456	1.34707060746	-2.28783364061
1.03797468354	0.922614141645	0.919732155721
1.03797468354	-0.255346289744	-1.02876335491
1.13924050633	-0.477079512429	-1.0145744915
1.06962025316	0.789588772231	0.894373032134
1.12025316456	-0.118967457281	-1.30412872335
1.03164556962	0.000978173475989	-2.086273834
1.05696202532	-0.0132871954675	-1.40962176463
1.0253164557	0.589435733383	-2.19873115052
1.0253164557	0.750399452665	1.00046054832
1.01898734177	0.474266106143	1.10617565397
1.0253164557	0.743504947161	0.796685945171
1.10126582278	-0.34543784949	-1.11505293657
1.0253164557	0.677954350568	0.859981971264
1.04430379747	0.174516675358	-1.7280718826
1.10759493671	-0.568705989959	-1.01109403871
1.07594936709	0.499809698398	1.09014838487
1.05696202532	-0.640873433713	-1.1086059778
1.08227848101	0.0909747428987	-1.41649198897
1.06962025316	0.823125940928	0.852093119829
1.11392405063	0.0256845755647	-1.35990582153
1.05063291139	0.539634899259	1.04646160903
1.08860759494	1.08862493828	-1.4381688962
1.11392405063	1.45182309762	-1.56617449783
1.01265822785	2.45405359821	-1.19021819084
1.03164556962	0.874117843316	0.871165500052
1.07594936709	1.41684361979	-1.98719055065
1.05063291139	0.201368639156	-1.65029265885
1.01898734177	0.203301648792	1.18337590526
1.03797468354	-0.431969788279	-1.50624823281
1.08227848101	0.125205955946	-1.74188641415
1.05696202532	2.36491839696	-0.92139200586
1.08227848101	0.563692539959	0.841594708474
1.10126582278	0.2912738089	1.13918942336
