RSA	Psi	Phi
1.03311258278	0.710588746592	0.903549680018
1.01986754967	-0.887013289088	-0.960936540202
1.06622516556	-0.181255614513	-1.14983023316
1.05960264901	-0.248004708897	-1.10343553789
1.09271523179	1.17987578308	-1.53797216506
1.07284768212	-0.786644969701	-0.878786555759
1.09271523179	1.62227534695	-2.01344842854
1.00662251656	1.92810570313	-0.810392293493
1.15894039735	-0.509461721638	-1.28686179893
1.01986754967	0.71897970403	0.983465463601
1.01324503311	2.15521479969	-1.36380171969
1.14569536424	-0.565707324088	-1.18404657077
1.01986754967	0.869209237556	1.00433038139
1.03311258278	0.215910339229	-1.76835338426
1.01324503311	2.18552073138	-1.61111606793
1.07947019868	-0.33410511087	-1.35764818888
1.15894039735	-0.343627604378	-1.24468222069
1.12582781457	-0.258539907702	-1.19724875425
1.15231788079	-0.325953912571	-1.3297275426
1.05960264901	-0.0667532060234	-1.66475267385
1.01986754967	2.17154671705	-1.55825644155
1.00662251656	2.5063363315	-1.08133941517
1.11258278146	0.154394468726	1.13131140261
1.00662251656	0.38901199054	-1.81702912663
1.02649006623	-0.32133664769	-1.09898797608
1.15231788079	0.265098080826	-1.76763331038
1.04635761589	0.355182627217	-2.16994174622
1.1059602649	2.24831430683	-1.06638613973
1.03973509934	-0.53286946917	-1.02538646887
1.09933774834	-0.17409347961	-1.63678470833
1.04635761589	0.0212163649634	-1.61690007325
1.07947019868	0.500730543078	0.953573303666
1.09271523179	0.180575610938	-1.61055598669
1.05298013245	0.164045101975	-1.52422073194
1.03311258278	-0.686049243403	-0.902544330622
1.23841059603	1.44789196392	-1.38586307725
1.01324503311	0.540833449214	-2.19171957463
1.05298013245	-0.082015766605	-1.72173368641
1.05960264901	1.80907038022	-1.31569837729
1.00662251656	2.55989023414	-1.50052528414
1.05960264901	2.66676757795	-1.12955286002
1.05960264901	0.342647503156	1.08239445926
1.18543046358	-0.469684027477	-1.13345546835
1.01986754967	-0.296407768183	-1.53541373143
1.09933774834	0.0304410600741	-1.38971901953
1.19867549669	-0.289942372158	-1.22420147572
1.00662251656	-0.649672827403	-1.0124006467
1.03311258278	0.321490346645	0.943886747891
1.07947019868	0.853978014832	0.78800465332
1.03311258278	0.246974551671	-1.56963755328
1.06622516556	0.304763910807	-1.72969940055
1.05960264901	0.0732758065538	-1.52253518767
1.09933774834	-0.321239434716	-1.09468505526
1.1059602649	0.169408788223	-1.60637648979
1.05960264901	-0.305380147783	-1.2662160627
1.03973509934	-0.345204674885	-1.36922913481
1.03311258278	0.0983209111569	-1.26830161862
1.09271523179	-0.120058317925	-1.22173167634
1.1059602649	1.42602295803	-1.51738780528
1.01986754967	0.421084854264	-1.77623328684
1.09933774834	0.738787332206	-1.79044536249
1.14569536424	-0.236896648405	-1.55780417439
1.08609271523	-0.00225595787278	-1.57466456422
1.03311258278	1.28034855718	-1.61488844115
1.1059602649	-0.183591986927	-1.36606216311
1.11258278146	-0.0651849166376	-1.39252910194
1.09933774834	2.3111385373	-0.96767496399
1.02649006623	-0.516699330435	-0.985081394172
1.07947019868	-0.661258344259	-1.25554924659
1.17218543046	-0.534415644851	-1.03811460592
1.07947019868	0.191176269692	-1.74624752302
1.01986754967	-0.357270476486	-1.2156384773
1.01324503311	2.00416964229	-1.80347939294
1.1059602649	2.2610448701	-0.97449576435
1.01324503311	-0.0718064778843	-1.46810437842
1.05298013245	-0.44323599083	-1.35173826748
1.02649006623	-0.236369065338	-1.8761464194
1.02649006623	-0.335276248432	-1.28255227686
1.07947019868	-0.040128939346	-1.3330110081
1.07947019868	-0.0182393104582	-1.44537337758
1.12582781457	1.2213014771	-1.46215276632
1.02649006623	2.11699919132	-1.3279124178
1.02649006623	-0.20440793212	-1.23898465549
1.14569536424	-0.382801000432	-0.988681647671
1.12582781457	-0.43435313437	-1.02077650295
1.08609271523	1.07416396673	-1.55738487784
1.04635761589	-0.429913221286	-1.08878611786
1.06622516556	-0.569126995939	-1.0244708505
1.09271523179	-0.616036747521	-0.96705513219
1.19205298013	-0.594130129331	-1.0442324915
1.11258278146	1.32397888184	-1.44276179544
1.02649006623	-0.622029193006	-1.07698355958
1.03311258278	0.201134524915	-1.72601885466
1.02649006623	-0.300378722499	-1.54501655949
1.2119205298	-0.450204508761	-1.1467206485
1.03973509934	0.343335443444	1.16493828502
1.1059602649	-0.266103042679	-1.25795593726
1.04635761589	-0.35646151604	-1.1587074532
1.00662251656	2.34118520636	-1.00495323915
1.06622516556	-0.572460131589	-1.14365736197
1.01324503311	-0.941921046173	-1.57830731455
1.05960264901	0.707234449203	1.04426385591
1.15231788079	0.73685927835	0.913472209074
1.02649006623	0.0554209631187	-1.61838309294
1.12582781457	-0.21902595613	-1.14694034935
1.13245033113	0.79865387961	0.886584349015
1.03311258278	-0.430759849058	-1.21419468701
1.04635761589	-0.11346017308	-1.13447262775
1.16556291391	-0.63665966567	-0.929878107686
1.09933774834	0.0506136337441	-1.91893697712
1.03973509934	-0.487857084038	-1.14903798539
1.05298013245	0.242256144141	-1.76010026178
1.07947019868	0.165052042739	-1.87195237311
1.1059602649	-0.316825015171	-1.28237743618
1.00662251656	2.28981763057	-1.17570246037
1.15231788079	-0.499441252843	-1.01488108876
1.03311258278	-0.715087867122	-0.907498243335
1.19867549669	-0.500355841037	-1.04524883209
1.12582781457	0.792283093629	0.799500542784
1.09271523179	0.825588221548	0.788989719791
1.11258278146	-0.454744414241	-1.0492878301
1.16556291391	-0.384442273804	-1.14763153753
1.02649006623	2.29974670298	-1.47950989598
1.1059602649	2.42274310653	-1.73715862931
1.05298013245	0.966034021145	0.922650259014
1.1059602649	0.294958806044	-1.91965430755
1.01986754967	-0.315725064499	-1.20375288388
1.01986754967	-0.373419084873	0.866060211964
1.17880794702	-0.101189290824	-1.43986482002
1.03973509934	0.46036919724	1.0241518784
1.03973509934	-0.20733431246	-1.67631076714
1.01986754967	0.26333196902	1.23750580507
1.03311258278	-0.805935735203	-1.31518797377
1.11258278146	0.207311813957	1.15426150511
1.01986754967	-0.603924283636	-0.966408487863
1.07284768212	-2.370795363	1.25744755359
1.05960264901	-0.51226640226	-1.14564820151
1.09271523179	0.244503474315	-1.49308986529
1.06622516556	0.580433940718	1.06342442238
1.09933774834	1.21673933709	-1.39953025018
1.02649006623	-0.168315203432	-1.6049780267
1.00662251656	-0.490205199801	-1.29101803238
1.09271523179	-0.963834918559	-1.014530642
1.01986754967	-0.421894874757	-1.18249114727
1.1059602649	-0.456968652559	-1.34829735182
1.09933774834	0.235584471476	-1.67199716877
1.05298013245	-0.122301988019	-1.53775474742
1.17218543046	2.71557606943	-1.08241085867
1.05298013245	1.66899409121	-1.63983752263
1.01324503311	1.68920045376	-1.65372055527
1.05960264901	0.0290103319395	-1.69857825655
1.11258278146	0.916830186336	0.946374463133
1.11920529801	-0.389769022791	-1.03818817642
1.1059602649	2.10702427344	-2.02323073183
1.09271523179	2.25674193793	-1.0899177485
1.09933774834	1.85981501866	-1.66632178655
1.11258278146	0.182221231836	-1.71536374306
1.07284768212	-0.265323556596	-1.51068209898
1.11920529801	-0.556796201014	-1.06901463937
1.01986754967	2.43250247468	-1.08937694352
1.01324503311	-0.244325112478	-1.11558429653
1.01324503311	-0.580592382114	-1.10488374332
1.07947019868	0.733418537014	0.927904410866
1.19205298013	-0.502573751451	-0.973729145259
1.13245033113	-0.297782122862	-1.20958353115
1.14569536424	-0.481707391997	-1.15064086525
1.01986754967	-0.121725566576	-1.52069193908
1.05960264901	1.94783681295	-1.24929053496
1.16556291391	1.18724650301	-1.43633794108
1.01986754967	0.692667142183	0.825459321108
1.04635761589	-0.211097580218	-1.3304494228
1.07947019868	-0.645790281488	-0.934043023199
1.12582781457	0.0819498972109	-1.55575262724
1.01986754967	-0.750178294513	-1.31094864738
1.01324503311	0.591981168055	0.83796026832
1.03973509934	-0.0507776430121	-1.55215163704
1.00662251656	2.59385594619	-1.22070472962
1.09933774834	0.184814448263	-1.59241529492
1.03973509934	-0.660124002415	-1.11817224104
1.15894039735	-0.639732305187	-1.2685971736
1.02649006623	2.13933346203	-0.765325146637
1.00662251656	0.777668942274	0.835785812006
1.03973509934	-0.0825279641196	-1.97834434847
1.08609271523	-0.457412445334	-1.15686316502
1.04635761589	0.750757764027	0.800753150894
1.05298013245	-0.728272036517	-1.13643057491
1.13907284768	-0.57263213242	-1.02932075322
1.08609271523	0.887560624645	1.06576150803
1.00662251656	-0.188641710991	-1.2268087474
1.09933774834	-0.526500449321	-1.24160992789
1.04635761589	-0.0897574563838	-1.30938693014
1.1059602649	1.88638848145	-1.19783396153
1.07947019868	-0.433146099257	-1.23103958714
1.00662251656	-0.644268941883	-0.925589770485
1.00662251656	1.19786973482	-1.40072948506
1.04635761589	-0.131470386804	-1.94252814966
1.00662251656	0.300201291651	1.05130301263
1.14569536424	-1.08873267814	-0.788409467789
1.06622516556	1.23685787952	-1.27713610039
1.01986754967	0.437260195174	-1.94535174613
1.06622516556	2.54585171473	-1.91935958335
1.02649006623	0.667571487047	1.04738427084
1.03973509934	-0.0556088841221	-1.4713724931
1.00662251656	-0.188408744505	-1.24230155927
1.05960264901	1.49190108061	-1.35399614472
1.05960264901	0.206355797229	-1.71307858777
1.05960264901	0.64513270663	1.13038667989
1.05298013245	-1.93431777704	1.06349544482
1.03973509934	2.78241893849	-1.25863246455
1.03311258278	-0.0962882166289	-1.48679406386
1.1059602649	-0.369113032824	-1.20174629341
1.13245033113	-0.00946842144518	-1.45593025962
1.06622516556	-0.191373064296	-1.15772749549
1.13907284768	-0.498850341616	-1.10094685504
1.05960264901	0.0567730680196	-1.36125650906
1.06622516556	-0.42312397079	-1.79843956622
1.11258278146	1.97018996953	-1.98559956398
1.00662251656	-0.14313110895	-1.49587596592
1.01986754967	-0.430456075603	-1.08580892762
1.13245033113	0.970714856505	-1.71196527955
1.01324503311	0.206446600682	-1.57804758251
1.05960264901	0.156019968689	-1.73280576742
1.03311258278	0.185598032099	1.13482215567
1.14569536424	-0.402618502901	-1.18020122581
1.13907284768	-0.296575093316	-1.22156884574
1.00662251656	0.692721798567	0.915378290149
1.00662251656	-0.968686264798	-0.915055496484
1.07284768212	0.932450831296	0.745785486714
1.01986754967	-0.292815619708	-1.06948523448
1.00662251656	2.1657336942	-0.963926943144
1.04635761589	2.33213721628	-1.0243871981
1.05960264901	0.548704056935	0.962204738722
1.09271523179	0.948455974128	0.811598425461
1.07284768212	-0.679115917734	-1.24058799265
1.07947019868	-0.0530676140826	-1.76997971938
1.09933774834	-0.348184119808	-1.0878501421
1.09271523179	0.579235188918	1.05642779497
1.03311258278	-0.266971478057	-1.4981825331
1.07947019868	-0.197345182007	-1.27873700285
1.01986754967	-0.613804711762	-1.11501871851
1.02649006623	1.07522356879	-1.53615470117
1.01324503311	-0.00939647130204	1.30403822626
1.04635761589	0.749329935718	0.846668732441
1.11258278146	0.625118451067	0.954721952909
1.08609271523	1.10137360879	-2.37627904012
1.05298013245	0.384260672126	-2.22310846858
1.1059602649	0.114117987742	-1.59000471545
1.01986754967	0.771443169485	0.995147874216
1.11258278146	0.0163324895957	-1.99555189712
1.09271523179	-0.523978019582	-0.969849390131
1.06622516556	-0.0772823987268	-1.47302576761
1.11920529801	-0.143423135999	-1.42867107262
1.12582781457	-0.0990192018532	-1.33095861921
1.03973509934	-0.531455293888	-0.975695680205
1.06622516556	-0.341689355783	-1.18050223984
1.07947019868	-0.27137543477	-1.12052717752
1.01986754967	1.97968322004	-1.68114873159
1.15231788079	0.788780955893	1.06789584169
1.18543046358	-1.72635072046	1.31131357195
1.03973509934	0.240374491758	-1.53703173462
1.02649006623	-0.496942180216	-1.48175145374
1.03311258278	0.132142850143	-1.69628515657
1.04635761589	-2.1565470902	0.967055324293
1.01324503311	-0.295031486789	-1.09215386722
1.08609271523	1.19679473703	-1.45293403187
1.06622516556	-0.713743707029	-1.05304278805
1.01986754967	-0.378839924932	-1.13305411235
1.02649006623	-0.262233517385	-1.02179402263
1.15894039735	2.33100103544	-0.899345700309
1.00662251656	0.262301133761	-1.92806865274
1.00662251656	0.0549915431783	-1.68732835457
1.01986754967	-0.540236504234	-1.16136832541
1.02649006623	-0.0671637285237	-1.64743671242
1.03973509934	0.0511098769912	-1.44064701093
1.15231788079	0.977039818988	-1.69745245836
1.05298013245	-0.267357950426	-1.16127625442
1.05960264901	-0.605686296231	-0.996229362812
1.02649006623	0.235865714918	-1.83536887988
1.09933774834	-0.632775979393	-1.14782349766
1.04635761589	2.31018867358	-1.03339346326
1.03311258278	0.679141896371	0.837746628277
1.14569536424	-0.831891170197	-0.949589259214
1.05960264901	1.15159434315	1.04112524984
1.17880794702	-0.227344418265	-1.39863012718
1.01324503311	-0.535823575864	-1.21788670847
1.17218543046	-0.328883847914	-1.24169007051
1.03311258278	0.526299105159	1.03035065585
1.09271523179	2.22080894749	-1.2209103905
1.00662251656	0.81724824571	0.919656687717
1.05298013245	2.28277498157	-0.907672945733
1.09271523179	0.598455002658	0.988082071159
1.06622516556	0.140978720228	-1.55359848279
1.06622516556	-0.263696301119	-1.4390945515
1.07284768212	0.470276939943	-2.17357468187
1.03973509934	0.36054780414	1.16930731618
1.04635761589	-0.28767587112	-1.2316681841
1.01324503311	0.246393756733	-1.52023144718
1.03973509934	0.634914750729	0.937379643855
1.01986754967	-0.248381142285	-1.0772363739
1.04635761589	2.44613335025	-2.19780914244
1.09933774834	0.876293152513	0.850273152396
1.00662251656	0.36132846565	1.2567251239
1.01986754967	0.063228324591	-1.71505400564
1.14569536424	-0.133187304013	-1.62861384659
1.06622516556	-0.0756359835583	-1.48170633104
1.15231788079	-0.868215186685	-1.17275059075
1.06622516556	0.899795351695	0.940872056067
1.11258278146	1.05044496194	-1.52972686708
1.05298013245	0.170710429477	-1.56761961299
1.08609271523	-0.244428140076	-1.27186535087
1.01986754967	-0.189170266986	-1.57124768507
1.04635761589	1.85648533693	-1.82494937585
1.05960264901	2.59065034367	-1.42354723735
1.03311258278	0.233632585678	-1.62238518112
1.12582781457	-0.36640422455	-1.27228144725
1.13245033113	-0.056972603539	-1.38033765153
1.01324503311	0.0861585937652	-1.55274287443
1.06622516556	-0.234460920044	-1.59742421708
1.03973509934	1.59113338434	-2.21534288789
1.08609271523	-0.210139587931	-1.40521713283
1.12582781457	-0.735103063249	-1.18671165099
1.15894039735	-0.524257952259	-0.965983226222
1.05960264901	-0.549898797113	-1.03336446349
1.07947019868	-0.577306835933	-1.71426467939
1.16556291391	1.20731485761	-1.4903800638
1.17880794702	-0.4195506157	-1.24598350369
1.01986754967	0.359930884347	-1.8314441497
1.03311258278	-0.172926062263	-1.38386876977
1.06622516556	-0.588373427873	-1.17515581914
1.11258278146	1.25874032572	-1.43227752744
1.06622516556	-0.538376351927	-1.02599736644
1.01986754967	-0.169138641434	-1.61928861073
1.03973509934	-0.459009249637	-1.00902436764
1.11920529801	1.91871522007	-1.71908502211
1.01986754967	2.28654886684	-1.31953471949
1.06622516556	-0.0897464406437	-1.80218202254
1.05960264901	-0.0540678799695	-1.43992703911
1.17218543046	0.347444500656	0.980867800933
1.05298013245	-0.149914369701	-1.46176804639
1.02649006623	0.0112981293293	-1.3008204087
1.06622516556	0.0801807856464	-1.76345576318
1.1059602649	-0.380564310847	-1.15590106045
1.04635761589	0.0884260201965	-2.1944980495
1.03973509934	1.30305644396	-1.49153027871
1.09271523179	0.778282869469	1.02682662705
1.08609271523	2.21073807938	-0.753388118398
1.00662251656	-0.941426937382	-0.985713092233
1.12582781457	1.07299707079	0.725071028087
1.04635761589	-0.403737232155	-1.08525419201
1.06622516556	0.0834784813361	-1.34608784733
1.00662251656	-0.638704386251	-0.977652284855
1.01324503311	2.5962361042	-1.14798830349
1.07284768212	2.48726883134	-1.14348550214
1.05960264901	-0.805807048219	-1.08768546422
1.01986754967	1.57133350973	-1.65106576465
1.08609271523	2.48470506044	-1.02144437304
1.09933774834	-0.576532781627	-1.3403466738
1.07284768212	0.403920890204	-1.89250688787
1.03973509934	2.41318560982	-2.34487976837
1.03973509934	-0.776663753921	-0.934106164933
1.03311258278	0.673406764828	1.01135977186
1.14569536424	-0.168708090606	-1.50220210002
1.11920529801	0.295155685575	-1.65400849168
1.01986754967	2.76586956288	-1.30436808059
1.02649006623	-0.593388929664	-1.75890573772
1.09271523179	1.20025934895	-1.49242640306
1.11920529801	2.25086372202	-0.834024397457
1.01986754967	-0.780608689974	-1.27249678514
1.08609271523	1.76358510888	-1.48952242041
1.00662251656	-0.0964604909477	-1.34139368593
1.17880794702	-0.509040088579	-1.1786984636
1.13907284768	-0.340663555057	-1.13969540183
1.09933774834	-0.557294180058	-1.10555928273
1.03973509934	-0.48561168647	-1.07874788432
1.03311258278	-0.60865893581	-0.927131286452
1.07947019868	0.272890796887	-1.74201455507
1.07947019868	-0.354897273677	-1.08970827726
1.04635761589	1.58740651428	-1.66937364648
1.06622516556	0.861132712566	-1.74296328147
1.01986754967	0.0977589734048	-1.56172011305
1.09933774834	0.972730130005	-1.41461938117
1.09271523179	0.11024270872	-1.57506892851
1.05298013245	2.33788679608	-1.24671415051
1.01324503311	1.47725818919	-2.71059537646
1.05298013245	-1.57315681797	-1.6001496626
1.03973509934	2.14406485318	-1.81276321106
1.05960264901	-0.339454886605	-1.10509963955
1.01324503311	0.289583580621	-1.64368186559
1.11920529801	0.0861808098617	-1.60235908478
1.17218543046	-0.473094773722	-1.04876432151
1.15231788079	2.31554960358	-1.07096535024
1.01986754967	-0.676669919603	-1.74490308915
1.12582781457	-0.105529339532	-1.50671767977
1.09933774834	-0.133221727598	-1.15530841552
1.07284768212	-0.596701501889	-0.975034162977
1.19867549669	0.691032075193	-1.42139770141
1.01986754967	0.907522675683	0.833135290885
1.02649006623	0.814432929385	0.928807189121
1.07947019868	-0.441848579876	-1.6386546477
1.05298013245	2.66119178304	-2.57403784572
1.07284768212	0.942971515991	0.95004519349
1.03311258278	2.65433171854	-1.11506580724
1.01986754967	0.642870971892	0.997857650834
1.02649006623	2.60365409976	-1.32986889988
1.00662251656	-0.474139314634	-1.21176899404
1.03311258278	-0.542092566966	-1.42158382057
1.02649006623	0.330276254862	1.17199394872
1.05960264901	-0.460237069004	-1.27918750287
1.01324503311	-0.258098083056	-1.77459228369
1.05960264901	-0.23447785929	-1.25934861562
1.00662251656	1.61719805129	-1.97821037926
1.05298013245	0.159189777706	-2.28976628807
1.01986754967	-0.272240600582	-1.32865727389
1.01324503311	0.598317917324	1.16791456411
1.03311258278	-0.277052954742	-1.19805216721
1.18543046358	-0.632334486475	-1.11089839532
1.02649006623	-0.292360091118	-1.35605671148
1.08609271523	2.42300841612	-1.05444414799
1.05960264901	-0.211203971591	-1.25227231773
1.02649006623	-0.0497758604109	-1.46969375285
1.01986754967	1.73006407325	-1.50764358186
1.07947019868	0.189109104926	-2.13950066926
1.09271523179	0.542143206723	1.018478903
1.00662251656	1.51822133489	-1.69175828035
1.06622516556	1.53982910768	-1.6483249676
1.02649006623	-0.0758442963895	-1.22019518997
1.05960264901	0.0600928300522	-1.62662216668
1.14569536424	0.190027786275	-1.62233203966
1.13245033113	-0.690866307267	-0.952069818108
1.05960264901	0.195923660811	-1.99883771024
1.15231788079	0.509367018207	-1.94948181634
1.09271523179	0.277536797621	-2.01639592957
1.05960264901	-0.368440832676	-1.59769677768
1.08609271523	0.267005107026	-2.16462538225
1.17218543046	-0.659672857911	1.5685385829
1.09933774834	-0.977354087252	-0.97457313076
1.05960264901	-0.484571139315	-1.10415839237
1.1059602649	1.51106210351	-1.63285645604
1.02649006623	-0.19209018508	-1.46219361645
1.09933774834	1.33494655558	0.392442023046
1.03311258278	0.103473472596	-1.70063935667
1.07284768212	-0.578520979729	-1.03711181732
1.00662251656	0.371514410777	-1.92815423056
1.12582781457	-0.455877285461	-1.6891856961
1.00662251656	0.00473572321845	-1.60344912305
1.17218543046	-0.394486126686	-1.22598801514
1.00662251656	-0.393942318432	-1.04495737676
1.15231788079	1.06059421586	-1.62116990232
1.16556291391	-0.329752546908	-1.24832258362
1.03973509934	0.0800685315768	-1.3892404572
1.09271523179	-0.164864370983	-1.22573775513
1.05960264901	-0.195426541689	-1.17205864
1.03973509934	-0.410785367299	-1.17793873421
1.09271523179	0.089722164475	-1.60876655555
1.15231788079	-0.017322120976	-1.76701378925
1.05298013245	0.482370122633	0.997091328056
1.03311258278	2.69572767774	-0.988650342876
1.17218543046	-0.401414278162	-1.12869361532
1.06622516556	-0.580613734757	-1.18886320528
1.01986754967	2.57292703771	-1.25362633624
1.04635761589	0.826365166125	-2.26897880637
1.05298013245	0.160622373106	-1.79498118471
1.03311258278	0.689626549917	0.992412553568
1.05298013245	0.754153837888	0.886741130408
1.09933774834	0.73371020358	1.01467404774
1.09271523179	2.13354720862	-0.91102125738
1.04635761589	0.740418217819	0.935002137388
1.05960264901	-0.291198707568	-1.20724259864
1.02649006623	-0.379782911485	-1.11383627996
1.05298013245	0.683050018766	1.00552617551
1.01324503311	-0.530137112338	-1.13301235222
1.01324503311	0.485059467096	2.04162319729
1.01986754967	0.711343558935	0.997654051184
1.13907284768	0.1393589827	-1.61050782663
1.02649006623	-2.23384487695	0.714580599281
1.09271523179	0.699081076757	0.862977189943
1.05960264901	-0.455666143353	-1.04245620644
1.11258278146	0.515968041992	0.954624891411
1.12582781457	-0.159721661726	-1.43951376234
1.05298013245	-0.757422378549	-0.942772468298
1.16556291391	-0.754978928379	-1.17049508962
1.04635761589	1.95690814445	-1.67061602939
1.01324503311	2.3462449834	-1.20639127729
1.15894039735	-0.542236394186	-1.22956293306
1.03311258278	2.59920214185	-1.20137875076
1.00662251656	-0.548729759746	-1.03278024971
1.03973509934	2.63156321982	-1.76435290238
1.08609271523	0.177435647551	-1.7077487023
1.02649006623	-0.320350565171	-1.08964733026
1.11258278146	-0.194138619728	-1.13600469173
1.08609271523	-0.227540550242	-1.41293807924
1.05960264901	2.31074460508	-0.930084432713
1.05298013245	0.131210793255	-1.59565818141
1.02649006623	0.385675226872	1.12962937076
1.03973509934	-0.355734428565	-1.19365953374
1.13245033113	2.31158163716	-0.986178900839
1.06622516556	0.724892038242	1.07034554834
1.01986754967	-0.668103505148	-1.08173187337
1.11920529801	-0.510877039085	-1.15048727436
1.01986754967	-2.25390906207	0.844842459055
1.02649006623	2.48152456484	-1.0307729924
1.14569536424	0.17761305583	1.23812658144
1.07284768212	0.63091248897	0.983685921064
1.09271523179	-0.563655829218	-1.06500244639
1.04635761589	-0.218478111122	-1.18883436926
1.07284768212	-0.275373688736	-1.39959945558
1.11258278146	0.263846273168	1.122620121
1.07947019868	2.25454641088	-1.10586922333
1.09271523179	0.343036821218	1.18165542597
1.13245033113	-0.144848520729	-1.57660730859
1.00662251656	2.07567328693	-1.33949487545
1.05960264901	-0.708690752915	-1.02318960042
1.00662251656	2.11244518811	-1.65331390707
1.1059602649	0.140800792595	-2.00761895093
1.09271523179	-0.450514754563	-1.09224721995
1.06622516556	-2.29994839522	0.75909065439
1.02649006623	-0.0375972394739	-1.49507098759
1.15231788079	-0.0604810385979	-1.30255548793
1.11920529801	-0.178860367023	-1.35212763839
1.13245033113	0.955526505699	-1.48830393778
1.1059602649	-0.751060598553	-1.00304962859
1.04635761589	-0.0145803041092	-1.80647633679
1.08609271523	-1.10320680378	-1.42170320984
1.11258278146	-0.464330466343	-1.68015787314
1.1059602649	1.92525726268	-0.929372210418
1.07947019868	-0.401836117717	-1.10183487099
1.01324503311	0.138958986854	-1.46810971899
1.05298013245	0.483405174222	1.17349059451
1.00662251656	0.241737715254	-1.76840964235
1.03311258278	0.221282360682	-1.4980625549
1.00662251656	-0.0902434180362	-1.60282100197
1.01324503311	0.171261322214	1.19924545275
1.00662251656	0.281866117193	-1.99545796894
1.05298013245	-0.362346086782	-1.18724839138
1.00662251656	2.01254429254	-1.45443183064
1.05298013245	0.475193353193	0.97187897008
1.00662251656	-0.260903116166	-1.53341812865
1.01986754967	-0.0339798713121	1.37565031115
1.00662251656	1.39947021093	-1.68489539643
1.05960264901	0.0323592739667	-1.7322516227
1.05298013245	0.974601956342	0.680985349111
1.00662251656	-0.149491954269	-1.40656101866
1.02649006623	-0.00724849019593	-1.41191903107
1.05960264901	0.734186694622	0.953565814865
1.07284768212	0.0838711584037	-2.04878842391
1.11258278146	0.814369970791	0.902347251374
1.06622516556	1.21152377027	-1.81359874835
1.08609271523	-0.147967144639	-1.48438619838
1.04635761589	-0.382546285145	-1.12021620548
1.11258278146	2.3492792384	-1.22141947832
1.07947019868	0.825937268093	0.892228673032
1.12582781457	0.150687282275	-1.45255909476
1.04635761589	0.157867435673	-1.76938897616
1.01986754967	0.227053689415	-1.48984674204
1.1059602649	-0.152057974992	-1.48694517096
1.19867549669	-0.594165677075	-0.994915005073
1.01324503311	1.36069994499	-0.412998145393
1.08609271523	-0.294348198283	-1.31835731398
1.14569536424	-0.697717057573	-0.940123324526
1.02649006623	-0.125223531074	1.2808908633
1.02649006623	-0.158842030213	1.60211524803
1.07284768212	0.340353280075	-1.63058272552
1.1059602649	-0.488668683997	-1.09849994364
1.03311258278	0.0291345848392	-1.70607043947
1.01324503311	0.974500891355	0.96817747534
1.09933774834	-0.54773033906	-0.947319132247
1.01324503311	0.0142804786232	-1.72577176847
1.06622516556	0.436175808099	-1.81648487909
1.06622516556	1.29712899638	-1.40877960892
1.00662251656	2.5017543479	-1.58382004649
1.05298013245	-0.766038218638	-1.07866558416
1.17880794702	-0.542257823995	-1.05497188741
1.1059602649	2.70459411858	-1.34915107779
1.09933774834	-0.098410667268	-1.46065202476
1.01324503311	-0.295529897326	-1.12031053263
1.15894039735	-0.608655967626	-1.15733208764
1.03973509934	0.785181698448	0.80635725464
1.01324503311	0.330895350089	1.17747240598
1.07284768212	-0.644231634839	-1.14267246174
1.08609271523	-0.269614153612	-1.15928221086
1.09933774834	0.315718327799	-1.45458558277
1.13907284768	1.29645456353	-1.54683046207
1.03311258278	-0.104579471037	-1.67585265237
1.08609271523	-0.303821588125	-1.22442257214
1.12582781457	-0.349600229002	-1.06651545309
1.01324503311	-0.187463981805	-1.31016994412
1.09271523179	0.0809116058615	-2.08722578377
1.11258278146	-0.272622674651	-1.23091303167
1.01986754967	0.109840460241	-1.66172404389
1.07947019868	0.0737076666171	-1.50903316381
1.00662251656	0.027344058604	-1.56104631563
1.15894039735	-0.290521933649	-1.45165214936
1.07947019868	0.250987323515	-1.68692566914
1.09933774834	0.727928041295	0.793558321787
1.17880794702	0.343680393653	1.12188429505
1.15894039735	1.4565771744	-1.21312348262
1.01324503311	-0.572769658458	-1.31316739521
1.00662251656	-0.312624345147	-0.982876300401
1.00662251656	1.33990180055	-2.38227181548
1.05298013245	-1.9214838634	0.777835885444
1.07284768212	-0.490659102661	-1.07370877005
1.1059602649	-0.0204891381239	-1.4822590876
1.15231788079	-0.421525831864	-1.03995070688
1.07284768212	0.41461302324	-2.05983439168
1.05298013245	-0.435295582254	-1.11071340816
1.11920529801	-0.0706060030776	-1.66515759645
1.20529801325	-0.368230002083	-1.48852739481
1.15894039735	2.21856200126	-1.3390508692
1.09271523179	-0.0475006253038	-1.44649729824
1.09933774834	-0.232810283711	-1.21200401361
1.05960264901	0.0239432531699	-1.74191760164
1.12582781457	-0.533551568052	-1.66427575573
1.07284768212	-0.184746428998	-1.39570347413
1.02649006623	0.744587222776	1.02535344978
1.02649006623	0.144340394393	-1.8093091447
1.15231788079	-0.096814841093	-1.19193196574
1.11920529801	0.19159004378	-1.7376181768
1.07947019868	-0.35601503483	-1.77305065949
1.05298013245	-0.496892651703	-1.21869480093
1.04635761589	1.59353833549	-2.08274206725
1.07284768212	1.20186954281	-1.31725904674
1.06622516556	0.0361804078037	-1.75858600627
1.07947019868	1.33291814337	-1.46519367567
1.05960264901	-0.202196835687	-1.21531906668
1.03311258278	0.793939194157	0.974020792475
1.01986754967	-0.528807967536	-1.00916144329
1.01324503311	2.15332831491	-0.937123193253
1.08609271523	0.0932978686082	-1.61502010461
1.03973509934	0.74932411121	0.987226752254
1.01986754967	2.42814822438	-1.6399699525
1.00662251656	0.479379165428	1.17313105938
1.03973509934	-0.507572229088	-1.21794271768
1.04635761589	0.962886741892	-1.51152993578
1.07947019868	0.0120075499739	-1.73420364292
1.02649006623	0.198650856067	-1.68414096966
1.08609271523	1.68374352838	-1.42886209028
1.03311258278	-0.589148450247	1.21191052098
1.08609271523	1.04884378163	-1.64306804955
1.08609271523	0.716526873904	1.03194712097
1.19205298013	-0.6538672299	-1.03716550394
1.05298013245	0.19569735642	-1.86959987927
1.01324503311	-0.631557351769	-1.13695513233
1.09933774834	-0.814082095596	-1.36746209216
1.00662251656	-0.903545292957	-1.05923287794
1.03973509934	-0.478158031384	-1.26256527881
1.1059602649	0.0386779821586	-1.54122697106
1.12582781457	2.2811468831	-1.06233068457
1.00662251656	0.342127903334	1.21924681853
1.05298013245	-0.663928373828	-1.17461376228
1.05298013245	1.24863072691	-2.53779600698
1.09933774834	-0.540490837712	-1.37905471162
1.06622516556	1.15211090108	-2.45339601206
1.05960264901	0.146868277088	-1.77717310233
1.01324503311	-0.56677859659	-1.08420058905
1.02649006623	-0.00881419590232	-1.94252019569
1.01986754967	-0.729445510049	-1.49177083619
1.06622516556	0.774826628834	0.874414639814
1.07947019868	-0.668861295988	-1.03393561073
1.13245033113	0.792184113565	0.934405814311
1.02649006623	-0.237017741836	1.43496372037
1.03973509934	-0.653075429748	-0.956284540989
1.01986754967	-0.165580052494	-1.28766530921
1.19205298013	-0.401902071972	-1.33550510708
1.05960264901	-0.101689937651	-1.36237684584
1.1059602649	0.0947816743329	-1.59604898297
1.01324503311	-0.399999672733	-1.23998703241
1.01324503311	-0.333435771136	-1.28963091948
1.1059602649	-0.672870746319	-1.01542274223
1.12582781457	0.113560233767	-1.9231545562
1.05298013245	0.178720684326	-1.66337915216
1.00662251656	0.660893773162	-2.22707054661
1.05960264901	2.43577594579	-1.40534715793
1.11258278146	0.81488422763	0.956393439922
1.13245033113	-0.309909594061	-1.05508763653
1.07284768212	-0.00386883854676	-1.64858135991
1.01324503311	-0.784096540636	-0.983136750215
1.06622516556	-0.346144746572	-1.27844900207
1.13907284768	0.0375780708603	-1.40353296484
1.05298013245	0.449415988112	-2.03220530931
1.06622516556	0.717308788052	1.03353629968
1.00662251656	-0.226947626323	-1.43205763416
1.03311258278	0.0537061010117	-1.60737018365
1.08609271523	2.30948775454	-1.42414440495
1.03311258278	0.767624921862	0.844531418053
1.02649006623	0.0857885014623	-1.6529967234
1.11258278146	0.095068353021	-1.61960501139
1.1059602649	0.66005755394	0.984485197675
1.00662251656	2.50925134893	-0.999490008281
1.08609271523	-0.363718301489	-1.09520134313
1.07284768212	-0.565747078332	-0.912852593223
1.03973509934	2.58913284154	-1.13430123466
1.03311258278	0.0383986915923	-1.35406059765
1.02649006623	0.653291298212	0.898293853629
1.05960264901	-0.639534999312	-1.58206357532
1.08609271523	-0.480879036187	-0.984307956745
1.06622516556	0.198485201963	-1.61257731157
1.00662251656	-0.269987052669	-1.30301351551
1.05298013245	-0.0727184459486	-1.72289382902
1.05298013245	0.394563150824	1.10603520208
1.01986754967	1.9214837394	-1.4906546469
1.07947019868	-0.175151510023	-1.23565075537
1.03311258278	2.04114753833	-1.60503972363
1.09933774834	0.668056835505	0.895873065326
1.06622516556	0.162526990431	-1.60203457501
1.1059602649	-0.344020317617	-1.07175924186
1.15231788079	-0.231983583779	-1.25345662548
1.15231788079	-0.64840361703	-1.16943291962
1.03973509934	-0.457170404552	-1.14563811227
1.03973509934	2.28759914044	-0.979090121609
1.1059602649	0.527873918752	1.01633784517
1.01324503311	-0.435524421571	-1.3052257381
1.05960264901	0.176306094103	-1.75045832877
1.04635761589	0.205327612833	-1.7319737352
1.12582781457	0.649543153727	0.895803086978
1.03973509934	1.59259941706	-1.34397861871
1.06622516556	-0.661925497907	-1.45079995441
1.13907284768	-0.316837914255	-1.40303398963
1.01986754967	-0.0585713204713	-1.7846583336
1.03311258278	-0.00434964858817	-1.47280068259
1.1059602649	-0.26954723298	-1.21331464928
1.05960264901	-0.229074030548	-1.12810425023
1.11920529801	0.33163312033	-1.62192905003
1.09933774834	-0.272916917977	-1.35705335474
1.14569536424	-0.273057413398	-1.07183431304
1.05298013245	2.09799135523	-1.71740094057
1.09271523179	-0.0840836112399	-1.50229133752
1.09933774834	2.32153580484	-0.923917332845
1.04635761589	2.50420262754	-1.15967801858
1.01324503311	-0.611107093736	-0.982314405305
1.05960264901	0.25350954624	-1.77122702396
1.12582781457	-0.308786210395	-1.04834500895
1.08609271523	-2.09213337163	0.951082430194
1.13245033113	0.729405176496	0.869300756057
1.09933774834	-0.217421059453	-1.2693232727
1.06622516556	-0.0572057751102	-1.38798613558
1.13245033113	-0.081828330658	-1.3819946495
1.06622516556	0.445666930592	1.07948879267
1.01986754967	0.669979653232	0.964203659823
1.05298013245	0.298855582329	-1.77324104126
1.00662251656	2.50854897274	-1.18431554695
1.09271523179	0.649101967424	0.938891205525
1.03311258278	0.595084986513	0.956048393129
1.05960264901	-0.694343154268	-1.0751733913
1.12582781457	2.26677334096	-0.894654869557
1.13245033113	-0.821109472671	-1.01803681332
1.03311258278	0.427009453774	-1.71442121143
1.15894039735	-0.2074658517	-1.14037729984
1.06622516556	0.0848503536394	-1.67216892528
1.08609271523	0.427988692088	-1.97941854854
1.20529801325	-0.557933379883	-1.00194728142
1.05960264901	0.77107658027	0.859572324462
1.05298013245	-0.212419074154	-1.19118372038
1.00662251656	-0.468322795284	-0.888382684061
1.16556291391	0.502783287704	-1.41503367254
1.05298013245	-0.589089057954	-0.908183958256
1.13245033113	-0.500968157912	-1.36542760771
1.05960264901	0.947315114311	0.850957321573
1.07284768212	0.101589353544	-1.24827886603
1.01986754967	0.0833433942856	-1.80080656564
1.09271523179	-0.271540383888	-1.12185401878
1.15231788079	0.411842487105	-1.61147188796
1.05960264901	-0.318803053625	-1.34960095332
1.00662251656	-0.0223396874002	-1.63262074861
1.01324503311	0.625875294731	0.888033123741
1.09933774834	0.761596493439	0.964196632308
1.1059602649	-0.0341141599813	-1.45940491643
1.17880794702	0.0357938837596	1.19912370267
1.01324503311	-0.814382697666	-1.91076259403
1.03311258278	2.33181767494	-0.896790374944
1.01986754967	2.10411675186	-1.60425176117
1.03973509934	0.309305604345	1.08352705325
1.01324503311	0.203869253693	-2.00798123968
1.04635761589	-0.225463538477	-1.32267780898
1.16556291391	-0.533300667848	-1.08670031358
1.15894039735	-0.0764987925609	-1.27974626378
1.05298013245	0.113652519539	-1.72683955712
1.01986754967	0.18309273276	-1.84883282161
1.13245033113	-0.59192927923	-1.04645229527
1.01986754967	2.03892451304	-1.24337352794
1.01986754967	0.23148752784	-1.68514129659
1.01986754967	0.0247686024459	-1.51553296744
1.03311258278	-0.388890828387	-1.40809332223
1.07284768212	0.32991037819	1.13074642836
1.00662251656	-0.477190011033	-1.32410331305
1.02649006623	0.899589584926	-1.43853964029
1.00662251656	2.36573815712	-0.932433289046
1.03973509934	-0.103028775574	-1.55499439397
1.07284768212	2.16053463694	-0.960286195913
1.05960264901	0.108679777284	-1.61168946402
1.14569536424	0.544058704283	1.11889925137
1.03973509934	2.2982554318	-2.05151421144
1.07947019868	0.273883487826	-1.79662917592
1.02649006623	2.44149295501	-1.11078053461
1.07284768212	-0.581599124085	-1.07750241827
1.15231788079	-0.0702706473403	-1.5591768106
1.01324503311	0.661740320494	1.04817086778
1.02649006623	1.18726690589	-1.39221366296
1.03311258278	-0.106168726344	-1.44922772217
1.15231788079	-0.209360454845	-1.18461962734
1.03311258278	-0.825389449399	-1.39421529705
1.08609271523	0.0471073792641	-1.56934514577
1.01324503311	-0.904008043815	-1.41462950418
1.01986754967	0.375567526147	1.00127442718
1.13245033113	-0.182620146908	1.39951592883
1.09271523179	0.11826755397	-1.75197291255
1.09271523179	-0.00932204786445	-1.74542836597
1.07284768212	0.892933315033	0.867186616314
1.11258278146	2.38122110067	-0.894195529541
1.08609271523	2.59755902016	-1.08198311977
1.05298013245	0.760103415287	0.80578693794
1.03311258278	0.161389987122	-1.60402688174
1.05298013245	0.00870647918628	-1.79072109856
1.00662251656	0.410476811634	-1.77959900282
1.03973509934	0.364654529316	-1.92238477924
1.01986754967	-0.353499094704	-1.05652939538
1.18543046358	-0.304456688461	-1.1040885705
1.13907284768	-2.03593207265	0.981670376107
1.13245033113	2.46040297029	-0.925825824886
1.09271523179	2.21302054928	-1.14583141591
1.08609271523	0.778604002305	0.928608418392
1.04635761589	-0.108731235087	-1.31728398829
1.05960264901	-0.845351600823	-0.920945489864
1.11920529801	-0.389253914158	-1.18338562622
1.15231788079	-0.657051991259	-0.959308288653
1.03311258278	-0.480080490977	-1.19263502622
1.01324503311	0.600228869151	1.26935010327
1.03973509934	-0.555761800307	-1.14324132945
1.15894039735	1.50633520884	-1.20760449797
1.11920529801	-0.748872911225	-1.26701860872
1.1059602649	0.189500188786	-1.51988098373
1.1059602649	0.0554331427997	-1.67258004903
1.06622516556	0.0111005765507	-1.67364729025
1.05298013245	-0.0928904961176	1.19698176251
1.12582781457	-0.337579246756	-1.59490974133
1.09933774834	1.48945602546	-1.51781552632
1.02649006623	-0.443603997975	-1.09066650791
1.05298013245	-0.579042005419	-0.917486857543
1.11258278146	0.311550653714	-1.76282928941
1.13245033113	0.0530016618158	-1.61680610829
1.08609271523	-0.412673166649	-1.19123971303
1.05960264901	0.700153212623	0.814099131779
1.06622516556	-0.00972070528663	-1.31639460651
1.15894039735	0.317851983378	-1.99306143575
1.01324503311	-0.578519945835	-1.03966674054
1.05960264901	-0.0566091001915	-1.59457595893
1.09271523179	-0.160902187649	-1.47343201432
1.08609271523	0.611409832964	0.965098546634
1.17880794702	-0.470399801163	-1.09899235601
1.01986754967	-0.230574216737	1.02171375708
1.14569536424	1.77520825047	-1.45522586755
1.01986754967	-0.448164802939	-1.47461605841
1.00662251656	0.218242074331	-2.16509555495
1.02649006623	-0.634716857068	-1.02130852251
1.05298013245	-0.674698777385	-1.18342351118
1.07284768212	-0.0133604605175	-1.5873976522
1.01986754967	0.286989579789	-2.38334976768
1.09271523179	1.01642352374	0.655384570286
1.09933774834	-0.640702346121	-0.899407308116
1.12582781457	-0.539168228893	-0.836506611853
1.09933774834	2.07790313532	-0.797678012008
1.1059602649	0.106350440897	-1.71656129432
1.03311258278	2.60230661885	-1.83908578421
1.03973509934	-0.351879341715	-1.21635946205
1.06622516556	0.0978296856711	-1.66210932222
1.05960264901	-0.71792892345	-1.20207663567
1.18543046358	-0.402810875224	-1.09523740469
1.15894039735	-0.694679295756	-1.02880550529
1.07947019868	-0.0421360068263	-1.51009965256
1.04635761589	0.193060743421	-1.76605062125
1.11258278146	-0.795635358048	-0.921422118764
1.04635761589	0.253685907733	1.20869204644
1.01986754967	-0.0524304459609	-1.45466038011
1.01324503311	-0.30558567114	-1.12932033315
1.14569536424	2.29424021362	-0.898060604408
1.08609271523	2.30910516802	-0.995464506959
1.12582781457	-0.0444254022403	-1.41141501275
1.03311258278	2.52937989679	-1.18618001837
1.00662251656	0.641933253048	0.930408775454
1.00662251656	-0.329225079486	-1.26125262995
1.07947019868	-0.0456622183406	-1.58505227232
1.19205298013	-0.240160684329	-1.31084336436
1.12582781457	0.172732430169	-1.57429711084
