RSA	Psi	Phi
1.03174603175	2.1597152207	-1.58040633811
1.02116402116	-2.32496378666	0.978103505643
1.02116402116	-0.170869696908	-1.35417948165
1.09523809524	0.827245676091	0.859404473837
1.02116402116	0.0871532195894	-1.75692224761
1.04761904762	-0.301902707926	-1.07791535287
1.06878306878	-0.472081496094	-1.05172515139
1.03174603175	-0.538564061103	-1.38975104586
1.07407407407	-0.169806132494	-1.2645580484
1.04232804233	-0.196242679438	-1.29057076257
1.03703703704	0.458348430323	1.12728730585
1.07936507937	-0.714676878305	-1.15184666644
1.02116402116	1.73399860921	-1.22270894331
1.04761904762	-0.643189896651	-1.26178827913
1.10582010582	-0.0309032326147	-1.26451100736
1.04761904762	1.1335633996	-1.72667141547
1.11111111111	-0.406777413228	-1.20457879432
1.06349206349	-0.53241385999	-1.03192384535
1.06349206349	2.30091909082	-1.14809541743
1.04761904762	0.119459230007	-1.8241118176
1.03703703704	0.0576365473465	-1.61410395743
1.07407407407	2.32886690187	-1.03902729653
1.01587301587	2.6635550443	-1.90400105827
1.07936507937	0.0681051404513	0.905778884636
1.01587301587	-0.468846710126	-1.04424254502
1.10052910053	-0.446804817962	-1.14156095601
1.13227513228	-0.418977327333	-1.14266837506
1.04232804233	1.63118354459	-1.96283673094
1.0582010582	-0.361268400035	-1.19347881973
1.09523809524	-0.281848850057	-1.224898394
1.0582010582	-0.604361353021	-1.10741831186
1.01058201058	-0.576642334965	-1.06444270049
1.04232804233	-0.287574132912	-1.29658457748
1.00529100529	0.807778315906	0.828215188227
1.01587301587	2.26245154885	-1.22346608347
1.01058201058	-0.467210739739	-1.8474312737
1.01058201058	-0.398953491277	-1.33207913495
1.01058201058	-0.316663677155	-1.20128728862
1.01587301587	2.1737418711	-1.94968542404
1.06349206349	-0.520074540058	-1.1238946487
1.03703703704	2.35495057099	-0.964592361842
1.08994708995	0.197372542811	-1.91879602716
1.02116402116	0.375131225963	1.19507841892
1.03174603175	0.214367951196	-2.45062251774
1.10052910053	1.5278066217	-1.39276103489
1.04761904762	0.756752669594	0.876742383977
1.01587301587	-0.643101809407	-1.18001959898
1.02645502646	-0.683354691571	-0.995144415447
1.1164021164	-0.629699741049	-1.11457643226
1.06878306878	1.91740048381	-2.08594422005
1.00529100529	0.88003075617	0.517258457111
1.10052910053	0.595235909947	1.04024502455
1.11111111111	0.148304964195	-1.59402317625
1.02116402116	-0.248421072468	-1.68237536658
1.03174603175	-0.358593776046	-1.17884185014
1.01587301587	2.38605128853	-0.891929567594
1.04232804233	-0.195993782733	-1.42266698289
1.05291005291	2.26319732936	-0.981141965026
1.05291005291	1.97487925549	-1.48660482067
1.03703703704	-0.72347168863	-1.08973032853
1.01058201058	-0.606150365215	-1.33355632032
1.10052910053	0.741456962697	0.948703149179
1.02645502646	-0.822604408147	-0.85423768876
1.08465608466	-0.46763640863	-1.25735659943
1.02645502646	2.37693737885	-1.42825666227
1.03703703704	2.06903955879	-1.4581668401
1.05291005291	-0.503515530479	-1.2838366359
1.01058201058	2.30706634262	-1.90062311318
1.04232804233	2.59253470809	-1.42013562022
1.03703703704	-0.0512617784803	-1.6300028168
1.04761904762	1.1448263945	-1.42853383061
1.0582010582	0.261599529001	1.11008652485
1.01587301587	-0.644791006353	-1.10259246888
1.01058201058	-0.377360170399	-1.74381494904
1.04232804233	-0.920766190421	-0.958865733112
1.02116402116	2.22451308911	-1.28936996534
1.00529100529	2.28691523146	-0.912511711748
1.00529100529	2.00318532436	-2.22057969849
1.02645502646	0.736276728016	0.853207207493
1.08994708995	-0.632053350074	-1.2486766344
1.01587301587	-0.277331070127	-1.2173478149
1.07407407407	-0.119520924082	-1.4243029283
1.04761904762	0.000738371550935	-1.39960919576
1.0582010582	-0.729647623479	-1.1745151246
1.07936507937	-0.298350853177	-1.15418826519
1.01058201058	-1.64755838748	1.10038210483
1.01587301587	2.01335160086	-1.12871156147
1.10582010582	-0.750128309626	-1.11449301785
1.0582010582	2.14794780635	-2.22134759029
1.01058201058	-0.0541391640578	-1.67682879771
1.03703703704	2.07858143069	-1.86067874661
1.06349206349	-0.669453475343	-1.24559918752
1.04232804233	-0.601689733565	-1.40960278891
1.03703703704	-0.0278599775354	-1.59410764555
1.06878306878	2.09104497902	-1.02092073824
1.03703703704	-0.933292573151	-0.894237187836
1.08465608466	2.26363402971	-0.682149932083
1.02645502646	2.07337401144	-0.730909081965
1.03703703704	0.119046823652	-1.53271826207
1.06878306878	-1.19512561061	-1.92220621772
1.04232804233	0.274365778263	-1.83087907382
1.0582010582	2.39117883283	-1.23258689705
1.08994708995	-0.292721892759	-1.10795831098
1.08994708995	0.421957181805	-1.73236982679
1.01587301587	-0.725530030794	-1.01675034882
1.00529100529	0.402522062979	1.06977972745
1.04761904762	2.23766333584	-0.876311871368
1.06349206349	0.220127489432	1.35157840141
1.03174603175	2.50261691932	-1.29441365003
1.00529100529	-0.0829594225001	1.29178109606
1.07936507937	-0.259589628205	-1.37236526335
1.03174603175	2.3853035164	-0.953989561972
1.02645502646	2.3361477595	-1.00379348986
1.10052910053	-0.511143121544	-1.14154998233
1.06349206349	-0.320261242583	-1.14486421476
