RSA	Psi	Phi
1.04918032787	2.32304401624	-1.10282847919
1.01639344262	-0.749465215722	-1.12878902483
1.03278688525	2.29462691345	-0.690022652749
1.10928961749	1.14445991857	0.884064574374
1.07650273224	2.52519599114	-1.1076707855
1.03278688525	-0.183924907006	-1.52493168822
1.08196721311	2.24670778222	-1.75910162603
1.02732240437	0.299869230606	-1.81661077157
1.06557377049	-0.0959615320077	-1.68597902428
1.01092896175	2.32436915492	-1.47443968102
1.05464480874	0.0409526836893	-1.80038322922
1.01092896175	0.746323069029	1.0148386834
1.03825136612	2.51398630902	-0.795898266817
1.00546448087	-0.565128514605	-1.14179823837
1.0218579235	-0.78565613097	-1.09190515702
1.06557377049	-0.585293717111	-1.45115083345
1.02732240437	-0.625685120141	-1.46797663234
1.01092896175	-0.203517654576	-1.44217074089
1.00546448087	-0.849405652491	-1.43310289441
1.03278688525	-0.235513922797	-1.20055416058
1.07650273224	-0.736271768943	-1.03421061109
1.06557377049	-0.667997612525	-1.49498570026
1.03825136612	-0.647580858472	-1.10338671631
1.04371584699	-0.663385243891	-1.30008316674
1.03825136612	-0.546736595109	-1.28848045283
1.0218579235	-0.554970625976	-1.00842331885
1.08743169399	-0.823823700145	-1.16253995731
1.09836065574	-0.798662909342	-0.947931321943
1.01639344262	2.3722186807	-0.950413992745
1.07650273224	2.34240136871	-2.06996545698
1.01639344262	-0.676756362786	-1.02282003911
1.06010928962	2.3050805715	-0.912664852404
1.04371584699	1.96085808905	-1.73606451458
1.04371584699	2.60192097148	-1.23113699368
1.02732240437	-0.479891242183	-1.33194787521
1.05464480874	-0.725468964155	-1.02797067643
1.07650273224	-0.788972896724	-1.12631447513
1.02732240437	-0.718229621693	-1.04431752997
1.05464480874	2.68730110102	-1.2198861803
1.07650273224	2.17229601227	-1.08899567189
1.00546448087	-0.744278487917	-1.12573283704
1.02732240437	0.177111997064	1.14861822584
1.00546448087	-0.201520216367	-1.49363408558
1.01092896175	-0.83813382613	-1.20606152598
1.02732240437	2.34604399628	-1.01057333236
1.01639344262	-0.5480008333	-0.999400512528
1.03825136612	0.00381504883482	-1.52240623274
1.06557377049	-0.0242936925608	-1.67098195346
1.10928961749	-0.531006064243	-1.07443855952
1.06557377049	-0.586960694803	-1.11287504142
1.02732240437	2.22730827454	-1.38565233273
1.03278688525	-0.519068449556	-1.13489232331
1.03278688525	-3.12579437505	-1.74318967395
1.15300546448	-0.687420442639	-1.05148536679
1.01092896175	2.49337456669	-1.0590943197
1.01092896175	1.11151932466	-1.39401914792
1.02732240437	2.21304754567	-0.775218001616
1.03278688525	-0.484837859402	-1.57681038156
1.06010928962	-0.1703471734	-1.36260294399
1.01639344262	0.397116015506	1.12346037533
1.10382513661	2.28446732003	-0.933215631745
1.06557377049	-0.663576881606	-0.858157673287
1.00546448087	0.0391744634127	-1.49731806167
1.05464480874	-0.659733674613	-0.950259054835
1.04371584699	2.38249673843	-1.26052879766
1.05464480874	2.42811118116	-1.1111273796
1.08743169399	-0.509298297751	-1.17775442243
1.04371584699	2.25070285789	-1.06127498724
1.02732240437	-0.343781970211	-1.04315790084
1.12021857923	-0.647330957399	-1.03531761562
1.07103825137	2.46863947205	-1.59172591821
1.04371584699	2.30697021751	-1.09087107438
1.04918032787	-0.675558092944	-0.814060865306
1.06010928962	-0.386751852086	-1.63794811337
1.04371584699	-0.573726600801	-1.48387563092
1.01092896175	1.45172865734	-2.45383654179
1.05464480874	0.0287668736358	-1.88781181015
1.04371584699	2.14628290441	-1.33485871083
1.01092896175	2.42545283204	-1.3850074548
1.12021857923	1.41243849524	-1.56488252143
1.04918032787	-0.427686502122	-1.103242298
1.01639344262	2.00432013658	-1.38982560926
1.03278688525	2.15728465442	-1.13795402616
1.01092896175	0.0967314007314	-1.50226252055
1.05464480874	-0.836785475057	-1.00134977145
1.07103825137	1.15421976738	-2.08541613762
1.00546448087	2.26362654536	-0.97783683621
1.07103825137	-0.725194144923	-0.843249850632
1.10928961749	-0.801211051296	-0.994972309584
1.06557377049	-0.0617429955626	-1.42525725663
1.03825136612	0.148851985217	-1.71242557859
1.0218579235	2.38133611223	-1.07215866798
1.00546448087	0.755223171231	0.88540619899
1.04371584699	-0.666575397937	-1.10197419419
1.04918032787	0.0941798936719	-1.79904816948
1.16393442623	-0.58188113737	-0.910674642212
1.03278688525	-0.744164938156	-1.03335242737
1.0218579235	-0.351385695487	-1.24715992877
1.06010928962	-0.256515547304	-1.39021821675
1.09289617486	-0.89356902882	1.37744367572
1.06557377049	-0.545116297718	-1.00836443525
1.0218579235	0.831017011333	0.858479304283
1.05464480874	0.72600294699	0.872734751514
1.04371584699	-0.765758493895	-1.07268952709
1.00546448087	2.07013609414	-1.60079689133
1.03278688525	-0.506961003257	-1.13318482253
1.15300546448	-0.474369042749	-1.3318668496
1.01092896175	-0.382421482018	-1.0632756586
1.01092896175	-0.725430906918	-1.0684224769
1.09289617486	-0.493790247667	-1.51159769967
1.09289617486	-0.041709815123	-1.51624579975
1.00546448087	1.71449459051	-2.36263062111
1.07103825137	-0.469020277811	-1.18993421867
1.02732240437	-0.514256889928	-0.996479351149
1.01639344262	0.630323634887	1.01621587329
1.03278688525	-0.566619147494	-1.02934844241
1.09289617486	-0.281964125199	-1.13311354657
1.06010928962	2.51106216525	-1.35506402606
1.15300546448	-0.603124602349	-1.04721246343
1.03825136612	-0.570894798218	1.57646982429
1.0218579235	-0.412567427382	-1.1133531949
1.06557377049	-0.804119853265	-1.06631348913
1.01639344262	-0.300786856394	-1.34085371997
1.01092896175	-0.489684416334	-1.56314526666
1.08196721311	-0.562753723531	-1.07743770192
1.09289617486	2.31218114354	-1.022522504
1.00546448087	0.234444555608	-1.83542643979
1.01092896175	-0.870962693942	-0.860699514852
1.04918032787	-0.535185687694	-1.03084175503
1.11475409836	-0.815618585551	-0.993967601721
1.02732240437	-0.333044359528	-1.11123039366
1.01639344262	2.2695654466	-0.871197896865
1.06010928962	-0.597910226202	-1.21002204081
1.03825136612	-0.602696719419	-1.00841823444
1.08743169399	-0.552803567495	-1.16851351752
1.0218579235	-0.749809778042	-1.1551949904
1.05464480874	-0.108409874591	-1.26914885052
1.09289617486	-0.0742249571303	-1.55843501726
1.06010928962	-0.242428587226	-1.19751614711
1.03278688525	2.74395447136	-2.11582779377
1.03825136612	-0.390038212314	-1.69679502833
1.06557377049	-0.829336886159	-1.05598855889
1.04371584699	-0.591643909748	-1.11819290343
1.03825136612	2.39738320162	-1.06569404628
1.01639344262	-0.751404403773	-0.959559556325
1.03825136612	-0.323632314751	-1.04076754768
1.06010928962	-0.389326266346	-1.34992628304
1.09289617486	-0.311407998961	-1.11006743397
1.04371584699	-0.77168044702	-1.00702983025
1.00546448087	-0.306594353313	-1.13602426084
1.10928961749	-0.797072322841	-1.05633472243
1.00546448087	2.73582632543	-1.99199219184
1.10928961749	2.2697262697	-1.00879987609
1.13114754098	0.269824685552	1.12357224179
1.04371584699	2.44572890178	-1.26132794076
1.01092896175	2.61036685478	-2.21533419887
1.09289617486	2.3153204197	-0.935948321822
1.01639344262	2.61964564319	-1.35827521115
1.06557377049	2.22986447062	-0.881879158394
1.03825136612	-0.312705957776	-1.5127404629
1.01639344262	2.59721937426	-1.10857222532
1.03825136612	2.1245738975	-1.03477510241
1.03825136612	-0.41006655232	-1.17101396349
1.08743169399	-0.202569457884	-1.43242234277
1.08743169399	-0.0725746892814	-1.48664270568
1.0218579235	-0.354608402463	-1.12485299587
1.1693989071	-0.87066623572	-0.959910850878
1.01639344262	-0.0875724280065	-1.32240798602
1.03825136612	-1.79211180918	1.35043614523
1.04371584699	2.83509514393	-1.44061250566
1.02732240437	0.429739677388	-1.28217549373
1.03825136612	0.860843618988	1.11526534048
1.01639344262	-0.318828766836	-1.55782293541
1.06557377049	-1.4194638085	1.72775738656
1.01092896175	-0.41131840274	-1.1650099987
1.07650273224	-0.182911147566	-1.17692465138
1.07103825137	-0.318153940025	-1.05824188618
1.01639344262	1.05952821531	-1.48789548365
1.06557377049	2.30687047605	-0.930614075753
1.00546448087	-0.42179431316	-1.03563686358
1.06557377049	0.500035835079	-1.73926363196
1.01639344262	-0.159745777778	-1.23826359348
1.07650273224	-0.772014935279	-1.01263024308
1.10382513661	-0.568423560092	-1.09473303047
1.07650273224	2.48467175706	-1.21012740698
1.04918032787	-0.537692679315	-1.04663805083
1.00546448087	2.17249827711	-2.05628519989
1.0218579235	-0.648093119232	-1.09918577732
1.06010928962	2.66172687633	-1.17031807768
1.13661202186	-0.323377704643	-1.21058161276
1.05464480874	0.176471848034	1.12281861506
1.03825136612	-0.3790216859	-1.31142855077
1.01639344262	-0.420949360086	-0.975800627193
1.01639344262	-0.499017954056	-0.931932368757
1.10382513661	-0.218624014537	-1.12512359944
1.00546448087	0.458572492822	-2.43131939096
1.15846994536	-0.409561551439	-1.02980136058
1.07103825137	-1.2093225535	-0.666647088536
1.00546448087	-0.725443370063	-1.01086199354
1.07103825137	-0.759107046089	-1.12970556363
1.06010928962	1.07450471652	-2.07569333751
1.07103825137	2.40329189939	-1.17324577739
1.07103825137	-0.547430560915	-1.18337069484
1.01092896175	-0.228202219105	-1.15612680013
1.14207650273	-0.354625455318	-1.16495580062
1.10382513661	0.114101624615	-1.53564466111
1.02732240437	0.620434214049	0.935723913374
1.03278688525	0.0458694248154	-1.72329702989
1.06010928962	-0.0381426749128	-1.64086515146
1.12021857923	-0.595978847543	-1.17301539079
1.04918032787	1.02397526398	-1.25366215841
1.01639344262	2.81906171743	-1.27722434824
1.05464480874	-0.344066993966	-1.29283567506
1.10382513661	2.32641097389	-0.853381676217
1.01092896175	-0.716282421582	-0.964461900782
1.04918032787	2.33930242868	-0.884247747656
1.01092896175	2.08641075157	-1.19922056713
1.09289617486	2.2145016416	-0.782052141447
1.03278688525	-0.023371251144	-2.32569568471
1.02732240437	-0.340199798128	-1.05272658968
1.01639344262	0.113436684702	-1.67121542377
1.03278688525	0.0735028117029	-1.84877458199
1.06557377049	2.2893939947	-0.923789126434
1.01092896175	1.60592099695	2.87514773051
1.03278688525	-0.0446125649553	-1.02917671851
1.10382513661	2.27433363678	-0.89226301702
1.03278688525	-0.731698900277	-1.18612144113
1.00546448087	0.854389669352	0.95961298959
1.03278688525	-0.17031888547	-1.27838451665
1.02732240437	-0.733568125762	-0.916490009804
1.04371584699	-0.49220291648	-1.08137767833
1.01639344262	2.6570971806	-1.67348078449
1.09289617486	2.28257108908	-0.954861070471
1.00546448087	0.222242298494	-1.75768870598
1.02732240437	2.31156060714	-1.05801526012
1.04371584699	1.04182101214	0.583347459008
1.08196721311	2.56483232703	-0.878801629587
1.13661202186	-0.536519636927	-0.941047080912
1.02732240437	-0.726429496879	-0.968475706837
1.01639344262	-0.451010861975	-0.952017563026
1.08743169399	-0.58880453977	-0.952518974558
1.0218579235	2.32446617373	-1.19040479574
1.0218579235	0.110813818707	1.22378290076
1.07103825137	-0.25558918633	-1.05116373872
1.00546448087	-0.668370348306	-1.15874065264
1.01092896175	-0.626110195974	-1.0222856021
1.04371584699	2.39625536916	-1.42957252559
1.05464480874	2.49987713714	-1.06860364504
1.0218579235	-0.779022520857	-1.02190813574
1.04918032787	-0.230812954647	-1.5189016542
1.04371584699	-0.700479557749	-1.45171824077
1.01092896175	2.40163288374	-1.11272235525
1.10382513661	2.34065409626	-1.08537243119
1.01639344262	2.66861928623	-0.89060329579
1.00546448087	2.34785930555	-2.16998163137
1.08196721311	2.34009169828	-2.24047110345
1.07103825137	2.30553286592	-1.0612946028
1.03278688525	2.56656391319	-1.14527998613
1.03278688525	-0.0656364126399	-2.01112605032
1.06010928962	-0.629116730921	-1.23415862417
1.07103825137	-0.835343839747	-0.779969776479
1.04918032787	-0.208385004452	-1.63796004884
1.08743169399	-0.74303385435	-1.32227696382
1.08196721311	-0.18624039738	-1.26344611033
1.13114754098	-0.00336681800177	-1.45402784417
1.11475409836	-0.18389838231	-1.19695691793
1.03825136612	-0.927605695187	-1.28591374791
1.04918032787	-0.745062880585	-1.03691480514
1.00546448087	-0.764937773306	-0.925680660236
1.13661202186	-0.814197341996	-0.862466373838
1.04371584699	2.38365040173	-1.1195179887
1.09836065574	-0.766821502279	-1.35387313131
1.04371584699	-0.786829365546	-1.017831497
1.01092896175	0.737546943814	1.00559603618
1.06557377049	0.67623588342	0.927006509263
1.03278688525	1.94810091909	-0.984851847414
1.03278688525	-0.234507620037	-1.11926276467
1.03825136612	-0.142499925053	-1.44566176894
1.09836065574	-0.111342665918	-1.55127155524
1.08743169399	-0.109672212677	-1.69896850515
1.10382513661	2.17156262116	-0.957615265493
1.09836065574	-0.82355220346	-0.831372094412
1.02732240437	-0.468262952582	-1.08407196219
1.01092896175	-1.80009850277	1.00506969601
1.04371584699	-0.360748905141	-1.15829916009
1.07650273224	-0.564129848456	-1.03795835866
1.10382513661	-0.554380893584	-0.959173787273
1.06557377049	-0.35256082133	-1.09822151542
1.06010928962	-0.781954835388	-1.07657279324
1.07650273224	-0.14671343852	-1.5738330411
1.0218579235	-0.535602856257	-1.13772272905
1.02732240437	-0.709620339209	-1.16803581372
1.07103825137	-0.166392647635	-1.34463403807
1.08743169399	-0.218991180726	-1.88274671206
1.01092896175	2.3236320662	-0.979054172543
1.01639344262	-0.534777600988	-1.17457398312
1.08196721311	-0.39541780733	-1.20183646827
1.03278688525	-0.607494971709	-0.937291326104
1.05464480874	-0.52546969445	-1.31866172137
1.03278688525	-1.3475234044	-0.675360788917
1.04371584699	1.64277767066	-1.40132278412
1.01639344262	-0.64526717487	-1.02531779144
1.06010928962	2.34475664242	-1.37453769484
1.06557377049	2.02162213837	-1.66202848248
1.07650273224	0.225137568977	1.13284151211
1.0218579235	2.35424947543	-0.651269090331
1.10382513661	0.315018510869	-1.8712911988
1.04371584699	-0.425733355234	-1.02733749131
1.01639344262	0.91190163414	-2.4135134764
1.01092896175	1.74664357719	-1.23531569311
1.07103825137	-0.524513671499	-0.545394151009
1.10382513661	2.19768229036	-0.969327268282
1.00546448087	2.43145971522	-1.02133929617
1.04918032787	2.64541570967	-1.78964219615
1.06557377049	-0.237301793115	-1.31177577689
1.01639344262	0.308349291252	1.15568920293
1.04918032787	0.101709579281	-1.86516363552
1.09289617486	-0.477178040322	-1.02869455048
1.02732240437	-0.0205311059573	-1.33917013973
1.12021857923	-0.457849813606	-0.877620678922
1.09836065574	-0.115704693548	-1.3864979935
1.03825136612	2.25208373471	-1.07272213132
1.03278688525	2.6301884519	-1.27146771529
1.05464480874	1.44419263339	-1.49398479093
1.07103825137	2.20908585057	-0.922020159126
1.00546448087	2.40238303401	-0.979734636631
1.09289617486	-0.48429448262	-1.10512118982
1.0218579235	-0.322396097626	-1.25581889217
1.04918032787	-0.125154666639	-1.53620552296
1.04918032787	2.31543057296	-0.982636435186
1.04371584699	0.679203841483	0.958163209906
1.13114754098	-0.836394940483	-0.643374270814
1.09289617486	-0.134644379637	-1.27275116851
1.01092896175	-0.88259276967	-1.01000393433
1.10928961749	-0.78096705001	-0.983574220244
1.03278688525	-0.137826142803	-0.956070937764
1.04918032787	-0.0706025883913	1.2406157155
1.07650273224	-0.741099213728	-0.886251499484
1.01639344262	2.23532451464	-1.10927030027
1.05464480874	2.43235756064	-0.959762652166
1.03825136612	-0.588429785083	-1.26839860925
1.03825136612	-0.176181356382	-1.29363696389
1.02732240437	-0.209946722834	-1.21674587015
1.01639344262	-0.213404136542	-1.52976976206
1.13114754098	-0.621418413841	-0.944476808155
1.01092896175	-0.403206746811	-1.19282127671
1.03825136612	2.61571715016	-0.889559483694
1.01639344262	-0.720609525591	-1.25457591938
1.04918032787	2.51973522006	-1.66969912406
1.01092896175	-0.579889690178	-1.0505486774
1.07103825137	-0.641804091563	-1.14613899766
1.04918032787	-0.568675863776	-1.40172957492
1.02732240437	-0.263072308284	-1.10941993488
1.03825136612	-0.517938472967	-1.01144410976
1.07103825137	-0.264949275029	-1.18614312239
1.13661202186	-0.736003082131	-1.2191361003
1.04371584699	2.40897702451	-1.02438207562
1.04918032787	2.39128771715	-1.01876893532
1.01639344262	-0.690656093927	-1.00096282843
1.02732240437	2.59919611345	-1.71617396506
1.09289617486	1.95032327253	-1.36914218364
1.01092896175	-0.693376507896	-1.37042269581
1.00546448087	2.7476541816	-2.408110513
1.02732240437	1.84857086357	-1.90824856212
1.04918032787	0.205761752636	-1.39132068173
1.13114754098	-0.794906702986	-0.828659936344
1.03825136612	2.2257358997	-0.97695873516
1.09836065574	1.53989557831	-1.88435650172
1.02732240437	2.28295676068	-2.52448785264
1.06557377049	2.45220899218	-1.00563724277
1.03278688525	2.11217920019	-1.82241352758
1.06010928962	2.23959787867	-0.911555532849
1.13114754098	-0.775190526275	-0.824685868051
1.06557377049	2.13137293902	-1.01738916444
1.06010928962	-0.703798546723	-1.06230801642
1.01639344262	2.24690019209	-1.59452264479
1.09836065574	-0.608665330165	-1.09908549202
1.0218579235	1.49053982888	-1.40094289575
1.02732240437	-0.290174455799	-1.10090457359
1.00546448087	2.63392065681	-1.58849218974
1.05464480874	2.04691006131	-1.37216977251
1.05464480874	-0.548343812249	-1.19148036768
1.03825136612	-0.755934284197	-1.04229361947
1.03278688525	-0.79790534852	-0.825764173748
1.03825136612	-0.715771275838	-1.09292090305
1.09289617486	-0.363655076623	-1.11907952843
1.07103825137	2.27230934759	-0.929688171527
1.13661202186	-0.290464645742	-1.2929087073
1.07103825137	2.29764598434	-0.990709058518
1.08743169399	-0.201965216284	-1.61479890429
1.01092896175	2.27285997678	-1.41739314368
1.00546448087	2.14560091675	-1.31690222135
1.15300546448	0.158011204125	-1.36302770432
1.09836065574	2.57941784799	-1.22556419249
1.02732240437	-0.455725542868	-0.856142340502
1.02732240437	2.23663543609	-0.98396519208
1.13661202186	2.25300771133	-0.968541536603
1.0218579235	2.26779609416	-1.24416457644
1.05464480874	-0.720719785583	-1.52410488189
1.02732240437	2.43020608494	-1.87182697444
1.03278688525	2.05078828644	-1.16535031808
1.08743169399	-0.417196421295	-1.15057446505
1.04371584699	2.64817385275	-1.31004591352
1.03825136612	2.74064746448	-2.33800542367
1.07103825137	2.63945223968	-1.06703383599
1.02732240437	2.37250471041	-0.985206476355
1.09836065574	-0.654739818105	-0.887260349992
1.01639344262	-0.846023374418	-0.934625754032
1.04918032787	2.43426801933	-1.67037597661
1.0218579235	-0.348963890886	-1.11829423808
1.06557377049	-0.450576097123	-1.30455893192
1.08743169399	-0.123443039739	-1.26160419159
1.14754098361	-0.246790140222	-1.0915716895
1.03825136612	-0.466563245781	-1.16121646525
1.06557377049	-0.278457871119	-1.41520804205
1.03278688525	2.32501656849	-1.76252512294
1.15846994536	2.25468026532	-0.911161941997
1.04371584699	-0.537484569333	-1.19552117863
1.10928961749	-0.647095820576	-1.09466487374
1.15846994536	-0.545185455093	-1.00173774592
1.09289617486	2.043205179	-1.04470257382
1.0218579235	2.20835546946	-0.87895527119
1.04371584699	-0.28916463338	-1.23470305423
1.01092896175	-0.35294943377	-1.04684180639
1.05464480874	-0.204669598064	-1.11827337546
1.08743169399	2.50391498289	-0.983403186852
1.01092896175	2.35207247588	-1.31013407188
1.03278688525	-0.234309917862	-1.24188252568
1.06557377049	-0.411133567229	-1.07593127115
1.11475409836	-0.536006450271	-1.40670503382
1.06557377049	-0.186109393077	-1.24476647337
1.10928961749	1.88119192407	-1.37306180635
1.08196721311	-0.693212264545	-1.13635600954
1.02732240437	-0.11917803018	-1.32778106666
1.01092896175	-0.404231084353	-1.10738034782
1.01092896175	0.906068856552	0.795500682234
1.07103825137	-0.480320097218	-2.12048443481
1.01639344262	3.03261458694	-1.41322778407
1.00546448087	2.10726474076	-1.19713320125
1.08196721311	-0.146413225087	-1.20395154414
1.03825136612	1.61269530955	-1.83439544944
1.0218579235	-0.537194110003	-1.10257433864
1.08196721311	0.0391519758808	-1.90945985421
1.03825136612	-0.467606285292	-0.972053910275
1.08743169399	-0.788587886653	-0.942002813913
1.06557377049	-0.293621664147	-1.21879809697
1.13661202186	-0.0591254734947	-1.43685854822
1.05464480874	-0.58608529998	-1.06784992595
1.12568306011	-0.42148577128	-1.15675942277
1.05464480874	-0.361338717675	-1.16578506834
1.00546448087	-0.589839474071	-1.18832015317
1.03278688525	-0.259623028149	-1.4849027528
1.05464480874	-0.603042297317	-0.891544980127
1.04918032787	2.35509515545	-1.06901183096
1.10928961749	2.26095802567	-1.2629235757
1.0218579235	2.4748987228	-1.08971931793
1.01092896175	2.37362833062	-1.57176808261
1.07103825137	-0.402461941413	-1.2785621536
1.12568306011	-0.416232469254	-1.18084071978
1.03825136612	-0.702172239913	-1.22818659961
1.09289617486	0.161988739023	-1.773145535
1.01639344262	-0.639111377595	-1.00749749039
1.03278688525	-0.428859299285	-1.05213389376
1.09836065574	-0.642448306255	-0.970433453769
1.07650273224	-0.458340451727	-1.10175491799
1.14754098361	-0.735211233902	-0.946320728074
1.04371584699	0.0660896434603	-1.6813737783
1.00546448087	1.14373907694	-1.41247411165
1.03825136612	2.27537910148	-0.858722985033
1.09836065574	2.48967183316	-1.16334702592
1.06010928962	-0.449463916961	-1.1880063927
1.12568306011	0.175710542131	1.1846687986
1.01092896175	2.2515429694	-1.1307720702
1.01639344262	0.597676537561	0.978654311285
1.04371584699	2.2770473127	-1.13740842
1.07650273224	-0.741033081929	-1.34745607066
1.00546448087	2.35447623608	-1.04047507116
1.06010928962	2.08710972193	-0.864621237664
1.05464480874	2.48434764789	-1.06714609961
1.09289617486	2.39737667781	-0.929341347605
1.09289617486	0.834164015631	0.936138629309
1.01639344262	2.00920970212	-1.39210796566
1.03278688525	-0.300705498684	-1.28466151683
1.00546448087	0.842423159761	1.02435176749
1.10382513661	-0.934161688491	-0.943863758341
1.01639344262	0.957370498046	-1.55422557034
1.03278688525	-0.648084027575	-1.02044708732
1.00546448087	-0.490611315049	-1.11952135779
1.0218579235	-0.27148515467	-1.55670080911
1.04371584699	1.7395673569	-2.42552317822
1.02732240437	2.16611891113	-1.24250234488
1.04918032787	1.40011781924	-1.32527896833
1.06010928962	-0.634506207528	-1.34531765106
1.02732240437	-0.503682445647	-1.09870841533
1.03278688525	-0.0035968152705	-1.30491979263
1.08196721311	2.35277557433	-0.996422023336
1.01092896175	1.95664290829	-2.45615284627
1.10928961749	-0.430848100132	-1.05545854557
1.06557377049	-0.256750746545	-1.11648176903
1.11475409836	-0.223331408437	-1.40243260097
1.01092896175	-0.237521064434	-1.36268608385
