RSA	Psi	Phi
1.02352941176	0.211462584444	1.07053537174
1.10588235294	-0.49662956595	-0.978898594583
1.04705882353	0.216142299114	1.3276601251
1.04705882353	-0.124824410378	1.59190424997
1.05882352941	-0.143641043036	1.53981763601
1.02352941176	0.234301670047	1.41033623231
1.10588235294	-0.0332294783048	1.45393256618
1.01176470588	0.0628993296043	1.33157880447
1.01176470588	-1.06438616445	-0.736358843215
1.09411764706	0.00157477024803	1.63442970009
1.04705882353	-0.104996184909	1.49316362653
1.05882352941	0.0359641317663	1.48228533785
1.02352941176	-0.00272639952244	1.38967287794
1.01176470588	0.00960311678206	1.43130127882
1.04705882353	-0.117605645043	1.58240031208
1.11764705882	0.330649972941	1.23632123903
1.04705882353	0.0726440930928	1.41128249086
1.02352941176	-0.128460836968	1.38154193964
1.02352941176	-0.198393652947	1.69580175086
1.07058823529	0.226306264115	1.33028792333
1.01176470588	-0.206245086518	1.52029508776
1.10588235294	-0.485456395966	1.92609164104
1.05882352941	0.108317840673	1.39812798149
1.01176470588	-0.383681329961	1.85226406699
1.03529411765	0.081094667753	1.27008522533
1.02352941176	0.0528026285314	1.2304211588
1.02352941176	0.0264524630046	1.35258366597
1.07058823529	-0.051639057305	1.47425973851
1.07058823529	0.159363347337	1.3446743223
1.05882352941	0.0407360216268	1.43814179549
1.01176470588	-0.389820883054	-1.37473370788
1.01176470588	0.0443814983349	1.43270165141
1.03529411765	-0.0765454402503	1.52696665762
1.07058823529	-0.065921879022	1.45374501177
1.01176470588	0.160267401195	1.33752265544
1.03529411765	0.402096761618	1.33524277409
1.07058823529	0.448709667841	1.11617726244
1.04705882353	-0.665721671473	1.49614549285
1.07058823529	0.0114607501137	1.39953333013
1.03529411765	-0.313524537309	-1.3456336852
1.09411764706	-0.109538221244	1.43249410753
1.07058823529	0.0952253432522	1.27432780612
1.01176470588	-0.0964616749463	1.72239100525
1.08235294118	0.0783146598889	1.35912139268
1.03529411765	-0.476946755568	1.77901845537
1.08235294118	-0.349200652838	-1.13453706538
1.03529411765	-0.221182679477	-1.1670865718
1.04705882353	0.490573705901	1.49831362428
1.05882352941	0.735579024357	0.821218671318
1.04705882353	-0.261749489979	-1.15163658083
1.01176470588	0.151454226798	1.43933419616
1.01176470588	-0.0544193721839	1.42150895675
1.05882352941	0.557225975129	1.10113688378
1.02352941176	0.0655564439856	1.38415124729
1.12941176471	-0.339726793721	1.6855352167
1.01176470588	0.403706489804	1.06829363176
1.01176470588	0.120994024868	1.35217254017
1.10588235294	0.589400724626	0.7744590581
1.11764705882	-0.514536017714	-1.01109722254
1.02352941176	0.0998886340656	1.41426488461
1.03529411765	0.154439194667	1.48683469369
1.07058823529	0.205274190666	1.32131767393
1.07058823529	-0.0422654624821	1.47498626034
1.02352941176	-0.274584656768	1.73620132935
1.05882352941	-0.386035948734	-1.13491362094
1.07058823529	-2.0224620807	1.02431833908
1.04705882353	-0.377991501794	1.80600964902
1.10588235294	0.34143692532	1.38505632322
1.08235294118	0.520066390888	0.993704004377
1.10588235294	-0.41283052261	1.67805275777
1.09411764706	-0.122247360633	1.51636262194
1.03529411765	-0.102294544148	1.62630432294
1.01176470588	-2.2180045655	1.13174716565
1.02352941176	0.60601967468	-1.98827978862
1.01176470588	-2.08772879251	0.824533405072
1.05882352941	-0.191259950691	1.65396789245
1.01176470588	-2.19086401002	0.932041789081
1.05882352941	0.012053062395	1.50749778089
1.01176470588	0.087859992307	1.38812069733
1.02352941176	0.84367676637	0.769153815774
1.01176470588	-0.46638857599	1.4521737898
1.04705882353	-0.207936201451	1.42771217145
1.01176470588	-0.375729982947	1.61017434877
1.02352941176	0.490314071581	-1.617964199
1.05882352941	-0.151881319838	1.62768868855
1.04705882353	0.429397629487	-1.57984575391
1.01176470588	-0.179598897868	-1.40490445255
1.03529411765	-0.0274975272583	1.3799253806
1.03529411765	0.111009943892	1.43689646922
1.09411764706	-0.0216416357404	1.44706966575
1.11764705882	0.129923917045	1.28587781391
1.07058823529	-0.378016265804	-1.11984252661
1.02352941176	0.369112229168	1.29873064345
1.05882352941	-0.177099974004	1.54988391339
1.07058823529	0.220272562436	1.29899642058
1.05882352941	-0.555815751774	1.56950981092
1.05882352941	0.37402116823	1.18127458894
1.09411764706	0.398385617122	1.02894233639
1.09411764706	-0.473727716709	-1.06126628723
1.04705882353	-0.138576394946	-1.35952996702
1.10588235294	0.170657492209	1.29100488667
1.04705882353	0.420057550605	1.11127213831
1.09411764706	0.607459869391	-1.64402153468
1.03529411765	-0.514331573408	-1.11267528466
1.04705882353	0.0582825225122	1.52425421385
1.01176470588	-0.140395969642	1.626155917
1.01176470588	-0.152031128891	1.60834444473
1.01176470588	0.330630113252	1.08224756671
1.01176470588	0.152761642182	1.44307790391
1.04705882353	0.0806758065789	1.43070989008
1.02352941176	-0.207586321811	1.76326239666
1.01176470588	-0.035712323895	1.39944977276
1.01176470588	0.238178536282	1.31990579165
1.04705882353	0.731261998544	0.898349445792
1.01176470588	-0.0497157152757	1.38317478648
1.01176470588	-0.150542483988	1.54458959596
1.02352941176	-0.263263298641	1.45613388662
1.01176470588	0.264283333079	1.43326464151
1.03529411765	-0.383033676242	1.73601317316
1.01176470588	0.251701635656	-1.56299536645
1.07058823529	0.0512779829884	1.29849405289
1.02352941176	-0.116616080838	1.55438019611
1.04705882353	0.996475944408	-1.49774761835
1.03529411765	0.397022878227	1.12748446249
1.09411764706	-0.375825101427	-1.04491400913
1.03529411765	-1.3104034112	1.65391868912
1.05882352941	-0.0798757460386	-1.3690592581
1.10588235294	0.111348399426	1.3791001648
1.04705882353	-0.395845659131	-0.937066799446
1.07058823529	0.454659099132	1.16046877759
1.05882352941	-0.0894938063841	1.4433411818
1.01176470588	-0.158037030587	1.53351371536
1.04705882353	-0.192556224074	1.83657345479
1.04705882353	0.319588693631	1.34803855914
1.01176470588	-1.11028707219	1.8806907495
1.02352941176	0.365035083204	1.34618061299
1.02352941176	0.502585138107	1.04305211231
1.07058823529	0.276726965593	-1.61836061368
1.07058823529	-0.197990582013	1.56113448292
1.02352941176	-0.031127131436	1.44927422089
1.03529411765	0.0274402046465	1.30901982475
1.01176470588	-0.510960106436	1.73729736323
1.11764705882	0.274358527419	1.06835134273
1.10588235294	0.323250985913	1.36933541748
1.11764705882	0.0661264112282	1.4870060625
1.02352941176	0.354345001031	1.13125223837
1.01176470588	0.0715699090603	1.3424241954
1.08235294118	-0.256781947409	1.0540446491
1.04705882353	0.574727686861	0.994130643969
1.05882352941	-0.341638696426	-1.33919878849
1.03529411765	-0.0209309473346	1.90332237461
1.02352941176	-0.00980199271149	1.31608609015
1.02352941176	0.15999666351	-2.04135217039
1.01176470588	-0.229856702684	1.60623555462
1.03529411765	0.10181274051	1.38586618522
1.08235294118	-0.0955735626535	1.64815191387
1.05882352941	0.0151588263005	1.3243570792
1.02352941176	-0.233132684956	1.52764857328
1.01176470588	0.317159655065	-1.37399166568
1.08235294118	0.310196056125	1.23087412732
1.03529411765	0.0882953626403	1.28097266767
1.01176470588	-0.213937535771	1.49437123327
1.04705882353	-0.0103348450833	1.52097579195
1.02352941176	0.186888111895	1.29709649105
1.05882352941	0.0034225443764	1.39389135817
1.02352941176	-0.219777986699	1.67314712591
1.05882352941	0.290585196488	1.22992399126
1.09411764706	0.455422682111	1.06890801865
1.04705882353	-0.299193284173	1.45427807808
1.01176470588	-0.482616772944	-1.16184388278
1.03529411765	-0.0175566115638	-0.840576759314
1.01176470588	-0.193670648063	1.44627956198
1.07058823529	0.0117307149824	1.38988724949
1.01176470588	-0.384414720716	-1.30038100935
1.07058823529	-0.143805230133	1.68046705314
1.02352941176	-0.115203208337	1.58710703472
1.07058823529	-0.0365034967099	1.55167648361
1.01176470588	0.426301650036	0.989012439955
1.09411764706	-0.411924747425	1.78560695034
1.07058823529	0.67724692131	0.886983157583
1.03529411765	0.301488312249	1.27550046247
1.04705882353	0.33489056084	1.360177685
1.08235294118	0.02115664923	1.39647368342
1.01176470588	-0.542723342273	-0.846955717235
1.01176470588	0.149679301471	1.31482281708
1.05882352941	0.0904551775151	1.48344061923
1.02352941176	-0.304147946206	1.59806428189
1.08235294118	0.0573439335174	1.30485370185
1.01176470588	0.288355728613	1.25163854712
1.08235294118	-0.176859784997	1.60047252467
1.02352941176	0.401864636614	1.25248286212
1.02352941176	-0.0508122759886	1.48588481107
1.01176470588	-0.112653755534	1.57886428951
1.04705882353	0.622084811594	0.928973536528
1.01176470588	0.121639283025	1.21834102412
1.02352941176	-0.0248552423138	1.40571076872
1.10588235294	-0.3126435781	-1.11285022272
1.07058823529	0.0265107155017	-1.714775609
1.08235294118	0.0585645940857	1.31266850224
1.05882352941	-0.0256078142321	1.42773852552
1.01176470588	0.150619798256	1.27088515092
1.02352941176	-0.0495003567607	1.45591967342
1.04705882353	-0.082535808201	1.54756286062
1.01176470588	0.695152158924	1.08384861568
1.01176470588	0.0390420391786	1.59029404686
1.01176470588	2.30158249186	-0.90906863545
1.11764705882	0.00363104684007	1.45646959642
1.07058823529	0.0943646273264	1.09020563977
1.03529411765	-0.0421295057823	1.42800624916
1.08235294118	-0.0865090628707	1.2429218014
1.01176470588	-0.211474606973	-1.03683080481
1.05882352941	-0.164258556852	1.5512802677
1.01176470588	-1.31023861452	1.1708731957
1.07058823529	-0.148612490075	-1.11155577257
1.04705882353	0.648273343046	1.04514999776
1.02352941176	-0.042380498983	1.46150641468
1.07058823529	0.174120347096	1.20546990627
1.05882352941	0.167743312609	1.21391361034
1.03529411765	-0.104252673677	1.52925598367
1.04705882353	0.482296121167	1.00379141616
1.01176470588	0.32737460323	1.29321649638
1.04705882353	0.13211015933	1.35639913478
1.07058823529	0.460359778999	1.03593924274
1.07058823529	0.127894034729	1.38759880061
1.08235294118	0.288552721434	1.29013602702
1.05882352941	0.7524785995	0.907424240113
1.04705882353	-0.0840255434468	1.51076452525
1.03529411765	-0.0267521630663	-1.83979292054
1.03529411765	0.516770948958	0.997450135587
1.04705882353	0.0423094136989	-1.80137726119
1.04705882353	-0.033723984643	1.4745296029
1.01176470588	0.061118618929	-1.75824726996
1.03529411765	-0.0490932149048	1.52402474409
1.01176470588	-0.293773330356	1.64086450031
1.02352941176	0.0358426151484	1.39924282264
1.08235294118	0.257893967428	1.21566623333
1.01176470588	-0.242671112449	-0.941016712746
1.10588235294	0.241279196326	1.3648199887
1.02352941176	0.10144167925	1.45122349465
1.01176470588	-0.272390487711	1.60279599444
1.08235294118	0.346509257685	1.10540695419
1.01176470588	0.49204002559	1.91082402611
1.01176470588	0.427974101994	1.21064017046
1.10588235294	0.0299751392144	1.52018646182
1.02352941176	0.91930842123	0.776013194165
1.03529411765	0.332436973724	1.32868845686
1.01176470588	0.281054911269	1.29823348774
1.05882352941	0.572794134922	1.1451733593
1.02352941176	0.473177323993	1.39002428842
1.05882352941	-0.0160490503289	1.34523852971
1.03529411765	0.322914544154	-1.61170860474
1.01176470588	-0.150506080023	1.40738462528
1.02352941176	0.210230994388	1.36737882795
1.04705882353	0.0553840506469	1.35461604096
1.01176470588	0.186897733828	-1.60387450536
1.04705882353	0.2310735361	-1.4976688737
1.09411764706	0.0823068714961	1.32624993348
1.01176470588	-0.125267387754	1.46117568572
1.02352941176	0.154566267883	1.23364343378
1.03529411765	-0.570523162422	1.94809116685
1.03529411765	0.316314392008	1.40914269997
1.02352941176	-0.0604721311441	1.53390626069
1.05882352941	-0.876129028632	1.40939038869
1.07058823529	0.0305798357046	1.30972026232
1.03529411765	-0.0315234383259	1.5993778625
1.02352941176	-2.23087892006	1.08675523293
1.01176470588	0.0641961614944	1.51804806699
1.02352941176	-0.0191755280941	1.40248669831
1.08235294118	0.342538747109	1.27407902517
1.02352941176	0.0738103322595	1.50092919106
1.02352941176	0.389259194014	1.18220185929
1.05882352941	-0.558159005155	-1.19053936219
1.07058823529	-0.704572933789	-1.00637107859
1.01176470588	-0.754640269622	1.49565660693
1.04705882353	-0.259092346214	1.63075409119
1.07058823529	-0.326345776071	1.6347941193
1.08235294118	-0.435989990661	1.66575030787
1.03529411765	0.0859758765655	1.44136743332
1.05882352941	-0.0502423385367	1.43776632916
1.03529411765	0.0184529708966	1.37029726205
1.03529411765	-0.24601386324	-1.39037664879
1.01176470588	0.555032802405	1.16447186604
1.03529411765	-0.0861613930903	1.19021895956
1.01176470588	-0.048280785329	1.47929664714
1.02352941176	0.351701441993	1.16718709334
1.02352941176	-0.354339800786	1.66720873259
1.04705882353	0.355477508556	1.04640310989
1.01176470588	-0.318533001692	-1.15865548888
1.01176470588	0.337976321728	1.45136134174
1.01176470588	0.0708359663243	1.36660714286
1.04705882353	-2.08391443434	1.01175138642
1.05882352941	-0.334150508289	1.61589374375
1.04705882353	-0.21087496787	1.5622551592
1.02352941176	0.0476513249871	1.52054159523
1.05882352941	-0.0981270596251	1.5844206315
1.01176470588	-0.301300868833	1.6161384771
1.02352941176	-0.295001732384	-1.2085796127
1.05882352941	-0.178580968495	1.58186582873
1.03529411765	-0.0609176718451	1.40593509195
1.01176470588	0.0124088692773	1.46977630918
1.01176470588	0.461076280919	1.26395545825
1.14117647059	0.126453194327	1.39927130555
1.03529411765	0.0395164859092	-1.57862025882
1.01176470588	0.219535589768	1.35790173468
1.11764705882	-0.446990066486	1.43510811534
1.05882352941	-0.0298862672812	1.43874954584
1.08235294118	-0.168990713047	1.65341492053
1.01176470588	0.122817882554	1.27438726742
1.05882352941	-0.0927188340294	1.53389038197
1.01176470588	-0.242481420045	1.71210038403
1.02352941176	-0.177422813749	1.50049269611
1.11764705882	-0.36018152494	-1.0868559715
1.02352941176	0.573706044796	1.38514376084
1.04705882353	-0.249362826575	-1.17420891367
1.05882352941	-0.184970991332	1.47663932914
1.04705882353	-0.179804133637	1.61467900018
1.01176470588	0.557134054299	1.119140538
1.08235294118	0.227289199426	1.3668435518
1.07058823529	0.140478531352	1.3382186727
1.01176470588	-0.259126049295	1.54578472432
1.05882352941	-0.0474282888451	1.37908631236
1.07058823529	-0.0165900712741	1.42655471599
1.01176470588	0.172410061587	1.45013841749
1.03529411765	0.0718551065663	1.32103016853
1.07058823529	0.00331418769349	-1.66638151122
1.05882352941	0.18459017463	1.41103846797
1.05882352941	-0.115454450003	1.90530272371
1.05882352941	-0.0946391126527	-1.16517306136
1.02352941176	-0.283367033031	1.64518795418
1.07058823529	1.38846711327	-1.65530345056
1.04705882353	-0.0242382841029	1.45602393814
1.01176470588	0.0366382450329	1.46203159342
1.04705882353	0.0426027477761	-1.48551857342
1.04705882353	-0.355404766403	1.65390964556
1.01176470588	0.569295459187	0.920113187657
1.01176470588	0.0570564163948	1.28063481921
1.02352941176	-0.393108139348	1.62626914671
1.03529411765	0.312451707239	1.26202497128
1.01176470588	0.118214662747	1.35004867883
1.09411764706	0.0444101199725	1.30001676543
1.10588235294	-0.0168228299972	1.36942789238
1.01176470588	0.251033552304	1.32468656389
1.09411764706	-0.289355685413	1.51631377178
1.02352941176	-0.127891662551	1.47220053627
1.03529411765	0.136130579755	-1.68534107918
1.03529411765	-0.00151282910754	1.40961991367
