RSA	Psi	Phi
1.04639175258	2.20828220489	-1.05160857496
1.07216494845	0.225266975103	-1.63456442123
1.04639175258	-0.453655547148	-1.24111350649
1.00515463918	0.778853775295	0.865908927511
1.06701030928	0.173049255117	1.25594338859
1.03608247423	2.29568372761	-1.00985049738
1.0206185567	0.00516283073572	-1.39730200645
1.03092783505	-0.565508134301	-0.951764328188
1.11340206186	0.565481201072	0.893375605639
1.00515463918	2.4111299082	-1.02890567911
1.01030927835	1.57192496516	-1.68941230386
1.01030927835	-0.189652503663	-1.17584803508
1.03608247423	2.44299661562	-1.56350128099
1.0618556701	-0.445818004354	-1.54675972537
1.00515463918	0.346961920102	1.05720327535
1.0412371134	0.375404174618	1.21596854278
1.0206185567	-0.0731901217629	-1.71166972935
1.03092783505	2.26512178134	-0.883748539926
1.0206185567	0.73502537886	-1.69562684565
1.0618556701	-0.904174233225	-1.18549757522
1.03092783505	-0.14433599975	-1.40444530603
1.00515463918	2.26050799031	-1.00561217465
1.04639175258	0.794442237145	0.936446667051
1.03092783505	-0.598024074144	-1.23687504187
1.03092783505	0.228067957717	1.23654835666
