RSA	Psi	Phi
1.01111111111	2.4013059217	-1.12502509893
1.02777777778	-0.395131055238	-1.50371009148
1.02777777778	0.670095099681	-1.51431332974
1.05	-0.514752687962	-1.08968768337
1.01666666667	-0.252542537667	-2.26714627787
1.05	2.28522878303	-0.993208979601
1.05555555556	2.36064013714	-1.19625958397
1.00555555556	-0.995388475093	-1.32193506186
1.00555555556	0.850978021395	0.974956592041
1.03888888889	1.72068085359	-1.26967490287
1.02777777778	0.402904834255	1.01781046009
1.00555555556	0.458206873795	1.09089845827
1.01111111111	-0.096055059566	-1.81648202235
1.01111111111	-0.675071014748	-0.874481792332
1.02777777778	-0.811146622366	-1.17778906668
1.00555555556	0.255105945763	1.24960642377
1.06111111111	-0.635251703372	-0.973961018326
1.03333333333	-0.0308802035225	-1.28585246062
1.02222222222	-0.322318510409	-1.49268709201
1.06111111111	-0.776532824912	-1.10796676137
1.03333333333	-0.00229747719206	-1.73316973514
1.03888888889	-0.0800327681337	-1.57269307063
1.00555555556	-0.507034775364	-0.990330562178
1.06111111111	-0.511425957616	-1.06273717638
1.01666666667	0.632310288458	1.36675769506
1.00555555556	-0.633287846192	-0.942529103292
1.01666666667	0.019303860408	-1.49449455298
1.03333333333	-0.676168797088	-1.19696938586
1.01666666667	0.4388717259	-1.60820794804
1.04444444444	1.52296874717	-1.44566613051
1.00555555556	2.70172899996	-1.76470822015
1.01111111111	-0.27765037605	-1.32508356205
1.00555555556	0.04719974474	-1.92636698262
1.00555555556	-0.671006231624	-1.05971219663
1.03888888889	-0.374334094798	-1.60331669835
1.06111111111	-0.235416474728	-1.42415982951
1.03333333333	-0.464708214375	-1.19900967686
1.01111111111	-0.551610693612	-1.27290656582
1.02222222222	0.175631203759	-2.07755139084
