RSA	Psi	Phi
1.04265402844	-0.57892689894	-1.02607503524
1.00473933649	2.24734819342	-1.37819337926
1.00473933649	-0.00709448032789	-1.42369228787
1.00947867299	-0.362154411346	-1.35296896554
1.00473933649	-0.293881865587	-1.27228161484
1.07109004739	-0.749123078376	-0.969030101375
1.03317535545	0.851992367153	0.767756570103
1.00947867299	-0.423745183262	-1.03242747102
1.01421800948	2.44647088154	-1.17195784584
1.00473933649	-0.599283649566	-0.981109543366
1.03317535545	-0.793524432122	-1.14124747154
1.01895734597	-0.806389494172	-1.02322952451
1.01421800948	0.321232792045	-1.82894982054
1.00473933649	2.32305098615	-0.964487809211
1.02843601896	2.26016366005	-1.00825989416
1.03791469194	-0.42869015063	-1.35642766628
1.05213270142	-0.220204703015	-1.29292936387
1.00947867299	-0.901784524076	-1.00031328467
1.06161137441	0.79278299882	-1.70281986647
1.03317535545	0.616599592964	0.916646723329
1.04739336493	-0.645331123182	-0.987178606708
1.03791469194	2.15716935318	-1.52130323322
1.05687203791	0.709430774274	0.858712795965
1.00947867299	-0.65551962422	-1.12953285384
1.00947867299	0.242748524986	-1.67595934073
1.01895734597	-0.559429481068	-1.02941873046
1.02369668246	-0.741047306575	-1.17383945129
1.03317535545	-0.388314255526	-1.0232534641
1.00947867299	-0.372196510738	-1.33939639253
1.02369668246	2.45212041916	-1.03054897806
1.00947867299	-0.495529821335	-1.07585914189
1.05213270142	0.0209554611534	-1.60295056424
1.02843601896	0.72781336092	-1.74884843293
1.01895734597	2.4245569871	-1.1947145017
1.00473933649	-0.148875297933	-1.43507135359
1.03791469194	2.23132291652	-1.43416052213
1.01895734597	-0.637880217006	-0.906896280239
1.02369668246	-0.404838640175	-1.13126993878
1.01421800948	1.41766554471	-1.57160560365
1.01895734597	-0.249390594321	-1.1514530321
1.08530805687	-0.780981966741	-0.949396544662
1.05213270142	-0.367087120021	-1.0799031678
1.04265402844	-0.303779023643	-1.09427485504
1.01895734597	-0.271417354885	-1.24942337503
1.03317535545	-1.01041154029	-1.05027126161
1.00947867299	0.0260356646907	-1.63461074014
1.01895734597	2.2285088245	-0.94211890944
1.03317535545	0.0193725721882	-1.65999711388
1.01421800948	-0.598440301644	-1.09334503759
1.01895734597	0.385438288849	-1.43546587493
1.01421800948	0.851108767715	0.800479211671
1.02369668246	-0.595592294838	-1.05019647167
1.01421800948	0.30368851884	-1.17199127169
1.00473933649	-0.447455921289	-1.15508838348
1.04265402844	-0.6417033574	-1.09637661961
1.00473933649	2.35693421826	-1.27294497443
1.01895734597	-0.922983321325	-0.752409380224
1.01895734597	2.1172186438	-0.895482399384
1.03791469194	0.797068263373	0.85101342211
1.00947867299	0.747846624792	0.882915361068
1.01895734597	-0.520411136618	-0.990337341084
1.03317535545	0.111185724142	-1.55399379265
1.02369668246	2.24054471584	-0.962766300923
1.00947867299	-0.576300205803	-1.13706774728
1.03791469194	-0.496137150422	-1.13852075172
1.00947867299	-0.248177784982	-1.55690731582
1.01421800948	2.57149762031	-1.19253601495
1.09004739336	0.403594568596	1.10064238805
1.00473933649	0.564072186687	-1.90489091119
1.04265402844	-0.653395959464	-1.09183504987
1.00947867299	2.53743623449	-1.25165876435
1.00473933649	0.627417690164	0.724015928397
1.00473933649	-0.668909910359	-0.981653263352
1.04739336493	-0.584734307615	-1.42968733122
1.00473933649	-0.177738372592	-1.95201939905
1.03791469194	0.141333850927	1.18524850648
1.00473933649	-0.200126771248	-1.38336210171
1.00473933649	-0.40441870923	-1.71866761572
1.04739336493	-0.416322955141	-1.01697791062
1.00947867299	-0.559313208289	-1.17712674637
1.0663507109	-0.573516612326	-0.943767074451
1.06161137441	1.81267532351	-1.47429789863
1.00473933649	-0.543949886909	-1.28494598202
1.01895734597	-0.379793092079	-1.14764046534
1.02843601896	2.2326935531	-1.1450139582
1.00473933649	-0.525635246808	-1.21814834852
1.00473933649	-0.698567682142	-0.964982470045
1.00473933649	-0.406798393484	-1.11586500865
1.03317535545	-0.357207970436	-1.56716476397
1.00947867299	2.36937246672	-1.56468398505
1.02369668246	0.810340992591	0.847854052423
1.03317535545	-0.59218498772	-1.11337837466
