RSA	Psi	Phi
1.02097902098	-0.670036996063	-0.861997327462
1.00699300699	-0.0317273058326	-1.22044920059
1.00699300699	-0.598677126637	-0.912567598607
1.05594405594	-1.00957053738	-0.668865323952
1.02797202797	-0.494460358567	-0.933512081246
1.00699300699	-0.723864745328	-0.941452271746
1.00699300699	-0.681709808024	-1.19605317784
1.02097902098	-0.454988553222	-0.983071763121
1.03496503497	-0.108782300521	-1.33629484543
1.01398601399	-0.410003739592	-1.10772183768
1.02797202797	-0.428111676754	-1.02046173194
1.02097902098	-0.517551019417	-0.949102829406
1.07692307692	-0.37659843212	-1.11382540052
1.01398601399	-0.502768608249	-1.0265879098
1.04195804196	-0.400828322716	-1.05352924987
1.06293706294	-0.310850673281	-1.1765359615
1.03496503497	-0.568934771499	-0.975822800778
1.01398601399	-0.633686508967	-0.934594544188
1.01398601399	-0.301542683667	-1.12098676863
1.03496503497	-0.268172476728	-1.10551991815
1.00699300699	-0.586074776805	-0.87470614522
1.00699300699	-0.247370411906	-1.2854473439
1.01398601399	-0.206350874025	-1.21905528009
1.01398601399	-1.6720308723	-0.593827212462
1.00699300699	-0.466955916621	-0.946549448886
1.02097902098	-0.418663241972	-1.07859087539
1.02097902098	-0.760617155686	-0.922230244622
1.02097902098	-0.258827528947	-0.955335499824
1.04195804196	-0.500841347595	-1.02276417577
1.01398601399	0.850299112392	-1.19793191028
1.02097902098	-0.53595858541	-0.954909247657
1.02797202797	-0.479809202818	-0.877384950084
1.02097902098	-0.807377336792	-0.888616447646
1.00699300699	-0.372538968262	-1.11887152114
1.04895104895	-0.366898382204	-1.0854933133
1.00699300699	-1.07739867517	-0.898351190386
1.00699300699	-0.527288749471	-1.02500258132
1.03496503497	-0.572338041212	-1.0189757071
1.01398601399	2.39870575666	-1.0470055878
1.01398601399	-0.255581464784	-1.26060257822
1.04195804196	-0.522982734717	-0.950825207821
1.02097902098	-0.478080809843	-1.10198647047
