RSA	Psi	Phi
1.05737704918	2.51855174676	-0.954583798464
1.10655737705	0.331902941836	-1.65577199278
1.11475409836	-0.542887026208	-1.14948827997
1.00819672131	-0.72193385041	-1.13023445718
1.09836065574	-0.468261160003	-1.5268809654
1.00819672131	1.44969841611	-1.26791778294
1.03278688525	0.239377902284	-1.85742407335
1.05737704918	-0.321392824451	-1.14617859656
1.04098360656	0.212683970775	-1.92349091111
1.04918032787	-0.463260574765	-1.28450094093
1.12295081967	-0.418962520189	-1.0459483137
1.00819672131	-0.167393805787	-1.41616468021
1.09016393443	0.0697115142384	-1.71651741559
1.02459016393	-0.25845174491	-1.24529786391
1.04098360656	-0.455550378382	-1.49442141856
1.15573770492	-0.570424184523	-1.2672832908
1.01639344262	2.96790160376	-1.36424815676
1.09016393443	2.2535425353	-1.0505204601
1.00819672131	-0.0147682862317	-1.64836995029
1.02459016393	-0.15462277928	-1.24987593391
1.13114754098	0.0545442453877	-1.5731127771
1.11475409836	-0.0318727077739	-1.56773581229
1.08196721311	-0.0264448019284	-1.47957248921
1.02459016393	2.35879512088	-1.30703409422
1.01639344262	-0.289425490378	-1.72494255843
1.02459016393	-0.465753632514	-1.09249377269
1.10655737705	-0.516995963698	-1.31474090528
1.09016393443	-0.31895604508	-1.13112470875
1.02459016393	-0.611556018726	-1.3536001877
1.12295081967	-0.400699050611	-1.09089058904
1.14754098361	-0.552642466066	-0.973750698688
1.04918032787	-0.207316403921	-1.30224331185
1.03278688525	-0.336187987881	-1.3192992564
1.0737704918	-0.236063892058	-1.54225466131
1.09836065574	-0.267608876743	-1.32772239216
1.09836065574	0.560448205029	0.990347282584
1.01639344262	-0.455352843249	-1.13945527373
1.02459016393	-2.12857756263	0.925356555178
1.06557377049	-0.146009818469	-1.39636577352
1.0737704918	-0.352896279691	-1.45759835412
1.06557377049	-0.0580189086708	-1.46082267535
1.05737704918	-0.387934585889	-1.05533352535
1.09836065574	-0.0739336776475	-1.74936445963
1.02459016393	-0.591682117109	-1.0347303442
1.0737704918	2.22755566082	-0.875928436883
1.04918032787	-0.161583333021	-1.34962870114
1.11475409836	-0.496974348601	1.71968982375
1.08196721311	-0.0520065470041	-1.72726077108
1.06557377049	-0.309064625592	-1.06956711597
1.11475409836	-0.260366119823	-1.30006053582
1.02459016393	-0.463965196414	-0.895296073101
1.0737704918	-0.166398751179	-1.28444092325
1.09836065574	-0.425591996424	-1.09659954662
1.1393442623	-0.377229607983	-1.11395256632
1.09836065574	2.33224579941	-1.08836764881
1.03278688525	-0.439157525934	-0.994439207119
1.06557377049	-0.577089588481	-0.973493061694
1.02459016393	-0.00734310215262	-1.81366859285
1.02459016393	0.0288265181571	-1.93890647511
1.00819672131	2.52829303184	-1.74917415429
1.04098360656	-0.310594912293	-1.43756553641
1.09016393443	-0.441179782737	-1.34892146696
1.0737704918	-0.438672832406	-1.33546923301
1.10655737705	0.752957758238	-1.48283083824
1.09016393443	-0.308478804115	-1.09665180463
1.01639344262	2.0411945631	-2.11727745971
1.04098360656	-0.157276538361	-1.11004779682
1.01639344262	0.742251638053	0.766277771265
1.04918032787	-0.306619988028	-1.32558635176
1.0737704918	0.623558990872	-1.70246927039
1.02459016393	-1.20058430918	-1.05628899817
1.12295081967	-0.484464022495	-1.02705331826
1.00819672131	-0.456890920015	-1.09541175125
1.02459016393	1.00858298643	0.483448384943
1.00819672131	-0.80247077723	-1.40357958194
1.03278688525	-0.0890495111126	-1.71613849064
1.05737704918	0.221982383684	-1.75973987991
1.03278688525	0.474991871508	1.02228227033
1.0737704918	-0.173331509774	-1.26614615612
1.01639344262	2.37851825985	-1.4443731301
1.04918032787	-0.779223762355	-1.21093765198
1.0737704918	-0.324115445318	-1.18527329598
1.03278688525	-0.341595431873	-1.16582192864
1.04918032787	-0.728305142396	-1.12879888661
1.13114754098	-0.418273269525	-1.09790484696
1.0737704918	-0.33200111664	-1.06509638328
1.11475409836	-0.000887546647267	1.09455330076
1.04918032787	0.888259558395	0.969940425796
1.02459016393	-0.291191237535	-1.22914213903
1.04098360656	-0.0639248953013	-1.49291668365
1.0737704918	-0.339288785514	-1.24705294495
1.03278688525	-0.499846905921	-1.09561226746
1.06557377049	-0.356593065788	-1.1266475939
1.04918032787	-0.304309979552	-1.17652256557
1.0737704918	-0.56992982037	-1.193900364
1.09016393443	-0.864502273028	-1.23230084967
1.13114754098	-0.473667812397	-1.02692998266
1.05737704918	-0.152460223139	-1.06703803086
1.01639344262	2.29706318222	-1.02546465583
1.09016393443	-0.398567042912	-1.05021843598
1.0737704918	-0.211628620695	-1.33724254081
1.01639344262	2.71371758045	-1.70924639188
1.09836065574	0.102169666913	-1.64429605118
1.10655737705	-0.496802580325	-1.36228513765
1.06557377049	0.0647169246004	-1.51569066094
1.00819672131	2.59445843128	-1.91467952713
1.04098360656	-0.0799330042153	-1.6336515033
1.01639344262	2.29656489788	-0.973062424298
1.04098360656	-0.375169311938	-1.05020039516
1.01639344262	-0.424185115616	-1.05429726372
1.00819672131	0.786758648214	-1.25416717419
1.13114754098	-0.321025352693	-1.15590526205
1.15573770492	-0.782476591733	-0.810824520819
1.04098360656	1.51314332967	-1.43942596721
1.01639344262	-0.762530308711	-1.00719540447
1.05737704918	0.144057133538	1.27668313393
1.10655737705	-0.485951020306	-1.02003338761
1.11475409836	-0.375922518821	-0.975776941859
1.0737704918	0.13466703541	-1.6997089289
1.00819672131	2.50144265934	-0.970624663577
1.0737704918	-0.78655454525	-1.0877185738
1.02459016393	2.81717988364	-2.59247633151
1.05737704918	-0.668549276108	-1.30598488512
1.08196721311	-0.487627355458	-1.46627009528
1.0737704918	2.07898371786	-1.16410473377
1.04918032787	2.2115213487	-0.918043275704
1.02459016393	-0.341605981414	-1.08580599987
1.04918032787	-0.0484708677127	-1.51372405744
1.09016393443	-0.43043649885	-1.09367084616
1.09836065574	0.775337552994	0.664827714529
1.03278688525	0.791264433233	0.855482086047
1.08196721311	-0.734400825181	-0.953439067504
1.04918032787	2.34646741555	-1.02386722324
1.08196721311	-0.188196385684	-0.806536481401
1.02459016393	-0.367057917214	-1.11888993589
1.06557377049	-0.252468514429	-1.32328585617
1.1393442623	-0.529726371073	-1.21435575322
1.05737704918	-0.187751930624	-1.33983439286
1.01639344262	-0.389473787283	-1.6049913994
1.14754098361	-0.495714805533	-1.11817691283
1.01639344262	0.0153624222443	-1.70410090764
1.04098360656	0.296891782336	-1.68805281178
1.09016393443	-0.23814289859	-1.29135146908
1.1393442623	-0.545296003514	-1.02115665996
1.02459016393	-0.445513986667	-1.09519673838
1.04918032787	-0.466562846235	-1.34644732689
1.01639344262	0.673794454837	0.781880614846
1.02459016393	-0.49317152994	-1.2543430754
1.01639344262	-0.822218684269	-1.81049305601
1.04098360656	-0.267770078409	-1.19999641797
1.08196721311	2.25777672385	-1.02704731591
1.1393442623	-0.194978494044	-1.61097751952
1.0737704918	-0.267749794363	-1.19726436318
1.1393442623	-0.16644344336	-1.48606502079
1.12295081967	-0.329827676288	-1.44012103442
1.04918032787	0.620026823029	0.926515927906
1.01639344262	-0.154205352432	1.37378692953
1.01639344262	-0.364487617696	-1.34563938782
1.00819672131	2.24196438042	-1.39188184025
1.09836065574	-0.40471377492	-1.1361334438
1.00819672131	2.94245867418	-2.6271568212
1.09016393443	-0.0532143494553	-1.89587042572
1.09836065574	-0.568537094121	-1.09571379934
1.00819672131	1.44470253638	-1.89593648634
1.12295081967	-0.318789767755	-1.27908685542
1.10655737705	-0.402310847665	-1.43065152528
1.04918032787	2.17974255624	-1.58104896884
1.01639344262	-0.491341494374	-1.20151631641
1.10655737705	-0.456714883967	-1.07565022643
1.02459016393	-0.184170647194	-1.43224314514
1.03278688525	1.76708923781	-1.71505684815
1.01639344262	-0.501939624934	-1.48950607825
1.10655737705	-0.470531609122	-0.90125409044
1.09836065574	-0.497071968997	-1.08483713753
1.12295081967	1.58255039964	-1.30161192859
1.09836065574	-0.900721486614	-1.20319135884
1.0737704918	0.044153963272	-1.33525798856
1.0737704918	-0.0863482075143	-1.26102496256
1.03278688525	-0.118992710124	-1.44944432128
1.02459016393	1.84448442165	-1.10460685773
1.09016393443	0.371305858783	1.11654588051
1.0737704918	-0.266706962925	-1.21974893971
1.1393442623	-0.665363572715	-0.924918426419
1.02459016393	0.00316196540634	-2.20171977343
1.0737704918	-0.437012419076	-1.08349446016
1.00819672131	-0.510044727433	-1.08614694689
1.11475409836	-0.929232833827	-1.32590849011
1.09016393443	0.0451841415533	-1.40865711949
1.01639344262	-0.59858011856	-1.11424342676
1.16393442623	-0.781731913641	-0.698149178542
1.04098360656	-0.1290284378	-1.58452357159
1.13114754098	-0.313232098471	-1.08971008328
1.03278688525	-0.207569560282	-1.33143526405
1.02459016393	-0.206837596371	-1.66344054503
1.12295081967	-0.534275713725	-1.53694050417
1.10655737705	-0.285183062288	-1.28615118242
1.09016393443	-0.452703915139	-1.05743450789
1.00819672131	-0.219791223947	1.32145162276
1.04918032787	-0.162828430972	-1.23606457039
1.04918032787	2.33874096125	-0.907940949291
1.04098360656	-0.840364048608	-1.62065508783
1.01639344262	0.260771283053	-2.00653050679
1.04918032787	-0.022745536965	-1.56226350276
1.01639344262	-0.437409868603	-0.992339118189
1.09836065574	1.37160184967	-1.74107620778
1.05737704918	-0.342776603507	-1.37830054391
1.05737704918	0.0937341366134	-1.62723786808
1.00819672131	-0.10966803466	-1.75376881071
1.03278688525	-0.155855305875	-1.44577251149
1.09016393443	0.806694232349	0.869737342896
1.11475409836	2.38530434292	-1.0719566434
1.1393442623	-0.548419803028	-1.12825871
1.01639344262	-0.449460307544	-1.12729177112
1.05737704918	-0.460366245676	-1.06961170733
1.02459016393	2.26193394254	-0.917999899347
1.02459016393	-0.593950185078	-1.05620260213
1.04098360656	-0.690156843573	-1.26202903916
1.0737704918	-0.249033162954	-1.14204762595
1.05737704918	-0.416627642438	-1.11963313539
1.05737704918	2.32910644522	-1.0521931044
1.11475409836	0.658169239828	1.00977042809
1.01639344262	2.32670857672	-1.39912470343
1.01639344262	-0.565554067853	-1.11670389591
1.11475409836	2.46254756675	-1.14291913132
1.01639344262	-0.280068429064	-1.15608810425
1.02459016393	0.0137670685737	-1.99472948173
1.04918032787	-0.135540578203	-1.20502087652
1.10655737705	0.57022373324	-2.0290405781
1.12295081967	-0.580206088093	-1.29515361953
1.12295081967	-0.481122918419	-1.05455202992
1.01639344262	-0.0202049406232	-1.17813048154
1.01639344262	-0.454167848779	-0.993543189906
1.04098360656	-0.0181628993871	-1.5294010541
1.04098360656	-0.530912859385	-1.07411544134
1.00819672131	-0.443832712618	-1.29893517326
1.01639344262	-0.381367472712	-1.03143262239
1.01639344262	-0.231905816589	-1.09381553706
1.12295081967	-0.692538046406	-1.03073414822
1.0737704918	2.46031811823	-1.02218921853
1.13114754098	-0.283140945254	-1.13418431431
1.09836065574	-0.588538292958	-0.856796583067
1.17213114754	-0.476363275829	-1.01439676522
1.09016393443	-0.458666473295	-1.0751134607
1.03278688525	2.02006796563	-1.77900063883
1.03278688525	-0.301919607031	-1.12839888772
1.02459016393	-0.0130001514464	-1.91489204956
1.00819672131	0.634041472635	-2.15190540444
1.00819672131	-0.746863200535	-0.912108028573
1.08196721311	-0.577421874712	-1.0777892938
1.02459016393	-0.787611967601	-1.20447592711
1.04918032787	0.355834543719	1.11976991818
1.14754098361	-0.463949249843	-0.944518972592
1.09836065574	-0.494541973364	-1.05331787593
1.06557377049	2.97387069634	-1.43758586952
1.05737704918	-0.552956019397	-1.3916064899
1.04098360656	-0.218096467017	-1.32662515619
1.10655737705	-0.479464101553	-1.14837503459
1.00819672131	-0.618793557612	-0.948312797876
1.09016393443	-0.669745174583	-1.07921405026
1.09016393443	0.0530073443494	-1.55705224359
1.08196721311	-0.117936180678	-0.98239995078
1.09016393443	-0.701372908834	-0.667245280618
1.05737704918	0.182743915408	-1.69950445009
1.0737704918	-0.656299092929	-1.06714731584
1.05737704918	-0.465191653463	-1.26444003312
1.09016393443	-0.346324117629	-1.64107410793
1.09836065574	2.01997959154	-1.88025086479
1.03278688525	2.21786803228	-0.907105850406
1.14754098361	-0.262971347134	-1.1601736465
1.02459016393	-0.261840266171	-1.06601364474
1.11475409836	1.66015694739	-1.20837244552
1.06557377049	0.622258845274	0.994005377694
1.04918032787	-0.321308430537	-1.15935568645
1.04918032787	-0.364223300299	-1.10766889209
1.11475409836	-0.285172724032	-1.16148147075
1.05737704918	-0.376643946264	-1.80396310695
1.04918032787	2.29836465125	-1.02918801753
1.06557377049	-0.519949925082	-1.07222887135
1.12295081967	-0.462717492581	-1.03570782919
1.17213114754	0.0192289380589	-1.80524987928
1.01639344262	2.17549954652	-1.36113638301
1.09016393443	-0.385785194909	-1.25125851163
1.12295081967	-0.368915528507	-1.15486678546
1.04918032787	0.0376379390456	-1.53423258227
1.06557377049	-0.339369293908	-1.12189995076
1.08196721311	-0.530729385992	-1.12011102374
1.03278688525	2.93139420474	-1.47087316239
1.01639344262	-1.6890230455	1.42944050892
1.02459016393	2.91901006326	-1.19293508126
1.01639344262	-0.390390409595	-1.70652128854
1.09836065574	-0.448884254094	-1.09135478544
1.02459016393	-0.265263887348	-1.13141964077
1.04098360656	-0.247359300792	-1.51773248877
1.12295081967	-0.334108402103	-1.1242302019
1.14754098361	2.28768479618	-0.934436738788
1.01639344262	-0.664898597934	-1.36078398461
1.01639344262	-0.255177736714	-1.6051624883
1.00819672131	-0.0993053685927	-1.49023420469
1.01639344262	-0.869453625935	-1.45487032454
1.02459016393	-0.830679385295	-1.08819888532
1.11475409836	-0.608821612334	-1.27684370578
1.00819672131	0.0268515481157	-1.53306045374
1.03278688525	0.778516449553	0.876265107306
1.09016393443	2.37111473016	-0.950076052001
1.08196721311	-0.434601490869	-1.25061555157
1.02459016393	-0.479804072764	-1.07731789253
1.03278688525	-0.604459338483	-1.06203753305
1.01639344262	0.13966109561	-1.69849589827
1.08196721311	2.62529357499	-0.935442918484
1.12295081967	-0.514504621829	-1.04063916598
1.03278688525	0.0720504253765	-1.58918061828
1.06557377049	-0.670653028365	-0.976352489403
1.11475409836	-0.374844185543	-1.17936910589
1.03278688525	-0.198397529344	-1.71492898463
1.00819672131	-0.496996896451	-1.3302160995
1.03278688525	2.28337983539	-1.1257100359
1.01639344262	0.359496526092	1.32417529983
1.01639344262	0.177445585889	-1.36693063227
1.00819672131	0.277302679737	-2.18486472677
1.05737704918	-0.576250352397	-1.0624166753
1.1393442623	-0.172265720528	-1.24875018729
1.11475409836	-0.378187818852	-1.08984212334
1.09016393443	-0.166802296972	-1.36867869249
1.01639344262	0.283776757943	-1.80893282288
1.03278688525	-0.0305019178428	-1.61464484761
1.12295081967	-0.0298280817254	-1.53940139525
1.09836065574	-0.366847530349	-1.17878927476
1.03278688525	-0.883350062071	-0.941985292121
1.08196721311	-0.040571313426	-1.56853462786
1.04918032787	0.117533221524	-1.56867883044
1.04918032787	-0.726015499281	-1.08245804493
1.05737704918	-0.491271571266	-1.06930037291
1.04918032787	-0.494600786816	-1.04793139556
1.04098360656	0.447713224947	1.09655734673
1.04918032787	-0.361498082632	-1.14611639704
