RSA	Psi	Phi
1.02739726027	2.2231579574	-0.916645320946
1.05479452055	-0.638822283793	-1.09786686607
1.06164383562	-0.0110602103128	-1.50011412194
1.00684931507	-0.375252970761	-1.30831998602
1.04794520548	-0.511278932461	-1.41686730834
1.03424657534	1.00955039039	-1.34615173946
1.09589041096	1.36701343634	0.352951279456
1.10273972603	-0.049965261321	-1.9482842804
1.01369863014	2.13915867546	-0.977855082283
1.10273972603	-0.486631582672	-1.1335955333
1.03424657534	-0.770076439867	-1.20034036096
1.04109589041	-0.351860662236	-0.980810666185
1.00684931507	1.2907959869	-1.47465992357
1.00684931507	-0.54962494114	-1.15976221907
1.03424657534	0.231971532572	-2.08181348241
1.00684931507	2.29803631888	-0.857240934201
1.02054794521	-0.699498967686	-1.26610285254
1.04794520548	0.561321575217	-1.80652455342
1.06849315068	-0.212323156342	-1.50103160059
1.02739726027	2.21060228437	-0.630963872045
1.03424657534	2.21197104468	-1.34759666746
1.03424657534	0.372054476195	-1.9989740616
1.01369863014	-0.732847656093	-1.23966899321
1.02054794521	-0.331360964963	-1.17470310438
1.02054794521	2.34543262259	-0.910682889171
1.05479452055	0.12949978396	-1.52594764715
1.08904109589	-0.523922538996	-1.03359069873
1.06164383562	0.027200923546	-1.69630148352
1.04109589041	0.285453141867	-1.86761098099
1.00684931507	-0.664000685354	-1.0650333446
1.01369863014	0.199978188142	-1.21227086151
1.06164383562	-0.747597261321	-1.0836570055
1.01369863014	2.34843645172	-0.861818954605
1.00684931507	0.0502756325337	-1.86873491267
1.04794520548	-0.496514837566	-1.28156092499
1.04794520548	-0.767021143101	-0.949810701922
1.11643835616	-0.301175557413	-1.002158076
1.02054794521	-0.478321451896	-1.07159138418
1.05479452055	-0.800889722791	-1.1076593088
1.01369863014	-0.237237769606	-1.54468894209
1.00684931507	0.610543654742	-1.69235385085
1.06849315068	1.26017051794	-2.00220115698
1.05479452055	0.372279338318	0.987384781458
1.01369863014	2.32246959608	-1.02934052566
1.05479452055	-0.471488282032	-1.46587198204
1.04794520548	-0.0731014969237	-1.37352800923
1.02739726027	-0.00767308741111	-2.14167405409
1.03424657534	-0.215439095031	-1.11493852534
1.01369863014	1.47032774254	-1.50475113676
1.02739726027	-0.547841403263	-1.04386205122
1.06849315068	-0.304313072059	-1.97656308818
1.02054794521	-0.175252610214	-1.25411881412
1.04794520548	-0.152205695478	-1.75108570857
1.06164383562	-0.264604880234	-1.67209031185
1.01369863014	2.37187198387	-1.78823690337
1.00684931507	-0.317019820876	-1.54686070108
1.02054794521	1.47606291724	-2.4024645487
1.03424657534	-0.547700202787	-1.00063517221
1.04794520548	-0.343018305389	-1.25218528833
1.07534246575	-0.376680253115	-1.19461951564
1.02054794521	-0.394683481442	-1.23678558603
1.00684931507	1.46331018173	-2.45586379374
1.01369863014	2.26026829543	-0.949315483353
1.00684931507	2.22999203286	-1.85671871515
1.08219178082	-0.712962740931	-1.17660222349
1.06164383562	-0.732960792524	-1.58327915902
1.05479452055	-1.00253769402	-0.720457339556
1.02739726027	-0.0365184511685	-1.41306654908
1.01369863014	0.460948323591	-1.71823550699
1.02054794521	0.153912823715	-1.55812028415
1.08219178082	-0.742995300156	-0.974587027177
1.00684931507	-0.257456659908	-1.60893371917
1.01369863014	-0.497460675968	-1.23348903438
1.06849315068	0.0901388196278	-1.58881085651
1.04794520548	-0.661188909438	-1.01903771795
1.00684931507	0.352249167658	-2.0597245849
1.01369863014	1.13742760828	-1.62707439221
1.02054794521	2.36151929989	-0.806308273113
1.00684931507	2.00410750326	-1.1373647791
1.09589041096	-0.486459860629	-0.952926140718
1.02739726027	-0.727363140503	-0.92295510924
1.01369863014	0.485904992668	-2.10506971933
1.02739726027	0.239779183124	-1.59494313327
