RSA	Psi	Phi
1.07860262009	-0.84033399416	-1.17152217054
1.00873362445	-0.225710488897	-1.88348124108
1.03056768559	2.12186007179	-0.85892288053
1.00873362445	-0.0410757583004	-2.09109442924
1.03930131004	1.84749152014	-1.48635054631
1.00873362445	1.96910293849	-2.62012569734
1.03493449782	1.84956262111	-2.11373203296
1.00873362445	1.88701871117	-2.20544473165
1.00436681223	0.948137820431	-1.97042468476
1.02183406114	0.776407279065	0.888412177055
1.03056768559	2.40682850386	-0.999362356263
1.1135371179	-0.170870201097	-1.18034698192
1.00873362445	0.754950659762	0.791630505583
1.00436681223	-1.38223323954	1.4468807308
1.10917030568	-0.627060293752	-1.07215310852
1.00873362445	-0.976601429044	-1.15932390577
1.00873362445	2.42347626721	-1.16906730255
1.03493449782	0.757403942555	0.889194334386
1.02620087336	0.766572282821	0.843932685554
1.03056768559	-0.256537365804	-1.25513851609
1.0480349345	0.0174427651692	1.28017184787
1.01746724891	2.31953365741	-0.932299106259
