Phi	Psi	maxSA	population
-180	-180	76.0	4
-180	-175	0	0
-180	-170	85.0	1
-180	-165	0	0
-180	-160	0	0
-180	-155	0	0
-180	-150	0	0
-180	-145	0	0
-180	-140	0	0
-180	-135	0	0
-180	-130	0	0
-180	-125	0	0
-180	-120	0	0
-180	-115	0	0
-180	-110	0	0
-180	-105	0	0
-180	-100	0	0
-180	-95	0	0
-180	-90	0	0
-180	-85	0	0
-180	-80	0	0
-180	-75	0	0
-180	-70	0	0
-180	-65	0	0
-180	-60	0	0
-180	-55	0	0
-180	-50	0	0
-180	-45	0	0
-180	-40	0	0
-180	-35	0	0
-180	-30	0	0
-180	-25	0	0
-180	-20	0	0
-180	-15	0	0
-180	-10	0	0
-180	-5	0	0
-180	0	0	0
-180	5	0	0
-180	10	0	0
-180	15	132.0	1
-180	20	0	0
-180	25	0	0
-180	30	0	0
-180	35	0	0
-180	40	0	0
-180	45	0	0
-180	50	0	0
-180	55	0	0
-180	60	0	0
-180	65	0	0
-180	70	0	0
-180	75	0	0
-180	80	0	0
-180	85	0	0
-180	90	0	0
-180	95	0	0
-180	100	46.0	1
-180	105	0	0
-180	110	109.0	1
-180	115	0	0
-180	120	77.0	1
-180	125	0	0
-180	130	0	0
-180	135	0	0
-180	140	0	0
-180	145	0	0
-180	150	0	0
-180	155	41.0	1
-180	160	86.0	2
-180	165	0	0
-180	170	76.0	2
-180	175	62.0	1
-175	-180	67.0	4
-175	-175	29.0	1
-175	-170	0	0
-175	-165	33.0	3
-175	-160	0	0
-175	-155	0	0
-175	-150	0	0
-175	-145	0	0
-175	-140	0	0
-175	-135	0	0
-175	-130	0	0
-175	-125	146.0	1
-175	-120	0	0
-175	-115	0	0
-175	-110	0	0
-175	-105	0	0
-175	-100	0	0
-175	-95	0	0
-175	-90	0	0
-175	-85	0	0
-175	-80	0	0
-175	-75	0	0
-175	-70	0	0
-175	-65	0	0
-175	-60	0	0
-175	-55	0	0
-175	-50	0	0
-175	-45	0	0
-175	-40	126.0	1
-175	-35	0	0
-175	-30	0	0
-175	-25	0	0
-175	-20	0	0
-175	-15	0	0
-175	-10	0	0
-175	-5	0	0
-175	0	0	0
-175	5	0	0
-175	10	0	0
-175	15	0	0
-175	20	0	0
-175	25	0	0
-175	30	0	0
-175	35	0	0
-175	40	0	0
-175	45	0	0
-175	50	0	0
-175	55	0	0
-175	60	0	0
-175	65	0	0
-175	70	14.0	1
-175	75	0	0
-175	80	0	0
-175	85	59.0	2
-175	90	0	0
-175	95	0	0
-175	100	0	0
-175	105	63.0	1
-175	110	0	0
-175	115	0	1
-175	120	0	0
-175	125	0	0
-175	130	0	0
-175	135	46.0	1
-175	140	0	1
-175	145	87.0	3
-175	150	46.0	1
-175	155	71.0	4
-175	160	133.0	2
-175	165	71.0	8
-175	170	99.0	4
-175	175	82.0	6
-170	-180	93.0	9
-170	-175	80.0	5
-170	-170	63.0	2
-170	-165	90.0	3
-170	-160	0	0
-170	-155	21.0	1
-170	-150	0	0
-170	-145	0	0
-170	-140	0	0
-170	-135	0	0
-170	-130	0	0
-170	-125	0	0
-170	-120	0	0
-170	-115	0	0
-170	-110	0	0
-170	-105	0	0
-170	-100	0	0
-170	-95	0	0
-170	-90	0	0
-170	-85	0	0
-170	-80	0	0
-170	-75	0	0
-170	-70	0	0
-170	-65	0	0
-170	-60	0	0
-170	-55	0	0
-170	-50	0	0
-170	-45	0	0
-170	-40	0	0
-170	-35	0	0
-170	-30	0	0
-170	-25	0	0
-170	-20	0	0
-170	-15	0	0
-170	-10	0	0
-170	-5	0	0
-170	0	0	0
-170	5	0	0
-170	10	0	0
-170	15	0	0
-170	20	95.0	1
-170	25	0	0
-170	30	0	0
-170	35	0	0
-170	40	0	1
-170	45	0	0
-170	50	0	0
-170	55	0	0
-170	60	49.0	1
-170	65	0	0
-170	70	0	0
-170	75	0	0
-170	80	0	0
-170	85	0	0
-170	90	0	0
-170	95	68.0	2
-170	100	48.0	2
-170	105	70.0	2
-170	110	69.0	7
-170	115	68.0	3
-170	120	70.0	2
-170	125	89.0	1
-170	130	0	0
-170	135	56.0	2
-170	140	70.0	4
-170	145	44.0	2
-170	150	79.0	1
-170	155	95.0	9
-170	160	97.0	4
-170	165	127.0	8
-170	170	92.0	16
-170	175	84.0	9
-165	-180	94.0	20
-165	-175	86.0	8
-165	-170	62.0	2
-165	-165	71.0	4
-165	-160	16.0	1
-165	-155	0	1
-165	-150	0	0
-165	-145	0	0
-165	-140	0	0
-165	-135	0	0
-165	-130	0	0
-165	-125	0	0
-165	-120	0	0
-165	-115	0	0
-165	-110	0	0
-165	-105	0	0
-165	-100	0	0
-165	-95	0	0
-165	-90	0	0
-165	-85	0	0
-165	-80	0	0
-165	-75	0	0
-165	-70	0	0
-165	-65	87.0	1
-165	-60	0	0
-165	-55	0	0
-165	-50	0	0
-165	-45	0	0
-165	-40	0	0
-165	-35	0	0
-165	-30	0	0
-165	-25	0	0
-165	-20	0	0
-165	-15	0	0
-165	-10	0	0
-165	-5	79.0	1
-165	0	0	0
-165	5	0	0
-165	10	0	0
-165	15	0	0
-165	20	0	0
-165	25	0	0
-165	30	0	0
-165	35	0	0
-165	40	0	0
-165	45	0	0
-165	50	0	0
-165	55	0	0
-165	60	69.0	2
-165	65	88.0	2
-165	70	136.0	2
-165	75	105.0	4
-165	80	63.0	4
-165	85	12.0	1
-165	90	80.0	4
-165	95	107.0	7
-165	100	70.0	5
-165	105	82.0	6
-165	110	50.0	1
-165	115	7.0	1
-165	120	62.0	5
-165	125	76.0	4
-165	130	73.0	4
-165	135	95.0	13
-165	140	116.0	5
-165	145	88.0	13
-165	150	115.0	11
-165	155	94.0	16
-165	160	107.0	22
-165	165	115.0	17
-165	170	124.0	23
-165	175	104.0	19
-160	-180	96.0	24
-160	-175	77.0	18
-160	-170	86.0	8
-160	-165	84.0	9
-160	-160	0	0
-160	-155	0	0
-160	-150	0	0
-160	-145	0	0
-160	-140	19.0	1
-160	-135	0	0
-160	-130	0	0
-160	-125	0	0
-160	-120	0	0
-160	-115	0	0
-160	-110	0	0
-160	-105	0	0
-160	-100	0	0
-160	-95	0	0
-160	-90	0	0
-160	-85	0	0
-160	-80	0	0
-160	-75	0	0
-160	-70	0	0
-160	-65	0	0
-160	-60	0	0
-160	-55	0	0
-160	-50	0	0
-160	-45	0	0
-160	-40	0	0
-160	-35	0	0
-160	-30	0	0
-160	-25	0	0
-160	-20	0	0
-160	-15	0	0
-160	-10	0	0
-160	-5	0	0
-160	0	110.0	1
-160	5	50.0	1
-160	10	0	0
-160	15	0	0
-160	20	95.0	1
-160	25	38.0	2
-160	30	82.0	1
-160	35	0	0
-160	40	37.0	3
-160	45	0	0
-160	50	67.0	3
-160	55	0	0
-160	60	126.0	3
-160	65	116.0	8
-160	70	140.0	8
-160	75	113.0	11
-160	80	133.0	5
-160	85	122.0	6
-160	90	106.0	6
-160	95	84.0	4
-160	100	82.0	9
-160	105	58.0	8
-160	110	81.0	8
-160	115	90.0	14
-160	120	87.0	7
-160	125	60.0	10
-160	130	118.0	8
-160	135	83.0	11
-160	140	84.0	15
-160	145	78.0	12
-160	150	90.0	11
-160	155	128.0	27
-160	160	101.0	20
-160	165	97.0	36
-160	170	89.0	25
-160	175	108.0	30
-155	-180	110.0	12
-155	-175	99.0	15
-155	-170	94.0	20
-155	-165	3.0	2
-155	-160	88.0	4
-155	-155	0	0
-155	-150	1.0	1
-155	-145	0	0
-155	-140	0	0
-155	-135	0	0
-155	-130	0	0
-155	-125	0	0
-155	-120	0	0
-155	-115	0	0
-155	-110	0	0
-155	-105	0	0
-155	-100	0	0
-155	-95	0	0
-155	-90	0	0
-155	-85	0	0
-155	-80	0	0
-155	-75	0	0
-155	-70	0	0
-155	-65	0	0
-155	-60	60.0	1
-155	-55	0	0
-155	-50	0	0
-155	-45	0	0
-155	-40	0	0
-155	-35	13.0	1
-155	-30	0	0
-155	-25	0	0
-155	-20	0	0
-155	-15	0	0
-155	-10	1.0	1
-155	-5	73.0	1
-155	0	0	0
-155	5	0	0
-155	10	0	0
-155	15	86.0	4
-155	20	24.0	1
-155	25	73.0	1
-155	30	0	0
-155	35	17.0	1
-155	40	0	0
-155	45	0	0
-155	50	53.0	2
-155	55	74.0	3
-155	60	149.0	7
-155	65	120.0	11
-155	70	130.0	6
-155	75	97.0	6
-155	80	153.0	11
-155	85	97.0	8
-155	90	95.0	20
-155	95	117.0	14
-155	100	109.0	22
-155	105	93.0	18
-155	110	139.0	19
-155	115	74.0	9
-155	120	84.0	8
-155	125	108.0	7
-155	130	87.0	10
-155	135	87.0	5
-155	140	78.0	9
-155	145	90.0	19
-155	150	77.0	15
-155	155	121.0	17
-155	160	107.0	18
-155	165	88.0	22
-155	170	105.0	23
-155	175	107.0	30
-150	-180	94.0	11
-150	-175	106.0	16
-150	-170	88.0	5
-150	-165	85.0	5
-150	-160	97.0	5
-150	-155	37.0	1
-150	-150	0	0
-150	-145	0	0
-150	-140	55.0	2
-150	-135	0	0
-150	-130	0	0
-150	-125	0	0
-150	-120	0	0
-150	-115	0	0
-150	-110	0	0
-150	-105	0	0
-150	-100	56.0	1
-150	-95	0	0
-150	-90	0	0
-150	-85	0	0
-150	-80	0	0
-150	-75	62.0	1
-150	-70	0	0
-150	-65	0	0
-150	-60	0	0
-150	-55	0	0
-150	-50	0	0
-150	-45	0	0
-150	-40	0	0
-150	-35	0	0
-150	-30	0	0
-150	-25	0	0
-150	-20	0	0
-150	-15	126.0	1
-150	-10	54.0	1
-150	-5	0	0
-150	0	2.0	2
-150	5	60.0	1
-150	10	94.0	2
-150	15	131.0	6
-150	20	58.0	1
-150	25	26.0	2
-150	30	142.0	2
-150	35	21.0	1
-150	40	0	0
-150	45	70.0	3
-150	50	137.0	6
-150	55	46.0	2
-150	60	33.0	3
-150	65	115.0	8
-150	70	25.0	3
-150	75	122.0	7
-150	80	121.0	8
-150	85	85.0	8
-150	90	124.0	9
-150	95	85.0	18
-150	100	92.0	10
-150	105	106.0	21
-150	110	129.0	12
-150	115	83.0	14
-150	120	119.0	11
-150	125	106.0	7
-150	130	74.0	7
-150	135	71.0	7
-150	140	87.0	13
-150	145	65.0	6
-150	150	159.0	15
-150	155	104.0	20
-150	160	113.0	28
-150	165	97.0	22
-150	170	81.0	15
-150	175	103.0	27
-145	-180	120.0	13
-145	-175	77.0	12
-145	-170	70.0	13
-145	-165	80.0	6
-145	-160	36.0	2
-145	-155	62.0	2
-145	-150	0	0
-145	-145	0	0
-145	-140	0	0
-145	-135	0	0
-145	-130	0	0
-145	-125	0	0
-145	-120	0	0
-145	-115	1.0	1
-145	-110	0	0
-145	-105	0	0
-145	-100	54.0	1
-145	-95	0	0
-145	-90	0	0
-145	-85	89.0	1
-145	-80	1.0	1
-145	-75	0	0
-145	-70	0	0
-145	-65	0	0
-145	-60	0	0
-145	-55	0	0
-145	-50	0	0
-145	-45	0	0
-145	-40	0	0
-145	-35	0	0
-145	-30	0	0
-145	-25	0	0
-145	-20	116.0	1
-145	-15	88.0	1
-145	-10	69.0	1
-145	-5	0	0
-145	0	36.0	1
-145	5	102.0	1
-145	10	150.0	10
-145	15	147.0	7
-145	20	125.0	3
-145	25	137.0	7
-145	30	55.0	2
-145	35	114.0	3
-145	40	0	0
-145	45	32.0	1
-145	50	93.0	4
-145	55	95.0	4
-145	60	85.0	7
-145	65	99.0	9
-145	70	159.0	9
-145	75	125.0	11
-145	80	85.0	9
-145	85	82.0	8
-145	90	127.0	16
-145	95	75.0	15
-145	100	102.0	17
-145	105	98.0	21
-145	110	119.0	21
-145	115	73.0	20
-145	120	104.0	14
-145	125	106.0	7
-145	130	88.0	11
-145	135	81.0	11
-145	140	110.0	9
-145	145	106.0	13
-145	150	113.0	14
-145	155	113.0	18
-145	160	120.0	9
-145	165	84.0	16
-145	170	111.0	22
-145	175	96.0	9
-140	-180	108.0	10
-140	-175	96.0	16
-140	-170	91.0	10
-140	-165	90.0	7
-140	-160	85.0	4
-140	-155	64.0	1
-140	-150	0	0
-140	-145	0	0
-140	-140	0	0
-140	-135	0	0
-140	-130	0	0
-140	-125	0	0
-140	-120	0	0
-140	-115	0	0
-140	-110	0	0
-140	-105	0	0
-140	-100	0	0
-140	-95	0	0
-140	-90	0	0
-140	-85	0	0
-140	-80	0	0
-140	-75	27.0	1
-140	-70	0	0
-140	-65	0	0
-140	-60	71.0	1
-140	-55	0	0
-140	-50	0	0
-140	-45	50.0	2
-140	-40	0	0
-140	-35	0	0
-140	-30	0	0
-140	-25	0	0
-140	-20	131.0	1
-140	-15	103.0	1
-140	-10	56.0	1
-140	-5	102.0	5
-140	0	151.0	5
-140	5	142.0	9
-140	10	98.0	5
-140	15	154.0	8
-140	20	145.0	5
-140	25	146.0	10
-140	30	104.0	4
-140	35	87.0	2
-140	40	104.0	3
-140	45	97.0	4
-140	50	42.0	3
-140	55	36.0	2
-140	60	164.0	1
-140	65	161.0	10
-140	70	93.0	9
-140	75	152.0	4
-140	80	124.0	13
-140	85	146.0	7
-140	90	86.0	14
-140	95	126.0	20
-140	100	130.0	22
-140	105	102.0	24
-140	110	123.0	24
-140	115	114.0	17
-140	120	123.0	12
-140	125	119.0	12
-140	130	117.0	21
-140	135	139.0	21
-140	140	114.0	7
-140	145	106.0	8
-140	150	117.0	8
-140	155	149.0	9
-140	160	131.0	10
-140	165	123.0	13
-140	170	112.0	8
-140	175	142.0	10
-135	-180	64.0	4
-135	-175	93.0	10
-135	-170	66.0	6
-135	-165	69.0	3
-135	-160	0	0
-135	-155	30.0	1
-135	-150	6.0	1
-135	-145	0	0
-135	-140	0	0
-135	-135	0	0
-135	-130	0	0
-135	-125	0	0
-135	-120	0	0
-135	-115	0	0
-135	-110	0	0
-135	-105	0	0
-135	-100	54.0	1
-135	-95	0	0
-135	-90	0	0
-135	-85	0	0
-135	-80	18.0	1
-135	-75	54.0	2
-135	-70	0	0
-135	-65	0	0
-135	-60	87.0	2
-135	-55	11.0	2
-135	-50	135.0	1
-135	-45	0	0
-135	-40	0	0
-135	-35	0	0
-135	-30	0	0
-135	-25	0	0
-135	-20	0	0
-135	-15	0	0
-135	-10	0	0
-135	-5	117.0	5
-135	0	124.0	11
-135	5	159.0	8
-135	10	115.0	9
-135	15	103.0	7
-135	20	99.0	10
-135	25	138.0	5
-135	30	27.0	4
-135	35	95.0	5
-135	40	120.0	8
-135	45	60.0	4
-135	50	0	0
-135	55	89.0	7
-135	60	54.0	4
-135	65	67.0	6
-135	70	107.0	7
-135	75	117.0	10
-135	80	151.0	10
-135	85	99.0	13
-135	90	121.0	12
-135	95	96.0	15
-135	100	111.0	24
-135	105	91.0	30
-135	110	138.0	20
-135	115	90.0	19
-135	120	74.0	13
-135	125	119.0	14
-135	130	123.0	13
-135	135	157.0	10
-135	140	53.0	5
-135	145	118.0	9
-135	150	110.0	14
-135	155	129.0	11
-135	160	99.0	13
-135	165	106.0	11
-135	170	87.0	7
-135	175	61.0	11
-130	-180	86.0	9
-130	-175	102.0	7
-130	-170	109.0	9
-130	-165	55.0	7
-130	-160	68.0	3
-130	-155	56.0	2
-130	-150	0	0
-130	-145	0	0
-130	-140	0	0
-130	-135	0	0
-130	-130	0	0
-130	-125	125.0	1
-130	-120	0	0
-130	-115	0	0
-130	-110	0	0
-130	-105	0	0
-130	-100	0	0
-130	-95	109.0	1
-130	-90	0	0
-130	-85	0	0
-130	-80	36.0	1
-130	-75	86.0	1
-130	-70	0	0
-130	-65	1.0	1
-130	-60	0	0
-130	-55	0	0
-130	-50	25.0	1
-130	-45	0	0
-130	-40	0	0
-130	-35	0	0
-130	-30	91.0	1
-130	-25	0	0
-130	-20	127.0	3
-130	-15	104.0	1
-130	-10	96.0	4
-130	-5	99.0	5
-130	0	146.0	13
-130	5	116.0	13
-130	10	134.0	15
-130	15	139.0	11
-130	20	159.0	11
-130	25	98.0	9
-130	30	117.0	12
-130	35	152.0	9
-130	40	145.0	4
-130	45	158.0	5
-130	50	78.0	4
-130	55	80.0	2
-130	60	135.0	4
-130	65	98.0	6
-130	70	71.0	3
-130	75	38.0	4
-130	80	105.0	13
-130	85	107.0	14
-130	90	157.0	17
-130	95	123.0	20
-130	100	100.0	32
-130	105	94.0	27
-130	110	92.0	19
-130	115	102.0	24
-130	120	96.0	13
-130	125	136.0	17
-130	130	113.0	16
-130	135	99.0	13
-130	140	84.0	10
-130	145	95.0	14
-130	150	63.0	5
-130	155	109.0	12
-130	160	120.0	6
-130	165	100.0	10
-130	170	72.0	13
-130	175	126.0	2
-125	-180	86.0	7
-125	-175	51.0	4
-125	-170	115.0	5
-125	-165	58.0	3
-125	-160	74.0	2
-125	-155	0	0
-125	-150	56.0	2
-125	-145	0	0
-125	-140	0	0
-125	-135	83.0	1
-125	-130	0	0
-125	-125	9.0	1
-125	-120	0	0
-125	-115	13.0	1
-125	-110	0	0
-125	-105	0	0
-125	-100	0	0
-125	-95	0	0
-125	-90	129.0	2
-125	-85	0	0
-125	-80	1.0	2
-125	-75	81.0	1
-125	-70	0	0
-125	-65	10.0	1
-125	-60	0	0
-125	-55	0	0
-125	-50	105.0	1
-125	-45	54.0	1
-125	-40	0	0
-125	-35	117.0	1
-125	-30	56.0	2
-125	-25	1.0	1
-125	-20	131.0	3
-125	-15	28.0	1
-125	-10	137.0	7
-125	-5	109.0	9
-125	0	114.0	11
-125	5	158.0	18
-125	10	163.0	22
-125	15	164.0	20
-125	20	158.0	14
-125	25	162.0	16
-125	30	153.0	8
-125	35	120.0	9
-125	40	101.0	6
-125	45	110.0	1
-125	50	84.0	1
-125	55	45.0	1
-125	60	117.0	1
-125	65	65.0	1
-125	70	69.0	2
-125	75	110.0	10
-125	80	139.0	10
-125	85	94.0	8
-125	90	97.0	18
-125	95	133.0	19
-125	100	147.0	32
-125	105	130.0	33
-125	110	114.0	32
-125	115	94.0	22
-125	120	88.0	16
-125	125	114.0	18
-125	130	105.0	13
-125	135	133.0	18
-125	140	158.0	23
-125	145	140.0	17
-125	150	145.0	16
-125	155	123.0	14
-125	160	113.0	6
-125	165	96.0	5
-125	170	73.0	1
-125	175	94.0	10
-120	-180	86.0	7
-120	-175	110.0	8
-120	-170	70.0	6
-120	-165	132.0	2
-120	-160	80.0	3
-120	-155	0	0
-120	-150	44.0	1
-120	-145	0	0
-120	-140	0	0
-120	-135	0	0
-120	-130	91.0	1
-120	-125	0	0
-120	-120	0	0
-120	-115	0	0
-120	-110	0	0
-120	-105	0	0
-120	-100	0	0
-120	-95	103.0	1
-120	-90	0	0
-120	-85	112.0	1
-120	-80	14.0	1
-120	-75	0	0
-120	-70	0	0
-120	-65	0	0
-120	-60	0	0
-120	-55	114.0	1
-120	-50	0	0
-120	-45	125.0	2
-120	-40	0	0
-120	-35	41.0	3
-120	-30	41.0	2
-120	-25	109.0	4
-120	-20	111.0	4
-120	-15	85.0	4
-120	-10	128.0	7
-120	-5	138.0	8
-120	0	165.0	15
-120	5	135.0	16
-120	10	151.0	25
-120	15	146.0	20
-120	20	162.0	25
-120	25	159.0	19
-120	30	136.0	8
-120	35	148.0	2
-120	40	77.0	6
-120	45	0	0
-120	50	116.0	3
-120	55	132.0	2
-120	60	147.0	1
-120	65	64.0	3
-120	70	148.0	4
-120	75	75.0	2
-120	80	67.0	10
-120	85	102.0	10
-120	90	158.0	26
-120	95	132.0	32
-120	100	116.0	36
-120	105	149.0	38
-120	110	135.0	25
-120	115	122.0	26
-120	120	143.0	18
-120	125	105.0	18
-120	130	157.0	26
-120	135	122.0	21
-120	140	84.0	22
-120	145	148.0	22
-120	150	125.0	18
-120	155	116.0	10
-120	160	126.0	11
-120	165	92.0	8
-120	170	117.0	8
-120	175	75.0	5
-115	-180	104.0	6
-115	-175	95.0	9
-115	-170	49.0	5
-115	-165	59.0	4
-115	-160	34.0	2
-115	-155	80.0	2
-115	-150	0	0
-115	-145	0	0
-115	-140	0	0
-115	-135	0	0
-115	-130	41.0	1
-115	-125	0	0
-115	-120	0	0
-115	-115	0	0
-115	-110	0	0
-115	-105	144.0	2
-115	-100	0	0
-115	-95	127.0	1
-115	-90	2.0	1
-115	-85	0	0
-115	-80	108.0	1
-115	-75	0	0
-115	-70	18.0	1
-115	-65	83.0	3
-115	-60	41.0	1
-115	-55	138.0	2
-115	-50	124.0	2
-115	-45	5.0	1
-115	-40	67.0	2
-115	-35	120.0	9
-115	-30	114.0	5
-115	-25	131.0	3
-115	-20	118.0	3
-115	-15	115.0	12
-115	-10	158.0	11
-115	-5	157.0	18
-115	0	168.0	25
-115	5	167.0	26
-115	10	160.0	38
-115	15	175.0	44
-115	20	164.0	33
-115	25	174.0	24
-115	30	137.0	14
-115	35	112.0	5
-115	40	87.0	2
-115	45	133.0	4
-115	50	89.0	2
-115	55	37.0	1
-115	60	0	0
-115	65	120.0	5
-115	70	34.0	1
-115	75	83.0	4
-115	80	122.0	7
-115	85	105.0	9
-115	90	165.0	17
-115	95	150.0	31
-115	100	127.0	49
-115	105	112.0	39
-115	110	168.0	38
-115	115	123.0	31
-115	120	167.0	25
-115	125	90.0	21
-115	130	134.0	25
-115	135	134.0	21
-115	140	122.0	25
-115	145	101.0	11
-115	150	111.0	25
-115	155	122.0	13
-115	160	104.0	17
-115	165	88.0	7
-115	170	62.0	7
-115	175	89.0	4
-110	-180	70.0	5
-110	-175	73.0	6
-110	-170	33.0	1
-110	-165	33.0	2
-110	-160	28.0	2
-110	-155	0	0
-110	-150	13.0	1
-110	-145	62.0	2
-110	-140	60.0	1
-110	-135	0	0
-110	-130	0	0
-110	-125	0	0
-110	-120	0	0
-110	-115	14.0	1
-110	-110	0	0
-110	-105	0	0
-110	-100	0	0
-110	-95	107.0	1
-110	-90	0	0
-110	-85	0	0
-110	-80	0	0
-110	-75	0	0
-110	-70	95.0	2
-110	-65	0	0
-110	-60	57.0	2
-110	-55	120.0	2
-110	-50	153.0	1
-110	-45	66.0	7
-110	-40	134.0	8
-110	-35	137.0	4
-110	-30	83.0	3
-110	-25	131.0	13
-110	-20	130.0	14
-110	-15	155.0	13
-110	-10	146.0	31
-110	-5	127.0	27
-110	0	166.0	42
-110	5	170.0	54
-110	10	159.0	61
-110	15	167.0	60
-110	20	162.0	40
-110	25	146.0	17
-110	30	144.0	17
-110	35	149.0	4
-110	40	106.0	4
-110	45	0	0
-110	50	0	0
-110	55	0	0
-110	60	77.0	1
-110	65	143.0	5
-110	70	0	0
-110	75	9.0	1
-110	80	122.0	4
-110	85	101.0	6
-110	90	148.0	25
-110	95	117.0	39
-110	100	148.0	45
-110	105	122.0	44
-110	110	100.0	52
-110	115	98.0	47
-110	120	90.0	30
-110	125	135.0	35
-110	130	120.0	27
-110	135	119.0	23
-110	140	144.0	23
-110	145	161.0	20
-110	150	95.0	13
-110	155	132.0	14
-110	160	110.0	15
-110	165	91.0	10
-110	170	99.0	9
-110	175	91.0	18
-105	-180	99.0	14
-105	-175	114.0	10
-105	-170	74.0	8
-105	-165	129.0	4
-105	-160	0	0
-105	-155	30.0	2
-105	-150	43.0	1
-105	-145	0	0
-105	-140	0	0
-105	-135	0	0
-105	-130	0	0
-105	-125	0	0
-105	-120	0	0
-105	-115	0	0
-105	-110	7.0	1
-105	-105	118.0	1
-105	-100	36.0	1
-105	-95	0	0
-105	-90	0	0
-105	-85	0	0
-105	-80	107.0	2
-105	-75	61.0	3
-105	-70	55.0	1
-105	-65	43.0	1
-105	-60	133.0	4
-105	-55	84.0	2
-105	-50	31.0	2
-105	-45	134.0	5
-105	-40	73.0	8
-105	-35	132.0	17
-105	-30	139.0	21
-105	-25	161.0	18
-105	-20	163.0	13
-105	-15	153.0	31
-105	-10	149.0	22
-105	-5	163.0	34
-105	0	174.0	73
-105	5	160.0	78
-105	10	160.0	93
-105	15	174.0	81
-105	20	161.0	37
-105	25	141.0	17
-105	30	150.0	13
-105	35	66.0	2
-105	40	166.0	3
-105	45	23.0	1
-105	50	133.0	2
-105	55	118.0	1
-105	60	4.0	1
-105	65	161.0	3
-105	70	130.0	4
-105	75	125.0	5
-105	80	104.0	6
-105	85	99.0	6
-105	90	124.0	20
-105	95	122.0	26
-105	100	117.0	63
-105	105	158.0	62
-105	110	153.0	59
-105	115	129.0	47
-105	120	157.0	26
-105	125	149.0	18
-105	130	101.0	25
-105	135	134.0	34
-105	140	120.0	26
-105	145	156.0	23
-105	150	157.0	16
-105	155	98.0	17
-105	160	90.0	11
-105	165	112.0	5
-105	170	143.0	15
-105	175	102.0	13
-100	-180	121.0	18
-100	-175	85.0	12
-100	-170	127.0	2
-100	-165	85.0	4
-100	-160	26.0	2
-100	-155	117.0	3
-100	-150	70.0	2
-100	-145	0	0
-100	-140	19.0	1
-100	-135	0	0
-100	-130	0	0
-100	-125	0	0
-100	-120	100.0	1
-100	-115	44.0	1
-100	-110	0	0
-100	-105	0	0
-100	-100	0	0
-100	-95	22.0	1
-100	-90	0	0
-100	-85	0	0
-100	-80	135.0	2
-100	-75	71.0	2
-100	-70	0	0
-100	-65	119.0	3
-100	-60	43.0	1
-100	-55	139.0	3
-100	-50	96.0	7
-100	-45	117.0	12
-100	-40	154.0	16
-100	-35	163.0	23
-100	-30	170.0	28
-100	-25	123.0	26
-100	-20	123.0	21
-100	-15	157.0	28
-100	-10	143.0	26
-100	-5	159.0	67
-100	0	165.0	111
-100	5	167.0	101
-100	10	169.0	128
-100	15	163.0	67
-100	20	156.0	29
-100	25	126.0	20
-100	30	137.0	14
-100	35	89.0	4
-100	40	140.0	4
-100	45	161.0	4
-100	50	0	0
-100	55	174.0	2
-100	60	1.0	1
-100	65	131.0	5
-100	70	76.0	5
-100	75	146.0	6
-100	80	152.0	9
-100	85	152.0	23
-100	90	139.0	22
-100	95	133.0	40
-100	100	141.0	57
-100	105	169.0	93
-100	110	154.0	58
-100	115	104.0	28
-100	120	159.0	40
-100	125	137.0	37
-100	130	121.0	29
-100	135	167.0	24
-100	140	128.0	22
-100	145	110.0	17
-100	150	82.0	21
-100	155	130.0	19
-100	160	128.0	17
-100	165	107.0	10
-100	170	114.0	14
-100	175	124.0	17
-95	-180	88.0	34
-95	-175	79.0	24
-95	-170	81.0	10
-95	-165	58.0	6
-95	-160	72.0	1
-95	-155	0	0
-95	-150	53.0	1
-95	-145	0	0
-95	-140	0	0
-95	-135	0	0
-95	-130	74.0	1
-95	-125	0	0
-95	-120	0	0
-95	-115	88.0	1
-95	-110	0	0
-95	-105	125.0	1
-95	-100	0	0
-95	-95	73.0	1
-95	-90	159.0	1
-95	-85	113.0	1
-95	-80	119.0	1
-95	-75	75.0	2
-95	-70	90.0	3
-95	-65	123.0	1
-95	-60	76.0	2
-95	-55	47.0	3
-95	-50	146.0	6
-95	-45	135.0	15
-95	-40	142.0	23
-95	-35	117.0	22
-95	-30	170.0	32
-95	-25	163.0	40
-95	-20	170.0	28
-95	-15	161.0	31
-95	-10	173.0	72
-95	-5	169.0	79
-95	0	171.0	165
-95	5	172.0	129
-95	10	173.0	101
-95	15	169.0	51
-95	20	174.0	21
-95	25	151.0	11
-95	30	144.0	9
-95	35	101.0	2
-95	40	65.0	1
-95	45	108.0	4
-95	50	91.0	2
-95	55	123.0	4
-95	60	174.0	8
-95	65	134.0	9
-95	70	156.0	14
-95	75	122.0	17
-95	80	145.0	18
-95	85	167.0	23
-95	90	158.0	33
-95	95	159.0	50
-95	100	150.0	68
-95	105	166.0	93
-95	110	158.0	75
-95	115	156.0	57
-95	120	154.0	45
-95	125	153.0	27
-95	130	113.0	30
-95	135	154.0	27
-95	140	142.0	38
-95	145	113.0	15
-95	150	111.0	18
-95	155	93.0	18
-95	160	102.0	13
-95	165	94.0	18
-95	170	126.0	18
-95	175	90.0	18
-90	-180	114.0	40
-90	-175	96.0	32
-90	-170	105.0	17
-90	-165	68.0	4
-90	-160	0	0
-90	-155	79.0	2
-90	-150	8.0	1
-90	-145	0	0
-90	-140	0	0
-90	-135	0	0
-90	-130	0	0
-90	-125	0	0
-90	-120	0	0
-90	-115	0	0
-90	-110	0	0
-90	-105	0	0
-90	-100	0	0
-90	-95	35.0	1
-90	-90	9.0	1
-90	-85	0	0
-90	-80	27.0	2
-90	-75	137.0	2
-90	-70	145.0	2
-90	-65	17.0	2
-90	-60	67.0	2
-90	-55	153.0	7
-90	-50	101.0	6
-90	-45	124.0	8
-90	-40	160.0	22
-90	-35	147.0	28
-90	-30	143.0	40
-90	-25	132.0	31
-90	-20	155.0	41
-90	-15	173.0	63
-90	-10	173.0	102
-90	-5	174.0	117
-90	0	170.0	162
-90	5	170.0	120
-90	10	167.0	70
-90	15	149.0	20
-90	20	146.0	6
-90	25	107.0	4
-90	30	58.0	1
-90	35	134.0	6
-90	40	79.0	3
-90	45	128.0	4
-90	50	124.0	8
-90	55	158.0	16
-90	60	168.0	17
-90	65	165.0	29
-90	70	172.0	25
-90	75	124.0	30
-90	80	167.0	29
-90	85	166.0	33
-90	90	133.0	45
-90	95	154.0	47
-90	100	130.0	70
-90	105	133.0	94
-90	110	138.0	84
-90	115	141.0	71
-90	120	154.0	39
-90	125	125.0	34
-90	130	143.0	31
-90	135	140.0	36
-90	140	152.0	30
-90	145	151.0	28
-90	150	131.0	25
-90	155	134.0	15
-90	160	141.0	18
-90	165	81.0	14
-90	170	103.0	20
-90	175	116.0	36
-85	-180	106.0	44
-85	-175	109.0	44
-85	-170	114.0	17
-85	-165	83.0	3
-85	-160	112.0	1
-85	-155	107.0	1
-85	-150	0	0
-85	-145	0	0
-85	-140	0	0
-85	-135	0	0
-85	-130	0	0
-85	-125	0	0
-85	-120	0	0
-85	-115	0	0
-85	-110	0	0
-85	-105	0	0
-85	-100	0	0
-85	-95	0	0
-85	-90	0	0
-85	-85	0	0
-85	-80	111.0	5
-85	-75	87.0	1
-85	-70	0	0
-85	-65	164.0	3
-85	-60	134.0	5
-85	-55	153.0	7
-85	-50	150.0	12
-85	-45	154.0	21
-85	-40	161.0	34
-85	-35	156.0	45
-85	-30	155.0	45
-85	-25	182.0	44
-85	-20	175.0	57
-85	-15	161.0	84
-85	-10	170.0	117
-85	-5	178.0	128
-85	0	171.0	143
-85	5	170.0	62
-85	10	165.0	23
-85	15	166.0	3
-85	20	125.0	4
-85	25	176.0	4
-85	30	133.0	4
-85	35	181.0	2
-85	40	148.0	2
-85	45	135.0	2
-85	50	171.0	8
-85	55	166.0	5
-85	60	139.0	25
-85	65	176.0	33
-85	70	168.0	29
-85	75	168.0	39
-85	80	142.0	28
-85	85	146.0	36
-85	90	144.0	39
-85	95	164.0	56
-85	100	173.0	74
-85	105	150.0	86
-85	110	154.0	76
-85	115	152.0	78
-85	120	148.0	42
-85	125	133.0	29
-85	130	164.0	32
-85	135	134.0	31
-85	140	130.0	25
-85	145	160.0	36
-85	150	124.0	25
-85	155	113.0	29
-85	160	98.0	21
-85	165	120.0	33
-85	170	143.0	32
-85	175	149.0	56
-80	-180	99.0	34
-80	-175	106.0	22
-80	-170	95.0	8
-80	-165	80.0	3
-80	-160	0	0
-80	-155	0	0
-80	-150	61.0	1
-80	-145	0	0
-80	-140	0	0
-80	-135	0	0
-80	-130	140.0	1
-80	-125	0	0
-80	-120	0	0
-80	-115	0	0
-80	-110	0	0
-80	-105	0	0
-80	-100	114.0	1
-80	-95	0	0
-80	-90	0	0
-80	-85	0	0
-80	-80	0	0
-80	-75	0	0
-80	-70	67.0	1
-80	-65	40.0	2
-80	-60	131.0	5
-80	-55	122.0	8
-80	-50	166.0	24
-80	-45	147.0	21
-80	-40	143.0	48
-80	-35	166.0	72
-80	-30	171.0	80
-80	-25	180.0	51
-80	-20	174.0	98
-80	-15	178.0	96
-80	-10	169.0	85
-80	-5	171.0	99
-80	0	172.0	125
-80	5	143.0	36
-80	10	85.0	5
-80	15	109.0	1
-80	20	0	0
-80	25	133.0	1
-80	30	0	0
-80	35	5.0	1
-80	40	0	0
-80	45	98.0	2
-80	50	110.0	1
-80	55	125.0	6
-80	60	111.0	10
-80	65	166.0	15
-80	70	161.0	12
-80	75	106.0	21
-80	80	187.0	21
-80	85	160.0	28
-80	90	157.0	30
-80	95	128.0	34
-80	100	134.0	51
-80	105	132.0	60
-80	110	136.0	68
-80	115	152.0	81
-80	120	155.0	53
-80	125	175.0	45
-80	130	130.0	44
-80	135	160.0	38
-80	140	131.0	21
-80	145	155.0	32
-80	150	167.0	51
-80	155	147.0	32
-80	160	142.0	38
-80	165	130.0	38
-80	170	140.0	36
-80	175	116.0	53
-75	-180	89.0	10
-75	-175	96.0	13
-75	-170	45.0	2
-75	-165	17.0	1
-75	-160	0	0
-75	-155	105.0	1
-75	-150	0	0
-75	-145	0	0
-75	-140	0	0
-75	-135	0	0
-75	-130	0	0
-75	-125	0	0
-75	-120	0	0
-75	-115	0	0
-75	-110	0	0
-75	-105	0	0
-75	-100	0	0
-75	-95	0	0
-75	-90	0	0
-75	-85	0	0
-75	-80	0	0
-75	-75	131.0	2
-75	-70	0	0
-75	-65	106.0	6
-75	-60	114.0	3
-75	-55	110.0	11
-75	-50	156.0	29
-75	-45	169.0	96
-75	-40	175.0	156
-75	-35	153.0	180
-75	-30	175.0	100
-75	-25	178.0	71
-75	-20	177.0	108
-75	-15	180.0	132
-75	-10	158.0	108
-75	-5	175.0	79
-75	0	161.0	50
-75	5	162.0	10
-75	10	140.0	3
-75	15	98.0	1
-75	20	104.0	2
-75	25	0	0
-75	30	0	0
-75	35	0	0
-75	40	0	0
-75	45	60.0	1
-75	50	62.0	1
-75	55	119.0	2
-75	60	48.0	1
-75	65	162.0	2
-75	70	161.0	1
-75	75	83.0	4
-75	80	13.0	2
-75	85	89.0	4
-75	90	123.0	4
-75	95	103.0	16
-75	100	160.0	22
-75	105	143.0	35
-75	110	160.0	67
-75	115	154.0	58
-75	120	145.0	63
-75	125	136.0	59
-75	130	159.0	36
-75	135	141.0	54
-75	140	141.0	61
-75	145	154.0	56
-75	150	147.0	54
-75	155	157.0	53
-75	160	131.0	49
-75	165	115.0	44
-75	170	114.0	34
-75	175	137.0	25
-70	-180	62.0	2
-70	-175	84.0	2
-70	-170	31.0	1
-70	-165	0	0
-70	-160	0	0
-70	-155	0	0
-70	-150	0	0
-70	-145	0	0
-70	-140	0	0
-70	-135	0	0
-70	-130	0	0
-70	-125	0	0
-70	-120	0	0
-70	-115	0	0
-70	-110	0	0
-70	-105	0	0
-70	-100	0	0
-70	-95	0	0
-70	-90	0	0
-70	-85	0	0
-70	-80	0	0
-70	-75	0	0
-70	-70	114.0	1
-70	-65	31.0	1
-70	-60	123.0	7
-70	-55	133.0	23
-70	-50	174.0	97
-70	-45	176.0	351
-70	-40	174.0	586
-70	-35	175.0	380
-70	-30	178.0	224
-70	-25	177.0	146
-70	-20	181.0	175
-70	-15	174.0	140
-70	-10	166.0	90
-70	-5	174.0	25
-70	0	140.0	11
-70	5	0	0
-70	10	0	0
-70	15	0	0
-70	20	0	0
-70	25	0	0
-70	30	0	0
-70	35	0	0
-70	40	0	0
-70	45	0	0
-70	50	0	0
-70	55	0	0
-70	60	60.0	2
-70	65	0	0
-70	70	125.0	1
-70	75	109.0	1
-70	80	175.0	1
-70	85	175.0	2
-70	90	0	0
-70	95	100.0	5
-70	100	138.0	9
-70	105	167.0	13
-70	110	124.0	37
-70	115	130.0	47
-70	120	147.0	56
-70	125	165.0	59
-70	130	168.0	65
-70	135	150.0	61
-70	140	158.0	75
-70	145	156.0	75
-70	150	151.0	72
-70	155	151.0	66
-70	160	139.0	51
-70	165	106.0	35
-70	170	99.0	12
-70	175	83.0	6
-65	-180	48.0	1
-65	-175	0	0
-65	-170	0	0
-65	-165	0	0
-65	-160	0	0
-65	-155	0	0
-65	-150	0	0
-65	-145	0	0
-65	-140	0	0
-65	-135	0	0
-65	-130	0	0
-65	-125	0	0
-65	-120	0	0
-65	-115	0	0
-65	-110	0	0
-65	-105	0	0
-65	-100	0	0
-65	-95	0	0
-65	-90	0	0
-65	-85	0	0
-65	-80	148.0	1
-65	-75	0	0
-65	-70	4.0	1
-65	-65	43.0	1
-65	-60	142.0	6
-65	-55	146.0	50
-65	-50	160.0	277
-65	-45	159.0	1122
-65	-40	179.0	1186
-65	-35	169.0	470
-65	-30	179.0	271
-65	-25	183.0	175
-65	-20	179.0	150
-65	-15	175.0	76
-65	-10	161.0	16
-65	-5	125.0	4
-65	0	144.0	3
-65	5	0	0
-65	10	0	0
-65	15	0	0
-65	20	0	0
-65	25	0	0
-65	30	0	0
-65	35	0	0
-65	40	0	0
-65	45	0	0
-65	50	0	0
-65	55	0	0
-65	60	0	0
-65	65	0	0
-65	70	0	0
-65	75	0	0
-65	80	0	0
-65	85	0	1
-65	90	57.0	1
-65	95	0	0
-65	100	51.0	1
-65	105	107.0	4
-65	110	106.0	13
-65	115	119.0	28
-65	120	150.0	54
-65	125	167.0	63
-65	130	174.0	75
-65	135	155.0	69
-65	140	162.0	106
-65	145	164.0	114
-65	150	160.0	85
-65	155	177.0	53
-65	160	119.0	21
-65	165	96.0	10
-65	170	120.0	4
-65	175	0	0
-60	-180	0	0
-60	-175	0	0
-60	-170	0	0
-60	-165	0	0
-60	-160	0	0
-60	-155	0	0
-60	-150	0	0
-60	-145	0	0
-60	-140	0	0
-60	-135	0	0
-60	-130	0	0
-60	-125	0	0
-60	-120	0	0
-60	-115	0	0
-60	-110	0	0
-60	-105	100.0	1
-60	-100	0	0
-60	-95	0	0
-60	-90	0	0
-60	-85	0	0
-60	-80	0	0
-60	-75	0	0
-60	-70	115.0	2
-60	-65	58.0	1
-60	-60	127.0	8
-60	-55	165.0	67
-60	-50	171.0	420
-60	-45	167.0	958
-60	-40	180.0	617
-60	-35	182.0	267
-60	-30	181.0	179
-60	-25	174.0	98
-60	-20	171.0	38
-60	-15	155.0	15
-60	-10	119.0	2
-60	-5	0	0
-60	0	0	0
-60	5	0	0
-60	10	0	0
-60	15	0	0
-60	20	0	0
-60	25	0	0
-60	30	0	0
-60	35	0	0
-60	40	0	0
-60	45	0	0
-60	50	0	0
-60	55	0	0
-60	60	0	0
-60	65	0	0
-60	70	0	0
-60	75	0	0
-60	80	0	0
-60	85	0	0
-60	90	0	0
-60	95	0	0
-60	100	0	0
-60	105	19.0	1
-60	110	141.0	13
-60	115	121.0	38
-60	120	148.0	49
-60	125	144.0	71
-60	130	171.0	93
-60	135	164.0	79
-60	140	164.0	104
-60	145	142.0	63
-60	150	156.0	45
-60	155	118.0	16
-60	160	98.0	7
-60	165	70.0	2
-60	170	0	0
-60	175	0	0
-55	-180	0	0
-55	-175	0	0
-55	-170	0	0
-55	-165	0	0
-55	-160	0	0
-55	-155	0	0
-55	-150	0	0
-55	-145	0	0
-55	-140	0	0
-55	-135	0	0
-55	-130	0	0
-55	-125	0	0
-55	-120	0	0
-55	-115	0	0
-55	-110	0	0
-55	-105	0	0
-55	-100	0	0
-55	-95	0	0
-55	-90	0	0
-55	-85	0	0
-55	-80	0	0
-55	-75	0	0
-55	-70	0	0
-55	-65	95.0	1
-55	-60	141.0	5
-55	-55	166.0	59
-55	-50	173.0	210
-55	-45	168.0	249
-55	-40	176.0	168
-55	-35	166.0	99
-55	-30	180.0	43
-55	-25	137.0	11
-55	-20	107.0	3
-55	-15	0	0
-55	-10	0	0
-55	-5	0	0
-55	0	0	0
-55	5	0	0
-55	10	0	0
-55	15	0	0
-55	20	0	0
-55	25	0	0
-55	30	0	0
-55	35	0	0
-55	40	0	0
-55	45	0	0
-55	50	0	0
-55	55	0	0
-55	60	0	0
-55	65	0	0
-55	70	0	0
-55	75	0	0
-55	80	0	0
-55	85	0	0
-55	90	0	0
-55	95	0	0
-55	100	0	0
-55	105	0	0
-55	110	167.0	8
-55	115	111.0	21
-55	120	165.0	29
-55	125	170.0	53
-55	130	175.0	79
-55	135	168.0	55
-55	140	171.0	45
-55	145	107.0	17
-55	150	134.0	14
-55	155	94.0	4
-55	160	0	0
-55	165	0	0
-55	170	0	0
-55	175	0	0
-50	-180	0	0
-50	-175	0	0
-50	-170	0	0
-50	-165	0	0
-50	-160	0	0
-50	-155	0	0
-50	-150	0	0
-50	-145	0	0
-50	-140	0	0
-50	-135	0	0
-50	-130	0	0
-50	-125	0	0
-50	-120	0	0
-50	-115	0	0
-50	-110	0	0
-50	-105	0	0
-50	-100	0	0
-50	-95	0	0
-50	-90	0	0
-50	-85	0	0
-50	-80	0	0
-50	-75	50.0	1
-50	-70	0	0
-50	-65	131.0	2
-50	-60	144.0	4
-50	-55	122.0	13
-50	-50	146.0	43
-50	-45	162.0	41
-50	-40	130.0	26
-50	-35	110.0	12
-50	-30	170.0	4
-50	-25	0	0
-50	-20	47.0	1
-50	-15	0	0
-50	-10	0	0
-50	-5	0	0
-50	0	0	0
-50	5	0	0
-50	10	0	0
-50	15	0	0
-50	20	0	0
-50	25	0	0
-50	30	0	0
-50	35	0	0
-50	40	0	0
-50	45	0	0
-50	50	0	0
-50	55	0	0
-50	60	0	0
-50	65	0	0
-50	70	0	0
-50	75	0	0
-50	80	0	0
-50	85	0	0
-50	90	0	0
-50	95	0	0
-50	100	0	0
-50	105	0	0
-50	110	152.0	1
-50	115	99.0	7
-50	120	127.0	14
-50	125	169.0	24
-50	130	151.0	30
-50	135	127.0	22
-50	140	108.0	7
-50	145	96.0	7
-50	150	0	0
-50	155	0	0
-50	160	0	0
-50	165	0	0
-50	170	0	0
-50	175	0	0
-45	-180	0	0
-45	-175	0	0
-45	-170	0	0
-45	-165	0	0
-45	-160	0	0
-45	-155	0	0
-45	-150	0	0
-45	-145	0	0
-45	-140	0	0
-45	-135	0	0
-45	-130	0	0
-45	-125	0	0
-45	-120	0	0
-45	-115	0	0
-45	-110	0	0
-45	-105	0	0
-45	-100	0	0
-45	-95	0	0
-45	-90	0	0
-45	-85	0	0
-45	-80	0	0
-45	-75	0	0
-45	-70	139.0	1
-45	-65	173.0	2
-45	-60	86.0	3
-45	-55	117.0	6
-45	-50	143.0	10
-45	-45	135.0	5
-45	-40	146.0	3
-45	-35	89.0	1
-45	-30	0	0
-45	-25	0	0
-45	-20	0	0
-45	-15	0	0
-45	-10	0	0
-45	-5	0	0
-45	0	0	0
-45	5	0	0
-45	10	0	0
-45	15	0	0
-45	20	0	0
-45	25	0	0
-45	30	0	0
-45	35	0	0
-45	40	0	0
-45	45	0	0
-45	50	0	0
-45	55	0	0
-45	60	0	0
-45	65	0	0
-45	70	0	0
-45	75	0	0
-45	80	0	0
-45	85	0	0
-45	90	0	0
-45	95	140.0	1
-45	100	0	0
-45	105	0	0
-45	110	0	0
-45	115	166.0	9
-45	120	155.0	11
-45	125	164.0	10
-45	130	113.0	9
-45	135	84.0	3
-45	140	78.0	1
-45	145	119.0	1
-45	150	44.0	1
-45	155	0	0
-45	160	0	0
-45	165	0	0
-45	170	0	0
-45	175	0	0
-40	-180	0	0
-40	-175	0	0
-40	-170	0	0
-40	-165	0	0
-40	-160	0	0
-40	-155	0	0
-40	-150	0	0
-40	-145	0	0
-40	-140	0	0
-40	-135	0	0
-40	-130	0	0
-40	-125	0	0
-40	-120	0	0
-40	-115	0	0
-40	-110	0	0
-40	-105	0	0
-40	-100	0	0
-40	-95	0	0
-40	-90	0	0
-40	-85	0	0
-40	-80	0	0
-40	-75	0	0
-40	-70	0	0
-40	-65	134.0	1
-40	-60	0	0
-40	-55	14.0	2
-40	-50	104.0	1
-40	-45	0	0
-40	-40	143.0	1
-40	-35	78.0	1
-40	-30	0	0
-40	-25	0	0
-40	-20	0	0
-40	-15	0	0
-40	-10	0	0
-40	-5	0	0
-40	0	0	0
-40	5	0	0
-40	10	0	0
-40	15	0	0
-40	20	0	0
-40	25	0	0
-40	30	0	0
-40	35	0	0
-40	40	0	0
-40	45	0	0
-40	50	0	0
-40	55	0	0
-40	60	0	0
-40	65	0	0
-40	70	0	0
-40	75	0	0
-40	80	0	0
-40	85	0	0
-40	90	0	0
-40	95	0	0
-40	100	0	0
-40	105	0	0
-40	110	74.0	4
-40	115	79.0	2
-40	120	60.0	5
-40	125	17.0	3
-40	130	0	0
-40	135	0	0
-40	140	30.0	1
-40	145	0	0
-40	150	60.0	1
-40	155	0	0
-40	160	0	0
-40	165	0	0
-40	170	0	0
-40	175	0	0
-35	-180	0	0
-35	-175	0	0
-35	-170	0	0
-35	-165	0	0
-35	-160	0	0
-35	-155	0	0
-35	-150	0	0
-35	-145	0	0
-35	-140	0	0
-35	-135	0	0
-35	-130	0	0
-35	-125	0	0
-35	-120	0	0
-35	-115	0	0
-35	-110	0	0
-35	-105	0	0
-35	-100	0	0
-35	-95	0	0
-35	-90	0	0
-35	-85	0	0
-35	-80	0	0
-35	-75	0	0
-35	-70	0	0
-35	-65	0	0
-35	-60	74.0	1
-35	-55	13.0	1
-35	-50	0	0
-35	-45	0	0
-35	-40	0	0
-35	-35	0	0
-35	-30	0	0
-35	-25	0	0
-35	-20	0	0
-35	-15	0	0
-35	-10	0	0
-35	-5	0	0
-35	0	0	0
-35	5	0	0
-35	10	0	0
-35	15	0	0
-35	20	0	0
-35	25	0	0
-35	30	0	0
-35	35	0	0
-35	40	0	0
-35	45	0	0
-35	50	0	0
-35	55	0	0
-35	60	0	0
-35	65	0	0
-35	70	0	0
-35	75	0	0
-35	80	0	0
-35	85	0	0
-35	90	0	0
-35	95	0	0
-35	100	0	0
-35	105	64.0	1
-35	110	0	0
-35	115	23.0	1
-35	120	0	0
-35	125	0	0
-35	130	12.0	1
-35	135	0	0
-35	140	0	0
-35	145	0	0
-35	150	0	0
-35	155	0	0
-35	160	0	0
-35	165	0	0
-35	170	0	0
-35	175	0	0
-30	-180	0	0
-30	-175	0	0
-30	-170	0	0
-30	-165	0	0
-30	-160	0	0
-30	-155	0	0
-30	-150	0	0
-30	-145	0	0
-30	-140	0	0
-30	-135	0	0
-30	-130	0	0
-30	-125	0	0
-30	-120	0	0
-30	-115	0	0
-30	-110	0	0
-30	-105	0	0
-30	-100	0	0
-30	-95	0	0
-30	-90	0	0
-30	-85	0	0
-30	-80	0	0
-30	-75	0	0
-30	-70	0	0
-30	-65	0	0
-30	-60	0	0
-30	-55	0	0
-30	-50	0	0
-30	-45	0	0
-30	-40	0	0
-30	-35	0	0
-30	-30	0	0
-30	-25	142.0	1
-30	-20	0	0
-30	-15	0	0
-30	-10	0	0
-30	-5	0	0
-30	0	0	0
-30	5	0	0
-30	10	0	0
-30	15	0	0
-30	20	0	0
-30	25	0	0
-30	30	0	0
-30	35	0	0
-30	40	0	0
-30	45	0	0
-30	50	0	0
-30	55	0	0
-30	60	0	0
-30	65	0	0
-30	70	0	0
-30	75	0	0
-30	80	0	0
-30	85	0	0
-30	90	0	0
-30	95	0	0
-30	100	0	0
-30	105	65.0	1
-30	110	0	0
-30	115	33.0	1
-30	120	0	0
-30	125	0	0
-30	130	0	0
-30	135	0	0
-30	140	0	0
-30	145	0	0
-30	150	0	0
-30	155	0	0
-30	160	0	0
-30	165	0	0
-30	170	0	0
-30	175	0	0
-25	-180	0	0
-25	-175	0	0
-25	-170	0	0
-25	-165	0	0
-25	-160	0	0
-25	-155	0	0
-25	-150	0	0
-25	-145	0	0
-25	-140	0	0
-25	-135	0	0
-25	-130	0	0
-25	-125	0	0
-25	-120	0	0
-25	-115	0	0
-25	-110	0	0
-25	-105	0	0
-25	-100	0	0
-25	-95	0	0
-25	-90	0	0
-25	-85	0	0
-25	-80	0	0
-25	-75	0	0
-25	-70	0	0
-25	-65	131.0	1
-25	-60	0	0
-25	-55	0	0
-25	-50	0	0
-25	-45	0	0
-25	-40	0	0
-25	-35	0	0
-25	-30	0	0
-25	-25	0	0
-25	-20	0	0
-25	-15	0	0
-25	-10	0	0
-25	-5	0	0
-25	0	0	0
-25	5	0	0
-25	10	0	0
-25	15	0	0
-25	20	0	0
-25	25	0	0
-25	30	0	0
-25	35	0	0
-25	40	0	0
-25	45	0	0
-25	50	0	0
-25	55	0	0
-25	60	0	0
-25	65	0	0
-25	70	0	0
-25	75	153.0	1
-25	80	0	0
-25	85	0	0
-25	90	0	0
-25	95	0	0
-25	100	0	0
-25	105	52.0	1
-25	110	0	0
-25	115	96.0	1
-25	120	0	0
-25	125	52.0	1
-25	130	0	0
-25	135	0	0
-25	140	0	0
-25	145	0	0
-25	150	0	0
-25	155	0	0
-25	160	0	0
-25	165	0	0
-25	170	0	0
-25	175	0	0
-20	-180	0	0
-20	-175	0	0
-20	-170	0	0
-20	-165	0	0
-20	-160	0	0
-20	-155	0	0
-20	-150	0	0
-20	-145	0	0
-20	-140	0	0
-20	-135	0	0
-20	-130	0	0
-20	-125	0	0
-20	-120	0	0
-20	-115	0	0
-20	-110	0	0
-20	-105	0	0
-20	-100	0	0
-20	-95	0	0
-20	-90	0	0
-20	-85	0	0
-20	-80	0	0
-20	-75	0	0
-20	-70	0	0
-20	-65	0	0
-20	-60	0	0
-20	-55	0	0
-20	-50	0	0
-20	-45	0	0
-20	-40	0	0
-20	-35	0	0
-20	-30	0	0
-20	-25	0	0
-20	-20	0	0
-20	-15	0	0
-20	-10	0	0
-20	-5	0	0
-20	0	0	0
-20	5	0	0
-20	10	0	0
-20	15	0	0
-20	20	0	0
-20	25	0	0
-20	30	0	0
-20	35	0	0
-20	40	0	0
-20	45	0	0
-20	50	0	0
-20	55	0	0
-20	60	0	0
-20	65	0	0
-20	70	0	0
-20	75	0	0
-20	80	0	0
-20	85	0	0
-20	90	0	0
-20	95	0	0
-20	100	0	0
-20	105	0	0
-20	110	0	0
-20	115	0	0
-20	120	0	0
-20	125	0	0
-20	130	0	0
-20	135	0	0
-20	140	0	0
-20	145	0	0
-20	150	0	0
-20	155	0	0
-20	160	0	0
-20	165	0	0
-20	170	0	0
-20	175	0	0
-15	-180	0	0
-15	-175	0	0
-15	-170	0	0
-15	-165	0	0
-15	-160	0	0
-15	-155	0	0
-15	-150	0	0
-15	-145	0	0
-15	-140	0	0
-15	-135	0	0
-15	-130	0	0
-15	-125	0	0
-15	-120	0	0
-15	-115	0	0
-15	-110	0	0
-15	-105	0	0
-15	-100	0	0
-15	-95	0	0
-15	-90	110.0	1
-15	-85	0	0
-15	-80	0	0
-15	-75	0	0
-15	-70	0	0
-15	-65	0	0
-15	-60	123.0	1
-15	-55	0	0
-15	-50	0	0
-15	-45	0	0
-15	-40	0	0
-15	-35	0	0
-15	-30	0	0
-15	-25	0	0
-15	-20	0	0
-15	-15	0	0
-15	-10	0	0
-15	-5	0	0
-15	0	0	0
-15	5	0	0
-15	10	0	0
-15	15	0	0
-15	20	0	0
-15	25	0	0
-15	30	0	0
-15	35	0	0
-15	40	0	0
-15	45	0	0
-15	50	0	0
-15	55	0	0
-15	60	0	0
-15	65	0	0
-15	70	0	0
-15	75	0	0
-15	80	0	0
-15	85	0	0
-15	90	0	0
-15	95	0	0
-15	100	0	0
-15	105	0	0
-15	110	0	0
-15	115	0	0
-15	120	0	0
-15	125	0	0
-15	130	0	0
-15	135	0	0
-15	140	0	0
-15	145	0	0
-15	150	0	0
-15	155	0	0
-15	160	0	0
-15	165	0	0
-15	170	0	0
-15	175	0	0
-10	-180	0	0
-10	-175	0	0
-10	-170	0	0
-10	-165	0	0
-10	-160	0	0
-10	-155	0	0
-10	-150	0	0
-10	-145	0	0
-10	-140	0	0
-10	-135	0	0
-10	-130	0	0
-10	-125	0	0
-10	-120	0	0
-10	-115	0	0
-10	-110	0	0
-10	-105	0	0
-10	-100	0	0
-10	-95	0	0
-10	-90	0	0
-10	-85	0	0
-10	-80	25.0	1
-10	-75	0	0
-10	-70	0	0
-10	-65	0	0
-10	-60	0	0
-10	-55	83.0	1
-10	-50	0	0
-10	-45	0	0
-10	-40	0	0
-10	-35	0	0
-10	-30	0	0
-10	-25	0	0
-10	-20	0	0
-10	-15	0	0
-10	-10	0	0
-10	-5	0	0
-10	0	0	0
-10	5	0	0
-10	10	0	0
-10	15	0	0
-10	20	0	0
-10	25	0	0
-10	30	0	0
-10	35	0	0
-10	40	0	0
-10	45	0	0
-10	50	0	0
-10	55	0	0
-10	60	0	0
-10	65	0	0
-10	70	0	0
-10	75	0	0
-10	80	0	0
-10	85	0	0
-10	90	17.0	1
-10	95	0	0
-10	100	51.0	1
-10	105	0	0
-10	110	0	0
-10	115	0	0
-10	120	0	0
-10	125	0	0
-10	130	0	0
-10	135	0	0
-10	140	0	0
-10	145	0	0
-10	150	0	0
-10	155	0	0
-10	160	0	0
-10	165	0	0
-10	170	0	0
-10	175	0	0
-5	-180	0	0
-5	-175	0	0
-5	-170	0	0
-5	-165	0	0
-5	-160	0	0
-5	-155	0	0
-5	-150	0	0
-5	-145	0	0
-5	-140	0	0
-5	-135	0	0
-5	-130	0	0
-5	-125	0	0
-5	-120	0	0
-5	-115	0	0
-5	-110	0	0
-5	-105	0	0
-5	-100	0	0
-5	-95	0	0
-5	-90	0	0
-5	-85	0	0
-5	-80	0	0
-5	-75	0	0
-5	-70	0	0
-5	-65	0	0
-5	-60	0	0
-5	-55	0	0
-5	-50	0	0
-5	-45	0	0
-5	-40	0	0
-5	-35	0	0
-5	-30	0	0
-5	-25	0	0
-5	-20	0	0
-5	-15	0	0
-5	-10	0	0
-5	-5	0	0
-5	0	0	0
-5	5	0	0
-5	10	0	0
-5	15	0	0
-5	20	0	0
-5	25	0	0
-5	30	0	0
-5	35	0	0
-5	40	0	0
-5	45	0	0
-5	50	0	0
-5	55	0	0
-5	60	0	0
-5	65	0	0
-5	70	0	0
-5	75	0	0
-5	80	0	0
-5	85	0	0
-5	90	0	0
-5	95	80.0	1
-5	100	0	0
-5	105	0	0
-5	110	0	0
-5	115	0	0
-5	120	0	0
-5	125	0	0
-5	130	0	0
-5	135	0	0
-5	140	0	0
-5	145	0	0
-5	150	0	0
-5	155	0	0
-5	160	0	0
-5	165	0	0
-5	170	0	0
-5	175	0	0
0	-180	0	0
0	-175	0	0
0	-170	0	0
0	-165	0	0
0	-160	0	0
0	-155	0	0
0	-150	0	0
0	-145	0	0
0	-140	0	0
0	-135	0	0
0	-130	0	0
0	-125	0	0
0	-120	0	0
0	-115	0	0
0	-110	0	0
0	-105	0	0
0	-100	0	0
0	-95	0	0
0	-90	0	0
0	-85	0	0
0	-80	0	0
0	-75	0	0
0	-70	0	0
0	-65	0	0
0	-60	0	0
0	-55	0	0
0	-50	0	0
0	-45	0	0
0	-40	0	0
0	-35	0	0
0	-30	0	0
0	-25	0	0
0	-20	0	0
0	-15	0	0
0	-10	0	0
0	-5	0	0
0	0	0	0
0	5	0	0
0	10	0	0
0	15	0	0
0	20	0	0
0	25	0	0
0	30	0	0
0	35	0	0
0	40	0	0
0	45	0	0
0	50	0	0
0	55	0	0
0	60	0	0
0	65	0	0
0	70	0	0
0	75	0	0
0	80	0	0
0	85	0	0
0	90	0	0
0	95	0	0
0	100	0	0
0	105	0	0
0	110	0	0
0	115	0	0
0	120	0	0
0	125	0	0
0	130	0	0
0	135	0	0
0	140	0	0
0	145	0	0
0	150	0	0
0	155	0	0
0	160	0	0
0	165	0	0
0	170	0	0
0	175	0	0
5	-180	0	0
5	-175	0	0
5	-170	0	0
5	-165	0	0
5	-160	0	0
5	-155	0	0
5	-150	0	0
5	-145	0	0
5	-140	0	0
5	-135	0	0
5	-130	0	0
5	-125	0	0
5	-120	0	0
5	-115	0	0
5	-110	0	0
5	-105	0	0
5	-100	0	0
5	-95	0	0
5	-90	0	0
5	-85	0	0
5	-80	0	0
5	-75	0	0
5	-70	0	0
5	-65	0	0
5	-60	0	0
5	-55	0	0
5	-50	0	0
5	-45	0	0
5	-40	0	0
5	-35	0	0
5	-30	0	0
5	-25	0	0
5	-20	0	0
5	-15	0	0
5	-10	0	0
5	-5	0	0
5	0	0	0
5	5	0	0
5	10	0	0
5	15	0	0
5	20	0	0
5	25	0	0
5	30	0	0
5	35	0	0
5	40	0	0
5	45	0	0
5	50	0	0
5	55	0	0
5	60	0	0
5	65	0	0
5	70	0	0
5	75	0	0
5	80	0	0
5	85	0	0
5	90	0	0
5	95	0	0
5	100	0	0
5	105	0	0
5	110	0	0
5	115	0	0
5	120	0	0
5	125	0	0
5	130	0	0
5	135	0	0
5	140	0	0
5	145	0	0
5	150	0	0
5	155	0	0
5	160	0	0
5	165	0	0
5	170	0	0
5	175	0	0
10	-180	0	0
10	-175	0	0
10	-170	0	0
10	-165	0	0
10	-160	0	0
10	-155	0	0
10	-150	0	0
10	-145	0	0
10	-140	0	0
10	-135	0	0
10	-130	0	0
10	-125	0	0
10	-120	0	0
10	-115	0	0
10	-110	0	0
10	-105	0	0
10	-100	0	0
10	-95	0	0
10	-90	0	0
10	-85	0	0
10	-80	0	0
10	-75	0	0
10	-70	0	0
10	-65	136.0	1
10	-60	0	0
10	-55	0	0
10	-50	0	0
10	-45	0	0
10	-40	0	0
10	-35	0	0
10	-30	0	0
10	-25	0	0
10	-20	0	0
10	-15	0	0
10	-10	0	0
10	-5	0	0
10	0	0	0
10	5	0	0
10	10	0	0
10	15	0	0
10	20	0	0
10	25	0	0
10	30	0	0
10	35	0	0
10	40	0	0
10	45	0	0
10	50	0	0
10	55	0	0
10	60	0	0
10	65	0	0
10	70	0	0
10	75	0	0
10	80	0	0
10	85	0	0
10	90	0	0
10	95	0	0
10	100	0	0
10	105	0	0
10	110	0	0
10	115	0	0
10	120	0	0
10	125	0	0
10	130	0	0
10	135	0	0
10	140	0	0
10	145	0	0
10	150	0	0
10	155	0	0
10	160	0	0
10	165	0	0
10	170	0	0
10	175	0	0
15	-180	0	0
15	-175	0	0
15	-170	0	0
15	-165	0	0
15	-160	0	0
15	-155	0	0
15	-150	0	0
15	-145	0	0
15	-140	0	0
15	-135	0	0
15	-130	0	0
15	-125	0	0
15	-120	0	0
15	-115	0	0
15	-110	0	0
15	-105	0	0
15	-100	0	0
15	-95	0	0
15	-90	0	0
15	-85	0	0
15	-80	0	0
15	-75	0	0
15	-70	0	0
15	-65	0	0
15	-60	0	0
15	-55	0	0
15	-50	0	0
15	-45	0	0
15	-40	0	0
15	-35	0	0
15	-30	0	0
15	-25	0	0
15	-20	0	0
15	-15	0	0
15	-10	0	0
15	-5	0	0
15	0	0	0
15	5	0	0
15	10	0	0
15	15	0	0
15	20	0	0
15	25	0	0
15	30	0	0
15	35	0	0
15	40	0	0
15	45	0	0
15	50	0	0
15	55	0	0
15	60	0	0
15	65	0	0
15	70	0	0
15	75	0	0
15	80	0	0
15	85	0	0
15	90	0	0
15	95	0	0
15	100	0	0
15	105	0	0
15	110	0	0
15	115	0	0
15	120	0	0
15	125	0	0
15	130	0	0
15	135	0	0
15	140	0	0
15	145	0	0
15	150	0	0
15	155	0	0
15	160	0	0
15	165	0	0
15	170	0	0
15	175	0	0
20	-180	0	0
20	-175	0	0
20	-170	0	0
20	-165	0	0
20	-160	0	0
20	-155	0	0
20	-150	0	0
20	-145	0	0
20	-140	0	0
20	-135	0	0
20	-130	0	0
20	-125	0	0
20	-120	0	0
20	-115	0	0
20	-110	0	0
20	-105	0	0
20	-100	0	0
20	-95	0	0
20	-90	0	0
20	-85	0	0
20	-80	0	0
20	-75	0	0
20	-70	0	0
20	-65	0	0
20	-60	0	0
20	-55	0	0
20	-50	0	0
20	-45	0	0
20	-40	0	0
20	-35	0	0
20	-30	0	0
20	-25	0	0
20	-20	0	0
20	-15	0	0
20	-10	0	0
20	-5	0	0
20	0	0	0
20	5	0	0
20	10	0	0
20	15	0	0
20	20	0	0
20	25	0	0
20	30	0	0
20	35	0	0
20	40	0	0
20	45	0	0
20	50	0	0
20	55	0	0
20	60	0	0
20	65	0	0
20	70	0	0
20	75	166.0	1
20	80	0	0
20	85	0	0
20	90	0	0
20	95	0	0
20	100	0	0
20	105	0	0
20	110	0	0
20	115	0	0
20	120	0	0
20	125	0	0
20	130	0	0
20	135	0	0
20	140	0	0
20	145	0	0
20	150	0	0
20	155	0	0
20	160	0	0
20	165	0	0
20	170	0	0
20	175	0	0
25	-180	0	0
25	-175	0	0
25	-170	0	0
25	-165	0	0
25	-160	0	0
25	-155	0	0
25	-150	0	0
25	-145	0	0
25	-140	0	0
25	-135	0	0
25	-130	0	0
25	-125	0	0
25	-120	0	0
25	-115	0	0
25	-110	0	0
25	-105	0	0
25	-100	0	0
25	-95	0	0
25	-90	0	0
25	-85	0	0
25	-80	0	0
25	-75	0	0
25	-70	0	0
25	-65	0	0
25	-60	0	0
25	-55	0	0
25	-50	0	0
25	-45	0	0
25	-40	0	0
25	-35	0	0
25	-30	0	0
25	-25	0	0
25	-20	0	0
25	-15	0	0
25	-10	0	0
25	-5	0	0
25	0	0	0
25	5	0	0
25	10	0	0
25	15	0	0
25	20	0	0
25	25	0	0
25	30	0	0
25	35	0	0
25	40	0	0
25	45	0	0
25	50	0	0
25	55	0	0
25	60	129.0	1
25	65	0	0
25	70	0	0
25	75	0	0
25	80	0	0
25	85	0	0
25	90	0	0
25	95	0	0
25	100	0	0
25	105	0	0
25	110	0	0
25	115	0	0
25	120	0	0
25	125	0	0
25	130	0	0
25	135	0	0
25	140	0	0
25	145	0	0
25	150	0	0
25	155	0	0
25	160	0	0
25	165	0	0
25	170	0	0
25	175	0	0
30	-180	0	0
30	-175	0	0
30	-170	0	0
30	-165	0	0
30	-160	0	0
30	-155	0	0
30	-150	0	0
30	-145	0	0
30	-140	0	0
30	-135	0	0
30	-130	0	0
30	-125	0	0
30	-120	0	0
30	-115	0	0
30	-110	0	0
30	-105	0	0
30	-100	0	0
30	-95	0	0
30	-90	0	0
30	-85	0	0
30	-80	0	0
30	-75	0	0
30	-70	0	0
30	-65	0	0
30	-60	0	0
30	-55	0	0
30	-50	0	0
30	-45	0	0
30	-40	0	0
30	-35	0	0
30	-30	0	0
30	-25	0	0
30	-20	0	0
30	-15	0	0
30	-10	0	0
30	-5	0	0
30	0	0	0
30	5	0	0
30	10	0	0
30	15	0	0
30	20	0	0
30	25	0	0
30	30	0	0
30	35	0	0
30	40	0	0
30	45	0	0
30	50	0	0
30	55	0	0
30	60	0	0
30	65	0	0
30	70	0	0
30	75	0	0
30	80	0	0
30	85	0	0
30	90	0	0
30	95	0	0
30	100	0	0
30	105	0	0
30	110	0	0
30	115	0	0
30	120	0	0
30	125	0	0
30	130	0	0
30	135	0	0
30	140	0	0
30	145	0	0
30	150	0	0
30	155	0	0
30	160	0	0
30	165	0	0
30	170	0	0
30	175	0	0
35	-180	0	0
35	-175	0	0
35	-170	0	0
35	-165	0	0
35	-160	0	0
35	-155	0	0
35	-150	0	0
35	-145	0	0
35	-140	0	0
35	-135	0	0
35	-130	0	0
35	-125	0	0
35	-120	0	0
35	-115	0	0
35	-110	149.0	2
35	-105	0	0
35	-100	0	0
35	-95	0	0
35	-90	0	0
35	-85	0	0
35	-80	0	0
35	-75	0	0
35	-70	0	0
35	-65	0	0
35	-60	0	0
35	-55	0	0
35	-50	0	0
35	-45	0	0
35	-40	0	0
35	-35	0	0
35	-30	0	0
35	-25	0	0
35	-20	0	0
35	-15	0	0
35	-10	0	0
35	-5	0	0
35	0	0	0
35	5	0	0
35	10	0	0
35	15	0	0
35	20	0	0
35	25	0	0
35	30	0	0
35	35	0	0
35	40	0	0
35	45	73.0	1
35	50	134.0	5
35	55	165.0	5
35	60	43.0	1
35	65	135.0	2
35	70	0	0
35	75	0	0
35	80	0	0
35	85	7.0	1
35	90	0	0
35	95	0	0
35	100	0	0
35	105	0	0
35	110	0	0
35	115	0	0
35	120	0	0
35	125	0	0
35	130	0	0
35	135	0	0
35	140	0	0
35	145	0	0
35	150	0	0
35	155	0	0
35	160	0	0
35	165	0	0
35	170	0	0
35	175	0	0
40	-180	0	0
40	-175	0	0
40	-170	0	0
40	-165	0	0
40	-160	0	0
40	-155	0	0
40	-150	0	0
40	-145	0	0
40	-140	0	0
40	-135	161.0	2
40	-130	155.0	2
40	-125	75.0	2
40	-120	0	0
40	-115	0	0
40	-110	159.0	1
40	-105	0	0
40	-100	0	0
40	-95	0	0
40	-90	0	0
40	-85	0	0
40	-80	0	0
40	-75	0	0
40	-70	0	0
40	-65	0	0
40	-60	0	0
40	-55	0	0
40	-50	0	0
40	-45	0	0
40	-40	0	0
40	-35	0	0
40	-30	0	0
40	-25	0	0
40	-20	0	0
40	-15	0	0
40	-10	0	0
40	-5	0	0
40	0	0	0
40	5	0	0
40	10	0	0
40	15	0	0
40	20	0	0
40	25	0	0
40	30	0	0
40	35	114.0	3
40	40	140.0	6
40	45	148.0	11
40	50	162.0	11
40	55	148.0	15
40	60	170.0	3
40	65	146.0	2
40	70	0	0
40	75	0	0
40	80	0	0
40	85	0	0
40	90	0	0
40	95	0	0
40	100	0	0
40	105	0	0
40	110	0	0
40	115	0	0
40	120	0	0
40	125	0	0
40	130	0	0
40	135	0	0
40	140	0	0
40	145	0	0
40	150	0	0
40	155	0	0
40	160	0	0
40	165	0	0
40	170	0	0
40	175	0	0
45	-180	0	0
45	-175	0	0
45	-170	0	0
45	-165	0	0
45	-160	0	0
45	-155	0	0
45	-150	0	0
45	-145	118.0	1
45	-140	0	0
45	-135	145.0	2
45	-130	154.0	5
45	-125	149.0	4
45	-120	128.0	3
45	-115	0	0
45	-110	4.0	1
45	-105	0	0
45	-100	0	0
45	-95	0	0
45	-90	0	0
45	-85	0	0
45	-80	0	0
45	-75	0	0
45	-70	0	0
45	-65	0	0
45	-60	0	0
45	-55	0	0
45	-50	0	0
45	-45	0	0
45	-40	0	0
45	-35	0	0
45	-30	0	0
45	-25	154.0	1
45	-20	0	0
45	-15	0	0
45	-10	0	0
45	-5	0	0
45	0	0	0
45	5	0	0
45	10	96.0	1
45	15	0	0
45	20	0	0
45	25	147.0	4
45	30	153.0	3
45	35	156.0	18
45	40	171.0	53
45	45	170.0	53
45	50	166.0	43
45	55	148.0	26
45	60	111.0	5
45	65	0	0
45	70	87.0	1
45	75	0	0
45	80	0	0
45	85	0	0
45	90	0	0
45	95	0	0
45	100	0	0
45	105	0	0
45	110	0	0
45	115	0	0
45	120	0	0
45	125	0	0
45	130	0	0
45	135	0	0
45	140	0	0
45	145	0	0
45	150	0	0
45	155	0	0
45	160	0	0
45	165	0	0
45	170	0	0
45	175	0	0
50	-180	0	0
50	-175	0	0
50	-170	0	0
50	-165	0	0
50	-160	0	0
50	-155	0	0
50	-150	0	0
50	-145	5.0	1
50	-140	75.0	4
50	-135	150.0	5
50	-130	131.0	5
50	-125	140.0	3
50	-120	164.0	5
50	-115	105.0	1
50	-110	0	0
50	-105	0	0
50	-100	59.0	1
50	-95	0	0
50	-90	0	0
50	-85	0	0
50	-80	0	0
50	-75	0	0
50	-70	0	0
50	-65	0	0
50	-60	0	0
50	-55	0	0
50	-50	0	0
50	-45	0	0
50	-40	0	0
50	-35	0	0
50	-30	0	0
50	-25	0	0
50	-20	0	0
50	-15	0	0
50	-10	0	0
50	-5	0	0
50	0	0	0
50	5	0	0
50	10	3.0	1
50	15	156.0	1
50	20	129.0	6
50	25	168.0	13
50	30	156.0	30
50	35	170.0	71
50	40	174.0	97
50	45	171.0	82
50	50	168.0	48
50	55	159.0	25
50	60	141.0	9
50	65	0	0
50	70	61.0	1
50	75	0	0
50	80	31.0	1
50	85	0	0
50	90	0	0
50	95	0	0
50	100	0	0
50	105	0	0
50	110	0	0
50	115	0	0
50	120	0	0
50	125	0	0
50	130	0	0
50	135	0	0
50	140	0	0
50	145	0	0
50	150	0	0
50	155	0	0
50	160	0	0
50	165	0	0
50	170	0	0
50	175	0	0
55	-180	0	0
55	-175	0	0
55	-170	0	0
55	-165	0	0
55	-160	36.0	1
55	-155	61.0	1
55	-150	57.0	1
55	-145	85.0	1
55	-140	72.0	1
55	-135	77.0	4
55	-130	141.0	3
55	-125	158.0	3
55	-120	172.0	5
55	-115	138.0	1
55	-110	134.0	1
55	-105	0	0
55	-100	0	0
55	-95	0	0
55	-90	0	0
55	-85	0	0
55	-80	0	0
55	-75	0	0
55	-70	0	0
55	-65	0	0
55	-60	0	0
55	-55	0	0
55	-50	0	0
55	-45	0	0
55	-40	0	0
55	-35	0	0
55	-30	0	0
55	-25	0	0
55	-20	0	0
55	-15	154.0	1
55	-10	0	0
55	-5	0	0
55	0	0	0
55	5	0	0
55	10	65.0	1
55	15	177.0	6
55	20	154.0	17
55	25	159.0	34
55	30	167.0	65
55	35	167.0	74
55	40	166.0	74
55	45	156.0	47
55	50	148.0	26
55	55	153.0	22
55	60	141.0	9
55	65	160.0	5
55	70	125.0	2
55	75	89.0	1
55	80	0	0
55	85	0	0
55	90	0	0
55	95	0	0
55	100	0	0
55	105	0	0
55	110	0	0
55	115	0	0
55	120	0	0
55	125	0	0
55	130	107.0	1
55	135	0	0
55	140	0	0
55	145	0	0
55	150	0	0
55	155	0	0
55	160	0	0
55	165	0	0
55	170	0	0
55	175	0	0
60	-180	0	0
60	-175	72.0	1
60	-170	0	0
60	-165	0	0
60	-160	87.0	2
60	-155	61.0	1
60	-150	0	0
60	-145	0	0
60	-140	22.0	1
60	-135	135.0	1
60	-130	0	0
60	-125	139.0	3
60	-120	77.0	1
60	-115	0	0
60	-110	159.0	2
60	-105	0	0
60	-100	0	0
60	-95	0	0
60	-90	81.0	1
60	-85	0	0
60	-80	0	0
60	-75	0	0
60	-70	0	0
60	-65	0	0
60	-60	0	0
60	-55	0	0
60	-50	110.0	1
60	-45	0	0
60	-40	0	0
60	-35	0	0
60	-30	0	0
60	-25	0	0
60	-20	0	0
60	-15	0	0
60	-10	0	0
60	-5	0	0
60	0	120.0	3
60	5	168.0	2
60	10	146.0	14
60	15	178.0	24
60	20	159.0	36
60	25	161.0	27
60	30	173.0	37
60	35	160.0	32
60	40	161.0	28
60	45	174.0	9
60	50	164.0	9
60	55	85.0	2
60	60	112.0	3
60	65	95.0	5
60	70	63.0	2
60	75	0	0
60	80	101.0	1
60	85	0	0
60	90	0	0
60	95	0	0
60	100	144.0	1
60	105	0	0
60	110	0	0
60	115	0	0
60	120	0	0
60	125	0	0
60	130	0	0
60	135	0	0
60	140	0	0
60	145	0	0
60	150	0	0
60	155	0	0
60	160	0	0
60	165	30.0	1
60	170	14.0	1
60	175	0	0
65	-180	0	0
65	-175	0	0
65	-170	21.0	2
65	-165	0	0
65	-160	0	0
65	-155	0	0
65	-150	0	0
65	-145	0	0
65	-140	0	0
65	-135	0	0
65	-130	39.0	1
65	-125	151.0	2
65	-120	0	0
65	-115	0	0
65	-110	87.0	1
65	-105	0	0
65	-100	0	0
65	-95	127.0	1
65	-90	0	0
65	-85	0	0
65	-80	147.0	1
65	-75	0	0
65	-70	0	0
65	-65	0	0
65	-60	0	0
65	-55	145.0	1
65	-50	0	0
65	-45	0	0
65	-40	0	0
65	-35	156.0	2
65	-30	0	0
65	-25	0	0
65	-20	35.0	1
65	-15	0	0
65	-10	0	0
65	-5	159.0	2
65	0	178.0	8
65	5	153.0	19
65	10	168.0	28
65	15	165.0	23
65	20	157.0	20
65	25	159.0	22
65	30	153.0	12
65	35	150.0	7
65	40	88.0	6
65	45	0	0
65	50	118.0	8
65	55	135.0	4
65	60	2.0	1
65	65	94.0	3
65	70	0	0
65	75	133.0	1
65	80	25.0	1
65	85	43.0	1
65	90	58.0	1
65	95	0	0
65	100	0	0
65	105	0	0
65	110	0	0
65	115	0	0
65	120	0	0
65	125	0	0
65	130	0	0
65	135	0	0
65	140	0	0
65	145	0	0
65	150	0	0
65	155	0	0
65	160	1.0	1
65	165	0	0
65	170	33.0	1
65	175	61.0	1
70	-180	0	1
70	-175	70.0	2
70	-170	0	0
70	-165	0	0
70	-160	0	0
70	-155	26.0	1
70	-150	0	0
70	-145	0	0
70	-140	0	0
70	-135	162.0	1
70	-130	0	0
70	-125	0	0
70	-120	0	0
70	-115	0	0
70	-110	0	0
70	-105	0	0
70	-100	0	0
70	-95	0	0
70	-90	0	0
70	-85	0	0
70	-80	4.0	2
70	-75	6.0	1
70	-70	0	0
70	-65	120.0	1
70	-60	50.0	2
70	-55	0	0
70	-50	99.0	1
70	-45	0	0
70	-40	0	0
70	-35	0	0
70	-30	36.0	1
70	-25	0	0
70	-20	0	0
70	-15	144.0	1
70	-10	155.0	2
70	-5	145.0	8
70	0	153.0	18
70	5	143.0	14
70	10	173.0	14
70	15	154.0	14
70	20	152.0	12
70	25	119.0	5
70	30	153.0	4
70	35	119.0	1
70	40	0	0
70	45	0	0
70	50	0	0
70	55	0	0
70	60	0	0
70	65	0	0
70	70	0	0
70	75	0	0
70	80	65.0	2
70	85	0	0
70	90	0	0
70	95	67.0	1
70	100	0	0
70	105	0	0
70	110	0	0
70	115	0	0
70	120	0	0
70	125	0	0
70	130	0	0
70	135	0	0
70	140	0	0
70	145	0	0
70	150	0	0
70	155	0	0
70	160	0	0
70	165	4.0	1
70	170	91.0	1
70	175	0	0
75	-180	0	0
75	-175	0	0
75	-170	0	0
75	-165	6.0	1
75	-160	0	0
75	-155	0	0
75	-150	0	0
75	-145	0	0
75	-140	0	0
75	-135	0	0
75	-130	146.0	1
75	-125	0	0
75	-120	0	0
75	-115	0	0
75	-110	0	0
75	-105	0	0
75	-100	179.0	1
75	-95	0	0
75	-90	0	0
75	-85	0	0
75	-80	0	0
75	-75	0	0
75	-70	75.0	1
75	-65	0	0
75	-60	101.0	1
75	-55	0	0
75	-50	119.0	1
75	-45	0	0
75	-40	0	0
75	-35	148.0	1
75	-30	144.0	2
75	-25	0	0
75	-20	0	0
75	-15	0	0
75	-10	149.0	4
75	-5	154.0	7
75	0	146.0	10
75	5	148.0	5
75	10	145.0	8
75	15	117.0	2
75	20	136.0	3
75	25	0	0
75	30	0	0
75	35	0	0
75	40	76.0	1
75	45	0	0
75	50	4.0	1
75	55	0	0
75	60	0	0
75	65	0	0
75	70	0	0
75	75	23.0	1
75	80	0	0
75	85	0	0
75	90	0	0
75	95	0	0
75	100	0	0
75	105	38.0	2
75	110	0	0
75	115	0	0
75	120	0	0
75	125	0	0
75	130	0	0
75	135	0	0
75	140	0	1
75	145	0	0
75	150	0	0
75	155	41.0	1
75	160	0	0
75	165	0	0
75	170	0	0
75	175	0	0
80	-180	0	0
80	-175	0	0
80	-170	0	0
80	-165	0	0
80	-160	0	0
80	-155	0	0
80	-150	0	0
80	-145	0	0
80	-140	0	0
80	-135	0	0
80	-130	0	0
80	-125	0	0
80	-120	0	0
80	-115	0	0
80	-110	0	0
80	-105	0	0
80	-100	0	0
80	-95	0	0
80	-90	0	0
80	-85	0	0
80	-80	0	0
80	-75	0	0
80	-70	0	0
80	-65	0	0
80	-60	0	0
80	-55	16.0	1
80	-50	0	0
80	-45	0	0
80	-40	0	0
80	-35	0	0
80	-30	0	0
80	-25	0	0
80	-20	51.0	1
80	-15	155.0	4
80	-10	171.0	4
80	-5	24.0	1
80	0	0	0
80	5	119.0	2
80	10	0	0
80	15	0	0
80	20	68.0	2
80	25	0	0
80	30	0	0
80	35	0	0
80	40	0	0
80	45	0	0
80	50	0	0
80	55	0	0
80	60	0	0
80	65	0	0
80	70	0	0
80	75	0	0
80	80	0	0
80	85	0	0
80	90	0	0
80	95	7.0	1
80	100	0	0
80	105	0	0
80	110	0	0
80	115	0	0
80	120	0	0
80	125	0	0
80	130	0	0
80	135	0	0
80	140	0	0
80	145	0	0
80	150	0	0
80	155	0	0
80	160	15.0	1
80	165	3.0	1
80	170	0	0
80	175	0	0
85	-180	0	0
85	-175	0	0
85	-170	117.0	1
85	-165	0	0
85	-160	0	0
85	-155	0	0
85	-150	0	0
85	-145	0	0
85	-140	0	0
85	-135	0	0
85	-130	0	0
85	-125	0	0
85	-120	0	0
85	-115	0	0
85	-110	0	0
85	-105	0	0
85	-100	0	0
85	-95	0	0
85	-90	0	0
85	-85	0	0
85	-80	0	0
85	-75	0	0
85	-70	0	0
85	-65	0	0
85	-60	0	0
85	-55	0	0
85	-50	0	0
85	-45	0	0
85	-40	177.0	1
85	-35	0	0
85	-30	0	0
85	-25	139.0	1
85	-20	0	0
85	-15	0	0
85	-10	0	0
85	-5	119.0	2
85	0	0	0
85	5	0	0
85	10	0	0
85	15	0	0
85	20	0	0
85	25	3.0	1
85	30	0	0
85	35	0	0
85	40	0	0
85	45	0	0
85	50	0	0
85	55	0	0
85	60	0	0
85	65	0	0
85	70	0	0
85	75	0	0
85	80	0	0
85	85	0	0
85	90	0	0
85	95	0	0
85	100	0	0
85	105	0	0
85	110	0	0
85	115	0	0
85	120	0	0
85	125	0	0
85	130	0	0
85	135	0	0
85	140	0	0
85	145	0	0
85	150	0	0
85	155	0	0
85	160	0	0
85	165	6.0	1
85	170	0	0
85	175	0	0
90	-180	0	0
90	-175	0	0
90	-170	0	0
90	-165	0	0
90	-160	0	0
90	-155	0	0
90	-150	0	0
90	-145	0	0
90	-140	0	0
90	-135	0	0
90	-130	0	0
90	-125	0	0
90	-120	0	0
90	-115	0	0
90	-110	0	0
90	-105	0	0
90	-100	0	0
90	-95	0	0
90	-90	0	0
90	-85	0	0
90	-80	0	0
90	-75	0	0
90	-70	0	0
90	-65	0	0
90	-60	0	0
90	-55	0	0
90	-50	0	0
90	-45	0	0
90	-40	0	0
90	-35	0	0
90	-30	0	0
90	-25	0	0
90	-20	0	0
90	-15	0	0
90	-10	155.0	2
90	-5	0	0
90	0	0	0
90	5	0	0
90	10	0	0
90	15	0	0
90	20	0	0
90	25	0	0
90	30	0	0
90	35	0	0
90	40	0	0
90	45	0	0
90	50	0	0
90	55	0	0
90	60	0	0
90	65	0	0
90	70	0	0
90	75	0	0
90	80	0	0
90	85	0	0
90	90	0	0
90	95	0	0
90	100	0	0
90	105	0	0
90	110	141.0	1
90	115	0	0
90	120	0	0
90	125	0	0
90	130	0	0
90	135	0	0
90	140	0	0
90	145	0	0
90	150	0	0
90	155	0	0
90	160	0	0
90	165	0	0
90	170	0	0
90	175	0	0
95	-180	0	0
95	-175	0	0
95	-170	0	0
95	-165	0	0
95	-160	0	0
95	-155	0	0
95	-150	0	0
95	-145	0	0
95	-140	0	0
95	-135	0	0
95	-130	0	0
95	-125	0	0
95	-120	0	0
95	-115	0	0
95	-110	0	0
95	-105	0	0
95	-100	0	0
95	-95	0	0
95	-90	0	0
95	-85	0	0
95	-80	0	0
95	-75	0	0
95	-70	0	0
95	-65	0	0
95	-60	0	0
95	-55	0	0
95	-50	0	0
95	-45	0	0
95	-40	0	0
95	-35	0	0
95	-30	0	0
95	-25	0	0
95	-20	33.0	1
95	-15	0	0
95	-10	0	0
95	-5	0	0
95	0	0	0
95	5	0	0
95	10	0	0
95	15	0	0
95	20	0	0
95	25	0	0
95	30	0	0
95	35	0	0
95	40	0	0
95	45	0	0
95	50	0	0
95	55	0	0
95	60	0	0
95	65	0	0
95	70	0	0
95	75	0	0
95	80	0	0
95	85	0	0
95	90	0	0
95	95	0	0
95	100	0	0
95	105	0	0
95	110	0	0
95	115	0	0
95	120	0	0
95	125	0	0
95	130	0	0
95	135	0	0
95	140	0	0
95	145	0	0
95	150	0	0
95	155	0	0
95	160	0	0
95	165	0	0
95	170	0	0
95	175	0	0
100	-180	0	0
100	-175	0	0
100	-170	0	0
100	-165	0	0
100	-160	0	0
100	-155	0	0
100	-150	0	0
100	-145	0	0
100	-140	0	0
100	-135	0	0
100	-130	0	0
100	-125	0	0
100	-120	0	0
100	-115	0	0
100	-110	0	0
100	-105	0	0
100	-100	0	0
100	-95	0	0
100	-90	0	0
100	-85	0	0
100	-80	0	0
100	-75	0	0
100	-70	0	0
100	-65	0	0
100	-60	0	0
100	-55	0	0
100	-50	0	0
100	-45	0	0
100	-40	0	0
100	-35	0	0
100	-30	0	0
100	-25	0	0
100	-20	0	0
100	-15	0	0
100	-10	0	0
100	-5	0	0
100	0	0	0
100	5	0	0
100	10	0	0
100	15	0	0
100	20	0	0
100	25	0	0
100	30	0	0
100	35	0	0
100	40	87.0	1
100	45	0	0
100	50	0	0
100	55	0	0
100	60	0	0
100	65	0	0
100	70	0	0
100	75	0	0
100	80	0	0
100	85	0	0
100	90	0	0
100	95	0	0
100	100	0	0
100	105	0	0
100	110	0	0
100	115	0	0
100	120	0	0
100	125	0	0
100	130	0	0
100	135	0	0
100	140	0	0
100	145	0	0
100	150	0	0
100	155	0	0
100	160	0	0
100	165	0	0
100	170	0	0
100	175	0	0
105	-180	0	0
105	-175	0	0
105	-170	0	0
105	-165	0	0
105	-160	0	0
105	-155	0	0
105	-150	0	0
105	-145	0	0
105	-140	0	0
105	-135	0	0
105	-130	0	0
105	-125	0	0
105	-120	0	0
105	-115	0	0
105	-110	0	0
105	-105	0	0
105	-100	0	0
105	-95	0	0
105	-90	0	0
105	-85	0	0
105	-80	0	0
105	-75	0	0
105	-70	0	0
105	-65	0	0
105	-60	0	0
105	-55	0	0
105	-50	0	0
105	-45	0	0
105	-40	0	0
105	-35	0	0
105	-30	0	0
105	-25	0	0
105	-20	0	0
105	-15	0	0
105	-10	0	0
105	-5	0	0
105	0	0	0
105	5	0	0
105	10	0	0
105	15	0	0
105	20	0	0
105	25	0	0
105	30	0	0
105	35	0	0
105	40	0	0
105	45	0	0
105	50	0	0
105	55	0	0
105	60	0	0
105	65	0	0
105	70	0	0
105	75	0	0
105	80	0	0
105	85	0	0
105	90	0	0
105	95	0	0
105	100	0	0
105	105	0	0
105	110	0	0
105	115	0	0
105	120	0	0
105	125	0	0
105	130	0	0
105	135	0	0
105	140	0	0
105	145	0	0
105	150	0	0
105	155	0	0
105	160	58.0	1
105	165	0	0
105	170	0	0
105	175	0	0
110	-180	0	0
110	-175	0	0
110	-170	0	0
110	-165	0	0
110	-160	0	0
110	-155	0	0
110	-150	0	0
110	-145	0	0
110	-140	0	0
110	-135	0	0
110	-130	0	0
110	-125	0	0
110	-120	0	0
110	-115	0	0
110	-110	0	0
110	-105	0	0
110	-100	0	0
110	-95	0	0
110	-90	0	0
110	-85	0	0
110	-80	0	0
110	-75	0	0
110	-70	0	0
110	-65	0	0
110	-60	0	0
110	-55	0	0
110	-50	0	0
110	-45	0	0
110	-40	0	0
110	-35	0	0
110	-30	0	0
110	-25	0	0
110	-20	0	0
110	-15	0	0
110	-10	0	0
110	-5	0	0
110	0	0	0
110	5	0	0
110	10	0	0
110	15	0	0
110	20	0	0
110	25	0	0
110	30	0	0
110	35	0	0
110	40	0	0
110	45	0	0
110	50	0	0
110	55	0	0
110	60	0	0
110	65	0	0
110	70	0	0
110	75	0	0
110	80	0	0
110	85	0	0
110	90	0	0
110	95	0	0
110	100	0	0
110	105	0	0
110	110	0	0
110	115	0	0
110	120	0	0
110	125	0	0
110	130	0	0
110	135	0	0
110	140	0	0
110	145	0	0
110	150	0	0
110	155	0	0
110	160	0	0
110	165	0	0
110	170	42.0	1
110	175	0	0
115	-180	0	0
115	-175	0	0
115	-170	0	0
115	-165	0	0
115	-160	0	0
115	-155	0	0
115	-150	0	0
115	-145	0	0
115	-140	0	0
115	-135	0	0
115	-130	0	0
115	-125	0	0
115	-120	0	0
115	-115	0	0
115	-110	0	0
115	-105	0	0
115	-100	0	0
115	-95	0	0
115	-90	0	0
115	-85	0	0
115	-80	0	0
115	-75	0	0
115	-70	0	0
115	-65	0	0
115	-60	0	0
115	-55	0	0
115	-50	0	0
115	-45	0	0
115	-40	0	0
115	-35	0	0
115	-30	0	0
115	-25	0	0
115	-20	0	0
115	-15	0	0
115	-10	0	0
115	-5	0	0
115	0	150.0	1
115	5	0	0
115	10	0	0
115	15	0	0
115	20	0	0
115	25	153.0	1
115	30	0	0
115	35	0	0
115	40	0	0
115	45	0	0
115	50	0	0
115	55	0	0
115	60	0	0
115	65	0	0
115	70	0	0
115	75	0	0
115	80	0	0
115	85	0	0
115	90	0	0
115	95	0	0
115	100	0	0
115	105	0	0
115	110	0	0
115	115	0	0
115	120	0	0
115	125	0	0
115	130	0	0
115	135	0	0
115	140	0	0
115	145	0	0
115	150	0	0
115	155	0	0
115	160	0	0
115	165	0	0
115	170	0	0
115	175	0	0
120	-180	0	0
120	-175	0	0
120	-170	0	0
120	-165	0	0
120	-160	0	0
120	-155	0	0
120	-150	0	0
120	-145	0	0
120	-140	0	0
120	-135	0	0
120	-130	0	0
120	-125	0	0
120	-120	0	0
120	-115	0	0
120	-110	0	0
120	-105	0	0
120	-100	0	0
120	-95	0	0
120	-90	0	0
120	-85	0	0
120	-80	0	0
120	-75	0	0
120	-70	0	0
120	-65	0	0
120	-60	0	0
120	-55	0	0
120	-50	0	0
120	-45	0	0
120	-40	0	0
120	-35	0	0
120	-30	0	0
120	-25	0	0
120	-20	0	0
120	-15	0	0
120	-10	0	0
120	-5	0	0
120	0	0	0
120	5	0	0
120	10	0	0
120	15	0	0
120	20	0	0
120	25	0	0
120	30	0	0
120	35	0	0
120	40	0	0
120	45	0	0
120	50	0	0
120	55	0	0
120	60	0	0
120	65	0	0
120	70	0	0
120	75	0	0
120	80	0	0
120	85	0	0
120	90	0	0
120	95	0	0
120	100	0	0
120	105	0	0
120	110	0	0
120	115	0	0
120	120	0	0
120	125	0	0
120	130	0	0
120	135	0	0
120	140	0	0
120	145	0	0
120	150	0	0
120	155	0	0
120	160	0	0
120	165	0	0
120	170	0	0
120	175	0	0
125	-180	0	0
125	-175	0	0
125	-170	0	0
125	-165	0	0
125	-160	0	0
125	-155	0	0
125	-150	0	0
125	-145	0	0
125	-140	0	0
125	-135	0	0
125	-130	0	0
125	-125	0	0
125	-120	0	0
125	-115	0	0
125	-110	0	0
125	-105	0	0
125	-100	0	0
125	-95	0	0
125	-90	0	0
125	-85	0	0
125	-80	0	0
125	-75	0	0
125	-70	0	0
125	-65	0	0
125	-60	0	0
125	-55	0	0
125	-50	0	0
125	-45	0	0
125	-40	0	0
125	-35	0	0
125	-30	0	0
125	-25	0	0
125	-20	0	0
125	-15	0	0
125	-10	0	0
125	-5	0	0
125	0	0	0
125	5	0	0
125	10	0	0
125	15	0	0
125	20	0	0
125	25	0	0
125	30	0	0
125	35	0	0
125	40	0	0
125	45	0	0
125	50	0	0
125	55	0	0
125	60	0	0
125	65	0	0
125	70	0	0
125	75	0	0
125	80	0	0
125	85	0	0
125	90	0	0
125	95	0	0
125	100	0	0
125	105	0	0
125	110	0	0
125	115	0	0
125	120	0	0
125	125	0	0
125	130	0	0
125	135	0	0
125	140	0	0
125	145	0	0
125	150	0	0
125	155	0	0
125	160	0	0
125	165	0	0
125	170	0	0
125	175	0	0
130	-180	0	0
130	-175	0	0
130	-170	0	0
130	-165	0	0
130	-160	0	0
130	-155	0	0
130	-150	0	0
130	-145	0	0
130	-140	0	0
130	-135	0	0
130	-130	0	0
130	-125	0	0
130	-120	0	0
130	-115	0	0
130	-110	0	0
130	-105	0	0
130	-100	0	0
130	-95	0	0
130	-90	0	0
130	-85	0	0
130	-80	0	0
130	-75	0	0
130	-70	0	0
130	-65	0	0
130	-60	0	0
130	-55	0	0
130	-50	0	0
130	-45	16.0	1
130	-40	0	0
130	-35	0	0
130	-30	0	0
130	-25	0	0
130	-20	0	0
130	-15	0	0
130	-10	0	0
130	-5	0	0
130	0	0	0
130	5	0	0
130	10	0	0
130	15	0	0
130	20	0	0
130	25	0	0
130	30	0	0
130	35	0	0
130	40	0	0
130	45	0	0
130	50	0	0
130	55	0	0
130	60	0	0
130	65	0	0
130	70	0	0
130	75	0	0
130	80	0	0
130	85	0	0
130	90	0	0
130	95	0	0
130	100	0	0
130	105	0	0
130	110	0	0
130	115	0	0
130	120	0	0
130	125	0	0
130	130	0	0
130	135	0	0
130	140	0	0
130	145	0	0
130	150	0	0
130	155	0	0
130	160	0	0
130	165	0	0
130	170	0	0
130	175	0	0
135	-180	0	0
135	-175	0	0
135	-170	0	0
135	-165	0	0
135	-160	0	0
135	-155	0	0
135	-150	0	0
135	-145	0	0
135	-140	0	0
135	-135	0	0
135	-130	0	0
135	-125	0	0
135	-120	0	0
135	-115	0	0
135	-110	0	0
135	-105	0	0
135	-100	0	0
135	-95	0	0
135	-90	0	0
135	-85	0	0
135	-80	0	0
135	-75	0	0
135	-70	0	0
135	-65	0	0
135	-60	0	0
135	-55	0	0
135	-50	0	0
135	-45	0	0
135	-40	0	0
135	-35	0	0
135	-30	0	0
135	-25	0	0
135	-20	0	0
135	-15	0	0
135	-10	0	0
135	-5	0	0
135	0	0	0
135	5	0	0
135	10	0	0
135	15	0	0
135	20	0	0
135	25	0	0
135	30	0	0
135	35	0	0
135	40	0	0
135	45	0	0
135	50	0	0
135	55	0	0
135	60	0	0
135	65	0	0
135	70	0	0
135	75	0	0
135	80	0	0
135	85	0	0
135	90	0	0
135	95	0	0
135	100	0	0
135	105	0	0
135	110	0	0
135	115	0	0
135	120	0	0
135	125	0	0
135	130	0	0
135	135	0	0
135	140	0	0
135	145	0	0
135	150	0	0
135	155	0	0
135	160	0	0
135	165	0	0
135	170	0	0
135	175	0	0
140	-180	0	0
140	-175	0	0
140	-170	0	0
140	-165	0	0
140	-160	0	0
140	-155	0	0
140	-150	0	0
140	-145	0	0
140	-140	0	0
140	-135	0	0
140	-130	0	0
140	-125	0	0
140	-120	0	0
140	-115	0	0
140	-110	0	0
140	-105	0	0
140	-100	0	0
140	-95	0	0
140	-90	0	0
140	-85	0	0
140	-80	0	0
140	-75	0	0
140	-70	0	0
140	-65	0	0
140	-60	0	0
140	-55	0	0
140	-50	0	0
140	-45	0	0
140	-40	6.0	1
140	-35	0	0
140	-30	0	0
140	-25	0	0
140	-20	0	0
140	-15	0	0
140	-10	0	0
140	-5	0	0
140	0	0	0
140	5	0	0
140	10	0	0
140	15	0	0
140	20	0	0
140	25	0	0
140	30	0	0
140	35	0	0
140	40	0	0
140	45	0	0
140	50	0	0
140	55	0	0
140	60	0	0
140	65	0	0
140	70	0	0
140	75	0	0
140	80	0	0
140	85	0	0
140	90	0	0
140	95	0	0
140	100	0	0
140	105	0	0
140	110	0	0
140	115	0	0
140	120	0	0
140	125	0	0
140	130	0	0
140	135	0	0
140	140	0	0
140	145	0	0
140	150	0	0
140	155	0	0
140	160	0	0
140	165	0	0
140	170	0	0
140	175	0	0
145	-180	0	0
145	-175	0	0
145	-170	0	0
145	-165	0	0
145	-160	0	0
145	-155	0	0
145	-150	0	0
145	-145	0	0
145	-140	0	0
145	-135	0	0
145	-130	0	0
145	-125	0	0
145	-120	0	0
145	-115	0	0
145	-110	0	0
145	-105	0	0
145	-100	0	0
145	-95	0	0
145	-90	0	0
145	-85	0	0
145	-80	0	0
145	-75	0	0
145	-70	0	0
145	-65	0	0
145	-60	0	0
145	-55	0	0
145	-50	0	0
145	-45	0	0
145	-40	0	0
145	-35	0	0
145	-30	0	0
145	-25	0	0
145	-20	0	0
145	-15	0	0
145	-10	0	0
145	-5	0	0
145	0	0	0
145	5	0	0
145	10	0	0
145	15	0	0
145	20	0	0
145	25	0	0
145	30	0	0
145	35	0	0
145	40	0	0
145	45	0	0
145	50	0	0
145	55	0	0
145	60	0	0
145	65	0	0
145	70	0	0
145	75	0	0
145	80	0	0
145	85	0	0
145	90	0	0
145	95	0	0
145	100	0	0
145	105	0	0
145	110	0	0
145	115	0	0
145	120	0	0
145	125	0	0
145	130	0	0
145	135	0	0
145	140	0	0
145	145	0	0
145	150	0	0
145	155	0	0
145	160	0	0
145	165	0	0
145	170	0	0
145	175	0	0
150	-180	90.0	1
150	-175	0	0
150	-170	0	0
150	-165	0	0
150	-160	0	0
150	-155	0	0
150	-150	0	0
150	-145	0	0
150	-140	0	0
150	-135	0	0
150	-130	0	0
150	-125	0	0
150	-120	0	0
150	-115	0	0
150	-110	0	0
150	-105	0	0
150	-100	0	0
150	-95	0	0
150	-90	0	0
150	-85	0	0
150	-80	0	0
150	-75	0	0
150	-70	0	0
150	-65	0	0
150	-60	0	0
150	-55	0	0
150	-50	0	0
150	-45	0	0
150	-40	0	0
150	-35	0	0
150	-30	0	0
150	-25	0	0
150	-20	0	0
150	-15	0	0
150	-10	0	0
150	-5	0	0
150	0	0	0
150	5	0	0
150	10	0	0
150	15	0	0
150	20	0	0
150	25	0	0
150	30	0	0
150	35	0	0
150	40	0	0
150	45	0	0
150	50	0	0
150	55	0	0
150	60	0	0
150	65	0	0
150	70	0	0
150	75	0	0
150	80	0	0
150	85	0	0
150	90	0	0
150	95	0	0
150	100	0	0
150	105	0	0
150	110	0	0
150	115	0	0
150	120	0	0
150	125	0	0
150	130	0	0
150	135	0	0
150	140	0	0
150	145	0	0
150	150	0	0
150	155	0	0
150	160	0	0
150	165	0	0
150	170	0	0
150	175	0	0
155	-180	0	0
155	-175	0	0
155	-170	0	0
155	-165	0	0
155	-160	0	0
155	-155	0	0
155	-150	0	0
155	-145	0	0
155	-140	0	0
155	-135	0	0
155	-130	0	0
155	-125	0	0
155	-120	0	0
155	-115	0	0
155	-110	0	0
155	-105	0	0
155	-100	0	0
155	-95	0	0
155	-90	0	0
155	-85	0	0
155	-80	0	0
155	-75	0	0
155	-70	0	0
155	-65	0	0
155	-60	0	0
155	-55	0	0
155	-50	121.0	1
155	-45	0	0
155	-40	0	0
155	-35	0	0
155	-30	11.0	1
155	-25	0	0
155	-20	0	0
155	-15	0	0
155	-10	0	0
155	-5	0	0
155	0	0	0
155	5	0	0
155	10	0	0
155	15	0	0
155	20	0	0
155	25	0	0
155	30	0	0
155	35	0	0
155	40	0	0
155	45	0	0
155	50	0	0
155	55	0	0
155	60	0	0
155	65	0	0
155	70	0	0
155	75	0	0
155	80	0	0
155	85	0	0
155	90	0	0
155	95	0	0
155	100	112.0	1
155	105	0	0
155	110	0	0
155	115	0	0
155	120	0	0
155	125	0	0
155	130	0	0
155	135	0	0
155	140	0	0
155	145	0	0
155	150	0	0
155	155	0	0
155	160	0	0
155	165	0	0
155	170	0	0
155	175	0	0
160	-180	0	0
160	-175	0	0
160	-170	0	0
160	-165	0	0
160	-160	0	0
160	-155	0	0
160	-150	0	0
160	-145	0	0
160	-140	0	0
160	-135	0	0
160	-130	0	0
160	-125	0	0
160	-120	0	0
160	-115	0	0
160	-110	0	0
160	-105	0	0
160	-100	0	0
160	-95	0	0
160	-90	0	0
160	-85	0	0
160	-80	0	0
160	-75	0	0
160	-70	0	0
160	-65	0	0
160	-60	0	0
160	-55	0	0
160	-50	0	0
160	-45	0	0
160	-40	0	0
160	-35	0	0
160	-30	0	0
160	-25	0	0
160	-20	0	0
160	-15	0	0
160	-10	0	0
160	-5	0	0
160	0	0	0
160	5	0	0
160	10	0	0
160	15	0	0
160	20	0	0
160	25	0	0
160	30	0	0
160	35	0	0
160	40	0	0
160	45	0	0
160	50	0	0
160	55	0	0
160	60	0	0
160	65	0	0
160	70	0	0
160	75	0	0
160	80	0	0
160	85	0	0
160	90	0	0
160	95	0	0
160	100	0	0
160	105	0	0
160	110	0	0
160	115	0	0
160	120	0	0
160	125	0	0
160	130	0	0
160	135	0	0
160	140	0	0
160	145	0	0
160	150	0	0
160	155	0	0
160	160	0	0
160	165	0	0
160	170	0	0
160	175	0	0
165	-180	0	0
165	-175	0	0
165	-170	0	0
165	-165	0	0
165	-160	0	0
165	-155	0	0
165	-150	0	0
165	-145	0	0
165	-140	0	0
165	-135	0	0
165	-130	0	0
165	-125	0	0
165	-120	0	0
165	-115	0	0
165	-110	0	0
165	-105	0	0
165	-100	0	0
165	-95	0	0
165	-90	0	0
165	-85	0	0
165	-80	0	0
165	-75	0	0
165	-70	0	0
165	-65	0	0
165	-60	0	0
165	-55	0	0
165	-50	0	0
165	-45	0	0
165	-40	0	0
165	-35	0	0
165	-30	0	0
165	-25	0	0
165	-20	0	0
165	-15	0	0
165	-10	0	0
165	-5	0	0
165	0	0	0
165	5	0	0
165	10	0	0
165	15	0	0
165	20	0	0
165	25	0	0
165	30	0	0
165	35	0	0
165	40	0	0
165	45	0	0
165	50	0	0
165	55	0	0
165	60	0	0
165	65	0	0
165	70	0	0
165	75	0	0
165	80	0	0
165	85	0	0
165	90	0	0
165	95	54.0	1
165	100	0	0
165	105	0	0
165	110	0	0
165	115	0	0
165	120	0	0
165	125	0	0
165	130	0	0
165	135	0	0
165	140	0	0
165	145	0	0
165	150	0	0
165	155	0	0
165	160	0	0
165	165	0	0
165	170	0	0
165	175	0	0
170	-180	0	0
170	-175	0	0
170	-170	0	0
170	-165	0	0
170	-160	0	0
170	-155	0	0
170	-150	0	0
170	-145	0	0
170	-140	0	0
170	-135	0	0
170	-130	0	0
170	-125	0	0
170	-120	0	0
170	-115	0	0
170	-110	0	0
170	-105	0	0
170	-100	0	0
170	-95	0	0
170	-90	0	0
170	-85	0	0
170	-80	59.0	1
170	-75	0	0
170	-70	0	0
170	-65	0	0
170	-60	0	0
170	-55	0	0
170	-50	0	0
170	-45	0	0
170	-40	0	0
170	-35	0	0
170	-30	0	0
170	-25	0	0
170	-20	0	0
170	-15	0	0
170	-10	0	0
170	-5	0	0
170	0	0	0
170	5	0	0
170	10	0	0
170	15	0	0
170	20	0	0
170	25	0	0
170	30	0	0
170	35	0	0
170	40	0	0
170	45	0	0
170	50	0	0
170	55	0	0
170	60	0	0
170	65	0	0
170	70	0	0
170	75	0	0
170	80	0	0
170	85	0	0
170	90	0	0
170	95	0	0
170	100	0	0
170	105	0	0
170	110	0	0
170	115	0	0
170	120	0	0
170	125	0	0
170	130	0	0
170	135	0	0
170	140	0	0
170	145	0	0
170	150	0	0
170	155	0	0
170	160	0	0
170	165	0	0
170	170	52.0	1
170	175	0	0
175	-180	0	0
175	-175	0	0
175	-170	0	0
175	-165	0	0
175	-160	0	0
175	-155	0	0
175	-150	0	0
175	-145	0	0
175	-140	0	0
175	-135	0	0
175	-130	0	0
175	-125	0	0
175	-120	0	0
175	-115	0	0
175	-110	0	0
175	-105	0	0
175	-100	0	0
175	-95	0	0
175	-90	0	0
175	-85	0	0
175	-80	0	0
175	-75	0	0
175	-70	0	0
175	-65	0	0
175	-60	0	0
175	-55	0	0
175	-50	0	0
175	-45	0	0
175	-40	0	0
175	-35	0	0
175	-30	0	0
175	-25	0	0
175	-20	0	0
175	-15	0	0
175	-10	0	0
175	-5	0	0
175	0	0	0
175	5	0	0
175	10	0	0
175	15	0	0
175	20	0	0
175	25	0	0
175	30	0	0
175	35	0	0
175	40	0	0
175	45	0	0
175	50	0	0
175	55	0	0
175	60	0	0
175	65	0	0
175	70	0	0
175	75	0	0
175	80	0	0
175	85	0	0
175	90	0	0
175	95	0	0
175	100	0	0
175	105	0	0
175	110	0	0
175	115	0	0
175	120	0	0
175	125	0	0
175	130	0	0
175	135	0	0
175	140	0	0
175	145	0	0
175	150	0	0
175	155	0	1
175	160	0	0
175	165	0	0
175	170	0	0
175	175	0	0
