Phi	Psi	maxSA	population
-180	-180	0	0
-180	-175	0	0
-180	-170	0	0
-180	-165	0	0
-180	-160	0	0
-180	-155	0	0
-180	-150	0	0
-180	-145	0	0
-180	-140	0	0
-180	-135	0	0
-180	-130	0	0
-180	-125	0	0
-180	-120	0	0
-180	-115	0	0
-180	-110	0	0
-180	-105	0	0
-180	-100	0	0
-180	-95	0	0
-180	-90	0	0
-180	-85	0	0
-180	-80	0	0
-180	-75	0	0
-180	-70	0	0
-180	-65	0	0
-180	-60	0	0
-180	-55	0	0
-180	-50	0	0
-180	-45	0	0
-180	-40	0	0
-180	-35	0	0
-180	-30	0	0
-180	-25	0	0
-180	-20	0	0
-180	-15	0	0
-180	-10	0	0
-180	-5	0	0
-180	0	0	0
-180	5	0	0
-180	10	0	0
-180	15	0	0
-180	20	0	0
-180	25	0	0
-180	30	0	0
-180	35	0	0
-180	40	0	0
-180	45	0	0
-180	50	0	0
-180	55	0	0
-180	60	0	0
-180	65	0	0
-180	70	0	0
-180	75	0	0
-180	80	0	0
-180	85	0	0
-180	90	0	0
-180	95	0	0
-180	100	0	0
-180	105	0	0
-180	110	0	0
-180	115	0	0
-180	120	0	0
-180	125	0	0
-180	130	0	0
-180	135	0	0
-180	140	0	0
-180	145	0	0
-180	150	0	0
-180	155	0	0
-180	160	0	0
-180	165	0	0
-180	170	0	0
-180	175	0	0
-175	-180	0	0
-175	-175	0	0
-175	-170	0	0
-175	-165	0	0
-175	-160	0	0
-175	-155	0	0
-175	-150	0	0
-175	-145	0	0
-175	-140	0	0
-175	-135	0	0
-175	-130	0	0
-175	-125	0	0
-175	-120	0	0
-175	-115	0	0
-175	-110	0	0
-175	-105	0	0
-175	-100	0	0
-175	-95	0	0
-175	-90	0	0
-175	-85	0	0
-175	-80	0	0
-175	-75	0	0
-175	-70	0	0
-175	-65	0	0
-175	-60	0	0
-175	-55	0	0
-175	-50	0	0
-175	-45	0	0
-175	-40	0	0
-175	-35	0	0
-175	-30	0	0
-175	-25	0	0
-175	-20	0	0
-175	-15	0	0
-175	-10	0	0
-175	-5	0	0
-175	0	0	0
-175	5	0	0
-175	10	0	0
-175	15	0	0
-175	20	0	0
-175	25	0	0
-175	30	0	0
-175	35	0	0
-175	40	0	0
-175	45	0	0
-175	50	0	0
-175	55	0	0
-175	60	0	0
-175	65	0	0
-175	70	0	0
-175	75	0	0
-175	80	0	0
-175	85	0	0
-175	90	0	0
-175	95	0	0
-175	100	0	0
-175	105	0	0
-175	110	0	0
-175	115	0	0
-175	120	0	0
-175	125	0	0
-175	130	0	0
-175	135	0	0
-175	140	0	0
-175	145	0	0
-175	150	0	0
-175	155	0	0
-175	160	0	0
-175	165	0	0
-175	170	0	0
-175	175	0	0
-170	-180	0	0
-170	-175	0	0
-170	-170	0	0
-170	-165	0	0
-170	-160	0	0
-170	-155	0	0
-170	-150	0	0
-170	-145	0	0
-170	-140	0	0
-170	-135	0	0
-170	-130	0	0
-170	-125	0	0
-170	-120	0	0
-170	-115	0	0
-170	-110	0	0
-170	-105	0	0
-170	-100	0	0
-170	-95	0	0
-170	-90	0	0
-170	-85	0	0
-170	-80	0	0
-170	-75	0	0
-170	-70	0	0
-170	-65	0	0
-170	-60	0	0
-170	-55	0	0
-170	-50	0	0
-170	-45	0	0
-170	-40	0	0
-170	-35	0	0
-170	-30	0	0
-170	-25	0	0
-170	-20	0	0
-170	-15	0	0
-170	-10	0	0
-170	-5	0	0
-170	0	0	0
-170	5	0	0
-170	10	0	0
-170	15	0	0
-170	20	0	0
-170	25	0	0
-170	30	0	0
-170	35	0	0
-170	40	0	0
-170	45	0	0
-170	50	0	0
-170	55	0	0
-170	60	0	0
-170	65	0	0
-170	70	0	0
-170	75	0	0
-170	80	0	0
-170	85	0	0
-170	90	0	0
-170	95	0	0
-170	100	0	0
-170	105	0	0
-170	110	0	0
-170	115	0	0
-170	120	0	0
-170	125	0	0
-170	130	0	0
-170	135	0	0
-170	140	0	0
-170	145	0	0
-170	150	0	0
-170	155	108.0	1
-170	160	0	0
-170	165	0	0
-170	170	0	0
-170	175	0	0
-165	-180	0	0
-165	-175	0	0
-165	-170	0	0
-165	-165	0	0
-165	-160	0	0
-165	-155	0	0
-165	-150	0	0
-165	-145	0	0
-165	-140	0	0
-165	-135	0	0
-165	-130	0	0
-165	-125	0	0
-165	-120	0	0
-165	-115	0	0
-165	-110	0	0
-165	-105	0	0
-165	-100	0	0
-165	-95	0	0
-165	-90	0	0
-165	-85	0	0
-165	-80	0	0
-165	-75	0	0
-165	-70	0	0
-165	-65	0	0
-165	-60	0	0
-165	-55	0	0
-165	-50	0	0
-165	-45	0	0
-165	-40	0	0
-165	-35	0	0
-165	-30	0	0
-165	-25	0	0
-165	-20	0	0
-165	-15	0	0
-165	-10	0	0
-165	-5	0	0
-165	0	0	0
-165	5	0	0
-165	10	0	0
-165	15	0	0
-165	20	0	0
-165	25	0	0
-165	30	0	0
-165	35	0	0
-165	40	0	0
-165	45	0	0
-165	50	0	0
-165	55	0	0
-165	60	0	0
-165	65	0	0
-165	70	0	0
-165	75	0	0
-165	80	0	0
-165	85	0	0
-165	90	0	0
-165	95	0	0
-165	100	0	0
-165	105	0	0
-165	110	0	0
-165	115	0	0
-165	120	0	0
-165	125	0	0
-165	130	56.0	1
-165	135	0	0
-165	140	0	0
-165	145	4.0	1
-165	150	26.0	1
-165	155	0	0
-165	160	0	0
-165	165	3.0	1
-165	170	0	0
-165	175	0	0
-160	-180	0	0
-160	-175	0	0
-160	-170	0	0
-160	-165	0	0
-160	-160	0	0
-160	-155	0	0
-160	-150	0	0
-160	-145	0	0
-160	-140	0	0
-160	-135	0	0
-160	-130	0	0
-160	-125	0	0
-160	-120	0	0
-160	-115	0	0
-160	-110	0	0
-160	-105	0	0
-160	-100	0	0
-160	-95	0	0
-160	-90	0	0
-160	-85	0	0
-160	-80	0	0
-160	-75	0	0
-160	-70	0	0
-160	-65	0	0
-160	-60	0	0
-160	-55	0	0
-160	-50	0	0
-160	-45	0	0
-160	-40	0	0
-160	-35	0	0
-160	-30	0	0
-160	-25	0	0
-160	-20	0	0
-160	-15	0	0
-160	-10	0	0
-160	-5	0	0
-160	0	0	0
-160	5	0	0
-160	10	0	0
-160	15	0	0
-160	20	0	0
-160	25	0	0
-160	30	0	0
-160	35	0	0
-160	40	0	0
-160	45	0	0
-160	50	0	0
-160	55	0	0
-160	60	0	0
-160	65	0	0
-160	70	0	0
-160	75	0	0
-160	80	0	0
-160	85	0	0
-160	90	0	0
-160	95	0	0
-160	100	0	0
-160	105	0	0
-160	110	0	0
-160	115	0	0
-160	120	0	0
-160	125	0	0
-160	130	0	0
-160	135	0	0
-160	140	20.0	2
-160	145	20.0	2
-160	150	14.0	2
-160	155	3.0	1
-160	160	1.0	2
-160	165	0	0
-160	170	0	0
-160	175	0	0
-155	-180	0	0
-155	-175	0	0
-155	-170	0	0
-155	-165	0	0
-155	-160	0	0
-155	-155	0	0
-155	-150	0	0
-155	-145	0	0
-155	-140	0	0
-155	-135	0	0
-155	-130	0	0
-155	-125	0	0
-155	-120	0	0
-155	-115	0	0
-155	-110	0	0
-155	-105	0	0
-155	-100	0	0
-155	-95	0	0
-155	-90	0	0
-155	-85	0	0
-155	-80	0	0
-155	-75	0	0
-155	-70	0	0
-155	-65	0	0
-155	-60	0	0
-155	-55	0	0
-155	-50	0	0
-155	-45	0	0
-155	-40	0	0
-155	-35	0	0
-155	-30	0	0
-155	-25	0	0
-155	-20	0	0
-155	-15	0	0
-155	-10	0	0
-155	-5	0	0
-155	0	0	0
-155	5	0	0
-155	10	0	0
-155	15	0	0
-155	20	0	0
-155	25	0	0
-155	30	0	0
-155	35	0	0
-155	40	0	0
-155	45	0	0
-155	50	0	0
-155	55	0	0
-155	60	0	0
-155	65	0	0
-155	70	0	0
-155	75	0	0
-155	80	0	0
-155	85	0	0
-155	90	0	0
-155	95	0	0
-155	100	0	0
-155	105	0	0
-155	110	0	0
-155	115	0	0
-155	120	0	0
-155	125	1.0	1
-155	130	0	0
-155	135	65.0	1
-155	140	71.0	2
-155	145	0	0
-155	150	8.0	2
-155	155	28.0	3
-155	160	2.0	1
-155	165	0	0
-155	170	0	0
-155	175	0	0
-150	-180	0	0
-150	-175	0	0
-150	-170	0	0
-150	-165	0	0
-150	-160	0	0
-150	-155	0	0
-150	-150	0	0
-150	-145	0	0
-150	-140	0	0
-150	-135	0	0
-150	-130	0	0
-150	-125	0	0
-150	-120	0	0
-150	-115	0	0
-150	-110	0	0
-150	-105	0	0
-150	-100	0	0
-150	-95	0	0
-150	-90	0	0
-150	-85	0	0
-150	-80	0	0
-150	-75	0	0
-150	-70	0	0
-150	-65	0	0
-150	-60	0	0
-150	-55	0	0
-150	-50	0	0
-150	-45	0	0
-150	-40	0	0
-150	-35	0	0
-150	-30	0	0
-150	-25	0	0
-150	-20	0	0
-150	-15	0	0
-150	-10	0	0
-150	-5	0	0
-150	0	0	0
-150	5	0	0
-150	10	0	0
-150	15	0	0
-150	20	0	0
-150	25	0	0
-150	30	0	0
-150	35	0	0
-150	40	0	0
-150	45	0	0
-150	50	0	0
-150	55	0	0
-150	60	0	0
-150	65	0	0
-150	70	0	0
-150	75	0	0
-150	80	0	0
-150	85	0	0
-150	90	0	0
-150	95	0	0
-150	100	0	0
-150	105	0	0
-150	110	0	0
-150	115	0	0
-150	120	0	0
-150	125	8.0	2
-150	130	50.0	3
-150	135	0	1
-150	140	44.0	5
-150	145	0	0
-150	150	12.0	2
-150	155	0	0
-150	160	15.0	1
-150	165	0	0
-150	170	0	0
-150	175	0	0
-145	-180	0	0
-145	-175	0	0
-145	-170	0	0
-145	-165	0	0
-145	-160	0	0
-145	-155	0	0
-145	-150	0	0
-145	-145	0	0
-145	-140	0	0
-145	-135	0	0
-145	-130	0	0
-145	-125	0	0
-145	-120	0	0
-145	-115	0	0
-145	-110	0	0
-145	-105	0	0
-145	-100	0	0
-145	-95	0	0
-145	-90	0	0
-145	-85	0	0
-145	-80	0	0
-145	-75	0	0
-145	-70	0	0
-145	-65	0	0
-145	-60	0	0
-145	-55	0	0
-145	-50	0	0
-145	-45	0	0
-145	-40	0	0
-145	-35	0	0
-145	-30	0	0
-145	-25	0	0
-145	-20	0	0
-145	-15	0	0
-145	-10	0	0
-145	-5	0	0
-145	0	0	0
-145	5	0	0
-145	10	0	0
-145	15	0	0
-145	20	0	0
-145	25	16.0	1
-145	30	0	0
-145	35	0	0
-145	40	0	0
-145	45	0	0
-145	50	0	0
-145	55	0	0
-145	60	0	0
-145	65	0	0
-145	70	0	0
-145	75	0	0
-145	80	0	0
-145	85	0	0
-145	90	0	0
-145	95	0	0
-145	100	0	0
-145	105	0	0
-145	110	0	0
-145	115	0	0
-145	120	98.0	2
-145	125	67.0	3
-145	130	63.0	3
-145	135	84.0	2
-145	140	2.0	3
-145	145	8.0	3
-145	150	48.0	5
-145	155	0	0
-145	160	29.0	1
-145	165	0	0
-145	170	0	0
-145	175	0	0
-140	-180	0	0
-140	-175	0	0
-140	-170	0	0
-140	-165	0	0
-140	-160	0	0
-140	-155	0	0
-140	-150	0	0
-140	-145	0	0
-140	-140	0	0
-140	-135	0	0
-140	-130	0	0
-140	-125	0	0
-140	-120	0	0
-140	-115	0	0
-140	-110	0	0
-140	-105	0	0
-140	-100	0	0
-140	-95	0	0
-140	-90	0	0
-140	-85	0	0
-140	-80	0	0
-140	-75	0	0
-140	-70	0	0
-140	-65	0	0
-140	-60	0	0
-140	-55	0	0
-140	-50	0	0
-140	-45	0	0
-140	-40	0	0
-140	-35	105.0	1
-140	-30	0	0
-140	-25	0	0
-140	-20	0	0
-140	-15	0	0
-140	-10	0	0
-140	-5	0	0
-140	0	0	0
-140	5	0	0
-140	10	0	0
-140	15	0	0
-140	20	0	0
-140	25	0	0
-140	30	0	0
-140	35	0	0
-140	40	8.0	1
-140	45	0	0
-140	50	0	0
-140	55	0	0
-140	60	0	0
-140	65	0	0
-140	70	0	0
-140	75	0	0
-140	80	0	0
-140	85	0	0
-140	90	0	0
-140	95	0	0
-140	100	0	0
-140	105	0	0
-140	110	41.0	2
-140	115	40.0	4
-140	120	36.0	4
-140	125	81.0	5
-140	130	75.0	11
-140	135	50.0	13
-140	140	38.0	3
-140	145	46.0	4
-140	150	110.0	4
-140	155	0	0
-140	160	139.0	7
-140	165	15.0	1
-140	170	57.0	2
-140	175	7.0	2
-135	-180	0	0
-135	-175	0	0
-135	-170	0	0
-135	-165	0	0
-135	-160	0	0
-135	-155	0	0
-135	-150	0	0
-135	-145	0	0
-135	-140	0	0
-135	-135	0	0
-135	-130	0	0
-135	-125	0	0
-135	-120	0	0
-135	-115	0	0
-135	-110	0	0
-135	-105	0	0
-135	-100	0	0
-135	-95	0	0
-135	-90	0	0
-135	-85	0	0
-135	-80	0	0
-135	-75	0	0
-135	-70	0	0
-135	-65	0	0
-135	-60	0	0
-135	-55	0	0
-135	-50	0	0
-135	-45	0	0
-135	-40	0	0
-135	-35	0	0
-135	-30	0	0
-135	-25	0	0
-135	-20	0	0
-135	-15	0	0
-135	-10	0	0
-135	-5	0	0
-135	0	56.0	2
-135	5	0	0
-135	10	0	0
-135	15	0	0
-135	20	0	0
-135	25	0	0
-135	30	0	0
-135	35	0	0
-135	40	0	0
-135	45	0	0
-135	50	0	0
-135	55	0	0
-135	60	11.0	1
-135	65	0	0
-135	70	0	0
-135	75	66.0	1
-135	80	6.0	2
-135	85	0	0
-135	90	0	0
-135	95	0	0
-135	100	0	0
-135	105	13.0	3
-135	110	39.0	5
-135	115	23.0	7
-135	120	35.0	10
-135	125	163.0	13
-135	130	90.0	19
-135	135	45.0	11
-135	140	47.0	6
-135	145	74.0	6
-135	150	60.0	7
-135	155	74.0	14
-135	160	52.0	10
-135	165	140.0	10
-135	170	6.0	2
-135	175	0	0
-130	-180	0	1
-130	-175	0	0
-130	-170	0	0
-130	-165	0	0
-130	-160	0	0
-130	-155	0	0
-130	-150	0	0
-130	-145	0	0
-130	-140	0	0
-130	-135	0	0
-130	-130	0	0
-130	-125	0	0
-130	-120	0	0
-130	-115	0	0
-130	-110	0	0
-130	-105	0	0
-130	-100	0	0
-130	-95	0	0
-130	-90	0	0
-130	-85	0	0
-130	-80	0	0
-130	-75	0	0
-130	-70	0	0
-130	-65	3.0	1
-130	-60	0	0
-130	-55	0	0
-130	-50	0	0
-130	-45	0	0
-130	-40	0	0
-130	-35	0	0
-130	-30	0	0
-130	-25	0	0
-130	-20	20.0	1
-130	-15	82.0	1
-130	-10	3.0	2
-130	-5	0	1
-130	0	0	0
-130	5	11.0	2
-130	10	0	0
-130	15	0	0
-130	20	0	0
-130	25	0	1
-130	30	0	0
-130	35	0	0
-130	40	0	0
-130	45	0	0
-130	50	0	0
-130	55	65.0	2
-130	60	0	0
-130	65	0	0
-130	70	0	0
-130	75	0	0
-130	80	0	0
-130	85	20.0	1
-130	90	92.0	5
-130	95	1.0	2
-130	100	50.0	3
-130	105	1.0	1
-130	110	139.0	8
-130	115	13.0	11
-130	120	81.0	21
-130	125	87.0	24
-130	130	111.0	31
-130	135	43.0	16
-130	140	78.0	7
-130	145	153.0	4
-130	150	42.0	10
-130	155	1.0	3
-130	160	69.0	7
-130	165	21.0	8
-130	170	13.0	4
-130	175	84.0	1
-125	-180	0	0
-125	-175	0	0
-125	-170	0	0
-125	-165	0	0
-125	-160	0	0
-125	-155	0	0
-125	-150	0	0
-125	-145	0	0
-125	-140	0	0
-125	-135	0	0
-125	-130	0	0
-125	-125	0	0
-125	-120	0	0
-125	-115	0	0
-125	-110	0	0
-125	-105	0	0
-125	-100	0	0
-125	-95	0	0
-125	-90	0	0
-125	-85	0	0
-125	-80	0	0
-125	-75	0	0
-125	-70	0	1
-125	-65	0	0
-125	-60	26.0	1
-125	-55	0	0
-125	-50	0	0
-125	-45	0	0
-125	-40	0	1
-125	-35	0	0
-125	-30	0	0
-125	-25	67.0	2
-125	-20	97.0	3
-125	-15	0	0
-125	-10	86.0	3
-125	-5	1.0	1
-125	0	3.0	1
-125	5	0	0
-125	10	171.0	3
-125	15	24.0	2
-125	20	0	0
-125	25	0	1
-125	30	9.0	3
-125	35	0	0
-125	40	4.0	1
-125	45	28.0	1
-125	50	0	0
-125	55	0	0
-125	60	0	0
-125	65	88.0	1
-125	70	0	1
-125	75	0	0
-125	80	0	1
-125	85	2.0	2
-125	90	0	1
-125	95	6.0	2
-125	100	38.0	2
-125	105	4.0	5
-125	110	159.0	5
-125	115	47.0	18
-125	120	72.0	24
-125	125	79.0	26
-125	130	96.0	35
-125	135	134.0	18
-125	140	90.0	9
-125	145	108.0	7
-125	150	60.0	5
-125	155	100.0	5
-125	160	74.0	8
-125	165	47.0	2
-125	170	43.0	3
-125	175	15.0	2
-120	-180	0	0
-120	-175	0	0
-120	-170	0	0
-120	-165	0	0
-120	-160	0	0
-120	-155	0	0
-120	-150	0	0
-120	-145	0	0
-120	-140	0	0
-120	-135	0	0
-120	-130	0	0
-120	-125	0	0
-120	-120	0	0
-120	-115	0	0
-120	-110	0	0
-120	-105	0	0
-120	-100	0	0
-120	-95	0	0
-120	-90	0	0
-120	-85	0	0
-120	-80	0	0
-120	-75	0	0
-120	-70	0	0
-120	-65	0	0
-120	-60	0	0
-120	-55	52.0	1
-120	-50	8.0	1
-120	-45	0	0
-120	-40	21.0	2
-120	-35	0	0
-120	-30	0	0
-120	-25	0	0
-120	-20	75.0	1
-120	-15	0	0
-120	-10	2.0	1
-120	-5	65.0	4
-120	0	150.0	3
-120	5	1.0	1
-120	10	76.0	1
-120	15	99.0	2
-120	20	6.0	1
-120	25	0	0
-120	30	26.0	1
-120	35	0	0
-120	40	0	0
-120	45	0	0
-120	50	0	0
-120	55	0	0
-120	60	0	0
-120	65	0	0
-120	70	0	0
-120	75	0	0
-120	80	13.0	1
-120	85	0	0
-120	90	0	0
-120	95	2.0	2
-120	100	19.0	4
-120	105	105.0	4
-120	110	69.0	15
-120	115	84.0	22
-120	120	82.0	26
-120	125	89.0	33
-120	130	84.0	25
-120	135	78.0	13
-120	140	92.0	6
-120	145	99.0	6
-120	150	21.0	3
-120	155	23.0	4
-120	160	98.0	3
-120	165	66.0	1
-120	170	0	0
-120	175	0	0
-115	-180	0	0
-115	-175	0	0
-115	-170	0	0
-115	-165	0	0
-115	-160	0	0
-115	-155	0	0
-115	-150	0	0
-115	-145	0	0
-115	-140	0	0
-115	-135	0	0
-115	-130	0	0
-115	-125	0	0
-115	-120	0	0
-115	-115	0	0
-115	-110	0	0
-115	-105	0	0
-115	-100	0	0
-115	-95	0	0
-115	-90	0	0
-115	-85	0	0
-115	-80	0	0
-115	-75	0	0
-115	-70	62.0	1
-115	-65	0	1
-115	-60	0	0
-115	-55	64.0	1
-115	-50	0	0
-115	-45	55.0	2
-115	-40	0	0
-115	-35	0	1
-115	-30	66.0	2
-115	-25	0	0
-115	-20	0	0
-115	-15	69.0	3
-115	-10	163.0	4
-115	-5	62.0	1
-115	0	121.0	1
-115	5	155.0	2
-115	10	134.0	3
-115	15	47.0	2
-115	20	0	0
-115	25	1.0	2
-115	30	0	0
-115	35	0	0
-115	40	0	0
-115	45	0	0
-115	50	0	0
-115	55	0	0
-115	60	0	0
-115	65	0	0
-115	70	0	0
-115	75	1.0	1
-115	80	0	0
-115	85	0	2
-115	90	4.0	1
-115	95	3.0	2
-115	100	89.0	3
-115	105	61.0	7
-115	110	57.0	11
-115	115	84.0	18
-115	120	98.0	38
-115	125	67.0	29
-115	130	122.0	18
-115	135	122.0	16
-115	140	2.0	3
-115	145	26.0	4
-115	150	34.0	2
-115	155	21.0	1
-115	160	19.0	2
-115	165	0	0
-115	170	0	0
-115	175	0	0
-110	-180	0	0
-110	-175	0	0
-110	-170	0	0
-110	-165	0	0
-110	-160	0	0
-110	-155	0	0
-110	-150	0	0
-110	-145	0	0
-110	-140	0	0
-110	-135	0	0
-110	-130	0	0
-110	-125	0	0
-110	-120	0	0
-110	-115	0	0
-110	-110	0	0
-110	-105	0	0
-110	-100	0	0
-110	-95	0	0
-110	-90	0	0
-110	-85	0	0
-110	-80	0	0
-110	-75	0	0
-110	-70	0	0
-110	-65	0	0
-110	-60	0	0
-110	-55	0	1
-110	-50	1.0	1
-110	-45	53.0	2
-110	-40	0	0
-110	-35	0	1
-110	-30	94.0	2
-110	-25	53.0	2
-110	-20	0	0
-110	-15	72.0	2
-110	-10	50.0	2
-110	-5	20.0	1
-110	0	150.0	2
-110	5	0	0
-110	10	55.0	1
-110	15	101.0	3
-110	20	0	0
-110	25	0	0
-110	30	0	0
-110	35	0	0
-110	40	0	0
-110	45	0	0
-110	50	0	0
-110	55	0	0
-110	60	0	0
-110	65	0	0
-110	70	0	0
-110	75	0	0
-110	80	0	0
-110	85	9.0	1
-110	90	0	0
-110	95	0	0
-110	100	0	3
-110	105	26.0	4
-110	110	56.0	16
-110	115	87.0	18
-110	120	96.0	19
-110	125	81.0	25
-110	130	97.0	17
-110	135	76.0	9
-110	140	12.0	2
-110	145	97.0	4
-110	150	60.0	1
-110	155	0	0
-110	160	28.0	2
-110	165	111.0	2
-110	170	0	0
-110	175	0	0
-105	-180	0	0
-105	-175	0	0
-105	-170	0	0
-105	-165	0	0
-105	-160	0	0
-105	-155	0	0
-105	-150	0	0
-105	-145	0	0
-105	-140	0	0
-105	-135	0	0
-105	-130	0	0
-105	-125	0	0
-105	-120	0	0
-105	-115	0	0
-105	-110	0	0
-105	-105	0	0
-105	-100	0	0
-105	-95	0	0
-105	-90	0	0
-105	-85	0	0
-105	-80	0	0
-105	-75	0	0
-105	-70	0	0
-105	-65	0	1
-105	-60	93.0	2
-105	-55	0	0
-105	-50	62.0	3
-105	-45	84.0	2
-105	-40	105.0	1
-105	-35	0	0
-105	-30	0	0
-105	-25	0	1
-105	-20	1.0	1
-105	-15	68.0	3
-105	-10	75.0	6
-105	-5	90.0	2
-105	0	158.0	1
-105	5	70.0	4
-105	10	93.0	3
-105	15	68.0	3
-105	20	33.0	1
-105	25	0	0
-105	30	0	0
-105	35	0	0
-105	40	0	0
-105	45	0	0
-105	50	0	0
-105	55	0	0
-105	60	124.0	1
-105	65	0	0
-105	70	0	0
-105	75	0	0
-105	80	0	0
-105	85	0	0
-105	90	92.0	1
-105	95	3.0	1
-105	100	42.0	4
-105	105	0	2
-105	110	67.0	12
-105	115	116.0	12
-105	120	85.0	19
-105	125	104.0	21
-105	130	84.0	19
-105	135	116.0	7
-105	140	0	2
-105	145	11.0	1
-105	150	40.0	2
-105	155	64.0	3
-105	160	11.0	1
-105	165	0	0
-105	170	11.0	2
-105	175	0	0
-100	-180	0	0
-100	-175	0	0
-100	-170	0	0
-100	-165	0	0
-100	-160	0	0
-100	-155	0	0
-100	-150	0	0
-100	-145	0	0
-100	-140	0	0
-100	-135	0	0
-100	-130	0	0
-100	-125	0	0
-100	-120	0	0
-100	-115	0	0
-100	-110	0	0
-100	-105	0	0
-100	-100	0	0
-100	-95	0	0
-100	-90	0	0
-100	-85	0	0
-100	-80	0	0
-100	-75	0	0
-100	-70	0	0
-100	-65	0	0
-100	-60	39.0	2
-100	-55	0	0
-100	-50	87.0	3
-100	-45	83.0	4
-100	-40	0	0
-100	-35	36.0	1
-100	-30	111.0	1
-100	-25	0	0
-100	-20	0	1
-100	-15	0	0
-100	-10	39.0	3
-100	-5	119.0	2
-100	0	97.0	4
-100	5	19.0	1
-100	10	56.0	2
-100	15	0	0
-100	20	0	0
-100	25	0	0
-100	30	0	0
-100	35	0	0
-100	40	0	0
-100	45	0	0
-100	50	0	0
-100	55	0	0
-100	60	0	0
-100	65	0	0
-100	70	0	0
-100	75	0	0
-100	80	0	1
-100	85	0	0
-100	90	8.0	2
-100	95	59.0	1
-100	100	92.0	3
-100	105	51.0	4
-100	110	88.0	11
-100	115	16.0	13
-100	120	140.0	18
-100	125	96.0	17
-100	130	67.0	11
-100	135	77.0	6
-100	140	0	1
-100	145	4.0	2
-100	150	0	0
-100	155	0	0
-100	160	0	0
-100	165	0	0
-100	170	0	0
-100	175	0	0
-95	-180	0	0
-95	-175	0	0
-95	-170	0	0
-95	-165	0	0
-95	-160	0	0
-95	-155	0	0
-95	-150	0	0
-95	-145	0	0
-95	-140	0	0
-95	-135	0	0
-95	-130	0	0
-95	-125	0	0
-95	-120	0	0
-95	-115	0	0
-95	-110	0	0
-95	-105	0	0
-95	-100	0	0
-95	-95	0	0
-95	-90	0	0
-95	-85	0	0
-95	-80	0	0
-95	-75	0	0
-95	-70	0	0
-95	-65	0	0
-95	-60	61.0	2
-95	-55	134.0	2
-95	-50	104.0	8
-95	-45	0	0
-95	-40	46.0	1
-95	-35	120.0	2
-95	-30	0	0
-95	-25	79.0	2
-95	-20	0	0
-95	-15	0	0
-95	-10	54.0	2
-95	-5	47.0	2
-95	0	33.0	1
-95	5	0	0
-95	10	27.0	2
-95	15	13.0	1
-95	20	0	0
-95	25	0	1
-95	30	0	0
-95	35	0	0
-95	40	0	0
-95	45	0	0
-95	50	0	0
-95	55	0	0
-95	60	0	0
-95	65	0	0
-95	70	0	0
-95	75	0	0
-95	80	6.0	2
-95	85	0	0
-95	90	1.0	1
-95	95	0	0
-95	100	2.0	1
-95	105	1.0	3
-95	110	81.0	9
-95	115	110.0	18
-95	120	59.0	10
-95	125	116.0	11
-95	130	125.0	14
-95	135	18.0	2
-95	140	0	0
-95	145	87.0	2
-95	150	119.0	1
-95	155	0	0
-95	160	83.0	2
-95	165	17.0	1
-95	170	0	0
-95	175	0	0
-90	-180	0	0
-90	-175	0	0
-90	-170	0	0
-90	-165	0	0
-90	-160	0	0
-90	-155	0	0
-90	-150	0	0
-90	-145	0	0
-90	-140	0	0
-90	-135	0	0
-90	-130	0	0
-90	-125	0	0
-90	-120	0	0
-90	-115	0	0
-90	-110	0	0
-90	-105	0	0
-90	-100	0	0
-90	-95	0	0
-90	-90	0	0
-90	-85	0	0
-90	-80	0	0
-90	-75	0	0
-90	-70	30.0	1
-90	-65	57.0	1
-90	-60	0	0
-90	-55	52.0	2
-90	-50	66.0	3
-90	-45	54.0	3
-90	-40	46.0	2
-90	-35	95.0	3
-90	-30	0	0
-90	-25	77.0	2
-90	-20	60.0	3
-90	-15	87.0	3
-90	-10	0	0
-90	-5	92.0	3
-90	0	29.0	1
-90	5	1.0	1
-90	10	0	0
-90	15	0	0
-90	20	0	0
-90	25	0	0
-90	30	0	0
-90	35	0	0
-90	40	0	0
-90	45	0	0
-90	50	0	0
-90	55	0	0
-90	60	0	0
-90	65	0	1
-90	70	0	0
-90	75	0	0
-90	80	0	0
-90	85	36.0	1
-90	90	0	0
-90	95	0	1
-90	100	3.0	1
-90	105	86.0	5
-90	110	161.0	8
-90	115	112.0	7
-90	120	90.0	12
-90	125	144.0	21
-90	130	61.0	14
-90	135	31.0	2
-90	140	3.0	1
-90	145	65.0	1
-90	150	65.0	1
-90	155	10.0	2
-90	160	0	0
-90	165	0	0
-90	170	28.0	2
-90	175	0	0
-85	-180	0	0
-85	-175	0	0
-85	-170	0	0
-85	-165	0	0
-85	-160	0	0
-85	-155	0	0
-85	-150	0	0
-85	-145	0	0
-85	-140	0	0
-85	-135	0	0
-85	-130	0	0
-85	-125	0	0
-85	-120	0	0
-85	-115	0	0
-85	-110	0	0
-85	-105	0	0
-85	-100	0	0
-85	-95	0	0
-85	-90	0	0
-85	-85	0	0
-85	-80	0	0
-85	-75	0	0
-85	-70	0	0
-85	-65	0	0
-85	-60	93.0	1
-85	-55	7.0	1
-85	-50	139.0	4
-85	-45	50.0	2
-85	-40	27.0	1
-85	-35	99.0	2
-85	-30	0	1
-85	-25	110.0	2
-85	-20	7.0	2
-85	-15	20.0	2
-85	-10	4.0	1
-85	-5	22.0	2
-85	0	46.0	2
-85	5	0	0
-85	10	0	0
-85	15	0	0
-85	20	0	0
-85	25	0	0
-85	30	0	0
-85	35	0	0
-85	40	0	0
-85	45	0	0
-85	50	0	0
-85	55	0	0
-85	60	0	0
-85	65	0	0
-85	70	0	0
-85	75	0	0
-85	80	0	0
-85	85	0	0
-85	90	1.0	1
-85	95	12.0	2
-85	100	108.0	2
-85	105	43.0	4
-85	110	77.0	3
-85	115	135.0	8
-85	120	162.0	21
-85	125	98.0	13
-85	130	48.0	11
-85	135	51.0	3
-85	140	0	0
-85	145	35.0	1
-85	150	0	0
-85	155	0	0
-85	160	35.0	2
-85	165	0	0
-85	170	0	0
-85	175	0	0
-80	-180	0	0
-80	-175	0	0
-80	-170	0	0
-80	-165	0	0
-80	-160	0	0
-80	-155	0	0
-80	-150	0	0
-80	-145	0	0
-80	-140	0	0
-80	-135	0	0
-80	-130	0	0
-80	-125	0	0
-80	-120	0	0
-80	-115	0	0
-80	-110	0	0
-80	-105	0	0
-80	-100	0	0
-80	-95	0	0
-80	-90	0	0
-80	-85	0	0
-80	-80	0	0
-80	-75	0	0
-80	-70	0	0
-80	-65	0	0
-80	-60	0	0
-80	-55	0	1
-80	-50	17.0	1
-80	-45	113.0	8
-80	-40	132.0	7
-80	-35	100.0	5
-80	-30	11.0	2
-80	-25	41.0	3
-80	-20	111.0	2
-80	-15	0	1
-80	-10	129.0	2
-80	-5	0	0
-80	0	0	0
-80	5	64.0	1
-80	10	0	0
-80	15	0	0
-80	20	0	0
-80	25	0	0
-80	30	0	0
-80	35	0	0
-80	40	0	0
-80	45	0	0
-80	50	0	0
-80	55	0	0
-80	60	0	0
-80	65	0	0
-80	70	0	0
-80	75	0	0
-80	80	0	0
-80	85	0	0
-80	90	0	0
-80	95	0	0
-80	100	36.0	2
-80	105	2.0	1
-80	110	125.0	4
-80	115	139.0	5
-80	120	104.0	12
-80	125	31.0	7
-80	130	90.0	9
-80	135	132.0	8
-80	140	43.0	1
-80	145	95.0	1
-80	150	0	0
-80	155	0	0
-80	160	62.0	2
-80	165	0	0
-80	170	0	0
-80	175	0	0
-75	-180	0	0
-75	-175	0	0
-75	-170	0	0
-75	-165	0	0
-75	-160	0	0
-75	-155	0	0
-75	-150	0	0
-75	-145	0	0
-75	-140	0	0
-75	-135	0	0
-75	-130	0	0
-75	-125	0	0
-75	-120	0	0
-75	-115	0	0
-75	-110	0	0
-75	-105	0	0
-75	-100	0	0
-75	-95	0	0
-75	-90	0	0
-75	-85	0	0
-75	-80	0	0
-75	-75	0	0
-75	-70	0	0
-75	-65	0	1
-75	-60	0	0
-75	-55	23.0	3
-75	-50	61.0	8
-75	-45	81.0	14
-75	-40	132.0	19
-75	-35	61.0	11
-75	-30	22.0	3
-75	-25	10.0	2
-75	-20	101.0	4
-75	-15	149.0	3
-75	-10	41.0	1
-75	-5	137.0	2
-75	0	4.0	1
-75	5	0	0
-75	10	0	0
-75	15	0	0
-75	20	0	0
-75	25	0	0
-75	30	0	0
-75	35	0	0
-75	40	0	0
-75	45	0	0
-75	50	0	0
-75	55	0	0
-75	60	0	0
-75	65	0	0
-75	70	0	0
-75	75	0	0
-75	80	0	0
-75	85	0	0
-75	90	0	0
-75	95	0	0
-75	100	14.0	1
-75	105	0	0
-75	110	2.0	2
-75	115	129.0	5
-75	120	78.0	10
-75	125	130.0	10
-75	130	97.0	11
-75	135	104.0	5
-75	140	57.0	2
-75	145	12.0	3
-75	150	24.0	2
-75	155	33.0	2
-75	160	10.0	1
-75	165	36.0	1
-75	170	2.0	1
-75	175	64.0	1
-70	-180	0	0
-70	-175	0	0
-70	-170	0	0
-70	-165	0	0
-70	-160	0	0
-70	-155	0	0
-70	-150	0	0
-70	-145	0	0
-70	-140	0	0
-70	-135	0	0
-70	-130	0	0
-70	-125	0	0
-70	-120	0	0
-70	-115	0	0
-70	-110	0	0
-70	-105	0	0
-70	-100	0	0
-70	-95	0	0
-70	-90	0	0
-70	-85	0	0
-70	-80	0	0
-70	-75	0	0
-70	-70	0	0
-70	-65	0	1
-70	-60	37.0	1
-70	-55	90.0	8
-70	-50	147.0	44
-70	-45	109.0	79
-70	-40	115.0	63
-70	-35	110.0	19
-70	-30	94.0	7
-70	-25	148.0	8
-70	-20	78.0	6
-70	-15	60.0	5
-70	-10	19.0	1
-70	-5	0	0
-70	0	0	0
-70	5	0	0
-70	10	0	0
-70	15	0	0
-70	20	0	0
-70	25	0	0
-70	30	0	0
-70	35	0	0
-70	40	0	0
-70	45	0	0
-70	50	0	0
-70	55	0	0
-70	60	0	0
-70	65	0	0
-70	70	0	0
-70	75	0	0
-70	80	0	0
-70	85	0	0
-70	90	0	0
-70	95	0	0
-70	100	56.0	1
-70	105	0	0
-70	110	0	0
-70	115	0	0
-70	120	97.0	6
-70	125	97.0	9
-70	130	150.0	14
-70	135	97.0	4
-70	140	61.0	4
-70	145	71.0	4
-70	150	23.0	1
-70	155	0	0
-70	160	0	0
-70	165	0	0
-70	170	0	0
-70	175	0	0
-65	-180	0	0
-65	-175	0	0
-65	-170	0	0
-65	-165	0	0
-65	-160	0	0
-65	-155	0	0
-65	-150	0	0
-65	-145	0	0
-65	-140	0	0
-65	-135	0	0
-65	-130	0	0
-65	-125	0	0
-65	-120	0	0
-65	-115	0	0
-65	-110	0	0
-65	-105	0	0
-65	-100	0	0
-65	-95	0	0
-65	-90	0	0
-65	-85	0	0
-65	-80	0	0
-65	-75	0	0
-65	-70	0	0
-65	-65	6.0	1
-65	-60	5.0	3
-65	-55	97.0	15
-65	-50	99.0	121
-65	-45	129.0	187
-65	-40	171.0	73
-65	-35	117.0	23
-65	-30	34.0	14
-65	-25	195.0	5
-65	-20	110.0	6
-65	-15	0	1
-65	-10	0	0
-65	-5	0	0
-65	0	0	0
-65	5	0	0
-65	10	0	0
-65	15	0	0
-65	20	0	0
-65	25	0	0
-65	30	0	0
-65	35	0	0
-65	40	0	0
-65	45	0	0
-65	50	0	0
-65	55	0	0
-65	60	0	0
-65	65	0	0
-65	70	0	0
-65	75	0	0
-65	80	0	0
-65	85	0	0
-65	90	0	0
-65	95	0	0
-65	100	0	0
-65	105	0	0
-65	110	0	0
-65	115	16.0	1
-65	120	96.0	7
-65	125	32.0	6
-65	130	68.0	7
-65	135	27.0	4
-65	140	37.0	3
-65	145	14.0	2
-65	150	109.0	2
-65	155	61.0	4
-65	160	13.0	2
-65	165	0	0
-65	170	0	0
-65	175	0	0
-60	-180	0	0
-60	-175	0	0
-60	-170	0	0
-60	-165	0	0
-60	-160	0	0
-60	-155	0	0
-60	-150	0	0
-60	-145	0	0
-60	-140	0	0
-60	-135	0	0
-60	-130	0	0
-60	-125	0	0
-60	-120	0	0
-60	-115	0	0
-60	-110	0	0
-60	-105	0	0
-60	-100	0	0
-60	-95	0	0
-60	-90	0	0
-60	-85	0	0
-60	-80	0	0
-60	-75	0	0
-60	-70	0	0
-60	-65	0	0
-60	-60	16.0	1
-60	-55	110.0	19
-60	-50	136.0	93
-60	-45	125.0	107
-60	-40	111.0	39
-60	-35	122.0	19
-60	-30	158.0	14
-60	-25	121.0	10
-60	-20	52.0	2
-60	-15	0	0
-60	-10	0	0
-60	-5	0	0
-60	0	0	0
-60	5	0	0
-60	10	0	0
-60	15	0	0
-60	20	0	0
-60	25	0	0
-60	30	0	0
-60	35	0	0
-60	40	0	0
-60	45	0	0
-60	50	0	0
-60	55	0	0
-60	60	0	0
-60	65	0	0
-60	70	0	0
-60	75	0	0
-60	80	0	0
-60	85	0	0
-60	90	0	0
-60	95	0	0
-60	100	18.0	1
-60	105	0	0
-60	110	0	0
-60	115	0	0
-60	120	115.0	2
-60	125	84.0	3
-60	130	98.0	5
-60	135	91.0	8
-60	140	0	0
-60	145	0	0
-60	150	107.0	1
-60	155	0	0
-60	160	0	0
-60	165	0	0
-60	170	0	0
-60	175	0	0
-55	-180	0	0
-55	-175	0	0
-55	-170	0	0
-55	-165	0	0
-55	-160	0	0
-55	-155	0	0
-55	-150	0	0
-55	-145	0	0
-55	-140	0	0
-55	-135	0	0
-55	-130	0	0
-55	-125	0	0
-55	-120	0	0
-55	-115	0	0
-55	-110	0	0
-55	-105	0	0
-55	-100	0	0
-55	-95	0	0
-55	-90	0	0
-55	-85	0	0
-55	-80	0	0
-55	-75	0	0
-55	-70	0	0
-55	-65	0	0
-55	-60	5.0	1
-55	-55	16.0	7
-55	-50	147.0	19
-55	-45	134.0	18
-55	-40	110.0	11
-55	-35	74.0	6
-55	-30	46.0	3
-55	-25	33.0	2
-55	-20	0	0
-55	-15	0	0
-55	-10	0	0
-55	-5	0	0
-55	0	0	0
-55	5	0	0
-55	10	0	0
-55	15	0	0
-55	20	0	0
-55	25	0	0
-55	30	0	0
-55	35	0	0
-55	40	0	0
-55	45	0	0
-55	50	0	0
-55	55	0	0
-55	60	0	0
-55	65	0	0
-55	70	0	0
-55	75	0	0
-55	80	0	0
-55	85	0	0
-55	90	0	0
-55	95	0	0
-55	100	0	0
-55	105	0	0
-55	110	0	0
-55	115	0	0
-55	120	0	0
-55	125	18.0	2
-55	130	112.0	3
-55	135	97.0	7
-55	140	0	0
-55	145	0	1
-55	150	0	0
-55	155	0	0
-55	160	0	0
-55	165	0	0
-55	170	0	0
-55	175	0	0
-50	-180	0	0
-50	-175	0	0
-50	-170	0	0
-50	-165	0	0
-50	-160	0	0
-50	-155	0	0
-50	-150	0	0
-50	-145	0	0
-50	-140	0	0
-50	-135	0	0
-50	-130	0	0
-50	-125	0	0
-50	-120	0	0
-50	-115	0	0
-50	-110	0	0
-50	-105	0	0
-50	-100	0	0
-50	-95	0	0
-50	-90	0	0
-50	-85	0	0
-50	-80	0	0
-50	-75	0	0
-50	-70	0	0
-50	-65	0	0
-50	-60	0	0
-50	-55	26.0	4
-50	-50	36.0	1
-50	-45	1.0	1
-50	-40	4.0	3
-50	-35	0	0
-50	-30	0	0
-50	-25	0	0
-50	-20	0	0
-50	-15	0	0
-50	-10	0	0
-50	-5	0	0
-50	0	0	0
-50	5	0	0
-50	10	0	0
-50	15	0	0
-50	20	0	0
-50	25	0	0
-50	30	0	0
-50	35	0	0
-50	40	0	0
-50	45	0	0
-50	50	0	0
-50	55	0	0
-50	60	0	0
-50	65	0	0
-50	70	0	0
-50	75	0	0
-50	80	0	0
-50	85	0	0
-50	90	0	0
-50	95	0	0
-50	100	0	0
-50	105	0	0
-50	110	0	0
-50	115	0	0
-50	120	172.0	1
-50	125	146.0	1
-50	130	0	0
-50	135	52.0	1
-50	140	22.0	1
-50	145	74.0	1
-50	150	0	0
-50	155	0	0
-50	160	0	0
-50	165	0	0
-50	170	0	0
-50	175	0	0
-45	-180	0	0
-45	-175	0	0
-45	-170	0	0
-45	-165	0	0
-45	-160	0	0
-45	-155	0	0
-45	-150	0	0
-45	-145	0	0
-45	-140	0	0
-45	-135	0	0
-45	-130	0	0
-45	-125	0	0
-45	-120	0	0
-45	-115	0	0
-45	-110	0	0
-45	-105	0	0
-45	-100	0	0
-45	-95	0	0
-45	-90	0	0
-45	-85	0	0
-45	-80	0	0
-45	-75	0	0
-45	-70	0	0
-45	-65	0	0
-45	-60	0	0
-45	-55	0	0
-45	-50	0	0
-45	-45	122.0	2
-45	-40	0	0
-45	-35	0	1
-45	-30	0	0
-45	-25	0	0
-45	-20	0	0
-45	-15	0	0
-45	-10	0	0
-45	-5	0	0
-45	0	0	0
-45	5	0	0
-45	10	0	0
-45	15	0	0
-45	20	0	0
-45	25	0	0
-45	30	0	0
-45	35	0	0
-45	40	0	0
-45	45	0	0
-45	50	0	0
-45	55	0	0
-45	60	0	0
-45	65	0	0
-45	70	0	0
-45	75	0	0
-45	80	0	0
-45	85	0	0
-45	90	0	0
-45	95	0	0
-45	100	0	0
-45	105	0	0
-45	110	0	0
-45	115	0	0
-45	120	0	0
-45	125	44.0	1
-45	130	0	0
-45	135	0	0
-45	140	0	0
-45	145	0	0
-45	150	0	0
-45	155	0	0
-45	160	0	0
-45	165	0	0
-45	170	0	0
-45	175	0	0
-40	-180	0	0
-40	-175	0	0
-40	-170	0	0
-40	-165	0	0
-40	-160	0	0
-40	-155	0	0
-40	-150	0	0
-40	-145	0	0
-40	-140	0	0
-40	-135	0	0
-40	-130	0	0
-40	-125	0	0
-40	-120	0	0
-40	-115	0	0
-40	-110	0	0
-40	-105	0	0
-40	-100	0	0
-40	-95	0	0
-40	-90	0	0
-40	-85	0	0
-40	-80	0	0
-40	-75	0	0
-40	-70	0	0
-40	-65	0	0
-40	-60	0	0
-40	-55	0	0
-40	-50	0	0
-40	-45	0	0
-40	-40	0	0
-40	-35	0	0
-40	-30	67.0	1
-40	-25	0	0
-40	-20	0	0
-40	-15	0	0
-40	-10	0	0
-40	-5	0	0
-40	0	0	0
-40	5	0	0
-40	10	0	0
-40	15	0	0
-40	20	0	0
-40	25	0	0
-40	30	0	0
-40	35	0	0
-40	40	0	0
-40	45	0	0
-40	50	0	0
-40	55	0	0
-40	60	0	0
-40	65	0	0
-40	70	0	0
-40	75	0	0
-40	80	0	0
-40	85	0	0
-40	90	0	0
-40	95	0	0
-40	100	0	0
-40	105	0	0
-40	110	0	0
-40	115	0	0
-40	120	0	0
-40	125	0	0
-40	130	0	0
-40	135	0	0
-40	140	0	0
-40	145	0	0
-40	150	0	0
-40	155	0	0
-40	160	0	0
-40	165	0	0
-40	170	0	0
-40	175	0	0
-35	-180	0	0
-35	-175	0	0
-35	-170	0	0
-35	-165	0	0
-35	-160	0	0
-35	-155	0	0
-35	-150	0	0
-35	-145	0	0
-35	-140	0	0
-35	-135	0	0
-35	-130	0	0
-35	-125	0	0
-35	-120	0	0
-35	-115	0	0
-35	-110	0	0
-35	-105	0	0
-35	-100	0	0
-35	-95	0	0
-35	-90	0	0
-35	-85	0	0
-35	-80	0	0
-35	-75	0	0
-35	-70	0	0
-35	-65	0	0
-35	-60	0	0
-35	-55	0	0
-35	-50	0	0
-35	-45	0	0
-35	-40	0	0
-35	-35	0	0
-35	-30	0	0
-35	-25	0	0
-35	-20	0	0
-35	-15	0	0
-35	-10	0	0
-35	-5	0	0
-35	0	0	0
-35	5	0	0
-35	10	0	0
-35	15	0	0
-35	20	0	0
-35	25	0	0
-35	30	0	0
-35	35	0	0
-35	40	0	0
-35	45	0	0
-35	50	0	0
-35	55	0	0
-35	60	0	0
-35	65	0	0
-35	70	0	0
-35	75	0	0
-35	80	0	0
-35	85	0	0
-35	90	0	0
-35	95	0	0
-35	100	0	0
-35	105	0	0
-35	110	0	0
-35	115	0	0
-35	120	0	0
-35	125	0	0
-35	130	0	0
-35	135	0	0
-35	140	0	0
-35	145	0	0
-35	150	0	0
-35	155	0	0
-35	160	0	0
-35	165	0	0
-35	170	0	0
-35	175	0	0
-30	-180	0	0
-30	-175	0	0
-30	-170	0	0
-30	-165	0	0
-30	-160	0	0
-30	-155	0	0
-30	-150	0	0
-30	-145	0	0
-30	-140	0	0
-30	-135	0	0
-30	-130	0	0
-30	-125	0	0
-30	-120	0	0
-30	-115	0	0
-30	-110	0	0
-30	-105	0	0
-30	-100	0	0
-30	-95	0	0
-30	-90	0	0
-30	-85	0	0
-30	-80	0	0
-30	-75	0	0
-30	-70	0	0
-30	-65	0	0
-30	-60	0	0
-30	-55	0	0
-30	-50	0	0
-30	-45	0	0
-30	-40	0	0
-30	-35	0	0
-30	-30	0	0
-30	-25	0	0
-30	-20	0	0
-30	-15	0	0
-30	-10	0	0
-30	-5	0	0
-30	0	0	0
-30	5	0	0
-30	10	0	0
-30	15	0	0
-30	20	0	0
-30	25	0	0
-30	30	0	0
-30	35	0	0
-30	40	0	0
-30	45	0	0
-30	50	0	0
-30	55	0	0
-30	60	0	0
-30	65	0	0
-30	70	0	0
-30	75	0	0
-30	80	0	0
-30	85	0	0
-30	90	0	0
-30	95	0	0
-30	100	0	0
-30	105	0	0
-30	110	0	0
-30	115	0	0
-30	120	0	0
-30	125	0	0
-30	130	0	0
-30	135	0	0
-30	140	0	0
-30	145	0	0
-30	150	0	0
-30	155	0	0
-30	160	0	0
-30	165	0	0
-30	170	0	0
-30	175	0	0
-25	-180	0	0
-25	-175	0	0
-25	-170	0	0
-25	-165	0	0
-25	-160	0	0
-25	-155	0	0
-25	-150	0	0
-25	-145	0	0
-25	-140	0	0
-25	-135	0	0
-25	-130	0	0
-25	-125	0	0
-25	-120	0	0
-25	-115	0	0
-25	-110	0	0
-25	-105	0	0
-25	-100	98.0	1
-25	-95	0	0
-25	-90	0	0
-25	-85	0	0
-25	-80	0	0
-25	-75	0	0
-25	-70	0	0
-25	-65	0	0
-25	-60	0	0
-25	-55	0	0
-25	-50	0	0
-25	-45	0	0
-25	-40	0	0
-25	-35	0	0
-25	-30	0	0
-25	-25	0	0
-25	-20	0	0
-25	-15	0	0
-25	-10	0	0
-25	-5	0	0
-25	0	0	0
-25	5	0	0
-25	10	0	0
-25	15	0	0
-25	20	0	0
-25	25	0	0
-25	30	0	0
-25	35	0	0
-25	40	0	0
-25	45	0	0
-25	50	0	0
-25	55	0	0
-25	60	0	0
-25	65	0	0
-25	70	0	0
-25	75	0	0
-25	80	0	0
-25	85	0	0
-25	90	0	0
-25	95	0	0
-25	100	0	0
-25	105	0	0
-25	110	0	0
-25	115	0	0
-25	120	0	0
-25	125	0	0
-25	130	0	0
-25	135	0	0
-25	140	0	0
-25	145	0	0
-25	150	0	0
-25	155	0	0
-25	160	0	0
-25	165	0	0
-25	170	0	0
-25	175	0	0
-20	-180	0	0
-20	-175	0	0
-20	-170	0	0
-20	-165	0	0
-20	-160	0	0
-20	-155	0	0
-20	-150	0	0
-20	-145	0	0
-20	-140	0	0
-20	-135	0	0
-20	-130	0	0
-20	-125	0	0
-20	-120	0	0
-20	-115	0	0
-20	-110	0	0
-20	-105	0	0
-20	-100	0	0
-20	-95	0	0
-20	-90	0	0
-20	-85	0	0
-20	-80	0	0
-20	-75	0	0
-20	-70	0	0
-20	-65	0	0
-20	-60	0	0
-20	-55	0	0
-20	-50	0	0
-20	-45	0	0
-20	-40	0	0
-20	-35	0	0
-20	-30	0	0
-20	-25	0	0
-20	-20	0	0
-20	-15	0	0
-20	-10	0	0
-20	-5	0	0
-20	0	0	0
-20	5	0	0
-20	10	0	0
-20	15	0	0
-20	20	0	0
-20	25	0	0
-20	30	0	0
-20	35	0	0
-20	40	0	0
-20	45	0	0
-20	50	0	0
-20	55	0	0
-20	60	0	0
-20	65	0	0
-20	70	0	0
-20	75	0	0
-20	80	0	0
-20	85	0	0
-20	90	0	0
-20	95	0	0
-20	100	0	0
-20	105	0	0
-20	110	0	0
-20	115	0	0
-20	120	0	0
-20	125	0	0
-20	130	0	0
-20	135	0	0
-20	140	0	0
-20	145	0	0
-20	150	0	0
-20	155	0	0
-20	160	0	0
-20	165	0	0
-20	170	0	0
-20	175	0	0
-15	-180	0	0
-15	-175	0	0
-15	-170	0	0
-15	-165	0	0
-15	-160	0	0
-15	-155	0	0
-15	-150	0	0
-15	-145	0	0
-15	-140	0	0
-15	-135	0	0
-15	-130	0	0
-15	-125	0	0
-15	-120	0	0
-15	-115	0	0
-15	-110	0	0
-15	-105	0	0
-15	-100	0	0
-15	-95	0	0
-15	-90	0	0
-15	-85	0	0
-15	-80	0	0
-15	-75	0	0
-15	-70	0	0
-15	-65	0	0
-15	-60	0	0
-15	-55	0	0
-15	-50	0	0
-15	-45	0	0
-15	-40	0	0
-15	-35	0	0
-15	-30	0	0
-15	-25	0	0
-15	-20	0	0
-15	-15	0	0
-15	-10	0	0
-15	-5	0	0
-15	0	0	0
-15	5	0	0
-15	10	0	0
-15	15	0	0
-15	20	0	0
-15	25	0	0
-15	30	0	0
-15	35	0	0
-15	40	0	0
-15	45	0	0
-15	50	0	0
-15	55	0	0
-15	60	0	0
-15	65	0	0
-15	70	0	0
-15	75	0	0
-15	80	0	0
-15	85	0	0
-15	90	0	0
-15	95	0	0
-15	100	0	0
-15	105	0	0
-15	110	0	0
-15	115	0	0
-15	120	0	0
-15	125	0	0
-15	130	0	0
-15	135	0	0
-15	140	0	0
-15	145	0	0
-15	150	0	0
-15	155	0	0
-15	160	0	0
-15	165	0	0
-15	170	0	0
-15	175	0	0
-10	-180	0	0
-10	-175	0	0
-10	-170	0	0
-10	-165	0	0
-10	-160	0	0
-10	-155	0	0
-10	-150	0	0
-10	-145	0	0
-10	-140	0	0
-10	-135	0	0
-10	-130	0	0
-10	-125	0	0
-10	-120	0	0
-10	-115	0	0
-10	-110	0	0
-10	-105	0	0
-10	-100	0	0
-10	-95	0	0
-10	-90	0	0
-10	-85	0	0
-10	-80	0	0
-10	-75	0	0
-10	-70	0	0
-10	-65	0	0
-10	-60	0	0
-10	-55	0	0
-10	-50	0	0
-10	-45	0	0
-10	-40	0	0
-10	-35	0	0
-10	-30	0	0
-10	-25	0	0
-10	-20	0	0
-10	-15	0	0
-10	-10	0	0
-10	-5	0	0
-10	0	0	0
-10	5	0	0
-10	10	0	0
-10	15	0	0
-10	20	0	0
-10	25	0	0
-10	30	0	0
-10	35	0	0
-10	40	0	0
-10	45	0	0
-10	50	0	0
-10	55	0	0
-10	60	0	0
-10	65	0	0
-10	70	0	0
-10	75	0	0
-10	80	0	0
-10	85	0	0
-10	90	0	0
-10	95	0	0
-10	100	0	0
-10	105	0	0
-10	110	0	0
-10	115	0	0
-10	120	0	0
-10	125	0	0
-10	130	0	0
-10	135	0	0
-10	140	0	0
-10	145	0	0
-10	150	0	0
-10	155	0	0
-10	160	0	0
-10	165	0	0
-10	170	0	0
-10	175	0	0
-5	-180	0	0
-5	-175	0	0
-5	-170	0	0
-5	-165	0	0
-5	-160	0	0
-5	-155	0	0
-5	-150	0	0
-5	-145	0	0
-5	-140	0	0
-5	-135	0	0
-5	-130	0	0
-5	-125	0	0
-5	-120	0	0
-5	-115	0	0
-5	-110	0	0
-5	-105	0	0
-5	-100	0	0
-5	-95	0	0
-5	-90	0	0
-5	-85	0	0
-5	-80	0	0
-5	-75	0	0
-5	-70	0	0
-5	-65	0	0
-5	-60	0	0
-5	-55	0	0
-5	-50	0	0
-5	-45	0	0
-5	-40	0	0
-5	-35	0	0
-5	-30	0	0
-5	-25	0	0
-5	-20	0	0
-5	-15	0	0
-5	-10	0	0
-5	-5	0	0
-5	0	0	0
-5	5	0	0
-5	10	0	0
-5	15	0	0
-5	20	0	0
-5	25	0	0
-5	30	0	0
-5	35	0	0
-5	40	0	0
-5	45	0	0
-5	50	0	0
-5	55	0	0
-5	60	0	0
-5	65	0	0
-5	70	0	0
-5	75	0	0
-5	80	0	0
-5	85	0	0
-5	90	0	0
-5	95	0	0
-5	100	0	0
-5	105	0	0
-5	110	0	0
-5	115	0	0
-5	120	0	0
-5	125	0	0
-5	130	0	0
-5	135	0	0
-5	140	0	0
-5	145	0	0
-5	150	0	0
-5	155	0	0
-5	160	0	0
-5	165	0	0
-5	170	0	0
-5	175	0	0
0	-180	0	0
0	-175	0	0
0	-170	0	0
0	-165	0	0
0	-160	0	0
0	-155	0	0
0	-150	0	0
0	-145	0	0
0	-140	0	0
0	-135	0	0
0	-130	0	0
0	-125	0	0
0	-120	0	0
0	-115	0	0
0	-110	0	0
0	-105	0	0
0	-100	0	0
0	-95	0	0
0	-90	0	0
0	-85	0	0
0	-80	0	0
0	-75	0	0
0	-70	0	0
0	-65	0	0
0	-60	0	0
0	-55	0	0
0	-50	0	0
0	-45	0	0
0	-40	0	0
0	-35	0	0
0	-30	0	0
0	-25	0	0
0	-20	0	0
0	-15	0	0
0	-10	0	0
0	-5	0	0
0	0	0	0
0	5	0	0
0	10	0	0
0	15	0	0
0	20	0	0
0	25	0	0
0	30	0	0
0	35	0	0
0	40	0	0
0	45	0	0
0	50	0	0
0	55	0	0
0	60	0	0
0	65	0	0
0	70	0	0
0	75	0	0
0	80	0	0
0	85	0	0
0	90	0	0
0	95	0	0
0	100	0	0
0	105	0	0
0	110	0	0
0	115	0	0
0	120	0	0
0	125	0	0
0	130	0	0
0	135	0	0
0	140	0	0
0	145	0	0
0	150	0	0
0	155	0	0
0	160	0	0
0	165	0	0
0	170	0	0
0	175	0	0
5	-180	0	0
5	-175	0	0
5	-170	0	0
5	-165	0	0
5	-160	0	0
5	-155	0	0
5	-150	0	0
5	-145	0	0
5	-140	0	0
5	-135	0	0
5	-130	0	0
5	-125	0	0
5	-120	0	0
5	-115	0	0
5	-110	0	0
5	-105	0	0
5	-100	0	0
5	-95	0	0
5	-90	0	0
5	-85	0	0
5	-80	0	0
5	-75	0	0
5	-70	0	0
5	-65	0	0
5	-60	0	0
5	-55	0	0
5	-50	0	0
5	-45	0	0
5	-40	0	0
5	-35	0	0
5	-30	0	0
5	-25	0	0
5	-20	0	0
5	-15	0	0
5	-10	0	0
5	-5	0	0
5	0	0	0
5	5	0	0
5	10	0	0
5	15	0	0
5	20	0	0
5	25	0	0
5	30	0	0
5	35	0	0
5	40	0	0
5	45	0	0
5	50	0	0
5	55	0	0
5	60	0	0
5	65	0	0
5	70	0	0
5	75	0	0
5	80	0	0
5	85	0	0
5	90	0	0
5	95	0	0
5	100	0	0
5	105	0	0
5	110	0	0
5	115	0	0
5	120	0	0
5	125	0	0
5	130	0	0
5	135	0	0
5	140	0	0
5	145	0	0
5	150	0	0
5	155	0	0
5	160	0	0
5	165	0	0
5	170	0	0
5	175	0	0
10	-180	0	0
10	-175	0	0
10	-170	0	0
10	-165	0	0
10	-160	0	0
10	-155	0	0
10	-150	0	0
10	-145	0	0
10	-140	0	0
10	-135	0	0
10	-130	0	0
10	-125	0	0
10	-120	0	0
10	-115	0	0
10	-110	0	0
10	-105	0	0
10	-100	0	0
10	-95	0	0
10	-90	0	0
10	-85	0	0
10	-80	0	0
10	-75	0	0
10	-70	0	0
10	-65	0	0
10	-60	0	0
10	-55	0	0
10	-50	0	0
10	-45	0	0
10	-40	0	0
10	-35	0	0
10	-30	0	0
10	-25	0	0
10	-20	0	0
10	-15	0	0
10	-10	0	0
10	-5	0	0
10	0	0	0
10	5	0	0
10	10	0	0
10	15	0	0
10	20	0	0
10	25	0	0
10	30	0	0
10	35	0	0
10	40	0	0
10	45	0	0
10	50	0	0
10	55	0	0
10	60	0	0
10	65	0	0
10	70	0	0
10	75	0	0
10	80	0	0
10	85	0	0
10	90	0	0
10	95	0	0
10	100	0	0
10	105	0	0
10	110	0	0
10	115	0	0
10	120	0	0
10	125	0	0
10	130	0	0
10	135	0	0
10	140	0	0
10	145	0	0
10	150	0	0
10	155	0	0
10	160	0	0
10	165	0	0
10	170	0	0
10	175	0	0
15	-180	0	0
15	-175	0	0
15	-170	0	0
15	-165	0	0
15	-160	0	0
15	-155	0	0
15	-150	0	0
15	-145	0	0
15	-140	0	0
15	-135	0	0
15	-130	0	0
15	-125	0	0
15	-120	0	0
15	-115	0	0
15	-110	0	0
15	-105	0	0
15	-100	0	0
15	-95	0	0
15	-90	0	0
15	-85	0	0
15	-80	0	0
15	-75	0	0
15	-70	0	0
15	-65	0	0
15	-60	0	0
15	-55	0	0
15	-50	0	0
15	-45	0	0
15	-40	0	0
15	-35	0	0
15	-30	0	0
15	-25	0	0
15	-20	0	0
15	-15	0	0
15	-10	0	0
15	-5	0	0
15	0	0	0
15	5	0	0
15	10	0	0
15	15	0	0
15	20	0	0
15	25	0	0
15	30	0	0
15	35	0	0
15	40	0	0
15	45	0	0
15	50	0	0
15	55	0	0
15	60	0	0
15	65	0	0
15	70	0	0
15	75	0	0
15	80	0	0
15	85	0	0
15	90	0	0
15	95	0	0
15	100	0	0
15	105	0	0
15	110	0	0
15	115	0	0
15	120	0	0
15	125	0	0
15	130	0	0
15	135	0	0
15	140	0	0
15	145	0	0
15	150	0	0
15	155	0	0
15	160	0	0
15	165	0	0
15	170	0	0
15	175	0	0
20	-180	0	0
20	-175	0	0
20	-170	0	0
20	-165	0	0
20	-160	0	0
20	-155	0	0
20	-150	0	0
20	-145	0	0
20	-140	0	0
20	-135	0	0
20	-130	0	0
20	-125	0	0
20	-120	0	0
20	-115	0	0
20	-110	0	0
20	-105	0	0
20	-100	0	0
20	-95	0	0
20	-90	0	0
20	-85	0	0
20	-80	0	0
20	-75	0	0
20	-70	0	0
20	-65	0	0
20	-60	0	0
20	-55	0	0
20	-50	0	0
20	-45	0	0
20	-40	0	0
20	-35	0	0
20	-30	0	0
20	-25	0	0
20	-20	0	0
20	-15	0	0
20	-10	0	0
20	-5	0	0
20	0	0	0
20	5	0	0
20	10	0	0
20	15	0	0
20	20	0	0
20	25	0	0
20	30	0	0
20	35	0	0
20	40	0	0
20	45	0	0
20	50	0	0
20	55	0	0
20	60	0	0
20	65	0	0
20	70	0	0
20	75	0	0
20	80	0	0
20	85	0	0
20	90	0	0
20	95	0	0
20	100	0	0
20	105	0	0
20	110	0	0
20	115	0	0
20	120	0	0
20	125	0	0
20	130	0	0
20	135	0	0
20	140	0	0
20	145	0	0
20	150	0	0
20	155	0	0
20	160	0	0
20	165	0	0
20	170	0	0
20	175	0	0
25	-180	0	0
25	-175	0	0
25	-170	0	0
25	-165	0	0
25	-160	0	0
25	-155	0	0
25	-150	0	0
25	-145	0	0
25	-140	0	0
25	-135	0	0
25	-130	0	0
25	-125	0	0
25	-120	0	0
25	-115	0	0
25	-110	0	0
25	-105	0	0
25	-100	0	0
25	-95	0	0
25	-90	0	0
25	-85	0	0
25	-80	0	0
25	-75	0	0
25	-70	0	0
25	-65	0	0
25	-60	0	0
25	-55	0	0
25	-50	0	0
25	-45	0	0
25	-40	0	0
25	-35	0	0
25	-30	0	0
25	-25	0	0
25	-20	0	0
25	-15	0	0
25	-10	0	0
25	-5	0	0
25	0	0	0
25	5	0	0
25	10	0	0
25	15	0	0
25	20	0	0
25	25	0	0
25	30	0	0
25	35	0	0
25	40	0	0
25	45	0	0
25	50	0	0
25	55	0	0
25	60	0	0
25	65	0	0
25	70	0	0
25	75	0	0
25	80	0	0
25	85	0	0
25	90	0	0
25	95	0	0
25	100	0	0
25	105	0	0
25	110	0	0
25	115	0	0
25	120	0	0
25	125	0	0
25	130	0	0
25	135	0	0
25	140	0	0
25	145	0	0
25	150	0	0
25	155	0	0
25	160	0	0
25	165	0	0
25	170	0	0
25	175	0	0
30	-180	0	0
30	-175	0	0
30	-170	0	0
30	-165	0	0
30	-160	0	0
30	-155	0	0
30	-150	0	0
30	-145	0	0
30	-140	0	0
30	-135	0	0
30	-130	0	0
30	-125	0	0
30	-120	0	0
30	-115	0	0
30	-110	0	0
30	-105	0	0
30	-100	0	0
30	-95	0	0
30	-90	0	0
30	-85	0	0
30	-80	0	0
30	-75	0	0
30	-70	0	0
30	-65	0	0
30	-60	0	0
30	-55	0	0
30	-50	0	0
30	-45	0	0
30	-40	0	0
30	-35	0	0
30	-30	0	0
30	-25	0	0
30	-20	0	0
30	-15	0	0
30	-10	0	0
30	-5	0	0
30	0	0	0
30	5	0	0
30	10	0	0
30	15	0	0
30	20	0	0
30	25	0	0
30	30	0	0
30	35	0	0
30	40	0	0
30	45	0	0
30	50	0	0
30	55	0	0
30	60	0	0
30	65	0	0
30	70	0	0
30	75	0	0
30	80	0	0
30	85	0	0
30	90	0	0
30	95	0	0
30	100	0	0
30	105	0	0
30	110	0	0
30	115	0	0
30	120	0	0
30	125	0	0
30	130	0	0
30	135	0	0
30	140	0	0
30	145	0	0
30	150	0	0
30	155	0	0
30	160	0	0
30	165	0	0
30	170	0	0
30	175	0	0
35	-180	0	0
35	-175	0	0
35	-170	0	0
35	-165	0	0
35	-160	0	0
35	-155	0	0
35	-150	0	0
35	-145	0	0
35	-140	0	0
35	-135	0	0
35	-130	0	0
35	-125	0	0
35	-120	0	0
35	-115	0	0
35	-110	0	0
35	-105	0	0
35	-100	0	0
35	-95	0	0
35	-90	0	0
35	-85	0	0
35	-80	0	0
35	-75	0	0
35	-70	0	0
35	-65	0	0
35	-60	0	0
35	-55	0	0
35	-50	0	0
35	-45	0	0
35	-40	0	0
35	-35	0	0
35	-30	0	0
35	-25	0	0
35	-20	0	0
35	-15	0	0
35	-10	0	0
35	-5	153.0	1
35	0	0	0
35	5	0	0
35	10	0	0
35	15	0	0
35	20	0	0
35	25	0	0
35	30	0	0
35	35	0	0
35	40	0	0
35	45	0	0
35	50	0	0
35	55	0	0
35	60	0	0
35	65	0	0
35	70	0	0
35	75	0	0
35	80	0	0
35	85	0	0
35	90	0	0
35	95	0	0
35	100	0	0
35	105	0	0
35	110	0	0
35	115	0	0
35	120	0	0
35	125	0	0
35	130	0	0
35	135	0	0
35	140	0	0
35	145	0	0
35	150	0	0
35	155	0	0
35	160	0	0
35	165	0	0
35	170	0	0
35	175	0	0
40	-180	0	0
40	-175	0	0
40	-170	0	0
40	-165	0	0
40	-160	0	0
40	-155	0	0
40	-150	0	0
40	-145	0	0
40	-140	0	0
40	-135	0	0
40	-130	0	0
40	-125	0	0
40	-120	0	0
40	-115	0	0
40	-110	0	0
40	-105	0	0
40	-100	0	0
40	-95	0	0
40	-90	0	0
40	-85	0	0
40	-80	0	0
40	-75	0	0
40	-70	0	0
40	-65	0	0
40	-60	0	0
40	-55	0	0
40	-50	0	0
40	-45	0	0
40	-40	0	0
40	-35	0	0
40	-30	0	0
40	-25	0	0
40	-20	0	0
40	-15	0	0
40	-10	0	0
40	-5	0	0
40	0	0	0
40	5	0	0
40	10	0	0
40	15	0	0
40	20	0	0
40	25	0	0
40	30	0	0
40	35	0	0
40	40	0	0
40	45	0	0
40	50	0	0
40	55	0	0
40	60	0	0
40	65	0	0
40	70	0	0
40	75	0	0
40	80	0	0
40	85	0	0
40	90	0	0
40	95	0	0
40	100	0	0
40	105	0	0
40	110	0	0
40	115	0	0
40	120	0	0
40	125	0	0
40	130	0	0
40	135	0	0
40	140	0	0
40	145	0	0
40	150	0	0
40	155	0	0
40	160	0	0
40	165	0	0
40	170	0	0
40	175	0	0
45	-180	0	0
45	-175	0	0
45	-170	0	0
45	-165	0	0
45	-160	0	0
45	-155	0	0
45	-150	0	0
45	-145	0	0
45	-140	0	0
45	-135	0	0
45	-130	0	0
45	-125	0	0
45	-120	0	0
45	-115	0	0
45	-110	0	0
45	-105	0	0
45	-100	0	0
45	-95	0	0
45	-90	0	0
45	-85	0	0
45	-80	0	0
45	-75	0	0
45	-70	0	0
45	-65	0	0
45	-60	0	0
45	-55	0	0
45	-50	0	0
45	-45	0	0
45	-40	0	0
45	-35	0	0
45	-30	0	0
45	-25	0	0
45	-20	0	0
45	-15	0	0
45	-10	0	0
45	-5	0	0
45	0	0	0
45	5	0	0
45	10	0	0
45	15	0	0
45	20	0	0
45	25	0	0
45	30	0	0
45	35	0	0
45	40	0	0
45	45	0	0
45	50	0	0
45	55	0	0
45	60	0	0
45	65	0	0
45	70	0	0
45	75	0	0
45	80	0	0
45	85	0	0
45	90	0	0
45	95	0	0
45	100	0	0
45	105	0	0
45	110	0	0
45	115	0	0
45	120	0	0
45	125	0	0
45	130	0	0
45	135	0	0
45	140	0	0
45	145	0	0
45	150	0	0
45	155	0	0
45	160	0	0
45	165	0	0
45	170	0	0
45	175	0	0
50	-180	0	0
50	-175	0	0
50	-170	0	0
50	-165	0	0
50	-160	0	0
50	-155	0	0
50	-150	0	0
50	-145	0	0
50	-140	0	0
50	-135	0	0
50	-130	0	0
50	-125	0	0
50	-120	0	0
50	-115	0	0
50	-110	0	0
50	-105	0	0
50	-100	0	0
50	-95	0	0
50	-90	0	0
50	-85	0	0
50	-80	0	0
50	-75	0	0
50	-70	0	0
50	-65	0	0
50	-60	0	0
50	-55	0	0
50	-50	0	0
50	-45	0	0
50	-40	0	0
50	-35	0	0
50	-30	0	0
50	-25	0	0
50	-20	0	0
50	-15	0	0
50	-10	0	0
50	-5	0	0
50	0	0	0
50	5	0	0
50	10	0	0
50	15	0	0
50	20	0	0
50	25	0	0
50	30	0	0
50	35	0	0
50	40	0	0
50	45	0	0
50	50	0	0
50	55	0	0
50	60	0	0
50	65	0	0
50	70	0	0
50	75	0	0
50	80	0	0
50	85	0	0
50	90	0	0
50	95	0	0
50	100	0	0
50	105	0	0
50	110	0	0
50	115	0	0
50	120	0	0
50	125	0	0
50	130	0	0
50	135	0	0
50	140	0	0
50	145	0	0
50	150	0	0
50	155	0	0
50	160	0	0
50	165	0	0
50	170	0	0
50	175	0	0
55	-180	0	0
55	-175	0	0
55	-170	0	0
55	-165	0	0
55	-160	0	0
55	-155	0	0
55	-150	0	0
55	-145	0	0
55	-140	0	0
55	-135	0	0
55	-130	0	0
55	-125	0	0
55	-120	0	0
55	-115	0	0
55	-110	0	0
55	-105	0	0
55	-100	0	0
55	-95	0	0
55	-90	0	0
55	-85	0	0
55	-80	0	0
55	-75	0	0
55	-70	0	0
55	-65	0	0
55	-60	0	0
55	-55	0	0
55	-50	0	0
55	-45	0	0
55	-40	0	0
55	-35	0	0
55	-30	0	0
55	-25	0	0
55	-20	0	0
55	-15	0	0
55	-10	0	0
55	-5	0	0
55	0	0	0
55	5	0	0
55	10	0	0
55	15	0	0
55	20	0	0
55	25	0	0
55	30	0	0
55	35	0	0
55	40	0	0
55	45	0	0
55	50	0	0
55	55	0	0
55	60	0	0
55	65	0	0
55	70	0	0
55	75	0	0
55	80	0	0
55	85	0	0
55	90	0	0
55	95	0	0
55	100	0	0
55	105	0	0
55	110	0	0
55	115	0	0
55	120	0	0
55	125	0	0
55	130	0	0
55	135	0	0
55	140	0	0
55	145	0	0
55	150	0	0
55	155	0	0
55	160	0	0
55	165	0	0
55	170	0	0
55	175	0	0
60	-180	0	0
60	-175	0	0
60	-170	0	0
60	-165	0	0
60	-160	0	0
60	-155	0	0
60	-150	0	0
60	-145	0	0
60	-140	0	0
60	-135	0	0
60	-130	0	0
60	-125	0	0
60	-120	0	0
60	-115	0	0
60	-110	0	0
60	-105	0	0
60	-100	0	0
60	-95	0	0
60	-90	0	0
60	-85	0	0
60	-80	0	0
60	-75	0	0
60	-70	0	0
60	-65	0	0
60	-60	0	0
60	-55	0	0
60	-50	0	0
60	-45	0	0
60	-40	0	0
60	-35	0	0
60	-30	0	0
60	-25	0	0
60	-20	0	0
60	-15	0	0
60	-10	0	0
60	-5	0	0
60	0	0	0
60	5	0	0
60	10	0	0
60	15	0	0
60	20	0	0
60	25	0	0
60	30	0	0
60	35	0	0
60	40	0	0
60	45	0	0
60	50	0	0
60	55	0	0
60	60	0	0
60	65	0	0
60	70	0	0
60	75	0	0
60	80	0	0
60	85	0	0
60	90	0	0
60	95	0	0
60	100	0	0
60	105	0	0
60	110	0	0
60	115	0	0
60	120	0	0
60	125	0	0
60	130	0	0
60	135	0	0
60	140	0	0
60	145	0	0
60	150	0	0
60	155	0	0
60	160	0	0
60	165	0	0
60	170	0	0
60	175	0	0
65	-180	0	0
65	-175	0	0
65	-170	0	0
65	-165	0	0
65	-160	0	0
65	-155	0	0
65	-150	0	0
65	-145	0	0
65	-140	0	0
65	-135	0	0
65	-130	0	0
65	-125	0	0
65	-120	0	0
65	-115	0	0
65	-110	0	0
65	-105	0	0
65	-100	0	0
65	-95	0	0
65	-90	0	0
65	-85	0	0
65	-80	92.0	1
65	-75	0	0
65	-70	0	0
65	-65	0	0
65	-60	0	0
65	-55	0	0
65	-50	0	0
65	-45	0	0
65	-40	0	0
65	-35	0	0
65	-30	0	0
65	-25	0	0
65	-20	0	0
65	-15	0	0
65	-10	0	0
65	-5	0	0
65	0	0	0
65	5	0	0
65	10	0	0
65	15	0	0
65	20	0	0
65	25	0	0
65	30	0	0
65	35	0	0
65	40	15.0	1
65	45	0	0
65	50	0	0
65	55	0	0
65	60	0	0
65	65	0	0
65	70	0	0
65	75	0	0
65	80	0	0
65	85	0	0
65	90	0	0
65	95	0	0
65	100	0	0
65	105	0	0
65	110	0	0
65	115	0	0
65	120	0	0
65	125	0	0
65	130	0	0
65	135	0	0
65	140	0	0
65	145	0	0
65	150	0	0
65	155	0	0
65	160	0	0
65	165	0	0
65	170	0	0
65	175	0	0
70	-180	0	0
70	-175	0	0
70	-170	0	0
70	-165	0	0
70	-160	0	0
70	-155	0	0
70	-150	0	0
70	-145	0	0
70	-140	0	0
70	-135	0	0
70	-130	0	0
70	-125	0	0
70	-120	0	0
70	-115	0	0
70	-110	0	0
70	-105	0	0
70	-100	0	0
70	-95	0	0
70	-90	0	0
70	-85	0	0
70	-80	0	0
70	-75	0	0
70	-70	0	0
70	-65	0	0
70	-60	0	0
70	-55	0	0
70	-50	0	0
70	-45	0	0
70	-40	0	0
70	-35	0	0
70	-30	0	0
70	-25	0	0
70	-20	0	0
70	-15	0	0
70	-10	0	0
70	-5	0	0
70	0	0	0
70	5	0	0
70	10	0	0
70	15	0	0
70	20	0	0
70	25	0	0
70	30	0	0
70	35	0	0
70	40	0	0
70	45	0	0
70	50	0	0
70	55	0	0
70	60	0	0
70	65	0	0
70	70	0	0
70	75	0	0
70	80	0	0
70	85	0	0
70	90	0	0
70	95	0	0
70	100	0	0
70	105	0	0
70	110	0	0
70	115	0	0
70	120	0	0
70	125	0	0
70	130	0	0
70	135	0	0
70	140	0	0
70	145	0	0
70	150	0	0
70	155	0	0
70	160	0	0
70	165	0	0
70	170	0	0
70	175	0	0
75	-180	0	0
75	-175	0	0
75	-170	0	0
75	-165	0	0
75	-160	0	0
75	-155	0	0
75	-150	0	0
75	-145	0	0
75	-140	0	0
75	-135	0	0
75	-130	0	0
75	-125	0	0
75	-120	0	0
75	-115	0	0
75	-110	0	0
75	-105	0	0
75	-100	0	0
75	-95	0	0
75	-90	0	0
75	-85	0	0
75	-80	0	0
75	-75	0	0
75	-70	0	0
75	-65	0	0
75	-60	0	0
75	-55	0	0
75	-50	0	0
75	-45	0	0
75	-40	0	0
75	-35	0	0
75	-30	0	0
75	-25	0	0
75	-20	0	0
75	-15	0	0
75	-10	0	0
75	-5	0	0
75	0	0	0
75	5	0	0
75	10	0	0
75	15	0	0
75	20	0	0
75	25	0	0
75	30	0	0
75	35	0	0
75	40	0	0
75	45	0	0
75	50	0	0
75	55	0	0
75	60	0	0
75	65	0	0
75	70	0	0
75	75	0	0
75	80	0	0
75	85	0	0
75	90	0	0
75	95	0	0
75	100	0	0
75	105	0	0
75	110	0	0
75	115	0	0
75	120	0	0
75	125	0	0
75	130	0	0
75	135	0	0
75	140	0	0
75	145	0	0
75	150	0	0
75	155	0	0
75	160	0	0
75	165	0	0
75	170	0	0
75	175	0	0
80	-180	0	0
80	-175	0	0
80	-170	0	0
80	-165	0	0
80	-160	0	0
80	-155	0	0
80	-150	0	0
80	-145	0	0
80	-140	0	0
80	-135	0	0
80	-130	0	0
80	-125	0	0
80	-120	0	0
80	-115	0	0
80	-110	0	0
80	-105	0	0
80	-100	0	0
80	-95	0	0
80	-90	0	0
80	-85	0	0
80	-80	0	0
80	-75	0	0
80	-70	0	0
80	-65	0	0
80	-60	0	0
80	-55	0	0
80	-50	0	0
80	-45	0	0
80	-40	0	0
80	-35	0	0
80	-30	0	0
80	-25	0	0
80	-20	0	0
80	-15	0	0
80	-10	0	0
80	-5	0	0
80	0	0	0
80	5	0	0
80	10	0	0
80	15	0	0
80	20	0	0
80	25	0	0
80	30	0	0
80	35	0	0
80	40	0	0
80	45	0	0
80	50	0	0
80	55	0	0
80	60	0	0
80	65	0	0
80	70	0	0
80	75	0	0
80	80	0	0
80	85	0	0
80	90	0	0
80	95	0	0
80	100	0	0
80	105	0	0
80	110	0	0
80	115	0	0
80	120	0	0
80	125	0	0
80	130	0	0
80	135	0	0
80	140	0	0
80	145	0	0
80	150	0	0
80	155	0	0
80	160	0	0
80	165	0	0
80	170	0	0
80	175	0	0
85	-180	0	0
85	-175	0	0
85	-170	0	0
85	-165	0	0
85	-160	0	0
85	-155	0	0
85	-150	0	0
85	-145	0	0
85	-140	0	0
85	-135	0	0
85	-130	0	0
85	-125	0	0
85	-120	0	0
85	-115	0	0
85	-110	0	0
85	-105	0	0
85	-100	0	0
85	-95	0	0
85	-90	0	0
85	-85	0	0
85	-80	0	0
85	-75	0	0
85	-70	0	0
85	-65	0	0
85	-60	0	0
85	-55	0	0
85	-50	0	0
85	-45	0	0
85	-40	0	0
85	-35	0	0
85	-30	0	0
85	-25	0	0
85	-20	0	0
85	-15	0	0
85	-10	0	0
85	-5	0	0
85	0	0	0
85	5	0	0
85	10	0	0
85	15	0	0
85	20	0	0
85	25	0	0
85	30	0	0
85	35	0	0
85	40	0	0
85	45	0	0
85	50	0	0
85	55	0	0
85	60	0	0
85	65	0	0
85	70	0	0
85	75	0	0
85	80	0	0
85	85	0	0
85	90	0	0
85	95	0	0
85	100	0	0
85	105	0	0
85	110	0	0
85	115	0	0
85	120	0	0
85	125	0	0
85	130	0	0
85	135	0	0
85	140	0	0
85	145	0	0
85	150	0	0
85	155	0	0
85	160	0	0
85	165	0	0
85	170	0	0
85	175	0	0
90	-180	0	0
90	-175	0	0
90	-170	0	0
90	-165	0	0
90	-160	0	0
90	-155	0	0
90	-150	0	0
90	-145	0	0
90	-140	0	0
90	-135	0	0
90	-130	0	0
90	-125	0	0
90	-120	0	0
90	-115	0	0
90	-110	0	0
90	-105	0	0
90	-100	0	0
90	-95	0	0
90	-90	0	0
90	-85	0	0
90	-80	0	0
90	-75	0	0
90	-70	0	0
90	-65	0	0
90	-60	0	0
90	-55	0	0
90	-50	0	0
90	-45	0	0
90	-40	0	0
90	-35	0	0
90	-30	0	0
90	-25	0	0
90	-20	0	0
90	-15	0	0
90	-10	0	0
90	-5	0	0
90	0	0	0
90	5	0	0
90	10	0	0
90	15	0	0
90	20	0	0
90	25	0	0
90	30	0	0
90	35	0	0
90	40	0	0
90	45	0	0
90	50	0	0
90	55	0	0
90	60	0	0
90	65	0	0
90	70	0	0
90	75	0	0
90	80	0	0
90	85	0	0
90	90	0	0
90	95	0	0
90	100	0	0
90	105	0	0
90	110	0	0
90	115	0	0
90	120	0	0
90	125	0	0
90	130	0	0
90	135	0	0
90	140	0	0
90	145	0	0
90	150	0	0
90	155	0	0
90	160	0	0
90	165	0	0
90	170	0	0
90	175	0	0
95	-180	0	0
95	-175	0	0
95	-170	0	0
95	-165	0	0
95	-160	0	0
95	-155	0	0
95	-150	0	0
95	-145	0	0
95	-140	0	0
95	-135	0	0
95	-130	0	0
95	-125	0	0
95	-120	0	0
95	-115	0	0
95	-110	0	0
95	-105	0	0
95	-100	0	0
95	-95	0	0
95	-90	0	0
95	-85	0	0
95	-80	0	0
95	-75	0	0
95	-70	0	0
95	-65	0	0
95	-60	0	0
95	-55	0	0
95	-50	0	0
95	-45	0	0
95	-40	0	0
95	-35	0	0
95	-30	0	0
95	-25	0	0
95	-20	0	0
95	-15	0	0
95	-10	0	0
95	-5	0	0
95	0	0	0
95	5	0	0
95	10	0	0
95	15	0	0
95	20	0	0
95	25	0	0
95	30	0	0
95	35	0	0
95	40	0	0
95	45	0	0
95	50	0	0
95	55	0	0
95	60	0	0
95	65	0	0
95	70	0	0
95	75	0	0
95	80	0	0
95	85	0	0
95	90	0	0
95	95	0	0
95	100	0	0
95	105	0	0
95	110	0	0
95	115	0	0
95	120	0	0
95	125	0	0
95	130	0	0
95	135	0	0
95	140	0	0
95	145	0	0
95	150	0	0
95	155	0	0
95	160	0	0
95	165	0	0
95	170	0	0
95	175	0	0
100	-180	0	0
100	-175	0	0
100	-170	0	0
100	-165	0	0
100	-160	0	0
100	-155	0	0
100	-150	0	0
100	-145	0	0
100	-140	0	0
100	-135	0	0
100	-130	0	0
100	-125	0	0
100	-120	0	0
100	-115	0	0
100	-110	0	0
100	-105	0	0
100	-100	0	0
100	-95	0	0
100	-90	0	0
100	-85	0	0
100	-80	0	0
100	-75	0	0
100	-70	0	0
100	-65	0	0
100	-60	0	0
100	-55	0	0
100	-50	0	0
100	-45	0	0
100	-40	0	0
100	-35	0	0
100	-30	0	0
100	-25	0	0
100	-20	0	0
100	-15	0	0
100	-10	0	0
100	-5	0	0
100	0	0	0
100	5	0	0
100	10	0	0
100	15	0	0
100	20	0	0
100	25	0	0
100	30	0	0
100	35	0	0
100	40	0	0
100	45	0	0
100	50	0	0
100	55	0	0
100	60	0	0
100	65	0	0
100	70	0	0
100	75	0	0
100	80	0	0
100	85	0	0
100	90	0	0
100	95	0	0
100	100	0	0
100	105	0	0
100	110	0	0
100	115	0	0
100	120	0	0
100	125	0	0
100	130	0	0
100	135	0	0
100	140	0	0
100	145	0	0
100	150	0	0
100	155	0	0
100	160	0	0
100	165	0	0
100	170	0	0
100	175	0	0
105	-180	0	0
105	-175	0	0
105	-170	0	0
105	-165	0	0
105	-160	0	0
105	-155	0	0
105	-150	0	0
105	-145	0	0
105	-140	0	0
105	-135	0	0
105	-130	0	0
105	-125	0	0
105	-120	0	0
105	-115	0	0
105	-110	0	0
105	-105	0	0
105	-100	0	0
105	-95	0	0
105	-90	0	0
105	-85	0	0
105	-80	0	0
105	-75	0	0
105	-70	0	0
105	-65	0	0
105	-60	0	0
105	-55	0	0
105	-50	0	0
105	-45	0	0
105	-40	0	0
105	-35	0	0
105	-30	0	0
105	-25	0	0
105	-20	0	0
105	-15	0	0
105	-10	0	0
105	-5	0	0
105	0	0	0
105	5	0	0
105	10	0	0
105	15	0	0
105	20	0	0
105	25	0	0
105	30	0	0
105	35	0	0
105	40	0	0
105	45	0	0
105	50	0	0
105	55	0	0
105	60	0	0
105	65	0	0
105	70	0	0
105	75	0	0
105	80	0	0
105	85	0	0
105	90	0	0
105	95	0	0
105	100	0	0
105	105	0	0
105	110	0	0
105	115	0	0
105	120	0	0
105	125	0	0
105	130	0	0
105	135	0	0
105	140	0	0
105	145	0	0
105	150	0	0
105	155	0	0
105	160	0	0
105	165	0	0
105	170	0	0
105	175	0	0
110	-180	0	0
110	-175	0	0
110	-170	0	0
110	-165	0	0
110	-160	0	0
110	-155	0	0
110	-150	0	0
110	-145	0	0
110	-140	0	0
110	-135	0	0
110	-130	0	0
110	-125	0	0
110	-120	0	0
110	-115	0	0
110	-110	0	0
110	-105	0	0
110	-100	0	0
110	-95	0	0
110	-90	0	0
110	-85	0	0
110	-80	0	0
110	-75	0	0
110	-70	0	0
110	-65	0	0
110	-60	0	0
110	-55	0	0
110	-50	0	0
110	-45	0	0
110	-40	0	0
110	-35	0	0
110	-30	0	0
110	-25	0	0
110	-20	0	0
110	-15	0	0
110	-10	0	0
110	-5	0	0
110	0	0	0
110	5	0	0
110	10	0	0
110	15	0	0
110	20	0	0
110	25	0	0
110	30	0	0
110	35	0	0
110	40	0	0
110	45	0	0
110	50	0	0
110	55	0	0
110	60	0	0
110	65	0	0
110	70	0	0
110	75	0	0
110	80	0	0
110	85	0	0
110	90	0	0
110	95	0	0
110	100	0	0
110	105	0	0
110	110	0	0
110	115	0	0
110	120	0	0
110	125	0	0
110	130	0	0
110	135	0	0
110	140	0	0
110	145	0	0
110	150	0	0
110	155	0	0
110	160	0	0
110	165	0	0
110	170	0	0
110	175	0	0
115	-180	0	0
115	-175	0	0
115	-170	0	0
115	-165	0	0
115	-160	0	0
115	-155	0	0
115	-150	0	0
115	-145	0	0
115	-140	0	0
115	-135	0	0
115	-130	0	0
115	-125	0	0
115	-120	0	0
115	-115	0	0
115	-110	0	0
115	-105	0	0
115	-100	0	0
115	-95	0	0
115	-90	0	0
115	-85	0	0
115	-80	0	0
115	-75	0	0
115	-70	0	0
115	-65	0	0
115	-60	0	0
115	-55	0	0
115	-50	0	0
115	-45	0	0
115	-40	0	0
115	-35	0	0
115	-30	0	0
115	-25	0	0
115	-20	0	0
115	-15	0	0
115	-10	0	0
115	-5	0	0
115	0	0	0
115	5	0	0
115	10	0	0
115	15	0	0
115	20	0	0
115	25	0	0
115	30	0	0
115	35	0	0
115	40	0	0
115	45	0	0
115	50	0	0
115	55	0	0
115	60	0	0
115	65	0	0
115	70	0	0
115	75	0	0
115	80	0	0
115	85	0	0
115	90	0	0
115	95	0	0
115	100	0	0
115	105	0	0
115	110	0	0
115	115	0	0
115	120	0	0
115	125	0	0
115	130	0	0
115	135	0	0
115	140	0	0
115	145	0	0
115	150	0	0
115	155	0	0
115	160	0	0
115	165	0	0
115	170	0	0
115	175	0	0
120	-180	0	0
120	-175	0	0
120	-170	0	0
120	-165	0	0
120	-160	0	0
120	-155	0	0
120	-150	0	0
120	-145	0	0
120	-140	0	0
120	-135	0	0
120	-130	0	0
120	-125	0	0
120	-120	0	0
120	-115	0	0
120	-110	0	0
120	-105	0	0
120	-100	0	0
120	-95	0	0
120	-90	0	0
120	-85	0	0
120	-80	0	0
120	-75	0	0
120	-70	0	0
120	-65	0	0
120	-60	0	0
120	-55	0	0
120	-50	0	0
120	-45	0	0
120	-40	0	0
120	-35	0	0
120	-30	0	0
120	-25	0	0
120	-20	0	0
120	-15	0	0
120	-10	0	0
120	-5	0	0
120	0	0	0
120	5	0	0
120	10	0	0
120	15	0	0
120	20	0	0
120	25	0	0
120	30	0	0
120	35	0	0
120	40	0	0
120	45	0	0
120	50	0	0
120	55	0	0
120	60	0	0
120	65	0	0
120	70	0	0
120	75	0	0
120	80	0	0
120	85	0	0
120	90	0	0
120	95	0	0
120	100	0	0
120	105	0	0
120	110	0	0
120	115	0	0
120	120	0	0
120	125	0	0
120	130	0	0
120	135	0	0
120	140	0	0
120	145	0	0
120	150	0	0
120	155	0	0
120	160	0	0
120	165	0	0
120	170	0	0
120	175	0	0
125	-180	0	0
125	-175	0	0
125	-170	0	0
125	-165	0	0
125	-160	0	0
125	-155	0	0
125	-150	0	0
125	-145	0	0
125	-140	0	0
125	-135	0	0
125	-130	0	0
125	-125	0	0
125	-120	0	0
125	-115	0	0
125	-110	0	0
125	-105	0	0
125	-100	0	0
125	-95	0	0
125	-90	0	0
125	-85	0	0
125	-80	0	0
125	-75	0	0
125	-70	0	0
125	-65	0	0
125	-60	0	0
125	-55	0	0
125	-50	0	0
125	-45	0	0
125	-40	0	0
125	-35	0	0
125	-30	0	0
125	-25	0	0
125	-20	0	0
125	-15	0	0
125	-10	0	0
125	-5	0	0
125	0	0	0
125	5	0	0
125	10	0	0
125	15	0	0
125	20	0	0
125	25	0	0
125	30	0	0
125	35	0	0
125	40	0	0
125	45	0	0
125	50	0	0
125	55	0	0
125	60	0	0
125	65	0	0
125	70	0	0
125	75	0	0
125	80	0	0
125	85	0	0
125	90	0	0
125	95	0	0
125	100	0	0
125	105	0	0
125	110	0	0
125	115	0	0
125	120	0	0
125	125	0	0
125	130	0	0
125	135	0	0
125	140	0	0
125	145	0	0
125	150	0	0
125	155	0	0
125	160	0	0
125	165	0	0
125	170	0	0
125	175	0	0
130	-180	0	0
130	-175	0	0
130	-170	0	0
130	-165	0	0
130	-160	0	0
130	-155	0	0
130	-150	0	0
130	-145	0	0
130	-140	0	0
130	-135	0	0
130	-130	0	0
130	-125	0	0
130	-120	0	0
130	-115	0	0
130	-110	0	0
130	-105	0	0
130	-100	0	0
130	-95	0	0
130	-90	0	0
130	-85	0	0
130	-80	0	0
130	-75	0	0
130	-70	0	0
130	-65	0	0
130	-60	0	0
130	-55	0	0
130	-50	0	0
130	-45	0	0
130	-40	0	0
130	-35	0	0
130	-30	0	0
130	-25	0	0
130	-20	0	0
130	-15	0	0
130	-10	0	0
130	-5	0	0
130	0	0	0
130	5	0	0
130	10	0	0
130	15	0	0
130	20	0	0
130	25	0	0
130	30	0	0
130	35	0	0
130	40	0	0
130	45	0	0
130	50	0	0
130	55	0	0
130	60	0	0
130	65	0	0
130	70	0	0
130	75	0	0
130	80	0	0
130	85	0	0
130	90	0	0
130	95	0	0
130	100	0	0
130	105	0	0
130	110	0	0
130	115	0	0
130	120	0	0
130	125	0	0
130	130	0	0
130	135	0	0
130	140	0	0
130	145	0	0
130	150	0	0
130	155	0	0
130	160	0	0
130	165	0	0
130	170	0	0
130	175	0	0
135	-180	0	0
135	-175	0	0
135	-170	0	0
135	-165	0	0
135	-160	0	0
135	-155	0	0
135	-150	0	0
135	-145	0	0
135	-140	0	0
135	-135	0	0
135	-130	0	0
135	-125	0	0
135	-120	0	0
135	-115	0	0
135	-110	0	0
135	-105	0	0
135	-100	0	0
135	-95	0	0
135	-90	0	0
135	-85	0	0
135	-80	0	0
135	-75	0	0
135	-70	0	0
135	-65	0	0
135	-60	0	0
135	-55	0	0
135	-50	0	0
135	-45	0	0
135	-40	0	0
135	-35	0	0
135	-30	0	0
135	-25	0	0
135	-20	0	0
135	-15	0	0
135	-10	0	0
135	-5	0	0
135	0	0	0
135	5	0	0
135	10	0	0
135	15	0	0
135	20	0	0
135	25	0	0
135	30	0	0
135	35	0	0
135	40	0	0
135	45	0	0
135	50	0	0
135	55	0	0
135	60	0	0
135	65	0	0
135	70	0	0
135	75	0	0
135	80	0	0
135	85	0	0
135	90	0	0
135	95	0	0
135	100	0	0
135	105	0	0
135	110	0	0
135	115	0	0
135	120	0	0
135	125	0	0
135	130	0	0
135	135	0	0
135	140	0	0
135	145	0	0
135	150	0	0
135	155	0	0
135	160	0	0
135	165	0	0
135	170	0	0
135	175	0	0
140	-180	0	0
140	-175	0	0
140	-170	0	0
140	-165	0	0
140	-160	0	0
140	-155	0	0
140	-150	0	0
140	-145	0	0
140	-140	0	0
140	-135	0	0
140	-130	0	0
140	-125	0	0
140	-120	0	0
140	-115	0	0
140	-110	0	0
140	-105	0	0
140	-100	0	0
140	-95	0	0
140	-90	0	0
140	-85	0	0
140	-80	0	0
140	-75	0	0
140	-70	0	0
140	-65	0	0
140	-60	0	0
140	-55	0	0
140	-50	0	0
140	-45	0	0
140	-40	0	0
140	-35	0	0
140	-30	0	0
140	-25	0	0
140	-20	0	0
140	-15	0	0
140	-10	0	0
140	-5	0	0
140	0	0	0
140	5	0	0
140	10	0	0
140	15	0	0
140	20	0	0
140	25	0	0
140	30	0	0
140	35	0	0
140	40	0	0
140	45	0	0
140	50	0	0
140	55	0	0
140	60	0	0
140	65	0	0
140	70	0	0
140	75	0	0
140	80	0	0
140	85	0	0
140	90	0	0
140	95	0	0
140	100	0	0
140	105	0	0
140	110	0	0
140	115	0	0
140	120	0	0
140	125	0	0
140	130	0	0
140	135	0	0
140	140	0	0
140	145	0	0
140	150	0	0
140	155	0	0
140	160	0	0
140	165	0	0
140	170	0	0
140	175	0	0
145	-180	0	0
145	-175	0	0
145	-170	0	0
145	-165	0	0
145	-160	0	0
145	-155	0	0
145	-150	0	0
145	-145	0	0
145	-140	0	0
145	-135	0	0
145	-130	0	0
145	-125	0	0
145	-120	0	0
145	-115	0	0
145	-110	0	0
145	-105	0	0
145	-100	0	0
145	-95	0	0
145	-90	0	0
145	-85	0	0
145	-80	0	0
145	-75	0	0
145	-70	0	0
145	-65	0	0
145	-60	0	0
145	-55	0	0
145	-50	0	0
145	-45	0	0
145	-40	0	0
145	-35	0	0
145	-30	0	0
145	-25	0	0
145	-20	0	0
145	-15	0	0
145	-10	0	0
145	-5	0	0
145	0	0	0
145	5	0	0
145	10	0	0
145	15	0	0
145	20	0	0
145	25	0	0
145	30	0	0
145	35	0	0
145	40	0	0
145	45	0	0
145	50	0	0
145	55	0	0
145	60	0	0
145	65	0	0
145	70	0	0
145	75	0	0
145	80	0	0
145	85	0	0
145	90	0	0
145	95	0	0
145	100	0	0
145	105	0	0
145	110	0	0
145	115	0	0
145	120	0	0
145	125	0	0
145	130	0	0
145	135	0	0
145	140	0	0
145	145	0	0
145	150	0	0
145	155	0	0
145	160	0	0
145	165	0	0
145	170	0	0
145	175	0	0
150	-180	0	0
150	-175	0	0
150	-170	0	0
150	-165	0	0
150	-160	0	0
150	-155	0	0
150	-150	0	0
150	-145	0	0
150	-140	0	0
150	-135	0	0
150	-130	0	0
150	-125	0	0
150	-120	0	0
150	-115	0	0
150	-110	0	0
150	-105	0	0
150	-100	0	0
150	-95	0	0
150	-90	0	0
150	-85	121.0	1
150	-80	0	0
150	-75	0	0
150	-70	0	0
150	-65	0	0
150	-60	0	0
150	-55	0	0
150	-50	0	0
150	-45	0	0
150	-40	0	0
150	-35	0	0
150	-30	0	0
150	-25	0	0
150	-20	0	0
150	-15	0	0
150	-10	0	0
150	-5	0	0
150	0	0	0
150	5	0	0
150	10	0	0
150	15	0	0
150	20	0	0
150	25	0	0
150	30	0	0
150	35	0	0
150	40	0	0
150	45	0	0
150	50	0	0
150	55	0	0
150	60	0	0
150	65	0	0
150	70	0	0
150	75	0	0
150	80	0	0
150	85	0	0
150	90	0	0
150	95	0	0
150	100	0	0
150	105	0	0
150	110	0	0
150	115	0	0
150	120	0	0
150	125	0	0
150	130	0	0
150	135	0	0
150	140	0	0
150	145	0	0
150	150	0	0
150	155	0	0
150	160	0	0
150	165	0	0
150	170	0	0
150	175	0	0
155	-180	0	0
155	-175	0	0
155	-170	0	0
155	-165	0	0
155	-160	0	0
155	-155	0	0
155	-150	0	0
155	-145	0	0
155	-140	0	0
155	-135	0	0
155	-130	0	0
155	-125	0	0
155	-120	0	0
155	-115	0	0
155	-110	0	0
155	-105	0	0
155	-100	0	0
155	-95	0	0
155	-90	0	0
155	-85	0	0
155	-80	0	0
155	-75	0	0
155	-70	0	0
155	-65	0	0
155	-60	0	0
155	-55	0	0
155	-50	0	0
155	-45	0	0
155	-40	0	0
155	-35	0	0
155	-30	0	0
155	-25	0	0
155	-20	0	0
155	-15	0	0
155	-10	0	0
155	-5	0	0
155	0	0	0
155	5	0	0
155	10	0	0
155	15	0	0
155	20	0	0
155	25	0	0
155	30	0	0
155	35	0	0
155	40	0	0
155	45	0	0
155	50	0	0
155	55	0	0
155	60	0	0
155	65	0	0
155	70	0	0
155	75	0	0
155	80	0	0
155	85	0	0
155	90	0	0
155	95	0	0
155	100	0	0
155	105	0	0
155	110	0	0
155	115	0	0
155	120	0	0
155	125	0	0
155	130	0	0
155	135	0	0
155	140	0	0
155	145	0	0
155	150	0	0
155	155	0	0
155	160	0	0
155	165	0	0
155	170	0	0
155	175	0	0
160	-180	0	0
160	-175	0	0
160	-170	0	0
160	-165	0	0
160	-160	0	0
160	-155	0	0
160	-150	0	0
160	-145	0	0
160	-140	0	0
160	-135	0	0
160	-130	0	0
160	-125	0	0
160	-120	0	0
160	-115	0	0
160	-110	0	0
160	-105	0	0
160	-100	0	0
160	-95	0	0
160	-90	0	0
160	-85	0	0
160	-80	0	0
160	-75	0	0
160	-70	0	0
160	-65	0	0
160	-60	0	0
160	-55	0	0
160	-50	0	0
160	-45	0	0
160	-40	0	0
160	-35	0	0
160	-30	0	0
160	-25	0	0
160	-20	0	0
160	-15	0	0
160	-10	0	0
160	-5	0	0
160	0	0	0
160	5	0	0
160	10	0	0
160	15	0	0
160	20	0	0
160	25	0	0
160	30	0	0
160	35	0	0
160	40	0	0
160	45	0	0
160	50	0	0
160	55	0	0
160	60	0	0
160	65	0	0
160	70	0	0
160	75	0	0
160	80	0	0
160	85	0	0
160	90	0	0
160	95	0	0
160	100	0	0
160	105	0	0
160	110	0	0
160	115	0	0
160	120	0	0
160	125	0	0
160	130	0	0
160	135	0	0
160	140	0	0
160	145	0	0
160	150	0	0
160	155	0	0
160	160	0	0
160	165	0	0
160	170	0	0
160	175	0	0
165	-180	0	0
165	-175	0	0
165	-170	0	0
165	-165	0	0
165	-160	0	0
165	-155	0	0
165	-150	0	0
165	-145	0	0
165	-140	0	0
165	-135	0	0
165	-130	0	0
165	-125	0	0
165	-120	0	0
165	-115	0	0
165	-110	0	0
165	-105	0	0
165	-100	0	0
165	-95	0	0
165	-90	0	0
165	-85	0	0
165	-80	0	0
165	-75	0	0
165	-70	0	0
165	-65	0	0
165	-60	0	0
165	-55	0	0
165	-50	0	0
165	-45	0	0
165	-40	0	0
165	-35	0	0
165	-30	0	0
165	-25	0	0
165	-20	0	0
165	-15	0	0
165	-10	0	0
165	-5	0	0
165	0	0	0
165	5	0	0
165	10	0	0
165	15	0	0
165	20	0	0
165	25	0	0
165	30	0	0
165	35	0	0
165	40	0	0
165	45	0	0
165	50	0	0
165	55	0	0
165	60	0	0
165	65	0	0
165	70	0	0
165	75	0	0
165	80	0	0
165	85	0	0
165	90	0	0
165	95	0	0
165	100	0	0
165	105	0	0
165	110	0	0
165	115	0	0
165	120	0	0
165	125	0	0
165	130	0	0
165	135	0	0
165	140	0	0
165	145	0	0
165	150	0	0
165	155	0	0
165	160	0	0
165	165	0	0
165	170	0	0
165	175	0	0
170	-180	0	0
170	-175	0	0
170	-170	0	0
170	-165	0	0
170	-160	0	0
170	-155	0	0
170	-150	0	0
170	-145	0	0
170	-140	0	0
170	-135	0	0
170	-130	0	0
170	-125	0	0
170	-120	0	0
170	-115	0	0
170	-110	0	0
170	-105	0	0
170	-100	0	0
170	-95	0	0
170	-90	0	0
170	-85	0	0
170	-80	0	0
170	-75	0	0
170	-70	0	0
170	-65	0	0
170	-60	0	0
170	-55	0	0
170	-50	0	0
170	-45	0	0
170	-40	0	0
170	-35	0	0
170	-30	0	0
170	-25	0	0
170	-20	0	0
170	-15	0	0
170	-10	0	0
170	-5	0	0
170	0	0	0
170	5	0	0
170	10	0	0
170	15	0	0
170	20	0	0
170	25	0	0
170	30	0	0
170	35	0	0
170	40	0	0
170	45	0	0
170	50	0	0
170	55	0	0
170	60	0	0
170	65	0	0
170	70	0	0
170	75	0	0
170	80	0	0
170	85	0	0
170	90	0	0
170	95	0	0
170	100	0	0
170	105	0	0
170	110	0	0
170	115	0	0
170	120	0	0
170	125	0	0
170	130	0	0
170	135	0	0
170	140	0	0
170	145	0	0
170	150	0	0
170	155	0	0
170	160	0	0
170	165	0	0
170	170	0	0
170	175	0	0
175	-180	0	0
175	-175	0	0
175	-170	0	0
175	-165	0	0
175	-160	0	0
175	-155	0	0
175	-150	0	0
175	-145	0	0
175	-140	0	0
175	-135	0	0
175	-130	0	0
175	-125	0	0
175	-120	0	0
175	-115	0	0
175	-110	0	0
175	-105	0	0
175	-100	0	0
175	-95	0	0
175	-90	0	0
175	-85	0	0
175	-80	0	0
175	-75	0	0
175	-70	0	0
175	-65	0	0
175	-60	0	0
175	-55	0	0
175	-50	0	0
175	-45	0	0
175	-40	0	0
175	-35	0	0
175	-30	0	0
175	-25	0	0
175	-20	0	0
175	-15	0	0
175	-10	0	0
175	-5	0	0
175	0	0	0
175	5	0	0
175	10	0	0
175	15	0	0
175	20	0	0
175	25	0	0
175	30	0	0
175	35	0	0
175	40	0	0
175	45	0	0
175	50	0	0
175	55	0	0
175	60	0	0
175	65	0	0
175	70	0	0
175	75	0	0
175	80	0	0
175	85	0	0
175	90	0	0
175	95	0	0
175	100	0	0
175	105	0	0
175	110	0	0
175	115	0	0
175	120	0	0
175	125	0	0
175	130	0	0
175	135	0	0
175	140	0	0
175	145	0	0
175	150	0	0
175	155	0	0
175	160	0	0
175	165	0	0
175	170	0	0
175	175	0	0
