Phi	Psi	maxSA	population
-180	-180	0	0
-180	-175	0	0
-180	-170	0	0
-180	-165	0	0
-180	-160	0	0
-180	-155	0	0
-180	-150	0	0
-180	-145	0	0
-180	-140	0	0
-180	-135	0	0
-180	-130	0	0
-180	-125	0	0
-180	-120	0	0
-180	-115	0	0
-180	-110	0	0
-180	-105	0	0
-180	-100	0	0
-180	-95	0	0
-180	-90	0	0
-180	-85	0	0
-180	-80	0	0
-180	-75	0	0
-180	-70	0	0
-180	-65	0	0
-180	-60	0	0
-180	-55	0	0
-180	-50	0	0
-180	-45	0	0
-180	-40	0	0
-180	-35	0	0
-180	-30	0	0
-180	-25	0	0
-180	-20	0	0
-180	-15	0	0
-180	-10	0	0
-180	-5	0	0
-180	0	0	0
-180	5	0	0
-180	10	0	0
-180	15	0	0
-180	20	0	0
-180	25	0	0
-180	30	0	0
-180	35	0	0
-180	40	0	0
-180	45	0	0
-180	50	0	0
-180	55	0	0
-180	60	0	0
-180	65	0	0
-180	70	0	0
-180	75	0	0
-180	80	0	0
-180	85	0	0
-180	90	0	0
-180	95	0	0
-180	100	0	0
-180	105	0	0
-180	110	0	0
-180	115	0	0
-180	120	0	0
-180	125	0	0
-180	130	0	0
-180	135	0	0
-180	140	0	0
-180	145	0	0
-180	150	0	0
-180	155	0	0
-180	160	83.0	1
-180	165	0	0
-180	170	0	0
-180	175	0	0
-175	-180	0	0
-175	-175	0	0
-175	-170	0	0
-175	-165	0	0
-175	-160	0	0
-175	-155	0	0
-175	-150	0	0
-175	-145	0	0
-175	-140	0	0
-175	-135	0	0
-175	-130	0	0
-175	-125	0	0
-175	-120	0	0
-175	-115	0	0
-175	-110	0	0
-175	-105	0	0
-175	-100	0	0
-175	-95	0	0
-175	-90	0	0
-175	-85	0	0
-175	-80	0	0
-175	-75	0	0
-175	-70	0	0
-175	-65	0	0
-175	-60	0	0
-175	-55	0	0
-175	-50	0	0
-175	-45	0	0
-175	-40	0	0
-175	-35	0	0
-175	-30	0	0
-175	-25	0	0
-175	-20	0	0
-175	-15	0	0
-175	-10	0	0
-175	-5	0	0
-175	0	0	0
-175	5	0	0
-175	10	0	0
-175	15	0	0
-175	20	0	0
-175	25	0	0
-175	30	0	0
-175	35	0	0
-175	40	0	0
-175	45	0	0
-175	50	0	0
-175	55	0	0
-175	60	0	0
-175	65	0	0
-175	70	0	0
-175	75	0	0
-175	80	0	0
-175	85	0	0
-175	90	0	0
-175	95	0	0
-175	100	0	0
-175	105	0	0
-175	110	0	0
-175	115	0	0
-175	120	0	0
-175	125	0	0
-175	130	0	0
-175	135	0	0
-175	140	0	0
-175	145	0	0
-175	150	0	0
-175	155	0	0
-175	160	0	0
-175	165	0	0
-175	170	0	0
-175	175	0	0
-170	-180	0	0
-170	-175	0	0
-170	-170	0	0
-170	-165	0	0
-170	-160	0	0
-170	-155	0	0
-170	-150	0	0
-170	-145	0	0
-170	-140	0	0
-170	-135	0	0
-170	-130	0	0
-170	-125	0	0
-170	-120	0	0
-170	-115	0	0
-170	-110	0	0
-170	-105	0	0
-170	-100	0	0
-170	-95	0	0
-170	-90	0	0
-170	-85	0	0
-170	-80	0	0
-170	-75	0	0
-170	-70	0	0
-170	-65	0	0
-170	-60	0	0
-170	-55	0	0
-170	-50	0	0
-170	-45	0	0
-170	-40	0	0
-170	-35	0	0
-170	-30	0	0
-170	-25	0	0
-170	-20	0	0
-170	-15	0	0
-170	-10	0	0
-170	-5	0	0
-170	0	0	0
-170	5	0	0
-170	10	0	0
-170	15	0	0
-170	20	0	0
-170	25	0	0
-170	30	0	0
-170	35	0	0
-170	40	0	0
-170	45	0	0
-170	50	0	0
-170	55	0	0
-170	60	0	0
-170	65	0	0
-170	70	0	0
-170	75	0	0
-170	80	0	0
-170	85	0	0
-170	90	0	0
-170	95	0	0
-170	100	0	0
-170	105	0	0
-170	110	0	0
-170	115	0	0
-170	120	0	0
-170	125	0	0
-170	130	0	0
-170	135	0	0
-170	140	0	0
-170	145	0	0
-170	150	0	0
-170	155	0	0
-170	160	0	0
-170	165	13.0	2
-170	170	9.0	1
-170	175	0	0
-165	-180	0	0
-165	-175	0	0
-165	-170	0	0
-165	-165	0	0
-165	-160	0	0
-165	-155	0	0
-165	-150	0	0
-165	-145	0	0
-165	-140	0	0
-165	-135	0	0
-165	-130	0	0
-165	-125	0	0
-165	-120	0	0
-165	-115	0	0
-165	-110	0	0
-165	-105	0	0
-165	-100	0	0
-165	-95	0	0
-165	-90	0	0
-165	-85	0	0
-165	-80	0	0
-165	-75	0	0
-165	-70	0	0
-165	-65	0	0
-165	-60	0	0
-165	-55	0	0
-165	-50	0	0
-165	-45	0	0
-165	-40	0	0
-165	-35	0	0
-165	-30	0	0
-165	-25	0	0
-165	-20	0	0
-165	-15	0	0
-165	-10	0	0
-165	-5	0	0
-165	0	0	0
-165	5	0	0
-165	10	0	0
-165	15	0	0
-165	20	0	0
-165	25	0	0
-165	30	0	0
-165	35	0	0
-165	40	0	0
-165	45	0	0
-165	50	0	0
-165	55	0	0
-165	60	0	0
-165	65	0	0
-165	70	0	0
-165	75	0	0
-165	80	0	0
-165	85	0	0
-165	90	0	0
-165	95	0	0
-165	100	0	0
-165	105	0	0
-165	110	0	0
-165	115	0	0
-165	120	0	0
-165	125	0	0
-165	130	12.0	1
-165	135	25.0	1
-165	140	0	1
-165	145	0	0
-165	150	0	0
-165	155	0	0
-165	160	3.0	1
-165	165	0	0
-165	170	0	0
-165	175	0	0
-160	-180	0	0
-160	-175	0	0
-160	-170	0	0
-160	-165	0	0
-160	-160	0	0
-160	-155	0	0
-160	-150	0	0
-160	-145	0	0
-160	-140	0	0
-160	-135	0	0
-160	-130	0	0
-160	-125	0	0
-160	-120	0	0
-160	-115	0	0
-160	-110	0	0
-160	-105	0	0
-160	-100	0	0
-160	-95	0	0
-160	-90	0	0
-160	-85	0	0
-160	-80	0	0
-160	-75	0	0
-160	-70	0	0
-160	-65	0	0
-160	-60	0	0
-160	-55	0	0
-160	-50	0	0
-160	-45	0	0
-160	-40	0	0
-160	-35	0	0
-160	-30	0	0
-160	-25	0	0
-160	-20	0	0
-160	-15	0	0
-160	-10	0	0
-160	-5	0	0
-160	0	0	0
-160	5	0	0
-160	10	0	0
-160	15	0	0
-160	20	0	0
-160	25	0	0
-160	30	0	0
-160	35	0	0
-160	40	0	0
-160	45	0	0
-160	50	0	0
-160	55	0	0
-160	60	0	0
-160	65	0	0
-160	70	0	0
-160	75	0	0
-160	80	0	0
-160	85	0	0
-160	90	0	0
-160	95	0	0
-160	100	0	0
-160	105	0	0
-160	110	0	0
-160	115	34.0	1
-160	120	88.0	1
-160	125	28.0	3
-160	130	0	1
-160	135	3.0	1
-160	140	0	0
-160	145	118.0	1
-160	150	0	0
-160	155	8.0	1
-160	160	49.0	1
-160	165	0	1
-160	170	0	1
-160	175	0	0
-155	-180	0	0
-155	-175	0	0
-155	-170	0	0
-155	-165	0	0
-155	-160	0	0
-155	-155	0	0
-155	-150	0	0
-155	-145	0	0
-155	-140	0	0
-155	-135	0	0
-155	-130	0	0
-155	-125	0	0
-155	-120	0	0
-155	-115	0	0
-155	-110	0	0
-155	-105	0	0
-155	-100	0	0
-155	-95	0	0
-155	-90	0	0
-155	-85	0	0
-155	-80	0	0
-155	-75	0	0
-155	-70	0	0
-155	-65	0	0
-155	-60	0	0
-155	-55	0	0
-155	-50	0	0
-155	-45	0	0
-155	-40	0	0
-155	-35	0	0
-155	-30	0	0
-155	-25	0	0
-155	-20	0	0
-155	-15	0	0
-155	-10	0	0
-155	-5	0	0
-155	0	0	0
-155	5	0	0
-155	10	9.0	1
-155	15	0	0
-155	20	0	0
-155	25	0	0
-155	30	0	0
-155	35	0	0
-155	40	11.0	1
-155	45	0	0
-155	50	0	0
-155	55	0	0
-155	60	0	0
-155	65	0	0
-155	70	0	0
-155	75	0	0
-155	80	0	0
-155	85	0	0
-155	90	0	0
-155	95	0	0
-155	100	0	0
-155	105	0	0
-155	110	0	0
-155	115	7.0	1
-155	120	2.0	1
-155	125	0	0
-155	130	0	1
-155	135	2.0	1
-155	140	35.0	2
-155	145	0	0
-155	150	6.0	1
-155	155	8.0	3
-155	160	21.0	3
-155	165	0	0
-155	170	0	0
-155	175	0	0
-150	-180	0	0
-150	-175	0	0
-150	-170	0	0
-150	-165	0	0
-150	-160	0	0
-150	-155	0	0
-150	-150	0	0
-150	-145	0	0
-150	-140	0	0
-150	-135	0	0
-150	-130	0	0
-150	-125	0	0
-150	-120	0	0
-150	-115	0	0
-150	-110	0	0
-150	-105	0	0
-150	-100	0	0
-150	-95	0	0
-150	-90	0	0
-150	-85	0	0
-150	-80	0	0
-150	-75	0	0
-150	-70	0	0
-150	-65	0	0
-150	-60	0	0
-150	-55	0	0
-150	-50	0	0
-150	-45	0	0
-150	-40	0	0
-150	-35	0	0
-150	-30	0	0
-150	-25	0	0
-150	-20	0	0
-150	-15	0	0
-150	-10	0	0
-150	-5	0	0
-150	0	0	0
-150	5	0	0
-150	10	0	0
-150	15	0	0
-150	20	0	0
-150	25	0	0
-150	30	0	0
-150	35	0	0
-150	40	0	0
-150	45	0	0
-150	50	0	0
-150	55	0	0
-150	60	0	0
-150	65	0	0
-150	70	0	0
-150	75	0	0
-150	80	0	0
-150	85	2.0	1
-150	90	0	0
-150	95	0	0
-150	100	110.0	1
-150	105	19.0	1
-150	110	0	0
-150	115	0	0
-150	120	97.0	2
-150	125	16.0	1
-150	130	22.0	4
-150	135	14.0	5
-150	140	120.0	4
-150	145	0	0
-150	150	50.0	2
-150	155	25.0	1
-150	160	10.0	3
-150	165	0	1
-150	170	1.0	1
-150	175	0	0
-145	-180	0	0
-145	-175	0	0
-145	-170	0	0
-145	-165	0	0
-145	-160	0	0
-145	-155	0	0
-145	-150	0	0
-145	-145	0	0
-145	-140	0	0
-145	-135	0	0
-145	-130	0	0
-145	-125	0	0
-145	-120	0	0
-145	-115	0	0
-145	-110	0	0
-145	-105	0	0
-145	-100	0	0
-145	-95	0	0
-145	-90	0	0
-145	-85	0	0
-145	-80	0	0
-145	-75	0	0
-145	-70	0	0
-145	-65	0	0
-145	-60	27.0	1
-145	-55	0	0
-145	-50	0	0
-145	-45	0	0
-145	-40	0	0
-145	-35	0	0
-145	-30	0	0
-145	-25	0	0
-145	-20	0	0
-145	-15	0	0
-145	-10	0	0
-145	-5	0	0
-145	0	0	0
-145	5	0	0
-145	10	0	0
-145	15	0	0
-145	20	0	0
-145	25	0	0
-145	30	0	0
-145	35	0	0
-145	40	0	0
-145	45	0	0
-145	50	0	0
-145	55	0	0
-145	60	0	0
-145	65	0	0
-145	70	1.0	1
-145	75	0	0
-145	80	0	0
-145	85	0	0
-145	90	0	0
-145	95	0	0
-145	100	0	0
-145	105	102.0	1
-145	110	0	0
-145	115	68.0	3
-145	120	1.0	2
-145	125	66.0	5
-145	130	36.0	3
-145	135	5.0	1
-145	140	67.0	4
-145	145	100.0	2
-145	150	50.0	6
-145	155	66.0	3
-145	160	0	0
-145	165	0	0
-145	170	7.0	1
-145	175	0	0
-140	-180	0	0
-140	-175	0	0
-140	-170	0	0
-140	-165	0	0
-140	-160	0	0
-140	-155	0	0
-140	-150	0	0
-140	-145	0	0
-140	-140	0	0
-140	-135	0	0
-140	-130	0	0
-140	-125	0	0
-140	-120	0	0
-140	-115	0	0
-140	-110	0	0
-140	-105	0	0
-140	-100	13.0	1
-140	-95	0	0
-140	-90	0	0
-140	-85	0	0
-140	-80	0	0
-140	-75	0	0
-140	-70	0	0
-140	-65	0	0
-140	-60	0	0
-140	-55	0	0
-140	-50	0	0
-140	-45	0	0
-140	-40	0	0
-140	-35	0	0
-140	-30	0	0
-140	-25	0	0
-140	-20	0	0
-140	-15	0	0
-140	-10	0	0
-140	-5	0	0
-140	0	0	0
-140	5	0	0
-140	10	0	0
-140	15	0	0
-140	20	0	0
-140	25	0	0
-140	30	0	0
-140	35	0	0
-140	40	0	0
-140	45	0	0
-140	50	0	0
-140	55	0	0
-140	60	0	0
-140	65	0	0
-140	70	0	0
-140	75	0	0
-140	80	0	0
-140	85	12.0	1
-140	90	0	0
-140	95	65.0	1
-140	100	0	0
-140	105	131.0	1
-140	110	0	0
-140	115	6.0	2
-140	120	19.0	4
-140	125	92.0	6
-140	130	110.0	9
-140	135	62.0	5
-140	140	56.0	2
-140	145	72.0	7
-140	150	35.0	3
-140	155	35.0	6
-140	160	9.0	1
-140	165	19.0	1
-140	170	66.0	3
-140	175	0	1
-135	-180	0	0
-135	-175	0	0
-135	-170	0	0
-135	-165	0	0
-135	-160	0	0
-135	-155	0	0
-135	-150	0	0
-135	-145	0	0
-135	-140	0	0
-135	-135	0	0
-135	-130	0	0
-135	-125	0	0
-135	-120	0	0
-135	-115	0	0
-135	-110	0	0
-135	-105	0	0
-135	-100	0	0
-135	-95	0	0
-135	-90	0	0
-135	-85	0	0
-135	-80	0	0
-135	-75	0	0
-135	-70	0	0
-135	-65	0	0
-135	-60	0	0
-135	-55	0	0
-135	-50	54.0	1
-135	-45	0	0
-135	-40	0	0
-135	-35	0	0
-135	-30	0	0
-135	-25	0	0
-135	-20	0	0
-135	-15	0	0
-135	-10	0	1
-135	-5	0	0
-135	0	0	0
-135	5	0	0
-135	10	16.0	1
-135	15	0	0
-135	20	0	0
-135	25	0	0
-135	30	146.0	2
-135	35	0	0
-135	40	60.0	1
-135	45	0	0
-135	50	0	0
-135	55	0	0
-135	60	0	0
-135	65	29.0	3
-135	70	32.0	1
-135	75	0	0
-135	80	0	0
-135	85	0	0
-135	90	0	0
-135	95	0	0
-135	100	0	0
-135	105	32.0	1
-135	110	59.0	3
-135	115	14.0	5
-135	120	17.0	4
-135	125	50.0	4
-135	130	56.0	8
-135	135	63.0	9
-135	140	30.0	8
-135	145	70.0	5
-135	150	117.0	8
-135	155	41.0	8
-135	160	133.0	1
-135	165	1.0	2
-135	170	1.0	1
-135	175	85.0	1
-130	-180	0	0
-130	-175	0	0
-130	-170	0	0
-130	-165	0	0
-130	-160	0	0
-130	-155	0	0
-130	-150	0	0
-130	-145	0	0
-130	-140	0	0
-130	-135	0	0
-130	-130	0	0
-130	-125	0	0
-130	-120	0	0
-130	-115	0	0
-130	-110	0	0
-130	-105	0	0
-130	-100	0	0
-130	-95	0	0
-130	-90	0	0
-130	-85	0	0
-130	-80	0	0
-130	-75	0	0
-130	-70	0	0
-130	-65	0	0
-130	-60	0	1
-130	-55	0	0
-130	-50	0	0
-130	-45	131.0	1
-130	-40	0	0
-130	-35	0	0
-130	-30	0	0
-130	-25	0	0
-130	-20	0	0
-130	-15	0	0
-130	-10	77.0	1
-130	-5	0	0
-130	0	0	0
-130	5	0	0
-130	10	1.0	1
-130	15	29.0	1
-130	20	0	0
-130	25	7.0	1
-130	30	0	0
-130	35	0	0
-130	40	41.0	1
-130	45	29.0	1
-130	50	0	0
-130	55	0	0
-130	60	0	0
-130	65	0	0
-130	70	0	0
-130	75	20.0	2
-130	80	7.0	1
-130	85	0	0
-130	90	1.0	1
-130	95	49.0	3
-130	100	0	1
-130	105	86.0	3
-130	110	19.0	5
-130	115	37.0	6
-130	120	86.0	12
-130	125	86.0	9
-130	130	43.0	14
-130	135	88.0	6
-130	140	87.0	13
-130	145	50.0	9
-130	150	44.0	6
-130	155	35.0	4
-130	160	0	0
-130	165	63.0	4
-130	170	0	0
-130	175	40.0	1
-125	-180	0	0
-125	-175	0	0
-125	-170	0	0
-125	-165	0	0
-125	-160	0	0
-125	-155	0	0
-125	-150	0	0
-125	-145	0	0
-125	-140	0	0
-125	-135	0	0
-125	-130	0	0
-125	-125	0	0
-125	-120	0	0
-125	-115	0	0
-125	-110	0	0
-125	-105	0	0
-125	-100	0	0
-125	-95	0	0
-125	-90	0	0
-125	-85	0	0
-125	-80	0	0
-125	-75	0	0
-125	-70	0	0
-125	-65	0	0
-125	-60	0	0
-125	-55	0	0
-125	-50	0	0
-125	-45	0	0
-125	-40	0	0
-125	-35	0	0
-125	-30	0	0
-125	-25	61.0	2
-125	-20	0	0
-125	-15	0	0
-125	-10	14.0	1
-125	-5	61.0	2
-125	0	0	0
-125	5	0	0
-125	10	68.0	1
-125	15	0	0
-125	20	0	0
-125	25	2.0	1
-125	30	0	0
-125	35	19.0	1
-125	40	0	0
-125	45	0	0
-125	50	0	0
-125	55	0	0
-125	60	0	0
-125	65	0	0
-125	70	0	0
-125	75	44.0	1
-125	80	9.0	1
-125	85	0	0
-125	90	0	2
-125	95	71.0	1
-125	100	62.0	2
-125	105	58.0	4
-125	110	115.0	8
-125	115	32.0	9
-125	120	67.0	8
-125	125	87.0	21
-125	130	40.0	9
-125	135	91.0	8
-125	140	84.0	11
-125	145	82.0	10
-125	150	40.0	5
-125	155	72.0	9
-125	160	29.0	5
-125	165	51.0	4
-125	170	27.0	1
-125	175	0	0
-120	-180	0	0
-120	-175	0	0
-120	-170	0	0
-120	-165	0	0
-120	-160	0	0
-120	-155	0	0
-120	-150	0	0
-120	-145	0	0
-120	-140	0	0
-120	-135	0	0
-120	-130	0	0
-120	-125	0	0
-120	-120	0	0
-120	-115	0	0
-120	-110	94.0	1
-120	-105	0	0
-120	-100	0	0
-120	-95	0	0
-120	-90	0	0
-120	-85	0	0
-120	-80	0	0
-120	-75	0	0
-120	-70	0	0
-120	-65	0	0
-120	-60	0	0
-120	-55	0	0
-120	-50	70.0	1
-120	-45	0	0
-120	-40	2.0	2
-120	-35	57.0	1
-120	-30	4.0	1
-120	-25	0	0
-120	-20	135.0	2
-120	-15	0	0
-120	-10	0	0
-120	-5	16.0	3
-120	0	0	0
-120	5	28.0	2
-120	10	52.0	4
-120	15	0	1
-120	20	27.0	2
-120	25	0	0
-120	30	0	0
-120	35	84.0	1
-120	40	0	0
-120	45	0	0
-120	50	0	0
-120	55	0	0
-120	60	0	0
-120	65	4.0	1
-120	70	0	0
-120	75	2.0	1
-120	80	0	0
-120	85	1.0	1
-120	90	1.0	2
-120	95	1.0	1
-120	100	0	1
-120	105	103.0	8
-120	110	76.0	9
-120	115	100.0	9
-120	120	85.0	13
-120	125	100.0	18
-120	130	88.0	13
-120	135	101.0	18
-120	140	29.0	15
-120	145	114.0	14
-120	150	47.0	6
-120	155	29.0	7
-120	160	5.0	3
-120	165	30.0	4
-120	170	6.0	1
-120	175	0	0
-115	-180	0	0
-115	-175	0	0
-115	-170	0	0
-115	-165	0	0
-115	-160	0	0
-115	-155	0	0
-115	-150	0	0
-115	-145	0	0
-115	-140	0	0
-115	-135	59.0	1
-115	-130	0	0
-115	-125	0	0
-115	-120	0	0
-115	-115	0	0
-115	-110	0	0
-115	-105	0	0
-115	-100	0	0
-115	-95	0	0
-115	-90	0	0
-115	-85	0	0
-115	-80	0	0
-115	-75	0	0
-115	-70	0	0
-115	-65	0	0
-115	-60	9.0	1
-115	-55	71.0	1
-115	-50	0	0
-115	-45	0	0
-115	-40	47.0	2
-115	-35	0	0
-115	-30	0	0
-115	-25	0	0
-115	-20	0	1
-115	-15	128.0	4
-115	-10	21.0	1
-115	-5	27.0	1
-115	0	34.0	1
-115	5	103.0	2
-115	10	14.0	1
-115	15	7.0	2
-115	20	107.0	2
-115	25	0	0
-115	30	0	0
-115	35	21.0	2
-115	40	0	0
-115	45	0	0
-115	50	0	0
-115	55	11.0	1
-115	60	0	0
-115	65	0	0
-115	70	0	1
-115	75	0	0
-115	80	16.0	1
-115	85	0	0
-115	90	11.0	3
-115	95	45.0	2
-115	100	0	2
-115	105	37.0	9
-115	110	83.0	9
-115	115	113.0	14
-115	120	9.0	21
-115	125	89.0	19
-115	130	105.0	15
-115	135	85.0	14
-115	140	65.0	18
-115	145	73.0	9
-115	150	87.0	8
-115	155	70.0	5
-115	160	14.0	1
-115	165	28.0	4
-115	170	68.0	1
-115	175	0	0
-110	-180	0	0
-110	-175	0	0
-110	-170	0	0
-110	-165	0	0
-110	-160	0	0
-110	-155	0	0
-110	-150	0	0
-110	-145	0	0
-110	-140	0	0
-110	-135	0	0
-110	-130	0	0
-110	-125	0	0
-110	-120	0	0
-110	-115	0	0
-110	-110	0	0
-110	-105	0	0
-110	-100	0	0
-110	-95	0	0
-110	-90	0	0
-110	-85	0	0
-110	-80	0	0
-110	-75	0	0
-110	-70	0	0
-110	-65	0	0
-110	-60	0	0
-110	-55	0	0
-110	-50	114.0	2
-110	-45	18.0	1
-110	-40	0	0
-110	-35	80.0	2
-110	-30	10.0	2
-110	-25	135.0	4
-110	-20	98.0	3
-110	-15	53.0	3
-110	-10	4.0	1
-110	-5	103.0	3
-110	0	111.0	8
-110	5	172.0	6
-110	10	121.0	10
-110	15	106.0	4
-110	20	123.0	3
-110	25	28.0	1
-110	30	0	0
-110	35	0	0
-110	40	0	0
-110	45	0	0
-110	50	0	0
-110	55	0	0
-110	60	0	0
-110	65	1.0	1
-110	70	0	0
-110	75	0	0
-110	80	0	0
-110	85	31.0	1
-110	90	22.0	1
-110	95	0	0
-110	100	0	2
-110	105	59.0	8
-110	110	36.0	5
-110	115	87.0	17
-110	120	82.0	27
-110	125	72.0	24
-110	130	97.0	24
-110	135	103.0	21
-110	140	88.0	18
-110	145	51.0	13
-110	150	35.0	10
-110	155	70.0	6
-110	160	77.0	2
-110	165	9.0	1
-110	170	14.0	1
-110	175	0	0
-105	-180	0	0
-105	-175	50.0	1
-105	-170	0	0
-105	-165	0	0
-105	-160	0	0
-105	-155	0	0
-105	-150	0	0
-105	-145	0	0
-105	-140	0	0
-105	-135	0	0
-105	-130	0	0
-105	-125	0	0
-105	-120	0	0
-105	-115	0	0
-105	-110	0	0
-105	-105	0	0
-105	-100	0	0
-105	-95	0	0
-105	-90	0	0
-105	-85	0	0
-105	-80	0	0
-105	-75	0	0
-105	-70	1.0	2
-105	-65	0	0
-105	-60	0	0
-105	-55	0	0
-105	-50	168.0	5
-105	-45	0	0
-105	-40	92.0	2
-105	-35	44.0	1
-105	-30	60.0	2
-105	-25	160.0	5
-105	-20	14.0	3
-105	-15	86.0	4
-105	-10	97.0	4
-105	-5	74.0	7
-105	0	69.0	8
-105	5	156.0	9
-105	10	115.0	7
-105	15	46.0	4
-105	20	2.0	2
-105	25	89.0	2
-105	30	0	0
-105	35	0	0
-105	40	0	0
-105	45	0	0
-105	50	0	0
-105	55	0	0
-105	60	0	0
-105	65	0	0
-105	70	2.0	1
-105	75	0	0
-105	80	0	0
-105	85	1.0	2
-105	90	0	1
-105	95	26.0	2
-105	100	12.0	3
-105	105	70.0	8
-105	110	88.0	10
-105	115	151.0	14
-105	120	90.0	15
-105	125	72.0	19
-105	130	36.0	16
-105	135	66.0	9
-105	140	74.0	8
-105	145	25.0	9
-105	150	120.0	9
-105	155	24.0	2
-105	160	41.0	7
-105	165	99.0	1
-105	170	49.0	3
-105	175	13.0	2
-100	-180	0	0
-100	-175	0	0
-100	-170	0	0
-100	-165	0	0
-100	-160	0	0
-100	-155	0	0
-100	-150	0	0
-100	-145	0	0
-100	-140	0	0
-100	-135	0	0
-100	-130	0	0
-100	-125	0	0
-100	-120	0	0
-100	-115	0	0
-100	-110	0	0
-100	-105	0	0
-100	-100	0	0
-100	-95	0	0
-100	-90	0	0
-100	-85	0	0
-100	-80	0	0
-100	-75	0	0
-100	-70	0	0
-100	-65	0	0
-100	-60	38.0	1
-100	-55	0	0
-100	-50	110.0	2
-100	-45	59.0	4
-100	-40	107.0	4
-100	-35	136.0	6
-100	-30	91.0	3
-100	-25	103.0	4
-100	-20	40.0	2
-100	-15	112.0	6
-100	-10	117.0	4
-100	-5	162.0	9
-100	0	175.0	17
-100	5	91.0	13
-100	10	122.0	5
-100	15	151.0	4
-100	20	108.0	3
-100	25	0	1
-100	30	0	1
-100	35	0	0
-100	40	0	0
-100	45	0	0
-100	50	0	0
-100	55	0	0
-100	60	0	0
-100	65	0	0
-100	70	0	0
-100	75	0	0
-100	80	0	0
-100	85	0	0
-100	90	1.0	1
-100	95	71.0	4
-100	100	31.0	3
-100	105	94.0	5
-100	110	53.0	8
-100	115	133.0	15
-100	120	46.0	16
-100	125	98.0	15
-100	130	145.0	18
-100	135	18.0	8
-100	140	61.0	12
-100	145	77.0	10
-100	150	104.0	3
-100	155	71.0	5
-100	160	104.0	5
-100	165	7.0	2
-100	170	0	0
-100	175	31.0	1
-95	-180	0	0
-95	-175	0	0
-95	-170	0	0
-95	-165	0	0
-95	-160	0	0
-95	-155	0	0
-95	-150	0	0
-95	-145	0	0
-95	-140	0	0
-95	-135	0	0
-95	-130	0	0
-95	-125	0	0
-95	-120	0	0
-95	-115	0	0
-95	-110	0	0
-95	-105	0	0
-95	-100	0	0
-95	-95	0	0
-95	-90	0	0
-95	-85	0	0
-95	-80	0	0
-95	-75	0	0
-95	-70	0	0
-95	-65	0	0
-95	-60	0	0
-95	-55	0	1
-95	-50	82.0	2
-95	-45	108.0	3
-95	-40	19.0	5
-95	-35	62.0	4
-95	-30	134.0	6
-95	-25	122.0	7
-95	-20	75.0	2
-95	-15	103.0	7
-95	-10	120.0	7
-95	-5	113.0	8
-95	0	161.0	17
-95	5	94.0	8
-95	10	91.0	4
-95	15	12.0	2
-95	20	15.0	2
-95	25	0	0
-95	30	0	0
-95	35	0	0
-95	40	0	0
-95	45	0	0
-95	50	0	0
-95	55	109.0	1
-95	60	18.0	1
-95	65	0	0
-95	70	0	0
-95	75	10.0	1
-95	80	0	0
-95	85	89.0	2
-95	90	164.0	2
-95	95	64.0	2
-95	100	2.0	4
-95	105	116.0	8
-95	110	94.0	10
-95	115	57.0	14
-95	120	116.0	16
-95	125	44.0	17
-95	130	107.0	15
-95	135	138.0	16
-95	140	166.0	7
-95	145	111.0	8
-95	150	34.0	7
-95	155	7.0	1
-95	160	43.0	5
-95	165	49.0	2
-95	170	0	1
-95	175	0	0
-90	-180	0	0
-90	-175	42.0	1
-90	-170	0	0
-90	-165	0	0
-90	-160	0	0
-90	-155	0	0
-90	-150	0	0
-90	-145	37.0	1
-90	-140	0	0
-90	-135	0	0
-90	-130	0	0
-90	-125	0	0
-90	-120	0	0
-90	-115	0	0
-90	-110	0	0
-90	-105	0	0
-90	-100	0	0
-90	-95	0	0
-90	-90	0	0
-90	-85	0	0
-90	-80	0	0
-90	-75	0	0
-90	-70	0	0
-90	-65	0	0
-90	-60	0	0
-90	-55	0	1
-90	-50	59.0	1
-90	-45	37.0	1
-90	-40	106.0	7
-90	-35	178.0	10
-90	-30	115.0	4
-90	-25	185.0	6
-90	-20	103.0	7
-90	-15	134.0	6
-90	-10	159.0	9
-90	-5	146.0	12
-90	0	135.0	14
-90	5	91.0	6
-90	10	148.0	4
-90	15	0	0
-90	20	115.0	1
-90	25	0	0
-90	30	0	0
-90	35	185.0	1
-90	40	0	0
-90	45	0	0
-90	50	0	0
-90	55	9.0	2
-90	60	0	0
-90	65	10.0	1
-90	70	103.0	3
-90	75	7.0	1
-90	80	0	0
-90	85	0	1
-90	90	1.0	2
-90	95	54.0	5
-90	100	13.0	3
-90	105	45.0	7
-90	110	36.0	2
-90	115	85.0	10
-90	120	123.0	14
-90	125	33.0	9
-90	130	48.0	12
-90	135	170.0	8
-90	140	93.0	10
-90	145	106.0	8
-90	150	83.0	12
-90	155	73.0	4
-90	160	48.0	4
-90	165	52.0	2
-90	170	14.0	1
-90	175	0	0
-85	-180	0	0
-85	-175	0	0
-85	-170	0	0
-85	-165	0	0
-85	-160	0	0
-85	-155	0	0
-85	-150	0	0
-85	-145	0	0
-85	-140	0	0
-85	-135	0	0
-85	-130	0	0
-85	-125	0	0
-85	-120	0	0
-85	-115	0	0
-85	-110	0	0
-85	-105	0	0
-85	-100	0	0
-85	-95	0	0
-85	-90	0	0
-85	-85	0	0
-85	-80	0	0
-85	-75	0	0
-85	-70	0	0
-85	-65	0	0
-85	-60	2.0	1
-85	-55	0	1
-85	-50	4.0	2
-85	-45	83.0	4
-85	-40	31.0	6
-85	-35	153.0	8
-85	-30	89.0	12
-85	-25	133.0	8
-85	-20	136.0	8
-85	-15	177.0	15
-85	-10	121.0	13
-85	-5	152.0	12
-85	0	133.0	7
-85	5	180.0	2
-85	10	164.0	2
-85	15	55.0	1
-85	20	0	0
-85	25	0	0
-85	30	0	0
-85	35	0	0
-85	40	0	0
-85	45	52.0	1
-85	50	0	0
-85	55	24.0	1
-85	60	44.0	2
-85	65	0	0
-85	70	0	1
-85	75	36.0	2
-85	80	0	0
-85	85	49.0	2
-85	90	66.0	1
-85	95	0	0
-85	100	79.0	7
-85	105	63.0	6
-85	110	177.0	5
-85	115	120.0	12
-85	120	74.0	9
-85	125	59.0	9
-85	130	147.0	8
-85	135	51.0	9
-85	140	100.0	10
-85	145	159.0	13
-85	150	104.0	9
-85	155	156.0	6
-85	160	87.0	3
-85	165	30.0	1
-85	170	26.0	1
-85	175	39.0	1
-80	-180	0	0
-80	-175	0	0
-80	-170	0	0
-80	-165	0	0
-80	-160	0	0
-80	-155	0	0
-80	-150	0	0
-80	-145	0	0
-80	-140	0	0
-80	-135	0	0
-80	-130	0	0
-80	-125	0	0
-80	-120	0	0
-80	-115	0	0
-80	-110	0	0
-80	-105	0	0
-80	-100	0	0
-80	-95	0	0
-80	-90	0	0
-80	-85	0	0
-80	-80	0	0
-80	-75	0	0
-80	-70	0	0
-80	-65	0	0
-80	-60	4.0	2
-80	-55	146.0	3
-80	-50	134.0	7
-80	-45	72.0	4
-80	-40	28.0	6
-80	-35	176.0	16
-80	-30	164.0	12
-80	-25	144.0	11
-80	-20	132.0	14
-80	-15	106.0	17
-80	-10	83.0	10
-80	-5	6.0	3
-80	0	119.0	4
-80	5	123.0	1
-80	10	0	0
-80	15	0	0
-80	20	0	0
-80	25	0	0
-80	30	0	0
-80	35	0	0
-80	40	0	0
-80	45	0	0
-80	50	0	0
-80	55	0	0
-80	60	0	0
-80	65	0	0
-80	70	0	0
-80	75	52.0	1
-80	80	0	1
-80	85	0	0
-80	90	14.0	1
-80	95	0	0
-80	100	0	1
-80	105	6.0	1
-80	110	63.0	5
-80	115	80.0	5
-80	120	100.0	5
-80	125	91.0	10
-80	130	156.0	11
-80	135	107.0	11
-80	140	97.0	14
-80	145	59.0	7
-80	150	126.0	8
-80	155	55.0	7
-80	160	75.0	3
-80	165	18.0	1
-80	170	71.0	1
-80	175	0	0
-75	-180	0	0
-75	-175	0	0
-75	-170	0	0
-75	-165	0	0
-75	-160	0	0
-75	-155	0	0
-75	-150	0	0
-75	-145	0	0
-75	-140	0	0
-75	-135	0	0
-75	-130	0	0
-75	-125	0	0
-75	-120	0	0
-75	-115	0	0
-75	-110	0	0
-75	-105	0	0
-75	-100	0	0
-75	-95	0	0
-75	-90	0	0
-75	-85	0	0
-75	-80	91.0	1
-75	-75	0	0
-75	-70	0	0
-75	-65	0	0
-75	-60	0	0
-75	-55	55.0	5
-75	-50	153.0	5
-75	-45	141.0	16
-75	-40	132.0	43
-75	-35	129.0	24
-75	-30	134.0	31
-75	-25	139.0	19
-75	-20	93.0	15
-75	-15	85.0	18
-75	-10	109.0	7
-75	-5	141.0	4
-75	0	1.0	1
-75	5	65.0	2
-75	10	0	0
-75	15	0	0
-75	20	22.0	1
-75	25	0	0
-75	30	0	0
-75	35	0	0
-75	40	0	0
-75	45	0	0
-75	50	0	0
-75	55	0	0
-75	60	0	0
-75	65	0	0
-75	70	0	0
-75	75	0	0
-75	80	0	0
-75	85	0	0
-75	90	0	0
-75	95	25.0	2
-75	100	0	0
-75	105	15.0	2
-75	110	79.0	4
-75	115	20.0	4
-75	120	28.0	9
-75	125	119.0	10
-75	130	82.0	7
-75	135	86.0	12
-75	140	79.0	14
-75	145	141.0	20
-75	150	93.0	16
-75	155	58.0	7
-75	160	102.0	8
-75	165	101.0	3
-75	170	0	0
-75	175	0	0
-70	-180	0	0
-70	-175	0	0
-70	-170	0	0
-70	-165	0	0
-70	-160	0	0
-70	-155	0	0
-70	-150	0	0
-70	-145	0	0
-70	-140	0	0
-70	-135	0	0
-70	-130	0	0
-70	-125	0	0
-70	-120	0	0
-70	-115	0	0
-70	-110	0	0
-70	-105	0	0
-70	-100	0	0
-70	-95	0	0
-70	-90	0	0
-70	-85	0	0
-70	-80	0	0
-70	-75	0	0
-70	-70	0	0
-70	-65	0	0
-70	-60	4.0	1
-70	-55	62.0	8
-70	-50	136.0	31
-70	-45	141.0	111
-70	-40	172.0	143
-70	-35	133.0	71
-70	-30	170.0	42
-70	-25	135.0	29
-70	-20	160.0	12
-70	-15	96.0	17
-70	-10	121.0	5
-70	-5	9.0	1
-70	0	0	0
-70	5	0	0
-70	10	0	0
-70	15	19.0	1
-70	20	0	0
-70	25	0	0
-70	30	0	0
-70	35	0	0
-70	40	0	0
-70	45	0	0
-70	50	0	0
-70	55	0	0
-70	60	0	0
-70	65	0	0
-70	70	0	0
-70	75	0	0
-70	80	0	0
-70	85	0	0
-70	90	0	0
-70	95	0	0
-70	100	73.0	1
-70	105	15.0	1
-70	110	17.0	1
-70	115	73.0	2
-70	120	59.0	4
-70	125	98.0	11
-70	130	97.0	15
-70	135	99.0	7
-70	140	136.0	19
-70	145	161.0	11
-70	150	84.0	11
-70	155	112.0	10
-70	160	70.0	5
-70	165	7.0	1
-70	170	0	1
-70	175	0	0
-65	-180	0	0
-65	-175	0	0
-65	-170	0	0
-65	-165	0	0
-65	-160	0	0
-65	-155	0	0
-65	-150	0	0
-65	-145	0	0
-65	-140	0	0
-65	-135	0	0
-65	-130	0	0
-65	-125	0	0
-65	-120	0	0
-65	-115	0	0
-65	-110	0	0
-65	-105	0	0
-65	-100	0	0
-65	-95	0	0
-65	-90	0	0
-65	-85	0	0
-65	-80	0	0
-65	-75	0	0
-65	-70	0	0
-65	-65	0	0
-65	-60	22.0	1
-65	-55	123.0	14
-65	-50	147.0	119
-65	-45	169.0	307
-65	-40	144.0	268
-65	-35	156.0	85
-65	-30	189.0	41
-65	-25	148.0	27
-65	-20	160.0	12
-65	-15	101.0	5
-65	-10	39.0	3
-65	-5	0	0
-65	0	0	0
-65	5	0	0
-65	10	0	0
-65	15	0	0
-65	20	0	0
-65	25	0	0
-65	30	0	0
-65	35	0	0
-65	40	0	0
-65	45	0	0
-65	50	0	0
-65	55	0	0
-65	60	0	0
-65	65	0	0
-65	70	0	0
-65	75	0	0
-65	80	0	0
-65	85	0	0
-65	90	0	0
-65	95	0	0
-65	100	0	0
-65	105	0	0
-65	110	0	0
-65	115	107.0	1
-65	120	91.0	5
-65	125	52.0	6
-65	130	101.0	21
-65	135	182.0	16
-65	140	94.0	15
-65	145	108.0	10
-65	150	62.0	7
-65	155	89.0	7
-65	160	84.0	2
-65	165	0	0
-65	170	0	0
-65	175	0	0
-60	-180	0	0
-60	-175	0	0
-60	-170	0	0
-60	-165	0	0
-60	-160	0	0
-60	-155	0	0
-60	-150	0	0
-60	-145	0	0
-60	-140	0	0
-60	-135	0	0
-60	-130	0	0
-60	-125	0	0
-60	-120	0	0
-60	-115	0	0
-60	-110	0	0
-60	-105	0	0
-60	-100	0	0
-60	-95	0	0
-60	-90	0	0
-60	-85	0	0
-60	-80	0	0
-60	-75	0	0
-60	-70	0	0
-60	-65	0	0
-60	-60	98.0	5
-60	-55	118.0	17
-60	-50	140.0	137
-60	-45	141.0	188
-60	-40	159.0	117
-60	-35	116.0	42
-60	-30	136.0	19
-60	-25	152.0	14
-60	-20	29.0	4
-60	-15	9.0	2
-60	-10	0	0
-60	-5	0	0
-60	0	0	0
-60	5	0	0
-60	10	0	0
-60	15	0	0
-60	20	0	0
-60	25	0	0
-60	30	0	0
-60	35	0	0
-60	40	0	0
-60	45	0	0
-60	50	0	0
-60	55	0	0
-60	60	0	0
-60	65	0	0
-60	70	0	0
-60	75	0	0
-60	80	0	0
-60	85	0	0
-60	90	0	0
-60	95	0	0
-60	100	0	0
-60	105	14.0	1
-60	110	0	0
-60	115	2.0	2
-60	120	46.0	2
-60	125	51.0	6
-60	130	155.0	11
-60	135	141.0	9
-60	140	65.0	6
-60	145	91.0	7
-60	150	161.0	2
-60	155	0	1
-60	160	12.0	1
-60	165	0	0
-60	170	0	0
-60	175	0	0
-55	-180	0	0
-55	-175	0	0
-55	-170	0	0
-55	-165	0	0
-55	-160	0	0
-55	-155	0	0
-55	-150	0	0
-55	-145	0	0
-55	-140	0	0
-55	-135	0	0
-55	-130	0	0
-55	-125	0	0
-55	-120	0	0
-55	-115	0	0
-55	-110	0	0
-55	-105	0	0
-55	-100	0	0
-55	-95	0	0
-55	-90	0	0
-55	-85	0	0
-55	-80	0	0
-55	-75	0	0
-55	-70	0	0
-55	-65	0	0
-55	-60	12.0	3
-55	-55	88.0	16
-55	-50	103.0	32
-55	-45	140.0	45
-55	-40	174.0	33
-55	-35	156.0	14
-55	-30	158.0	2
-55	-25	0	0
-55	-20	0	0
-55	-15	0	0
-55	-10	0	0
-55	-5	0	0
-55	0	8.0	1
-55	5	0	0
-55	10	0	0
-55	15	0	0
-55	20	0	0
-55	25	0	0
-55	30	0	0
-55	35	0	0
-55	40	0	0
-55	45	0	0
-55	50	0	0
-55	55	0	0
-55	60	0	0
-55	65	0	0
-55	70	0	0
-55	75	0	0
-55	80	0	0
-55	85	0	0
-55	90	0	0
-55	95	0	0
-55	100	0	0
-55	105	0	0
-55	110	0	0
-55	115	45.0	1
-55	120	23.0	2
-55	125	104.0	11
-55	130	64.0	5
-55	135	89.0	4
-55	140	17.0	1
-55	145	69.0	3
-55	150	0	0
-55	155	0	0
-55	160	27.0	1
-55	165	0	0
-55	170	0	0
-55	175	0	0
-50	-180	0	0
-50	-175	0	0
-50	-170	0	0
-50	-165	0	0
-50	-160	0	0
-50	-155	0	0
-50	-150	0	0
-50	-145	0	0
-50	-140	0	0
-50	-135	0	0
-50	-130	0	0
-50	-125	0	0
-50	-120	0	0
-50	-115	0	0
-50	-110	0	0
-50	-105	0	0
-50	-100	0	0
-50	-95	0	0
-50	-90	0	0
-50	-85	0	0
-50	-80	0	0
-50	-75	0	0
-50	-70	0	0
-50	-65	0	0
-50	-60	0	0
-50	-55	83.0	4
-50	-50	111.0	7
-50	-45	132.0	8
-50	-40	134.0	1
-50	-35	0	0
-50	-30	0	0
-50	-25	0	0
-50	-20	0	0
-50	-15	0	0
-50	-10	0	0
-50	-5	0	0
-50	0	0	0
-50	5	0	0
-50	10	0	0
-50	15	0	0
-50	20	0	0
-50	25	0	0
-50	30	0	0
-50	35	0	0
-50	40	0	0
-50	45	0	0
-50	50	0	0
-50	55	0	0
-50	60	0	0
-50	65	0	0
-50	70	0	0
-50	75	0	0
-50	80	0	0
-50	85	0	0
-50	90	0	0
-50	95	0	0
-50	100	0	0
-50	105	0	0
-50	110	0	0
-50	115	0	0
-50	120	9.0	1
-50	125	53.0	4
-50	130	110.0	3
-50	135	0	0
-50	140	56.0	3
-50	145	0	0
-50	150	0	0
-50	155	0	0
-50	160	0	0
-50	165	0	0
-50	170	0	0
-50	175	0	0
-45	-180	0	0
-45	-175	0	0
-45	-170	0	0
-45	-165	0	0
-45	-160	0	0
-45	-155	0	0
-45	-150	0	0
-45	-145	0	0
-45	-140	0	0
-45	-135	0	0
-45	-130	0	0
-45	-125	0	0
-45	-120	0	0
-45	-115	0	0
-45	-110	0	0
-45	-105	0	0
-45	-100	0	0
-45	-95	0	0
-45	-90	0	0
-45	-85	0	0
-45	-80	0	0
-45	-75	0	0
-45	-70	0	0
-45	-65	0	0
-45	-60	0	0
-45	-55	0	0
-45	-50	0	1
-45	-45	0	0
-45	-40	0	1
-45	-35	0	0
-45	-30	0	0
-45	-25	0	0
-45	-20	0	0
-45	-15	0	0
-45	-10	0	0
-45	-5	0	0
-45	0	0	0
-45	5	0	0
-45	10	0	0
-45	15	0	0
-45	20	0	0
-45	25	0	0
-45	30	0	0
-45	35	0	0
-45	40	0	0
-45	45	0	0
-45	50	0	0
-45	55	0	0
-45	60	0	0
-45	65	0	0
-45	70	0	0
-45	75	0	0
-45	80	0	0
-45	85	0	0
-45	90	0	0
-45	95	0	0
-45	100	0	0
-45	105	0	0
-45	110	0	0
-45	115	0	0
-45	120	18.0	1
-45	125	0	0
-45	130	0	0
-45	135	0	0
-45	140	0	0
-45	145	18.0	1
-45	150	0	0
-45	155	0	0
-45	160	0	0
-45	165	0	0
-45	170	0	0
-45	175	0	0
-40	-180	0	0
-40	-175	0	0
-40	-170	0	0
-40	-165	0	0
-40	-160	0	0
-40	-155	0	0
-40	-150	0	0
-40	-145	0	0
-40	-140	0	0
-40	-135	0	0
-40	-130	0	0
-40	-125	0	0
-40	-120	0	0
-40	-115	0	0
-40	-110	0	0
-40	-105	0	0
-40	-100	0	0
-40	-95	0	0
-40	-90	0	0
-40	-85	0	0
-40	-80	0	0
-40	-75	0	0
-40	-70	0	0
-40	-65	0	0
-40	-60	0	0
-40	-55	132.0	1
-40	-50	0	0
-40	-45	0	0
-40	-40	0	0
-40	-35	0	0
-40	-30	0	0
-40	-25	0	0
-40	-20	0	0
-40	-15	0	0
-40	-10	0	0
-40	-5	0	0
-40	0	0	0
-40	5	0	0
-40	10	0	0
-40	15	0	0
-40	20	0	0
-40	25	0	0
-40	30	0	0
-40	35	0	0
-40	40	0	0
-40	45	0	0
-40	50	0	0
-40	55	0	0
-40	60	0	0
-40	65	0	0
-40	70	0	0
-40	75	0	0
-40	80	0	0
-40	85	0	0
-40	90	0	0
-40	95	0	0
-40	100	0	0
-40	105	0	0
-40	110	0	0
-40	115	0	0
-40	120	0	1
-40	125	0	0
-40	130	0	0
-40	135	0	0
-40	140	0	0
-40	145	0	0
-40	150	0	0
-40	155	0	0
-40	160	0	0
-40	165	0	0
-40	170	0	0
-40	175	0	0
-35	-180	0	0
-35	-175	0	0
-35	-170	0	0
-35	-165	0	0
-35	-160	0	0
-35	-155	0	0
-35	-150	0	0
-35	-145	0	0
-35	-140	0	0
-35	-135	0	0
-35	-130	0	0
-35	-125	0	0
-35	-120	0	0
-35	-115	0	0
-35	-110	0	0
-35	-105	0	0
-35	-100	0	0
-35	-95	0	0
-35	-90	0	0
-35	-85	0	0
-35	-80	0	0
-35	-75	0	0
-35	-70	0	0
-35	-65	0	0
-35	-60	75.0	1
-35	-55	0	0
-35	-50	0	0
-35	-45	0	0
-35	-40	0	0
-35	-35	0	0
-35	-30	0	0
-35	-25	0	0
-35	-20	0	0
-35	-15	0	0
-35	-10	0	0
-35	-5	0	0
-35	0	0	0
-35	5	0	0
-35	10	0	0
-35	15	0	0
-35	20	0	0
-35	25	0	0
-35	30	0	0
-35	35	0	0
-35	40	0	0
-35	45	0	0
-35	50	0	0
-35	55	0	0
-35	60	0	0
-35	65	0	0
-35	70	0	0
-35	75	0	0
-35	80	0	0
-35	85	0	0
-35	90	0	0
-35	95	0	0
-35	100	0	0
-35	105	0	0
-35	110	0	0
-35	115	0	0
-35	120	0	0
-35	125	0	0
-35	130	0	0
-35	135	0	0
-35	140	0	0
-35	145	0	0
-35	150	0	0
-35	155	0	0
-35	160	0	0
-35	165	0	0
-35	170	0	0
-35	175	0	0
-30	-180	0	0
-30	-175	0	0
-30	-170	0	0
-30	-165	0	0
-30	-160	0	0
-30	-155	0	0
-30	-150	0	0
-30	-145	0	0
-30	-140	0	0
-30	-135	0	0
-30	-130	0	0
-30	-125	0	0
-30	-120	0	0
-30	-115	0	0
-30	-110	0	0
-30	-105	0	0
-30	-100	0	0
-30	-95	0	0
-30	-90	0	0
-30	-85	0	0
-30	-80	0	0
-30	-75	0	0
-30	-70	0	0
-30	-65	0	0
-30	-60	0	0
-30	-55	0	0
-30	-50	0	0
-30	-45	0	0
-30	-40	0	0
-30	-35	0	0
-30	-30	0	0
-30	-25	0	0
-30	-20	0	0
-30	-15	0	0
-30	-10	0	0
-30	-5	0	0
-30	0	0	0
-30	5	0	0
-30	10	0	0
-30	15	0	0
-30	20	0	0
-30	25	0	0
-30	30	0	0
-30	35	0	0
-30	40	0	0
-30	45	0	0
-30	50	0	0
-30	55	0	0
-30	60	0	0
-30	65	0	0
-30	70	0	0
-30	75	0	0
-30	80	0	0
-30	85	0	0
-30	90	0	0
-30	95	0	0
-30	100	0	0
-30	105	0	0
-30	110	0	0
-30	115	0	0
-30	120	0	0
-30	125	0	0
-30	130	0	0
-30	135	0	0
-30	140	0	0
-30	145	0	0
-30	150	0	0
-30	155	0	0
-30	160	0	0
-30	165	0	0
-30	170	0	0
-30	175	0	0
-25	-180	0	0
-25	-175	0	0
-25	-170	0	0
-25	-165	0	0
-25	-160	0	0
-25	-155	0	0
-25	-150	0	0
-25	-145	0	0
-25	-140	0	0
-25	-135	0	0
-25	-130	0	0
-25	-125	0	0
-25	-120	0	0
-25	-115	0	0
-25	-110	0	0
-25	-105	0	0
-25	-100	0	0
-25	-95	0	0
-25	-90	0	0
-25	-85	0	0
-25	-80	0	0
-25	-75	0	0
-25	-70	0	0
-25	-65	0	0
-25	-60	0	0
-25	-55	0	0
-25	-50	0	0
-25	-45	0	0
-25	-40	0	0
-25	-35	0	0
-25	-30	0	0
-25	-25	0	0
-25	-20	0	0
-25	-15	0	0
-25	-10	0	0
-25	-5	0	0
-25	0	0	0
-25	5	0	0
-25	10	0	0
-25	15	0	0
-25	20	0	0
-25	25	0	0
-25	30	0	0
-25	35	0	0
-25	40	0	0
-25	45	0	0
-25	50	0	0
-25	55	0	0
-25	60	0	0
-25	65	0	0
-25	70	0	0
-25	75	0	0
-25	80	0	0
-25	85	0	0
-25	90	0	0
-25	95	0	0
-25	100	0	0
-25	105	0	0
-25	110	0	0
-25	115	0	0
-25	120	0	0
-25	125	0	0
-25	130	0	0
-25	135	0	0
-25	140	0	0
-25	145	0	0
-25	150	0	0
-25	155	0	0
-25	160	0	0
-25	165	0	0
-25	170	0	0
-25	175	0	0
-20	-180	0	0
-20	-175	0	0
-20	-170	0	0
-20	-165	0	0
-20	-160	0	0
-20	-155	0	0
-20	-150	0	0
-20	-145	0	0
-20	-140	0	0
-20	-135	0	0
-20	-130	0	0
-20	-125	0	0
-20	-120	0	0
-20	-115	0	0
-20	-110	0	0
-20	-105	0	0
-20	-100	0	0
-20	-95	0	0
-20	-90	0	0
-20	-85	0	0
-20	-80	0	0
-20	-75	0	0
-20	-70	0	0
-20	-65	0	0
-20	-60	0	0
-20	-55	0	0
-20	-50	0	0
-20	-45	0	0
-20	-40	0	0
-20	-35	0	0
-20	-30	0	0
-20	-25	0	0
-20	-20	0	0
-20	-15	0	0
-20	-10	0	0
-20	-5	0	0
-20	0	0	0
-20	5	0	0
-20	10	0	0
-20	15	0	0
-20	20	0	0
-20	25	0	0
-20	30	0	0
-20	35	0	0
-20	40	0	0
-20	45	0	0
-20	50	0	0
-20	55	0	0
-20	60	0	0
-20	65	0	0
-20	70	0	0
-20	75	0	0
-20	80	0	0
-20	85	0	0
-20	90	0	0
-20	95	0	0
-20	100	0	0
-20	105	0	0
-20	110	0	0
-20	115	0	0
-20	120	0	0
-20	125	0	0
-20	130	0	0
-20	135	0	0
-20	140	0	0
-20	145	0	0
-20	150	0	0
-20	155	0	0
-20	160	0	0
-20	165	0	0
-20	170	0	0
-20	175	0	0
-15	-180	0	0
-15	-175	0	0
-15	-170	0	0
-15	-165	0	0
-15	-160	0	0
-15	-155	0	0
-15	-150	0	0
-15	-145	0	0
-15	-140	0	0
-15	-135	0	0
-15	-130	0	0
-15	-125	0	0
-15	-120	0	0
-15	-115	0	0
-15	-110	0	0
-15	-105	0	0
-15	-100	0	0
-15	-95	0	0
-15	-90	0	0
-15	-85	0	0
-15	-80	0	0
-15	-75	0	0
-15	-70	0	0
-15	-65	0	0
-15	-60	0	0
-15	-55	0	0
-15	-50	0	0
-15	-45	0	0
-15	-40	0	0
-15	-35	0	0
-15	-30	0	0
-15	-25	0	0
-15	-20	0	0
-15	-15	0	0
-15	-10	0	0
-15	-5	0	0
-15	0	0	0
-15	5	0	0
-15	10	0	0
-15	15	0	0
-15	20	0	0
-15	25	0	0
-15	30	0	0
-15	35	0	0
-15	40	0	0
-15	45	0	0
-15	50	0	0
-15	55	0	0
-15	60	0	0
-15	65	0	0
-15	70	0	0
-15	75	0	0
-15	80	0	0
-15	85	0	0
-15	90	0	0
-15	95	0	0
-15	100	0	0
-15	105	0	0
-15	110	0	0
-15	115	0	0
-15	120	0	0
-15	125	0	0
-15	130	0	0
-15	135	0	0
-15	140	0	0
-15	145	0	0
-15	150	0	0
-15	155	0	0
-15	160	0	0
-15	165	0	0
-15	170	0	0
-15	175	0	0
-10	-180	0	0
-10	-175	0	0
-10	-170	0	0
-10	-165	0	0
-10	-160	0	0
-10	-155	0	0
-10	-150	0	0
-10	-145	0	0
-10	-140	0	0
-10	-135	0	0
-10	-130	0	0
-10	-125	0	0
-10	-120	0	0
-10	-115	0	0
-10	-110	0	0
-10	-105	0	0
-10	-100	0	0
-10	-95	0	0
-10	-90	0	0
-10	-85	0	0
-10	-80	0	0
-10	-75	0	0
-10	-70	0	0
-10	-65	0	0
-10	-60	0	0
-10	-55	0	0
-10	-50	0	0
-10	-45	0	0
-10	-40	0	0
-10	-35	0	0
-10	-30	0	0
-10	-25	0	0
-10	-20	0	0
-10	-15	0	0
-10	-10	0	0
-10	-5	0	0
-10	0	0	0
-10	5	0	0
-10	10	0	0
-10	15	0	0
-10	20	0	0
-10	25	0	0
-10	30	0	0
-10	35	0	0
-10	40	0	0
-10	45	0	0
-10	50	0	0
-10	55	0	0
-10	60	0	0
-10	65	0	0
-10	70	0	0
-10	75	0	0
-10	80	0	0
-10	85	0	0
-10	90	0	0
-10	95	0	0
-10	100	0	0
-10	105	0	0
-10	110	0	0
-10	115	0	0
-10	120	0	0
-10	125	0	0
-10	130	0	0
-10	135	0	0
-10	140	0	0
-10	145	0	0
-10	150	0	0
-10	155	0	0
-10	160	0	0
-10	165	0	0
-10	170	0	0
-10	175	0	0
-5	-180	0	0
-5	-175	0	0
-5	-170	0	0
-5	-165	0	0
-5	-160	0	0
-5	-155	0	0
-5	-150	0	0
-5	-145	0	0
-5	-140	0	0
-5	-135	0	0
-5	-130	0	0
-5	-125	0	0
-5	-120	0	0
-5	-115	0	0
-5	-110	0	0
-5	-105	0	0
-5	-100	0	0
-5	-95	0	0
-5	-90	0	0
-5	-85	0	0
-5	-80	0	0
-5	-75	0	0
-5	-70	0	0
-5	-65	0	0
-5	-60	0	0
-5	-55	0	0
-5	-50	0	0
-5	-45	0	0
-5	-40	0	0
-5	-35	0	0
-5	-30	0	0
-5	-25	0	0
-5	-20	0	0
-5	-15	0	0
-5	-10	0	0
-5	-5	0	0
-5	0	0	0
-5	5	0	0
-5	10	0	0
-5	15	0	0
-5	20	0	0
-5	25	0	0
-5	30	0	0
-5	35	0	0
-5	40	0	0
-5	45	0	0
-5	50	0	0
-5	55	0	0
-5	60	0	0
-5	65	0	0
-5	70	0	0
-5	75	0	0
-5	80	0	0
-5	85	0	0
-5	90	0	0
-5	95	0	0
-5	100	0	0
-5	105	0	0
-5	110	0	0
-5	115	0	0
-5	120	0	0
-5	125	0	0
-5	130	0	0
-5	135	0	0
-5	140	0	0
-5	145	0	0
-5	150	0	0
-5	155	0	0
-5	160	0	0
-5	165	0	0
-5	170	0	0
-5	175	0	0
0	-180	0	0
0	-175	0	0
0	-170	0	0
0	-165	0	0
0	-160	0	0
0	-155	0	0
0	-150	0	0
0	-145	0	0
0	-140	0	0
0	-135	0	0
0	-130	0	0
0	-125	0	0
0	-120	0	0
0	-115	0	0
0	-110	0	0
0	-105	0	0
0	-100	0	0
0	-95	0	0
0	-90	0	0
0	-85	0	0
0	-80	0	0
0	-75	0	0
0	-70	0	0
0	-65	0	0
0	-60	0	0
0	-55	0	0
0	-50	0	0
0	-45	0	0
0	-40	0	0
0	-35	0	0
0	-30	0	0
0	-25	0	0
0	-20	0	0
0	-15	0	0
0	-10	0	0
0	-5	0	0
0	0	0	0
0	5	0	0
0	10	0	0
0	15	0	0
0	20	0	0
0	25	0	0
0	30	0	0
0	35	0	0
0	40	0	0
0	45	0	0
0	50	0	0
0	55	0	0
0	60	0	0
0	65	0	0
0	70	0	0
0	75	0	0
0	80	0	0
0	85	0	0
0	90	0	0
0	95	0	0
0	100	0	0
0	105	0	0
0	110	0	0
0	115	0	0
0	120	0	0
0	125	0	0
0	130	0	0
0	135	0	0
0	140	0	0
0	145	0	0
0	150	0	0
0	155	0	0
0	160	0	0
0	165	0	0
0	170	0	0
0	175	0	0
5	-180	0	0
5	-175	0	0
5	-170	0	0
5	-165	0	0
5	-160	0	0
5	-155	0	0
5	-150	0	0
5	-145	0	0
5	-140	0	0
5	-135	0	0
5	-130	0	0
5	-125	0	0
5	-120	0	0
5	-115	0	0
5	-110	0	0
5	-105	0	0
5	-100	0	0
5	-95	0	0
5	-90	0	0
5	-85	0	0
5	-80	0	0
5	-75	0	0
5	-70	0	0
5	-65	0	0
5	-60	0	0
5	-55	0	0
5	-50	0	0
5	-45	0	0
5	-40	0	0
5	-35	0	0
5	-30	0	0
5	-25	0	0
5	-20	0	0
5	-15	0	0
5	-10	0	0
5	-5	0	0
5	0	0	0
5	5	0	0
5	10	0	0
5	15	0	0
5	20	0	0
5	25	0	0
5	30	0	0
5	35	0	0
5	40	0	0
5	45	0	0
5	50	0	0
5	55	0	0
5	60	0	0
5	65	0	0
5	70	0	0
5	75	0	0
5	80	0	0
5	85	0	0
5	90	0	0
5	95	0	0
5	100	0	0
5	105	0	0
5	110	0	0
5	115	0	0
5	120	0	0
5	125	0	0
5	130	0	0
5	135	0	0
5	140	0	0
5	145	0	0
5	150	0	0
5	155	0	0
5	160	0	0
5	165	0	0
5	170	0	0
5	175	0	0
10	-180	0	0
10	-175	0	0
10	-170	0	0
10	-165	0	0
10	-160	0	0
10	-155	0	0
10	-150	0	0
10	-145	0	0
10	-140	0	0
10	-135	0	0
10	-130	0	0
10	-125	0	0
10	-120	0	0
10	-115	0	0
10	-110	0	0
10	-105	0	0
10	-100	0	0
10	-95	0	0
10	-90	0	0
10	-85	0	0
10	-80	0	0
10	-75	0	0
10	-70	0	0
10	-65	0	0
10	-60	0	0
10	-55	0	0
10	-50	0	0
10	-45	0	0
10	-40	0	0
10	-35	0	0
10	-30	0	0
10	-25	0	0
10	-20	0	0
10	-15	0	0
10	-10	0	0
10	-5	0	0
10	0	0	0
10	5	0	0
10	10	0	0
10	15	0	0
10	20	0	0
10	25	0	0
10	30	0	0
10	35	0	0
10	40	0	0
10	45	0	0
10	50	0	0
10	55	0	0
10	60	0	0
10	65	0	0
10	70	0	0
10	75	0	0
10	80	0	0
10	85	0	0
10	90	0	0
10	95	0	0
10	100	0	0
10	105	0	0
10	110	0	0
10	115	0	0
10	120	0	0
10	125	0	0
10	130	0	0
10	135	0	0
10	140	0	0
10	145	0	0
10	150	0	0
10	155	0	0
10	160	0	0
10	165	0	0
10	170	0	0
10	175	0	0
15	-180	0	0
15	-175	0	0
15	-170	0	0
15	-165	0	0
15	-160	0	0
15	-155	0	0
15	-150	0	0
15	-145	0	0
15	-140	0	0
15	-135	0	0
15	-130	0	0
15	-125	0	0
15	-120	0	0
15	-115	0	0
15	-110	0	0
15	-105	0	0
15	-100	0	0
15	-95	0	0
15	-90	0	0
15	-85	0	0
15	-80	0	0
15	-75	0	0
15	-70	0	0
15	-65	0	0
15	-60	0	0
15	-55	0	0
15	-50	0	0
15	-45	0	0
15	-40	0	0
15	-35	0	0
15	-30	0	0
15	-25	0	0
15	-20	0	0
15	-15	0	0
15	-10	0	0
15	-5	0	0
15	0	0	0
15	5	0	0
15	10	0	0
15	15	0	0
15	20	0	0
15	25	0	0
15	30	0	0
15	35	0	0
15	40	0	0
15	45	0	0
15	50	0	0
15	55	0	0
15	60	0	0
15	65	0	0
15	70	0	0
15	75	0	0
15	80	0	0
15	85	0	0
15	90	0	0
15	95	0	0
15	100	0	0
15	105	0	0
15	110	0	0
15	115	0	0
15	120	0	0
15	125	0	0
15	130	0	0
15	135	0	0
15	140	0	0
15	145	0	0
15	150	0	0
15	155	0	0
15	160	0	0
15	165	0	0
15	170	0	0
15	175	0	0
20	-180	0	0
20	-175	0	0
20	-170	0	0
20	-165	0	0
20	-160	0	0
20	-155	0	0
20	-150	0	0
20	-145	0	0
20	-140	0	0
20	-135	0	0
20	-130	0	0
20	-125	0	0
20	-120	0	0
20	-115	0	0
20	-110	0	0
20	-105	0	0
20	-100	0	0
20	-95	0	0
20	-90	0	0
20	-85	0	0
20	-80	0	0
20	-75	0	0
20	-70	0	0
20	-65	0	0
20	-60	0	0
20	-55	0	0
20	-50	0	0
20	-45	0	0
20	-40	0	0
20	-35	0	0
20	-30	0	0
20	-25	0	0
20	-20	0	0
20	-15	0	0
20	-10	0	0
20	-5	0	0
20	0	0	0
20	5	0	0
20	10	0	0
20	15	0	0
20	20	0	0
20	25	0	0
20	30	0	0
20	35	0	0
20	40	0	0
20	45	0	0
20	50	0	0
20	55	0	0
20	60	0	0
20	65	0	0
20	70	0	0
20	75	0	0
20	80	0	0
20	85	0	0
20	90	0	0
20	95	0	0
20	100	0	0
20	105	0	0
20	110	0	0
20	115	0	0
20	120	0	0
20	125	0	0
20	130	0	0
20	135	0	0
20	140	0	0
20	145	0	0
20	150	0	0
20	155	0	0
20	160	0	0
20	165	0	0
20	170	0	0
20	175	0	0
25	-180	0	0
25	-175	0	0
25	-170	0	0
25	-165	0	0
25	-160	0	0
25	-155	0	0
25	-150	0	0
25	-145	0	0
25	-140	0	0
25	-135	0	0
25	-130	0	0
25	-125	0	0
25	-120	0	0
25	-115	0	0
25	-110	0	0
25	-105	0	0
25	-100	0	0
25	-95	0	0
25	-90	0	0
25	-85	0	0
25	-80	0	0
25	-75	0	0
25	-70	0	0
25	-65	0	0
25	-60	0	0
25	-55	0	0
25	-50	0	0
25	-45	0	0
25	-40	0	0
25	-35	0	0
25	-30	0	0
25	-25	0	0
25	-20	0	0
25	-15	0	0
25	-10	0	0
25	-5	0	0
25	0	0	0
25	5	0	0
25	10	0	0
25	15	0	0
25	20	0	0
25	25	0	0
25	30	0	0
25	35	0	0
25	40	0	0
25	45	0	0
25	50	0	0
25	55	0	0
25	60	0	0
25	65	0	0
25	70	0	0
25	75	0	0
25	80	0	0
25	85	0	0
25	90	0	0
25	95	0	0
25	100	0	0
25	105	0	0
25	110	0	0
25	115	0	0
25	120	0	0
25	125	0	0
25	130	0	0
25	135	0	0
25	140	0	0
25	145	0	0
25	150	0	0
25	155	0	0
25	160	0	0
25	165	0	0
25	170	0	0
25	175	0	0
30	-180	0	0
30	-175	0	0
30	-170	0	0
30	-165	0	0
30	-160	0	0
30	-155	0	0
30	-150	0	0
30	-145	0	0
30	-140	0	0
30	-135	0	0
30	-130	0	0
30	-125	0	0
30	-120	0	0
30	-115	0	0
30	-110	0	0
30	-105	0	0
30	-100	0	0
30	-95	0	0
30	-90	0	0
30	-85	0	0
30	-80	0	0
30	-75	0	0
30	-70	0	0
30	-65	0	0
30	-60	0	0
30	-55	0	0
30	-50	0	0
30	-45	0	0
30	-40	0	0
30	-35	0	0
30	-30	0	0
30	-25	0	0
30	-20	0	0
30	-15	0	0
30	-10	0	0
30	-5	0	0
30	0	0	0
30	5	0	0
30	10	0	0
30	15	0	0
30	20	0	0
30	25	0	0
30	30	0	0
30	35	0	0
30	40	0	0
30	45	0	0
30	50	0	0
30	55	0	0
30	60	0	0
30	65	33.0	1
30	70	0	0
30	75	0	0
30	80	0	0
30	85	0	0
30	90	0	0
30	95	0	0
30	100	0	0
30	105	0	0
30	110	0	0
30	115	0	0
30	120	0	0
30	125	0	0
30	130	0	0
30	135	0	0
30	140	0	0
30	145	0	0
30	150	0	0
30	155	0	0
30	160	0	0
30	165	0	0
30	170	0	0
30	175	0	0
35	-180	0	0
35	-175	0	0
35	-170	0	0
35	-165	0	0
35	-160	0	0
35	-155	0	0
35	-150	0	0
35	-145	0	0
35	-140	0	0
35	-135	0	0
35	-130	0	0
35	-125	0	0
35	-120	0	0
35	-115	0	0
35	-110	0	0
35	-105	0	0
35	-100	0	0
35	-95	0	0
35	-90	0	0
35	-85	0	0
35	-80	0	0
35	-75	0	0
35	-70	0	0
35	-65	0	0
35	-60	0	0
35	-55	0	0
35	-50	0	0
35	-45	0	0
35	-40	0	0
35	-35	0	0
35	-30	0	0
35	-25	0	0
35	-20	0	0
35	-15	0	0
35	-10	0	0
35	-5	0	0
35	0	0	0
35	5	0	0
35	10	0	0
35	15	0	0
35	20	0	0
35	25	0	0
35	30	0	0
35	35	0	0
35	40	0	0
35	45	0	0
35	50	0	0
35	55	117.0	2
35	60	0	0
35	65	0	0
35	70	0	0
35	75	0	0
35	80	0	0
35	85	0	0
35	90	0	0
35	95	0	0
35	100	0	0
35	105	0	0
35	110	0	0
35	115	0	0
35	120	0	0
35	125	0	0
35	130	0	0
35	135	0	0
35	140	0	0
35	145	0	0
35	150	0	0
35	155	0	0
35	160	0	0
35	165	0	0
35	170	0	0
35	175	0	0
40	-180	0	0
40	-175	0	0
40	-170	0	0
40	-165	0	0
40	-160	0	0
40	-155	0	0
40	-150	0	0
40	-145	0	0
40	-140	0	0
40	-135	0	0
40	-130	0	0
40	-125	117.0	1
40	-120	0	0
40	-115	0	0
40	-110	0	0
40	-105	0	0
40	-100	0	0
40	-95	0	0
40	-90	0	0
40	-85	0	0
40	-80	0	0
40	-75	0	0
40	-70	0	0
40	-65	0	0
40	-60	0	0
40	-55	0	0
40	-50	0	0
40	-45	0	0
40	-40	0	0
40	-35	0	0
40	-30	0	0
40	-25	0	0
40	-20	0	0
40	-15	0	0
40	-10	0	0
40	-5	0	0
40	0	0	0
40	5	0	0
40	10	0	0
40	15	0	0
40	20	0	0
40	25	0	0
40	30	0	0
40	35	0	0
40	40	0	0
40	45	0	0
40	50	0	0
40	55	133.0	2
40	60	0	0
40	65	0	0
40	70	0	0
40	75	0	0
40	80	0	0
40	85	0	0
40	90	0	0
40	95	0	0
40	100	0	0
40	105	0	0
40	110	0	0
40	115	0	0
40	120	0	0
40	125	0	0
40	130	0	0
40	135	0	0
40	140	0	0
40	145	0	0
40	150	0	0
40	155	0	0
40	160	0	0
40	165	0	0
40	170	0	0
40	175	0	0
45	-180	0	0
45	-175	0	0
45	-170	0	0
45	-165	0	0
45	-160	0	0
45	-155	0	0
45	-150	0	0
45	-145	0	0
45	-140	0	0
45	-135	95.0	1
45	-130	0	0
45	-125	0	0
45	-120	0	0
45	-115	0	0
45	-110	0	0
45	-105	0	0
45	-100	0	0
45	-95	0	0
45	-90	0	0
45	-85	0	0
45	-80	0	0
45	-75	0	0
45	-70	0	0
45	-65	0	0
45	-60	0	0
45	-55	0	0
45	-50	0	0
45	-45	0	0
45	-40	0	0
45	-35	0	0
45	-30	0	0
45	-25	0	0
45	-20	0	0
45	-15	0	0
45	-10	0	0
45	-5	0	0
45	0	0	0
45	5	0	0
45	10	0	0
45	15	0	0
45	20	0	0
45	25	0	0
45	30	0	0
45	35	0	0
45	40	0	0
45	45	0	0
45	50	0	0
45	55	0	0
45	60	5.0	1
45	65	0	0
45	70	0	0
45	75	0	0
45	80	0	0
45	85	0	0
45	90	0	0
45	95	0	0
45	100	0	0
45	105	0	0
45	110	0	0
45	115	0	0
45	120	0	0
45	125	0	0
45	130	0	0
45	135	0	0
45	140	0	0
45	145	0	0
45	150	0	0
45	155	0	0
45	160	0	0
45	165	0	0
45	170	0	0
45	175	0	0
50	-180	0	0
50	-175	0	0
50	-170	0	0
50	-165	0	0
50	-160	0	0
50	-155	0	0
50	-150	125.0	1
50	-145	0	0
50	-140	0	0
50	-135	0	0
50	-130	0	0
50	-125	60.0	1
50	-120	0	0
50	-115	0	0
50	-110	0	0
50	-105	0	0
50	-100	0	0
50	-95	0	0
50	-90	0	0
50	-85	0	0
50	-80	0	0
50	-75	0	0
50	-70	0	0
50	-65	0	0
50	-60	0	0
50	-55	0	0
50	-50	0	0
50	-45	0	0
50	-40	0	0
50	-35	0	0
50	-30	0	0
50	-25	0	0
50	-20	0	0
50	-15	0	0
50	-10	0	0
50	-5	0	0
50	0	0	0
50	5	0	0
50	10	0	0
50	15	0	0
50	20	0	0
50	25	0	0
50	30	80.0	1
50	35	0	0
50	40	78.0	1
50	45	0	0
50	50	45.0	3
50	55	2.0	1
50	60	0	0
50	65	0	0
50	70	0	0
50	75	0	0
50	80	0	0
50	85	0	0
50	90	0	0
50	95	0	0
50	100	0	0
50	105	0	0
50	110	0	0
50	115	0	0
50	120	0	0
50	125	0	0
50	130	0	0
50	135	0	0
50	140	0	0
50	145	0	0
50	150	0	0
50	155	0	0
50	160	0	0
50	165	0	0
50	170	0	0
50	175	0	0
55	-180	0	0
55	-175	0	0
55	-170	0	0
55	-165	0	0
55	-160	0	0
55	-155	0	0
55	-150	0	0
55	-145	0	0
55	-140	0	0
55	-135	0	0
55	-130	0	0
55	-125	0	0
55	-120	129.0	1
55	-115	0	0
55	-110	0	0
55	-105	0	0
55	-100	0	0
55	-95	0	0
55	-90	0	0
55	-85	0	0
55	-80	0	0
55	-75	0	0
55	-70	0	0
55	-65	0	0
55	-60	0	0
55	-55	0	0
55	-50	0	0
55	-45	0	0
55	-40	0	0
55	-35	0	0
55	-30	0	0
55	-25	0	0
55	-20	0	0
55	-15	0	0
55	-10	0	0
55	-5	0	0
55	0	0	0
55	5	0	0
55	10	0	0
55	15	37.0	1
55	20	0	0
55	25	144.0	3
55	30	54.0	2
55	35	145.0	2
55	40	54.0	2
55	45	83.0	2
55	50	0	0
55	55	0	0
55	60	0	0
55	65	0	0
55	70	0	0
55	75	0	0
55	80	0	0
55	85	0	0
55	90	0	0
55	95	0	0
55	100	0	0
55	105	0	0
55	110	0	0
55	115	0	0
55	120	0	0
55	125	0	0
55	130	0	0
55	135	0	0
55	140	0	0
55	145	0	0
55	150	0	0
55	155	0	0
55	160	0	0
55	165	0	0
55	170	0	0
55	175	0	0
60	-180	0	0
60	-175	0	0
60	-170	0	0
60	-165	0	0
60	-160	0	0
60	-155	0	0
60	-150	0	0
60	-145	0	0
60	-140	0	0
60	-135	0	0
60	-130	0	0
60	-125	0	0
60	-120	0	0
60	-115	0	0
60	-110	0	0
60	-105	0	0
60	-100	0	0
60	-95	0	0
60	-90	0	0
60	-85	0	0
60	-80	0	0
60	-75	0	0
60	-70	0	0
60	-65	0	0
60	-60	0	0
60	-55	0	0
60	-50	0	0
60	-45	0	0
60	-40	0	0
60	-35	0	0
60	-30	0	0
60	-25	0	0
60	-20	0	0
60	-15	0	0
60	-10	0	0
60	-5	0	0
60	0	0	0
60	5	0	0
60	10	160.0	2
60	15	14.0	2
60	20	103.0	2
60	25	136.0	2
60	30	0	0
60	35	0	0
60	40	0	0
60	45	34.0	1
60	50	0	0
60	55	0	0
60	60	0	0
60	65	0	0
60	70	0	0
60	75	0	0
60	80	0	0
60	85	0	0
60	90	0	0
60	95	0	0
60	100	0	0
60	105	0	0
60	110	0	0
60	115	0	0
60	120	0	0
60	125	0	0
60	130	0	0
60	135	0	0
60	140	0	0
60	145	0	0
60	150	0	0
60	155	0	0
60	160	0	0
60	165	0	0
60	170	0	0
60	175	0	0
65	-180	0	0
65	-175	0	0
65	-170	0	0
65	-165	0	0
65	-160	0	0
65	-155	0	0
65	-150	0	0
65	-145	77.0	1
65	-140	0	0
65	-135	0	0
65	-130	0	0
65	-125	0	0
65	-120	0	0
65	-115	0	0
65	-110	0	0
65	-105	0	0
65	-100	0	0
65	-95	0	0
65	-90	0	0
65	-85	0	0
65	-80	0	0
65	-75	0	0
65	-70	0	0
65	-65	0	0
65	-60	0	0
65	-55	0	0
65	-50	0	0
65	-45	0	0
65	-40	0	0
65	-35	0	0
65	-30	0	0
65	-25	0	0
65	-20	0	0
65	-15	0	0
65	-10	0	0
65	-5	0	0
65	0	0	0
65	5	179.0	1
65	10	0	0
65	15	0	0
65	20	77.0	2
65	25	0	0
65	30	0	0
65	35	3.0	1
65	40	0	0
65	45	0	0
65	50	0	0
65	55	0	0
65	60	0	0
65	65	0	0
65	70	0	0
65	75	0	0
65	80	0	0
65	85	0	0
65	90	0	0
65	95	0	0
65	100	0	0
65	105	0	0
65	110	0	0
65	115	0	0
65	120	0	0
65	125	0	0
65	130	0	0
65	135	0	0
65	140	0	0
65	145	0	0
65	150	0	0
65	155	0	0
65	160	0	0
65	165	0	0
65	170	0	0
65	175	0	0
70	-180	0	0
70	-175	0	0
70	-170	0	0
70	-165	0	0
70	-160	0	0
70	-155	0	0
70	-150	0	0
70	-145	0	0
70	-140	0	0
70	-135	0	0
70	-130	0	0
70	-125	0	0
70	-120	0	0
70	-115	0	0
70	-110	0	0
70	-105	0	0
70	-100	0	0
70	-95	0	0
70	-90	0	0
70	-85	0	0
70	-80	0	0
70	-75	0	0
70	-70	0	0
70	-65	0	0
70	-60	0	0
70	-55	0	0
70	-50	0	0
70	-45	0	0
70	-40	0	0
70	-35	0	0
70	-30	0	0
70	-25	0	0
70	-20	0	0
70	-15	0	0
70	-10	0	0
70	-5	0	0
70	0	0	0
70	5	15.0	1
70	10	12.0	1
70	15	0	0
70	20	0	0
70	25	0	0
70	30	0	0
70	35	0	0
70	40	0	0
70	45	0	0
70	50	0	0
70	55	0	0
70	60	0	0
70	65	0	0
70	70	0	0
70	75	0	0
70	80	0	0
70	85	0	0
70	90	0	0
70	95	0	0
70	100	0	0
70	105	0	0
70	110	0	0
70	115	0	0
70	120	0	0
70	125	0	0
70	130	0	0
70	135	0	0
70	140	0	0
70	145	0	0
70	150	0	0
70	155	0	0
70	160	0	0
70	165	0	0
70	170	0	0
70	175	0	0
75	-180	0	0
75	-175	0	0
75	-170	0	0
75	-165	0	0
75	-160	0	0
75	-155	0	0
75	-150	0	0
75	-145	0	0
75	-140	0	0
75	-135	0	0
75	-130	0	0
75	-125	0	0
75	-120	0	0
75	-115	0	0
75	-110	0	0
75	-105	0	0
75	-100	0	0
75	-95	0	0
75	-90	0	0
75	-85	0	0
75	-80	0	0
75	-75	0	0
75	-70	0	0
75	-65	0	0
75	-60	0	0
75	-55	0	0
75	-50	0	0
75	-45	0	0
75	-40	0	0
75	-35	0	0
75	-30	0	0
75	-25	0	0
75	-20	0	0
75	-15	0	0
75	-10	0	0
75	-5	0	0
75	0	0	0
75	5	0	0
75	10	0	0
75	15	0	0
75	20	3.0	1
75	25	0	0
75	30	0	0
75	35	0	0
75	40	0	0
75	45	0	0
75	50	0	0
75	55	0	0
75	60	0	0
75	65	0	0
75	70	0	0
75	75	0	0
75	80	0	0
75	85	0	0
75	90	0	0
75	95	0	0
75	100	0	0
75	105	0	0
75	110	0	0
75	115	0	0
75	120	0	0
75	125	0	0
75	130	0	0
75	135	0	0
75	140	0	0
75	145	0	0
75	150	0	0
75	155	0	0
75	160	0	0
75	165	0	0
75	170	0	0
75	175	0	0
80	-180	0	0
80	-175	0	0
80	-170	0	0
80	-165	0	0
80	-160	0	0
80	-155	0	0
80	-150	0	0
80	-145	0	0
80	-140	0	0
80	-135	0	0
80	-130	0	0
80	-125	0	0
80	-120	0	0
80	-115	0	0
80	-110	0	0
80	-105	0	0
80	-100	0	0
80	-95	0	0
80	-90	0	0
80	-85	0	0
80	-80	0	0
80	-75	0	0
80	-70	0	0
80	-65	0	0
80	-60	0	0
80	-55	0	0
80	-50	0	0
80	-45	0	0
80	-40	0	0
80	-35	0	0
80	-30	0	0
80	-25	0	0
80	-20	0	0
80	-15	0	0
80	-10	0	0
80	-5	0	0
80	0	0	0
80	5	0	0
80	10	0	0
80	15	0	0
80	20	0	0
80	25	0	0
80	30	0	0
80	35	0	0
80	40	0	0
80	45	0	0
80	50	0	0
80	55	0	0
80	60	0	0
80	65	0	0
80	70	0	0
80	75	0	0
80	80	0	0
80	85	0	0
80	90	0	0
80	95	0	0
80	100	0	0
80	105	0	0
80	110	0	0
80	115	0	0
80	120	0	0
80	125	0	0
80	130	0	0
80	135	0	0
80	140	0	0
80	145	0	0
80	150	0	0
80	155	0	0
80	160	0	0
80	165	0	0
80	170	0	0
80	175	0	0
85	-180	0	0
85	-175	0	0
85	-170	0	0
85	-165	0	0
85	-160	0	0
85	-155	0	0
85	-150	0	0
85	-145	0	0
85	-140	0	0
85	-135	0	0
85	-130	0	0
85	-125	0	0
85	-120	0	0
85	-115	0	0
85	-110	0	0
85	-105	0	0
85	-100	0	0
85	-95	0	0
85	-90	0	0
85	-85	0	0
85	-80	0	0
85	-75	0	0
85	-70	0	0
85	-65	0	0
85	-60	0	0
85	-55	0	0
85	-50	0	0
85	-45	0	0
85	-40	0	0
85	-35	0	0
85	-30	0	0
85	-25	0	0
85	-20	0	0
85	-15	0	0
85	-10	0	0
85	-5	0	0
85	0	0	0
85	5	0	0
85	10	0	0
85	15	0	0
85	20	0	0
85	25	0	0
85	30	0	0
85	35	0	0
85	40	0	0
85	45	0	0
85	50	0	0
85	55	0	0
85	60	0	0
85	65	0	0
85	70	0	0
85	75	0	0
85	80	0	0
85	85	0	0
85	90	0	0
85	95	0	0
85	100	0	0
85	105	0	0
85	110	0	0
85	115	0	0
85	120	0	0
85	125	0	0
85	130	0	0
85	135	0	0
85	140	0	0
85	145	0	0
85	150	0	0
85	155	0	0
85	160	0	0
85	165	0	0
85	170	0	0
85	175	0	0
90	-180	0	0
90	-175	0	0
90	-170	0	0
90	-165	0	0
90	-160	0	0
90	-155	0	0
90	-150	0	0
90	-145	0	0
90	-140	0	0
90	-135	0	0
90	-130	0	0
90	-125	0	0
90	-120	0	0
90	-115	0	0
90	-110	0	0
90	-105	0	0
90	-100	0	0
90	-95	0	0
90	-90	0	0
90	-85	0	0
90	-80	0	0
90	-75	0	0
90	-70	0	0
90	-65	0	0
90	-60	0	0
90	-55	0	0
90	-50	0	0
90	-45	0	0
90	-40	0	0
90	-35	0	0
90	-30	0	0
90	-25	0	0
90	-20	0	0
90	-15	0	0
90	-10	0	0
90	-5	0	0
90	0	0	0
90	5	0	0
90	10	0	0
90	15	0	0
90	20	0	0
90	25	0	0
90	30	0	0
90	35	0	0
90	40	0	0
90	45	0	0
90	50	0	0
90	55	0	0
90	60	0	0
90	65	0	0
90	70	0	0
90	75	0	0
90	80	0	0
90	85	0	0
90	90	0	0
90	95	0	0
90	100	0	0
90	105	0	0
90	110	0	0
90	115	0	0
90	120	0	0
90	125	0	0
90	130	0	0
90	135	0	0
90	140	0	0
90	145	0	0
90	150	0	0
90	155	0	0
90	160	0	0
90	165	0	0
90	170	0	0
90	175	0	0
95	-180	0	0
95	-175	0	0
95	-170	0	0
95	-165	0	0
95	-160	0	0
95	-155	0	0
95	-150	0	0
95	-145	0	0
95	-140	0	0
95	-135	0	0
95	-130	0	0
95	-125	0	0
95	-120	0	0
95	-115	0	0
95	-110	0	0
95	-105	0	0
95	-100	0	0
95	-95	0	0
95	-90	0	0
95	-85	0	0
95	-80	0	0
95	-75	0	0
95	-70	0	0
95	-65	0	0
95	-60	0	0
95	-55	0	0
95	-50	0	0
95	-45	0	0
95	-40	0	0
95	-35	0	0
95	-30	0	0
95	-25	0	0
95	-20	0	0
95	-15	0	0
95	-10	0	0
95	-5	0	0
95	0	0	0
95	5	0	0
95	10	0	0
95	15	0	0
95	20	0	0
95	25	0	0
95	30	0	0
95	35	0	0
95	40	0	0
95	45	0	0
95	50	0	0
95	55	0	0
95	60	0	0
95	65	0	0
95	70	0	0
95	75	0	0
95	80	0	0
95	85	0	0
95	90	0	0
95	95	0	0
95	100	0	0
95	105	0	0
95	110	0	0
95	115	0	0
95	120	0	0
95	125	0	0
95	130	0	0
95	135	0	0
95	140	0	0
95	145	0	0
95	150	0	0
95	155	0	0
95	160	0	0
95	165	0	0
95	170	0	0
95	175	0	0
100	-180	0	0
100	-175	0	0
100	-170	0	0
100	-165	0	0
100	-160	0	0
100	-155	0	0
100	-150	0	0
100	-145	0	0
100	-140	0	0
100	-135	0	0
100	-130	0	0
100	-125	0	0
100	-120	0	0
100	-115	0	0
100	-110	0	0
100	-105	0	0
100	-100	0	0
100	-95	0	0
100	-90	0	0
100	-85	0	0
100	-80	0	0
100	-75	0	0
100	-70	0	0
100	-65	0	0
100	-60	0	0
100	-55	0	0
100	-50	0	0
100	-45	0	0
100	-40	0	0
100	-35	0	0
100	-30	0	0
100	-25	0	0
100	-20	0	0
100	-15	0	0
100	-10	0	0
100	-5	0	0
100	0	0	0
100	5	0	0
100	10	0	0
100	15	0	0
100	20	0	0
100	25	0	0
100	30	0	0
100	35	0	0
100	40	0	0
100	45	0	0
100	50	0	0
100	55	0	0
100	60	0	0
100	65	0	0
100	70	0	0
100	75	0	0
100	80	0	0
100	85	0	0
100	90	0	0
100	95	0	0
100	100	0	0
100	105	0	0
100	110	0	0
100	115	0	0
100	120	0	0
100	125	0	0
100	130	0	0
100	135	0	0
100	140	0	0
100	145	0	0
100	150	0	0
100	155	0	0
100	160	0	0
100	165	0	0
100	170	0	0
100	175	0	0
105	-180	0	0
105	-175	0	0
105	-170	0	0
105	-165	0	0
105	-160	0	0
105	-155	0	0
105	-150	0	0
105	-145	0	0
105	-140	0	0
105	-135	0	0
105	-130	0	0
105	-125	0	0
105	-120	0	0
105	-115	0	0
105	-110	0	0
105	-105	0	0
105	-100	0	0
105	-95	0	0
105	-90	0	0
105	-85	0	0
105	-80	0	0
105	-75	0	0
105	-70	0	0
105	-65	0	0
105	-60	0	0
105	-55	0	0
105	-50	0	0
105	-45	0	0
105	-40	0	0
105	-35	0	0
105	-30	0	0
105	-25	0	0
105	-20	0	0
105	-15	0	0
105	-10	0	0
105	-5	0	0
105	0	0	0
105	5	0	0
105	10	0	0
105	15	0	0
105	20	0	0
105	25	0	0
105	30	0	0
105	35	0	0
105	40	0	0
105	45	0	0
105	50	0	0
105	55	0	0
105	60	0	0
105	65	0	0
105	70	0	0
105	75	0	0
105	80	0	0
105	85	0	0
105	90	0	0
105	95	0	0
105	100	0	0
105	105	0	0
105	110	0	0
105	115	0	0
105	120	0	0
105	125	0	0
105	130	0	0
105	135	0	0
105	140	0	0
105	145	0	0
105	150	0	0
105	155	0	0
105	160	0	0
105	165	0	0
105	170	0	0
105	175	0	0
110	-180	0	0
110	-175	0	0
110	-170	0	0
110	-165	0	0
110	-160	0	0
110	-155	0	0
110	-150	0	0
110	-145	0	0
110	-140	0	0
110	-135	0	0
110	-130	0	0
110	-125	0	0
110	-120	0	0
110	-115	0	0
110	-110	0	0
110	-105	0	0
110	-100	0	0
110	-95	0	0
110	-90	0	0
110	-85	0	0
110	-80	0	0
110	-75	0	0
110	-70	0	0
110	-65	0	0
110	-60	0	0
110	-55	0	0
110	-50	0	0
110	-45	0	0
110	-40	0	0
110	-35	0	0
110	-30	0	0
110	-25	0	0
110	-20	0	0
110	-15	0	0
110	-10	0	0
110	-5	0	0
110	0	0	0
110	5	0	0
110	10	0	0
110	15	0	0
110	20	0	0
110	25	0	0
110	30	0	0
110	35	0	0
110	40	0	0
110	45	0	0
110	50	0	0
110	55	0	0
110	60	0	0
110	65	0	0
110	70	0	0
110	75	0	0
110	80	0	0
110	85	0	0
110	90	0	0
110	95	0	0
110	100	0	0
110	105	0	0
110	110	0	0
110	115	0	0
110	120	0	0
110	125	0	0
110	130	0	0
110	135	0	0
110	140	0	0
110	145	0	0
110	150	0	0
110	155	0	0
110	160	0	0
110	165	0	0
110	170	0	0
110	175	0	0
115	-180	0	0
115	-175	0	0
115	-170	0	0
115	-165	0	0
115	-160	0	0
115	-155	0	0
115	-150	0	0
115	-145	0	0
115	-140	0	0
115	-135	0	0
115	-130	0	0
115	-125	0	0
115	-120	0	0
115	-115	0	0
115	-110	0	0
115	-105	0	0
115	-100	0	0
115	-95	0	0
115	-90	0	0
115	-85	0	0
115	-80	0	0
115	-75	0	0
115	-70	0	0
115	-65	0	0
115	-60	0	0
115	-55	0	0
115	-50	0	0
115	-45	0	0
115	-40	0	0
115	-35	0	0
115	-30	0	0
115	-25	0	0
115	-20	0	0
115	-15	0	0
115	-10	0	0
115	-5	0	0
115	0	0	0
115	5	0	0
115	10	0	0
115	15	0	0
115	20	0	0
115	25	0	0
115	30	0	0
115	35	0	0
115	40	0	0
115	45	0	0
115	50	0	0
115	55	0	0
115	60	0	0
115	65	0	0
115	70	0	0
115	75	0	0
115	80	0	0
115	85	0	0
115	90	0	0
115	95	0	0
115	100	0	0
115	105	0	0
115	110	0	0
115	115	0	0
115	120	0	0
115	125	0	0
115	130	0	0
115	135	0	0
115	140	0	0
115	145	0	0
115	150	0	0
115	155	0	0
115	160	0	0
115	165	0	0
115	170	0	0
115	175	0	0
120	-180	0	0
120	-175	0	0
120	-170	0	0
120	-165	0	0
120	-160	0	0
120	-155	0	0
120	-150	0	0
120	-145	0	0
120	-140	0	0
120	-135	0	0
120	-130	0	0
120	-125	0	0
120	-120	0	0
120	-115	0	0
120	-110	0	0
120	-105	0	0
120	-100	0	0
120	-95	0	0
120	-90	0	0
120	-85	0	0
120	-80	0	0
120	-75	0	0
120	-70	0	0
120	-65	0	0
120	-60	0	0
120	-55	0	0
120	-50	0	0
120	-45	0	0
120	-40	0	0
120	-35	0	0
120	-30	0	0
120	-25	0	0
120	-20	0	0
120	-15	0	0
120	-10	0	0
120	-5	0	0
120	0	0	0
120	5	0	0
120	10	0	0
120	15	0	0
120	20	0	0
120	25	0	0
120	30	0	0
120	35	0	0
120	40	0	0
120	45	0	0
120	50	0	0
120	55	0	0
120	60	0	0
120	65	0	0
120	70	0	0
120	75	0	0
120	80	0	0
120	85	0	0
120	90	0	0
120	95	0	0
120	100	0	0
120	105	0	0
120	110	0	0
120	115	0	0
120	120	0	0
120	125	0	0
120	130	0	0
120	135	0	0
120	140	0	0
120	145	0	0
120	150	0	0
120	155	0	0
120	160	0	0
120	165	0	0
120	170	0	0
120	175	0	0
125	-180	0	0
125	-175	0	0
125	-170	0	0
125	-165	0	0
125	-160	0	0
125	-155	0	0
125	-150	0	0
125	-145	0	0
125	-140	0	0
125	-135	0	0
125	-130	0	0
125	-125	0	0
125	-120	0	0
125	-115	0	0
125	-110	0	0
125	-105	0	0
125	-100	0	0
125	-95	0	0
125	-90	0	0
125	-85	0	0
125	-80	0	0
125	-75	0	0
125	-70	0	0
125	-65	0	0
125	-60	0	0
125	-55	0	0
125	-50	0	0
125	-45	0	0
125	-40	0	0
125	-35	0	0
125	-30	0	0
125	-25	0	0
125	-20	0	0
125	-15	0	0
125	-10	0	0
125	-5	0	0
125	0	0	0
125	5	0	0
125	10	0	0
125	15	0	0
125	20	0	0
125	25	0	0
125	30	0	0
125	35	0	0
125	40	0	0
125	45	0	0
125	50	0	0
125	55	0	0
125	60	0	0
125	65	0	0
125	70	0	0
125	75	0	0
125	80	0	0
125	85	0	0
125	90	0	0
125	95	0	0
125	100	0	0
125	105	0	0
125	110	0	0
125	115	0	0
125	120	0	0
125	125	0	0
125	130	0	0
125	135	0	0
125	140	0	0
125	145	0	0
125	150	0	0
125	155	0	0
125	160	0	0
125	165	0	0
125	170	0	0
125	175	0	0
130	-180	0	0
130	-175	0	0
130	-170	0	0
130	-165	0	0
130	-160	0	0
130	-155	0	0
130	-150	0	0
130	-145	0	0
130	-140	0	0
130	-135	0	0
130	-130	0	0
130	-125	0	0
130	-120	0	0
130	-115	0	0
130	-110	0	0
130	-105	0	0
130	-100	0	0
130	-95	0	0
130	-90	0	0
130	-85	0	0
130	-80	0	0
130	-75	0	0
130	-70	0	0
130	-65	0	0
130	-60	0	0
130	-55	0	0
130	-50	0	0
130	-45	0	0
130	-40	0	0
130	-35	0	0
130	-30	0	0
130	-25	0	0
130	-20	0	0
130	-15	0	0
130	-10	0	0
130	-5	0	0
130	0	0	0
130	5	0	0
130	10	0	0
130	15	0	0
130	20	0	0
130	25	0	0
130	30	0	0
130	35	0	0
130	40	0	0
130	45	0	0
130	50	0	0
130	55	0	0
130	60	0	0
130	65	0	0
130	70	0	0
130	75	0	0
130	80	0	0
130	85	0	0
130	90	0	0
130	95	0	0
130	100	0	0
130	105	0	0
130	110	0	0
130	115	0	0
130	120	0	0
130	125	0	0
130	130	0	0
130	135	0	0
130	140	0	0
130	145	0	0
130	150	0	0
130	155	0	0
130	160	0	0
130	165	0	0
130	170	0	0
130	175	0	0
135	-180	0	0
135	-175	0	0
135	-170	0	0
135	-165	0	0
135	-160	0	0
135	-155	0	0
135	-150	0	0
135	-145	0	0
135	-140	0	0
135	-135	0	0
135	-130	0	0
135	-125	0	0
135	-120	0	0
135	-115	0	0
135	-110	0	0
135	-105	0	0
135	-100	0	0
135	-95	0	0
135	-90	0	0
135	-85	0	0
135	-80	0	0
135	-75	0	0
135	-70	0	0
135	-65	0	0
135	-60	0	0
135	-55	0	0
135	-50	0	0
135	-45	0	0
135	-40	0	0
135	-35	0	0
135	-30	0	0
135	-25	0	0
135	-20	0	0
135	-15	0	0
135	-10	0	0
135	-5	0	0
135	0	0	0
135	5	0	0
135	10	0	0
135	15	0	0
135	20	0	0
135	25	0	0
135	30	0	0
135	35	0	0
135	40	0	0
135	45	0	0
135	50	0	0
135	55	0	0
135	60	0	0
135	65	0	0
135	70	0	0
135	75	0	0
135	80	0	0
135	85	0	0
135	90	0	0
135	95	0	0
135	100	0	0
135	105	0	0
135	110	0	0
135	115	0	0
135	120	0	0
135	125	0	0
135	130	0	0
135	135	0	0
135	140	0	0
135	145	0	0
135	150	0	0
135	155	0	0
135	160	0	0
135	165	0	0
135	170	0	0
135	175	0	0
140	-180	0	0
140	-175	0	0
140	-170	0	0
140	-165	0	0
140	-160	0	0
140	-155	0	0
140	-150	0	0
140	-145	0	0
140	-140	0	0
140	-135	0	0
140	-130	0	0
140	-125	0	0
140	-120	0	0
140	-115	0	0
140	-110	0	0
140	-105	0	0
140	-100	0	0
140	-95	0	0
140	-90	0	0
140	-85	0	0
140	-80	0	0
140	-75	0	0
140	-70	0	0
140	-65	0	0
140	-60	0	0
140	-55	0	0
140	-50	0	0
140	-45	0	0
140	-40	0	0
140	-35	0	0
140	-30	0	0
140	-25	0	0
140	-20	0	0
140	-15	0	0
140	-10	0	0
140	-5	0	0
140	0	0	0
140	5	0	0
140	10	0	0
140	15	0	0
140	20	0	0
140	25	0	0
140	30	0	0
140	35	0	0
140	40	0	0
140	45	0	0
140	50	0	0
140	55	0	0
140	60	0	0
140	65	0	0
140	70	0	0
140	75	0	0
140	80	0	0
140	85	0	0
140	90	0	0
140	95	0	0
140	100	0	0
140	105	0	0
140	110	0	0
140	115	0	0
140	120	0	0
140	125	0	0
140	130	0	0
140	135	0	0
140	140	0	0
140	145	0	0
140	150	0	0
140	155	0	0
140	160	0	0
140	165	0	0
140	170	0	0
140	175	0	0
145	-180	0	0
145	-175	0	0
145	-170	0	0
145	-165	0	0
145	-160	0	0
145	-155	0	0
145	-150	0	0
145	-145	0	0
145	-140	0	0
145	-135	0	0
145	-130	0	0
145	-125	0	0
145	-120	0	0
145	-115	0	0
145	-110	0	0
145	-105	0	0
145	-100	0	0
145	-95	0	0
145	-90	0	0
145	-85	0	0
145	-80	0	0
145	-75	0	0
145	-70	0	0
145	-65	0	0
145	-60	0	0
145	-55	0	0
145	-50	0	0
145	-45	0	0
145	-40	0	0
145	-35	0	0
145	-30	0	0
145	-25	0	0
145	-20	0	0
145	-15	0	0
145	-10	0	0
145	-5	0	0
145	0	0	0
145	5	0	0
145	10	0	0
145	15	0	0
145	20	0	0
145	25	0	0
145	30	0	0
145	35	0	0
145	40	0	0
145	45	0	0
145	50	0	0
145	55	0	0
145	60	0	0
145	65	0	0
145	70	0	0
145	75	0	0
145	80	0	0
145	85	0	0
145	90	0	0
145	95	0	0
145	100	0	0
145	105	0	0
145	110	0	0
145	115	0	0
145	120	0	0
145	125	0	0
145	130	0	0
145	135	0	0
145	140	0	0
145	145	0	0
145	150	0	0
145	155	0	0
145	160	0	0
145	165	0	0
145	170	0	0
145	175	0	0
150	-180	0	0
150	-175	0	0
150	-170	0	0
150	-165	0	0
150	-160	0	0
150	-155	0	0
150	-150	0	0
150	-145	0	0
150	-140	0	0
150	-135	0	0
150	-130	0	0
150	-125	0	0
150	-120	0	0
150	-115	0	0
150	-110	0	0
150	-105	0	0
150	-100	0	0
150	-95	0	0
150	-90	0	0
150	-85	0	0
150	-80	0	0
150	-75	0	0
150	-70	0	0
150	-65	0	0
150	-60	0	0
150	-55	0	0
150	-50	0	0
150	-45	0	0
150	-40	0	0
150	-35	0	0
150	-30	0	0
150	-25	0	0
150	-20	0	0
150	-15	0	0
150	-10	0	0
150	-5	0	0
150	0	0	0
150	5	0	0
150	10	0	0
150	15	0	0
150	20	0	0
150	25	0	0
150	30	0	0
150	35	0	0
150	40	0	0
150	45	0	0
150	50	0	0
150	55	0	0
150	60	0	0
150	65	0	0
150	70	0	0
150	75	0	0
150	80	0	0
150	85	0	0
150	90	0	0
150	95	0	0
150	100	0	0
150	105	0	0
150	110	0	0
150	115	0	0
150	120	0	0
150	125	0	0
150	130	0	0
150	135	0	0
150	140	0	0
150	145	0	0
150	150	0	0
150	155	0	0
150	160	0	0
150	165	0	0
150	170	0	0
150	175	0	0
155	-180	0	0
155	-175	0	0
155	-170	0	0
155	-165	0	0
155	-160	0	0
155	-155	0	0
155	-150	0	0
155	-145	0	0
155	-140	0	0
155	-135	0	0
155	-130	0	0
155	-125	0	0
155	-120	0	0
155	-115	0	0
155	-110	0	0
155	-105	0	0
155	-100	0	0
155	-95	0	0
155	-90	0	0
155	-85	0	0
155	-80	0	0
155	-75	0	0
155	-70	0	0
155	-65	0	0
155	-60	0	0
155	-55	0	0
155	-50	0	0
155	-45	0	0
155	-40	0	0
155	-35	0	0
155	-30	0	0
155	-25	0	0
155	-20	0	0
155	-15	0	0
155	-10	0	0
155	-5	0	0
155	0	0	0
155	5	0	0
155	10	0	0
155	15	0	0
155	20	0	0
155	25	0	0
155	30	0	0
155	35	0	0
155	40	0	0
155	45	0	0
155	50	0	0
155	55	0	0
155	60	0	0
155	65	0	0
155	70	0	0
155	75	0	0
155	80	0	0
155	85	0	0
155	90	0	0
155	95	0	0
155	100	0	0
155	105	0	0
155	110	0	0
155	115	0	0
155	120	0	0
155	125	0	0
155	130	0	0
155	135	0	0
155	140	0	0
155	145	0	0
155	150	0	0
155	155	0	0
155	160	0	0
155	165	0	0
155	170	0	0
155	175	0	0
160	-180	0	0
160	-175	0	0
160	-170	0	0
160	-165	0	0
160	-160	0	0
160	-155	0	0
160	-150	0	0
160	-145	0	0
160	-140	0	0
160	-135	0	0
160	-130	0	0
160	-125	0	0
160	-120	0	0
160	-115	0	0
160	-110	0	0
160	-105	0	0
160	-100	0	0
160	-95	0	0
160	-90	0	0
160	-85	0	0
160	-80	0	0
160	-75	0	0
160	-70	0	0
160	-65	0	0
160	-60	0	0
160	-55	0	0
160	-50	0	0
160	-45	0	0
160	-40	0	0
160	-35	0	0
160	-30	0	0
160	-25	0	0
160	-20	0	0
160	-15	0	0
160	-10	0	0
160	-5	0	0
160	0	0	0
160	5	0	0
160	10	0	0
160	15	0	0
160	20	0	0
160	25	0	0
160	30	0	0
160	35	0	0
160	40	0	0
160	45	0	0
160	50	0	0
160	55	0	0
160	60	0	0
160	65	0	0
160	70	0	0
160	75	0	0
160	80	0	0
160	85	0	0
160	90	0	0
160	95	0	0
160	100	0	0
160	105	0	0
160	110	0	0
160	115	0	0
160	120	0	0
160	125	0	0
160	130	0	0
160	135	0	0
160	140	0	0
160	145	0	0
160	150	0	0
160	155	0	0
160	160	0	0
160	165	0	0
160	170	0	0
160	175	0	0
165	-180	0	0
165	-175	0	0
165	-170	0	0
165	-165	0	0
165	-160	0	0
165	-155	0	0
165	-150	0	0
165	-145	0	0
165	-140	0	0
165	-135	0	0
165	-130	0	0
165	-125	0	0
165	-120	0	0
165	-115	0	0
165	-110	0	0
165	-105	0	0
165	-100	0	0
165	-95	0	0
165	-90	0	0
165	-85	0	0
165	-80	0	0
165	-75	0	0
165	-70	0	0
165	-65	0	0
165	-60	0	0
165	-55	0	0
165	-50	0	0
165	-45	0	0
165	-40	0	0
165	-35	0	0
165	-30	0	0
165	-25	0	0
165	-20	0	0
165	-15	0	0
165	-10	0	0
165	-5	0	0
165	0	0	0
165	5	0	0
165	10	0	0
165	15	0	0
165	20	0	0
165	25	0	0
165	30	0	0
165	35	0	0
165	40	0	0
165	45	0	0
165	50	0	0
165	55	0	0
165	60	0	0
165	65	0	0
165	70	0	0
165	75	0	0
165	80	0	0
165	85	0	0
165	90	0	0
165	95	0	0
165	100	0	0
165	105	0	0
165	110	0	0
165	115	0	0
165	120	0	0
165	125	0	0
165	130	0	0
165	135	0	0
165	140	0	0
165	145	0	0
165	150	0	0
165	155	0	0
165	160	0	0
165	165	0	0
165	170	0	0
165	175	0	0
170	-180	0	0
170	-175	0	0
170	-170	0	0
170	-165	0	0
170	-160	0	0
170	-155	0	0
170	-150	0	0
170	-145	0	0
170	-140	0	0
170	-135	0	0
170	-130	0	0
170	-125	0	0
170	-120	0	0
170	-115	0	0
170	-110	0	0
170	-105	0	0
170	-100	0	0
170	-95	0	0
170	-90	0	0
170	-85	0	0
170	-80	0	0
170	-75	0	0
170	-70	0	0
170	-65	0	0
170	-60	0	0
170	-55	0	0
170	-50	0	0
170	-45	0	0
170	-40	0	0
170	-35	0	0
170	-30	0	0
170	-25	0	0
170	-20	0	0
170	-15	0	0
170	-10	0	0
170	-5	0	0
170	0	0	0
170	5	0	0
170	10	0	0
170	15	0	0
170	20	0	0
170	25	0	0
170	30	0	0
170	35	0	0
170	40	0	0
170	45	0	0
170	50	0	0
170	55	0	0
170	60	0	0
170	65	0	0
170	70	0	0
170	75	0	0
170	80	0	0
170	85	0	0
170	90	0	0
170	95	0	0
170	100	0	0
170	105	0	0
170	110	0	0
170	115	0	0
170	120	0	0
170	125	0	0
170	130	0	0
170	135	0	0
170	140	0	0
170	145	0	0
170	150	0	0
170	155	0	0
170	160	0	0
170	165	0	0
170	170	0	0
170	175	0	0
175	-180	0	0
175	-175	0	0
175	-170	0	0
175	-165	0	0
175	-160	0	0
175	-155	0	0
175	-150	0	0
175	-145	0	0
175	-140	0	0
175	-135	0	0
175	-130	0	0
175	-125	0	0
175	-120	0	0
175	-115	0	0
175	-110	0	0
175	-105	0	0
175	-100	0	0
175	-95	0	0
175	-90	0	0
175	-85	0	0
175	-80	0	0
175	-75	0	0
175	-70	0	0
175	-65	0	0
175	-60	0	0
175	-55	0	0
175	-50	0	0
175	-45	0	0
175	-40	0	0
175	-35	0	0
175	-30	0	0
175	-25	0	0
175	-20	0	0
175	-15	0	0
175	-10	0	0
175	-5	0	0
175	0	0	0
175	5	0	0
175	10	0	0
175	15	0	0
175	20	0	0
175	25	0	0
175	30	0	0
175	35	0	0
175	40	0	0
175	45	0	0
175	50	0	0
175	55	0	0
175	60	0	0
175	65	0	0
175	70	0	0
175	75	0	0
175	80	0	0
175	85	0	0
175	90	0	0
175	95	0	0
175	100	0	0
175	105	0	0
175	110	0	0
175	115	0	0
175	120	0	0
175	125	0	0
175	130	0	0
175	135	0	0
175	140	0	0
175	145	0	0
175	150	0	0
175	155	0	0
175	160	0	0
175	165	0	0
175	170	0	0
175	175	0	0
