Phi	Psi	maxSA	population
-180	-180	0	0
-180	-175	0	0
-180	-170	0	0
-180	-165	0	0
-180	-160	0	0
-180	-155	0	0
-180	-150	0	0
-180	-145	0	0
-180	-140	0	0
-180	-135	0	0
-180	-130	0	0
-180	-125	0	0
-180	-120	0	0
-180	-115	0	0
-180	-110	0	0
-180	-105	0	0
-180	-100	0	0
-180	-95	0	0
-180	-90	0	0
-180	-85	0	0
-180	-80	0	0
-180	-75	0	0
-180	-70	0	0
-180	-65	0	0
-180	-60	0	0
-180	-55	0	0
-180	-50	0	0
-180	-45	0	0
-180	-40	0	0
-180	-35	0	0
-180	-30	0	0
-180	-25	0	0
-180	-20	0	0
-180	-15	0	0
-180	-10	0	0
-180	-5	0	0
-180	0	0	0
-180	5	0	0
-180	10	0	0
-180	15	0	0
-180	20	0	0
-180	25	0	0
-180	30	0	0
-180	35	0	0
-180	40	0	0
-180	45	0	0
-180	50	0	0
-180	55	0	0
-180	60	0	0
-180	65	0	0
-180	70	0	0
-180	75	0	0
-180	80	0	0
-180	85	0	0
-180	90	0	0
-180	95	0	0
-180	100	0	0
-180	105	0	0
-180	110	0	0
-180	115	0	0
-180	120	0	0
-180	125	0	0
-180	130	0	0
-180	135	0	0
-180	140	0	0
-180	145	0	0
-180	150	0	0
-180	155	0	0
-180	160	0	0
-180	165	0	0
-180	170	50.0	1
-180	175	0	0
-175	-180	0	0
-175	-175	0	0
-175	-170	0	0
-175	-165	0	0
-175	-160	0	0
-175	-155	0	0
-175	-150	0	0
-175	-145	0	0
-175	-140	0	0
-175	-135	0	0
-175	-130	0	0
-175	-125	0	0
-175	-120	0	0
-175	-115	0	0
-175	-110	0	0
-175	-105	0	0
-175	-100	0	0
-175	-95	0	0
-175	-90	0	0
-175	-85	0	0
-175	-80	0	0
-175	-75	0	0
-175	-70	0	0
-175	-65	0	0
-175	-60	0	0
-175	-55	0	0
-175	-50	0	0
-175	-45	0	0
-175	-40	0	0
-175	-35	0	0
-175	-30	0	0
-175	-25	0	0
-175	-20	0	0
-175	-15	0	0
-175	-10	0	0
-175	-5	0	0
-175	0	0	0
-175	5	0	0
-175	10	0	0
-175	15	0	0
-175	20	0	0
-175	25	0	0
-175	30	0	0
-175	35	0	0
-175	40	0	0
-175	45	0	0
-175	50	0	0
-175	55	0	0
-175	60	0	0
-175	65	0	0
-175	70	0	0
-175	75	0	0
-175	80	0	0
-175	85	0	0
-175	90	0	0
-175	95	0	0
-175	100	0	0
-175	105	0	0
-175	110	0	0
-175	115	0	0
-175	120	0	0
-175	125	0	0
-175	130	0	0
-175	135	0	0
-175	140	1.0	1
-175	145	0	0
-175	150	37.0	1
-175	155	0	0
-175	160	0	0
-175	165	37.0	1
-175	170	52.0	2
-175	175	38.0	3
-170	-180	22.0	1
-170	-175	112.0	1
-170	-170	0	0
-170	-165	0	0
-170	-160	0	0
-170	-155	0	0
-170	-150	0	0
-170	-145	0	0
-170	-140	0	0
-170	-135	0	0
-170	-130	0	0
-170	-125	0	0
-170	-120	0	0
-170	-115	0	0
-170	-110	0	0
-170	-105	0	0
-170	-100	0	0
-170	-95	0	0
-170	-90	0	0
-170	-85	0	0
-170	-80	0	0
-170	-75	0	0
-170	-70	0	0
-170	-65	0	0
-170	-60	0	0
-170	-55	0	0
-170	-50	0	0
-170	-45	0	0
-170	-40	0	0
-170	-35	0	0
-170	-30	0	0
-170	-25	0	0
-170	-20	0	0
-170	-15	0	0
-170	-10	0	0
-170	-5	0	0
-170	0	0	0
-170	5	0	0
-170	10	0	0
-170	15	0	0
-170	20	0	0
-170	25	0	0
-170	30	0	0
-170	35	0	0
-170	40	0	0
-170	45	0	0
-170	50	0	0
-170	55	0	0
-170	60	0	0
-170	65	0	0
-170	70	3.0	1
-170	75	0	0
-170	80	0	0
-170	85	0	0
-170	90	0	0
-170	95	0	0
-170	100	0	0
-170	105	0	0
-170	110	0	0
-170	115	0	0
-170	120	0	0
-170	125	0	0
-170	130	0	0
-170	135	0	0
-170	140	0	0
-170	145	39.0	1
-170	150	31.0	2
-170	155	31.0	4
-170	160	72.0	8
-170	165	69.0	4
-170	170	49.0	2
-170	175	54.0	1
-165	-180	62.0	3
-165	-175	47.0	1
-165	-170	0	0
-165	-165	0	0
-165	-160	0	0
-165	-155	0	0
-165	-150	0	0
-165	-145	0	0
-165	-140	0	0
-165	-135	0	0
-165	-130	0	0
-165	-125	0	0
-165	-120	0	0
-165	-115	0	0
-165	-110	0	0
-165	-105	0	0
-165	-100	0	0
-165	-95	0	0
-165	-90	0	0
-165	-85	0	0
-165	-80	0	0
-165	-75	0	0
-165	-70	0	0
-165	-65	0	0
-165	-60	30.0	1
-165	-55	94.0	2
-165	-50	0	0
-165	-45	0	0
-165	-40	0	0
-165	-35	0	0
-165	-30	0	0
-165	-25	0	0
-165	-20	0	0
-165	-15	0	0
-165	-10	0	0
-165	-5	0	0
-165	0	0	0
-165	5	0	0
-165	10	0	0
-165	15	0	0
-165	20	0	0
-165	25	0	0
-165	30	0	0
-165	35	0	0
-165	40	0	0
-165	45	0	0
-165	50	0	0
-165	55	0	0
-165	60	0	0
-165	65	0	0
-165	70	0	0
-165	75	0	0
-165	80	0	0
-165	85	0	0
-165	90	0	0
-165	95	0	0
-165	100	0	0
-165	105	0	0
-165	110	0	0
-165	115	0	0
-165	120	80.0	1
-165	125	45.0	1
-165	130	0	0
-165	135	24.0	1
-165	140	121.0	4
-165	145	66.0	4
-165	150	50.0	2
-165	155	56.0	7
-165	160	70.0	9
-165	165	101.0	5
-165	170	50.0	5
-165	175	35.0	1
-160	-180	41.0	3
-160	-175	54.0	3
-160	-170	0	0
-160	-165	0	0
-160	-160	0	0
-160	-155	0	0
-160	-150	0	0
-160	-145	0	0
-160	-140	0	0
-160	-135	0	0
-160	-130	0	0
-160	-125	0	0
-160	-120	0	0
-160	-115	0	0
-160	-110	0	0
-160	-105	0	0
-160	-100	0	0
-160	-95	0	0
-160	-90	0	0
-160	-85	0	0
-160	-80	0	0
-160	-75	0	0
-160	-70	0	0
-160	-65	0	0
-160	-60	0	0
-160	-55	0	0
-160	-50	0	0
-160	-45	0	0
-160	-40	0	0
-160	-35	0	0
-160	-30	0	0
-160	-25	0	0
-160	-20	0	0
-160	-15	0	0
-160	-10	0	0
-160	-5	0	0
-160	0	0	0
-160	5	0	0
-160	10	0	0
-160	15	0	0
-160	20	0	0
-160	25	0	0
-160	30	0	0
-160	35	0	0
-160	40	0	0
-160	45	0	0
-160	50	0	0
-160	55	0	0
-160	60	0	0
-160	65	0	0
-160	70	0	0
-160	75	0	0
-160	80	0	0
-160	85	4.0	1
-160	90	0	0
-160	95	0	0
-160	100	0	0
-160	105	0	0
-160	110	0	0
-160	115	0	0
-160	120	1.0	1
-160	125	10.0	2
-160	130	20.0	2
-160	135	0	0
-160	140	8.0	1
-160	145	83.0	5
-160	150	66.0	5
-160	155	102.0	17
-160	160	55.0	13
-160	165	88.0	14
-160	170	87.0	4
-160	175	62.0	3
-155	-180	7.0	2
-155	-175	0	0
-155	-170	0	0
-155	-165	17.0	1
-155	-160	0	0
-155	-155	0	0
-155	-150	53.0	1
-155	-145	0	0
-155	-140	0	0
-155	-135	0	0
-155	-130	21.0	1
-155	-125	0	0
-155	-120	0	0
-155	-115	0	0
-155	-110	0	0
-155	-105	0	0
-155	-100	0	0
-155	-95	70.0	1
-155	-90	0	0
-155	-85	0	0
-155	-80	0	0
-155	-75	0	0
-155	-70	0	0
-155	-65	0	0
-155	-60	0	0
-155	-55	0	0
-155	-50	0	0
-155	-45	0	0
-155	-40	0	0
-155	-35	0	0
-155	-30	21.0	1
-155	-25	0	0
-155	-20	0	0
-155	-15	0	0
-155	-10	0	0
-155	-5	0	0
-155	0	0	0
-155	5	0	0
-155	10	0	0
-155	15	0	0
-155	20	3.0	1
-155	25	0	0
-155	30	0	0
-155	35	0	0
-155	40	0	0
-155	45	0	0
-155	50	0	0
-155	55	0	0
-155	60	0	0
-155	65	0	0
-155	70	0	0
-155	75	30.0	1
-155	80	0	0
-155	85	5.0	1
-155	90	0	0
-155	95	0	0
-155	100	70.0	1
-155	105	91.0	1
-155	110	0	0
-155	115	0	0
-155	120	0	0
-155	125	0	0
-155	130	0	0
-155	135	22.0	2
-155	140	115.0	6
-155	145	49.0	4
-155	150	37.0	5
-155	155	59.0	17
-155	160	73.0	9
-155	165	88.0	8
-155	170	46.0	3
-155	175	42.0	5
-150	-180	0	0
-150	-175	0	0
-150	-170	90.0	2
-150	-165	0	0
-150	-160	0	0
-150	-155	0	0
-150	-150	0	0
-150	-145	0	0
-150	-140	0	0
-150	-135	0	0
-150	-130	0	0
-150	-125	0	0
-150	-120	0	0
-150	-115	0	0
-150	-110	0	0
-150	-105	0	0
-150	-100	0	0
-150	-95	0	0
-150	-90	0	0
-150	-85	0	0
-150	-80	0	0
-150	-75	0	0
-150	-70	0	0
-150	-65	64.0	1
-150	-60	0	0
-150	-55	90.0	1
-150	-50	0	0
-150	-45	0	0
-150	-40	0	0
-150	-35	0	0
-150	-30	0	0
-150	-25	0	0
-150	-20	38.0	1
-150	-15	0	0
-150	-10	0	0
-150	-5	0	0
-150	0	0	0
-150	5	0	0
-150	10	0	0
-150	15	0	0
-150	20	0	0
-150	25	0	0
-150	30	0	0
-150	35	0	0
-150	40	117.0	1
-150	45	0	0
-150	50	0	0
-150	55	0	0
-150	60	0	0
-150	65	0	0
-150	70	44.0	1
-150	75	91.0	1
-150	80	0	0
-150	85	93.0	1
-150	90	0	0
-150	95	0	0
-150	100	2.0	1
-150	105	0	0
-150	110	44.0	2
-150	115	64.0	4
-150	120	46.0	2
-150	125	3.0	1
-150	130	50.0	1
-150	135	105.0	3
-150	140	0	0
-150	145	93.0	9
-150	150	121.0	8
-150	155	34.0	9
-150	160	83.0	10
-150	165	85.0	4
-150	170	78.0	5
-150	175	89.0	3
-145	-180	0	0
-145	-175	0	0
-145	-170	0	1
-145	-165	0	0
-145	-160	0	0
-145	-155	0	0
-145	-150	0	0
-145	-145	0	0
-145	-140	0	0
-145	-135	0	0
-145	-130	0	0
-145	-125	0	0
-145	-120	0	0
-145	-115	0	0
-145	-110	0	0
-145	-105	0	0
-145	-100	0	0
-145	-95	0	0
-145	-90	0	0
-145	-85	0	0
-145	-80	0	0
-145	-75	58.0	1
-145	-70	49.0	1
-145	-65	0	0
-145	-60	0	0
-145	-55	0	0
-145	-50	0	0
-145	-45	0	0
-145	-40	0	0
-145	-35	0	0
-145	-30	0	0
-145	-25	0	0
-145	-20	0	0
-145	-15	0	0
-145	-10	0	0
-145	-5	0	0
-145	0	0	0
-145	5	0	0
-145	10	0	0
-145	15	0	0
-145	20	66.0	1
-145	25	0	0
-145	30	0	0
-145	35	0	0
-145	40	0	0
-145	45	0	0
-145	50	0	0
-145	55	0	0
-145	60	45.0	1
-145	65	0	0
-145	70	28.0	1
-145	75	0	0
-145	80	31.0	1
-145	85	39.0	1
-145	90	2.0	2
-145	95	0	0
-145	100	78.0	1
-145	105	0	0
-145	110	53.0	2
-145	115	0	0
-145	120	0	0
-145	125	26.0	1
-145	130	41.0	6
-145	135	0	1
-145	140	78.0	6
-145	145	52.0	5
-145	150	51.0	10
-145	155	73.0	8
-145	160	64.0	16
-145	165	80.0	4
-145	170	27.0	4
-145	175	36.0	4
-140	-180	0	0
-140	-175	53.0	1
-140	-170	0	0
-140	-165	0	0
-140	-160	0	0
-140	-155	0	0
-140	-150	0	0
-140	-145	0	0
-140	-140	0	0
-140	-135	0	0
-140	-130	0	0
-140	-125	0	0
-140	-120	0	0
-140	-115	0	0
-140	-110	17.0	1
-140	-105	0	0
-140	-100	36.0	1
-140	-95	0	0
-140	-90	0	0
-140	-85	64.0	1
-140	-80	0	0
-140	-75	0	0
-140	-70	0	0
-140	-65	0	0
-140	-60	0	0
-140	-55	0	0
-140	-50	0	0
-140	-45	0	0
-140	-40	0	0
-140	-35	0	0
-140	-30	49.0	1
-140	-25	0	0
-140	-20	0	0
-140	-15	0	0
-140	-10	15.0	1
-140	-5	0	0
-140	0	59.0	1
-140	5	63.0	2
-140	10	0	0
-140	15	96.0	1
-140	20	87.0	3
-140	25	0	0
-140	30	0	0
-140	35	82.0	2
-140	40	0	0
-140	45	0	0
-140	50	0	0
-140	55	0	0
-140	60	0	0
-140	65	53.0	1
-140	70	0	0
-140	75	41.0	1
-140	80	0	0
-140	85	0	0
-140	90	4.0	1
-140	95	0	0
-140	100	18.0	1
-140	105	70.0	1
-140	110	0	0
-140	115	0	0
-140	120	23.0	2
-140	125	26.0	1
-140	130	60.0	2
-140	135	50.0	7
-140	140	47.0	5
-140	145	89.0	11
-140	150	76.0	9
-140	155	64.0	10
-140	160	90.0	10
-140	165	53.0	5
-140	170	2.0	1
-140	175	44.0	2
-135	-180	33.0	1
-135	-175	0	0
-135	-170	0	0
-135	-165	84.0	1
-135	-160	0	0
-135	-155	0	0
-135	-150	0	0
-135	-145	0	0
-135	-140	0	0
-135	-135	0	0
-135	-130	0	0
-135	-125	0	0
-135	-120	0	0
-135	-115	0	0
-135	-110	0	0
-135	-105	0	0
-135	-100	0	0
-135	-95	0	0
-135	-90	0	0
-135	-85	0	0
-135	-80	0	0
-135	-75	0	0
-135	-70	0	0
-135	-65	0	0
-135	-60	0	0
-135	-55	0	0
-135	-50	14.0	1
-135	-45	0	0
-135	-40	0	0
-135	-35	68.0	1
-135	-30	0	0
-135	-25	0	0
-135	-20	0	0
-135	-15	0	0
-135	-10	0	0
-135	-5	0	0
-135	0	54.0	1
-135	5	76.0	2
-135	10	0	0
-135	15	0	0
-135	20	6.0	1
-135	25	0	1
-135	30	29.0	2
-135	35	0	1
-135	40	0	0
-135	45	1.0	1
-135	50	64.0	1
-135	55	0	0
-135	60	0	0
-135	65	0	0
-135	70	0	0
-135	75	0	0
-135	80	98.0	1
-135	85	0	0
-135	90	0	0
-135	95	43.0	1
-135	100	0	0
-135	105	20.0	1
-135	110	39.0	5
-135	115	10.0	2
-135	120	42.0	2
-135	125	26.0	3
-135	130	55.0	5
-135	135	81.0	9
-135	140	43.0	4
-135	145	82.0	10
-135	150	49.0	9
-135	155	63.0	8
-135	160	49.0	5
-135	165	62.0	6
-135	170	64.0	2
-135	175	38.0	2
-130	-180	0	1
-130	-175	0	0
-130	-170	46.0	1
-130	-165	0	0
-130	-160	15.0	1
-130	-155	0	0
-130	-150	0	0
-130	-145	0	0
-130	-140	0	0
-130	-135	0	0
-130	-130	0	0
-130	-125	0	0
-130	-120	0	0
-130	-115	0	0
-130	-110	0	0
-130	-105	0	0
-130	-100	0	0
-130	-95	0	0
-130	-90	0	0
-130	-85	0	0
-130	-80	0	0
-130	-75	0	0
-130	-70	0	0
-130	-65	0	0
-130	-60	0	0
-130	-55	0	0
-130	-50	0	0
-130	-45	0	0
-130	-40	0	0
-130	-35	27.0	1
-130	-30	102.0	1
-130	-25	0	0
-130	-20	0	0
-130	-15	0	0
-130	-10	0	0
-130	-5	30.0	1
-130	0	0	0
-130	5	50.0	2
-130	10	0	0
-130	15	0	0
-130	20	0	0
-130	25	79.0	1
-130	30	0	0
-130	35	0	0
-130	40	0	0
-130	45	0	0
-130	50	9.0	1
-130	55	0	0
-130	60	0	0
-130	65	0	0
-130	70	0	0
-130	75	0	0
-130	80	0	0
-130	85	0	0
-130	90	0	0
-130	95	0	0
-130	100	58.0	1
-130	105	0	0
-130	110	7.0	1
-130	115	30.0	2
-130	120	53.0	3
-130	125	14.0	2
-130	130	66.0	7
-130	135	27.0	4
-130	140	45.0	4
-130	145	71.0	10
-130	150	63.0	3
-130	155	72.0	10
-130	160	85.0	3
-130	165	37.0	3
-130	170	39.0	2
-130	175	0	0
-125	-180	0	0
-125	-175	0	0
-125	-170	0	0
-125	-165	0	0
-125	-160	5.0	1
-125	-155	0	0
-125	-150	0	0
-125	-145	0	0
-125	-140	0	0
-125	-135	0	0
-125	-130	80.0	1
-125	-125	0	0
-125	-120	0	0
-125	-115	0	0
-125	-110	0	0
-125	-105	0	0
-125	-100	0	0
-125	-95	0	0
-125	-90	0	0
-125	-85	0	0
-125	-80	0	0
-125	-75	0	0
-125	-70	0	0
-125	-65	0	0
-125	-60	0	0
-125	-55	0	0
-125	-50	0	0
-125	-45	0	0
-125	-40	0	0
-125	-35	0	0
-125	-30	0	0
-125	-25	0	0
-125	-20	0	0
-125	-15	0	0
-125	-10	73.0	2
-125	-5	103.0	1
-125	0	116.0	2
-125	5	39.0	1
-125	10	23.0	2
-125	15	0	0
-125	20	0	0
-125	25	19.0	1
-125	30	0	0
-125	35	18.0	1
-125	40	0	0
-125	45	0	0
-125	50	0	0
-125	55	0	0
-125	60	0	0
-125	65	0	0
-125	70	92.0	1
-125	75	0	0
-125	80	0	0
-125	85	0	0
-125	90	0	0
-125	95	62.0	2
-125	100	32.0	1
-125	105	18.0	2
-125	110	10.0	2
-125	115	9.0	2
-125	120	28.0	2
-125	125	88.0	1
-125	130	85.0	7
-125	135	41.0	8
-125	140	117.0	4
-125	145	99.0	9
-125	150	71.0	5
-125	155	45.0	3
-125	160	89.0	3
-125	165	16.0	1
-125	170	52.0	2
-125	175	62.0	1
-120	-180	0	0
-120	-175	0	0
-120	-170	0	0
-120	-165	0	0
-120	-160	38.0	1
-120	-155	41.0	1
-120	-150	0	0
-120	-145	0	0
-120	-140	0	0
-120	-135	0	0
-120	-130	0	0
-120	-125	0	0
-120	-120	0	0
-120	-115	0	0
-120	-110	0	0
-120	-105	0	0
-120	-100	0	0
-120	-95	0	0
-120	-90	0	0
-120	-85	77.0	1
-120	-80	0	0
-120	-75	0	0
-120	-70	0	0
-120	-65	0	0
-120	-60	113.0	1
-120	-55	101.0	2
-120	-50	39.0	1
-120	-45	0	0
-120	-40	0	0
-120	-35	0	0
-120	-30	78.0	1
-120	-25	14.0	1
-120	-20	81.0	1
-120	-15	39.0	2
-120	-10	0	0
-120	-5	0	0
-120	0	46.0	1
-120	5	86.0	2
-120	10	0	0
-120	15	29.0	2
-120	20	28.0	1
-120	25	0	0
-120	30	0	1
-120	35	0	0
-120	40	0	0
-120	45	0	0
-120	50	0	0
-120	55	0	0
-120	60	0	0
-120	65	0	0
-120	70	87.0	1
-120	75	0	0
-120	80	0	0
-120	85	0	0
-120	90	0	0
-120	95	0	0
-120	100	0	0
-120	105	12.0	2
-120	110	23.0	1
-120	115	7.0	2
-120	120	23.0	4
-120	125	27.0	3
-120	130	13.0	4
-120	135	47.0	3
-120	140	58.0	5
-120	145	34.0	3
-120	150	76.0	3
-120	155	58.0	2
-120	160	91.0	4
-120	165	33.0	1
-120	170	0	0
-120	175	9.0	1
-115	-180	0	0
-115	-175	18.0	1
-115	-170	0	0
-115	-165	0	0
-115	-160	0	0
-115	-155	0	0
-115	-150	0	0
-115	-145	0	0
-115	-140	0	0
-115	-135	0	0
-115	-130	0	0
-115	-125	0	0
-115	-120	0	0
-115	-115	0	0
-115	-110	0	0
-115	-105	0	0
-115	-100	0	0
-115	-95	0	0
-115	-90	0	0
-115	-85	0	0
-115	-80	0	0
-115	-75	0	0
-115	-70	0	0
-115	-65	0	0
-115	-60	0	0
-115	-55	0	0
-115	-50	0	0
-115	-45	0	0
-115	-40	25.0	1
-115	-35	78.0	2
-115	-30	21.0	1
-115	-25	65.0	1
-115	-20	0	0
-115	-15	0	1
-115	-10	0	0
-115	-5	92.0	5
-115	0	0	0
-115	5	0	0
-115	10	0	0
-115	15	52.0	1
-115	20	9.0	1
-115	25	61.0	1
-115	30	0	0
-115	35	0	0
-115	40	0	0
-115	45	0	0
-115	50	0	0
-115	55	0	0
-115	60	0	0
-115	65	0	0
-115	70	0	0
-115	75	0	0
-115	80	0	0
-115	85	0	0
-115	90	0	0
-115	95	35.0	2
-115	100	35.0	2
-115	105	0	0
-115	110	11.0	3
-115	115	0	2
-115	120	20.0	2
-115	125	28.0	7
-115	130	22.0	3
-115	135	31.0	3
-115	140	90.0	6
-115	145	113.0	6
-115	150	55.0	1
-115	155	0	0
-115	160	8.0	1
-115	165	6.0	1
-115	170	0	0
-115	175	0	0
-110	-180	0	0
-110	-175	0	0
-110	-170	0	0
-110	-165	0	0
-110	-160	12.0	1
-110	-155	56.0	1
-110	-150	0	0
-110	-145	0	0
-110	-140	0	0
-110	-135	0	0
-110	-130	0	0
-110	-125	0	0
-110	-120	0	0
-110	-115	0	0
-110	-110	0	0
-110	-105	0	0
-110	-100	0	0
-110	-95	0	0
-110	-90	0	0
-110	-85	0	0
-110	-80	0	0
-110	-75	0	0
-110	-70	0	0
-110	-65	0	0
-110	-60	0	0
-110	-55	34.0	1
-110	-50	0	0
-110	-45	0	0
-110	-40	0	0
-110	-35	0	0
-110	-30	0	0
-110	-25	60.0	1
-110	-20	69.0	2
-110	-15	0	0
-110	-10	14.0	1
-110	-5	68.0	1
-110	0	99.0	5
-110	5	118.0	3
-110	10	127.0	6
-110	15	91.0	1
-110	20	0	0
-110	25	0	0
-110	30	0	0
-110	35	0	0
-110	40	0	0
-110	45	0	0
-110	50	0	0
-110	55	0	0
-110	60	0	0
-110	65	0	0
-110	70	0	0
-110	75	0	0
-110	80	116.0	2
-110	85	0	0
-110	90	116.0	1
-110	95	0	0
-110	100	0	0
-110	105	18.0	1
-110	110	0	0
-110	115	44.0	2
-110	120	16.0	2
-110	125	26.0	4
-110	130	34.0	6
-110	135	68.0	3
-110	140	25.0	5
-110	145	91.0	2
-110	150	59.0	4
-110	155	68.0	9
-110	160	15.0	2
-110	165	6.0	2
-110	170	70.0	2
-110	175	0	0
-105	-180	0	0
-105	-175	0	0
-105	-170	0	0
-105	-165	0	0
-105	-160	3.0	1
-105	-155	0	0
-105	-150	0	0
-105	-145	0	0
-105	-140	0	0
-105	-135	0	0
-105	-130	0	0
-105	-125	0	0
-105	-120	0	0
-105	-115	16.0	1
-105	-110	0	0
-105	-105	0	0
-105	-100	0	0
-105	-95	0	0
-105	-90	0	0
-105	-85	0	0
-105	-80	0	0
-105	-75	11.0	1
-105	-70	0	0
-105	-65	100.0	1
-105	-60	0	0
-105	-55	0	0
-105	-50	0	0
-105	-45	0	0
-105	-40	0	0
-105	-35	0	0
-105	-30	20.0	1
-105	-25	58.0	5
-105	-20	70.0	1
-105	-15	0	0
-105	-10	8.0	1
-105	-5	82.0	1
-105	0	115.0	8
-105	5	101.0	5
-105	10	119.0	4
-105	15	109.0	2
-105	20	0	0
-105	25	74.0	2
-105	30	69.0	1
-105	35	0	0
-105	40	0	0
-105	45	0	0
-105	50	0	0
-105	55	0	0
-105	60	0	0
-105	65	0	0
-105	70	0	1
-105	75	0	0
-105	80	0	0
-105	85	0	0
-105	90	0	0
-105	95	117.0	1
-105	100	0	0
-105	105	73.0	1
-105	110	37.0	1
-105	115	38.0	1
-105	120	28.0	2
-105	125	57.0	7
-105	130	12.0	1
-105	135	62.0	4
-105	140	56.0	5
-105	145	114.0	1
-105	150	65.0	4
-105	155	104.0	5
-105	160	92.0	2
-105	165	0	0
-105	170	90.0	2
-105	175	43.0	1
-100	-180	87.0	1
-100	-175	0	0
-100	-170	0	0
-100	-165	0	0
-100	-160	0	0
-100	-155	0	0
-100	-150	0	0
-100	-145	0	0
-100	-140	0	0
-100	-135	0	0
-100	-130	0	0
-100	-125	0	0
-100	-120	0	0
-100	-115	0	0
-100	-110	0	0
-100	-105	0	0
-100	-100	0	0
-100	-95	0	0
-100	-90	0	0
-100	-85	0	0
-100	-80	0	0
-100	-75	0	0
-100	-70	0	0
-100	-65	0	0
-100	-60	20.0	1
-100	-55	103.0	2
-100	-50	0	0
-100	-45	0	0
-100	-40	11.0	2
-100	-35	0	0
-100	-30	64.0	1
-100	-25	66.0	2
-100	-20	124.0	3
-100	-15	0	0
-100	-10	82.0	1
-100	-5	118.0	4
-100	0	133.0	8
-100	5	103.0	5
-100	10	115.0	2
-100	15	0	0
-100	20	0	0
-100	25	0	0
-100	30	0	1
-100	35	0	0
-100	40	0	0
-100	45	0	0
-100	50	0	0
-100	55	0	0
-100	60	0	0
-100	65	0	0
-100	70	0	0
-100	75	0	0
-100	80	0	0
-100	85	0	0
-100	90	0	0
-100	95	0	0
-100	100	78.0	2
-100	105	0	0
-100	110	51.0	1
-100	115	0	0
-100	120	29.0	4
-100	125	67.0	4
-100	130	7.0	2
-100	135	105.0	4
-100	140	66.0	4
-100	145	49.0	5
-100	150	67.0	2
-100	155	61.0	3
-100	160	48.0	5
-100	165	38.0	2
-100	170	0	0
-100	175	38.0	1
-95	-180	0	0
-95	-175	0	0
-95	-170	0	0
-95	-165	0	0
-95	-160	0	0
-95	-155	0	0
-95	-150	0	0
-95	-145	0	0
-95	-140	0	0
-95	-135	0	0
-95	-130	0	0
-95	-125	0	0
-95	-120	0	0
-95	-115	0	0
-95	-110	0	0
-95	-105	0	0
-95	-100	0	0
-95	-95	0	0
-95	-90	0	0
-95	-85	0	0
-95	-80	0	0
-95	-75	0	0
-95	-70	0	0
-95	-65	0	0
-95	-60	0	0
-95	-55	0	0
-95	-50	0	0
-95	-45	0	0
-95	-40	0	0
-95	-35	34.0	2
-95	-30	94.0	3
-95	-25	120.0	4
-95	-20	31.0	3
-95	-15	99.0	6
-95	-10	92.0	4
-95	-5	102.0	5
-95	0	123.0	8
-95	5	44.0	1
-95	10	77.0	4
-95	15	135.0	1
-95	20	0	0
-95	25	0	0
-95	30	0	0
-95	35	0	0
-95	40	0	0
-95	45	0	0
-95	50	0	0
-95	55	0	0
-95	60	0	0
-95	65	0	0
-95	70	0	0
-95	75	0	0
-95	80	0	0
-95	85	0	0
-95	90	0	0
-95	95	0	0
-95	100	70.0	2
-95	105	0	0
-95	110	9.0	2
-95	115	18.0	3
-95	120	0	1
-95	125	51.0	3
-95	130	28.0	1
-95	135	62.0	4
-95	140	1.0	1
-95	145	60.0	3
-95	150	113.0	4
-95	155	9.0	2
-95	160	95.0	6
-95	165	39.0	4
-95	170	28.0	4
-95	175	68.0	5
-90	-180	0	0
-90	-175	51.0	1
-90	-170	0	0
-90	-165	0	0
-90	-160	0	0
-90	-155	0	0
-90	-150	0	0
-90	-145	0	0
-90	-140	0	0
-90	-135	0	0
-90	-130	0	0
-90	-125	0	0
-90	-120	0	0
-90	-115	0	0
-90	-110	0	0
-90	-105	0	0
-90	-100	0	0
-90	-95	0	0
-90	-90	0	0
-90	-85	0	0
-90	-80	0	0
-90	-75	0	0
-90	-70	0	0
-90	-65	0	0
-90	-60	0	0
-90	-55	37.0	1
-90	-50	0	0
-90	-45	68.0	2
-90	-40	79.0	2
-90	-35	78.0	4
-90	-30	134.0	2
-90	-25	77.0	2
-90	-20	111.0	2
-90	-15	115.0	3
-90	-10	111.0	14
-90	-5	136.0	10
-90	0	138.0	6
-90	5	108.0	5
-90	10	0	0
-90	15	66.0	1
-90	20	0	0
-90	25	0	0
-90	30	0	0
-90	35	0	0
-90	40	0	0
-90	45	0	0
-90	50	44.0	1
-90	55	0	0
-90	60	0	0
-90	65	0	0
-90	70	0	0
-90	75	0	0
-90	80	0	1
-90	85	0	0
-90	90	0	0
-90	95	0	0
-90	100	65.0	2
-90	105	0	0
-90	110	0	0
-90	115	88.0	4
-90	120	60.0	3
-90	125	85.0	5
-90	130	0	0
-90	135	113.0	5
-90	140	52.0	4
-90	145	82.0	3
-90	150	114.0	3
-90	155	70.0	3
-90	160	109.0	5
-90	165	54.0	5
-90	170	0	0
-90	175	13.0	2
-85	-180	3.0	1
-85	-175	41.0	1
-85	-170	0	0
-85	-165	0	0
-85	-160	0	0
-85	-155	0	0
-85	-150	5.0	1
-85	-145	0	0
-85	-140	0	0
-85	-135	0	0
-85	-130	0	0
-85	-125	0	0
-85	-120	0	0
-85	-115	0	0
-85	-110	0	0
-85	-105	0	0
-85	-100	0	0
-85	-95	0	0
-85	-90	0	0
-85	-85	0	0
-85	-80	0	0
-85	-75	0	0
-85	-70	0	0
-85	-65	0	0
-85	-60	0	1
-85	-55	0	0
-85	-50	0	0
-85	-45	81.0	3
-85	-40	93.0	1
-85	-35	0	0
-85	-30	127.0	9
-85	-25	122.0	8
-85	-20	115.0	6
-85	-15	88.0	10
-85	-10	123.0	11
-85	-5	132.0	9
-85	0	71.0	4
-85	5	16.0	1
-85	10	88.0	2
-85	15	0	0
-85	20	0	0
-85	25	0	0
-85	30	0	0
-85	35	0	0
-85	40	0	0
-85	45	0	0
-85	50	0	0
-85	55	0	0
-85	60	0	0
-85	65	0	0
-85	70	0	0
-85	75	13.0	1
-85	80	0	0
-85	85	61.0	1
-85	90	0	0
-85	95	34.0	1
-85	100	43.0	1
-85	105	0	0
-85	110	44.0	2
-85	115	34.0	3
-85	120	55.0	3
-85	125	81.0	3
-85	130	67.0	5
-85	135	75.0	3
-85	140	87.0	6
-85	145	5.0	1
-85	150	75.0	6
-85	155	107.0	9
-85	160	83.0	3
-85	165	32.0	6
-85	170	74.0	5
-85	175	73.0	3
-80	-180	18.0	1
-80	-175	94.0	1
-80	-170	2.0	1
-80	-165	8.0	1
-80	-160	0	0
-80	-155	0	0
-80	-150	0	0
-80	-145	0	0
-80	-140	0	0
-80	-135	0	0
-80	-130	0	0
-80	-125	0	0
-80	-120	0	0
-80	-115	0	0
-80	-110	0	0
-80	-105	0	0
-80	-100	0	0
-80	-95	0	0
-80	-90	0	0
-80	-85	0	0
-80	-80	0	0
-80	-75	92.0	1
-80	-70	0	0
-80	-65	0	0
-80	-60	0	0
-80	-55	0	0
-80	-50	58.0	2
-80	-45	63.0	2
-80	-40	86.0	5
-80	-35	125.0	5
-80	-30	98.0	7
-80	-25	113.0	8
-80	-20	110.0	11
-80	-15	116.0	18
-80	-10	113.0	23
-80	-5	111.0	7
-80	0	90.0	3
-80	5	0	0
-80	10	0	0
-80	15	0	0
-80	20	0	0
-80	25	0	0
-80	30	0	0
-80	35	0	0
-80	40	0	0
-80	45	0	0
-80	50	0	0
-80	55	0	0
-80	60	0	0
-80	65	20.0	1
-80	70	0	0
-80	75	0	0
-80	80	0	0
-80	85	0	0
-80	90	16.0	1
-80	95	0	0
-80	100	0	0
-80	105	76.0	1
-80	110	98.0	2
-80	115	0	0
-80	120	58.0	2
-80	125	25.0	3
-80	130	76.0	4
-80	135	82.0	4
-80	140	66.0	5
-80	145	113.0	3
-80	150	80.0	5
-80	155	87.0	9
-80	160	52.0	9
-80	165	56.0	6
-80	170	124.0	11
-80	175	22.0	2
-75	-180	5.0	2
-75	-175	0	0
-75	-170	0	0
-75	-165	0	0
-75	-160	0	0
-75	-155	0	0
-75	-150	0	0
-75	-145	0	0
-75	-140	0	0
-75	-135	0	0
-75	-130	0	0
-75	-125	0	0
-75	-120	0	0
-75	-115	0	0
-75	-110	0	0
-75	-105	0	0
-75	-100	0	0
-75	-95	0	0
-75	-90	0	0
-75	-85	0	0
-75	-80	0	0
-75	-75	0	0
-75	-70	0	0
-75	-65	0	0
-75	-60	0	0
-75	-55	0	0
-75	-50	77.0	1
-75	-45	77.0	5
-75	-40	114.0	11
-75	-35	141.0	12
-75	-30	135.0	9
-75	-25	113.0	7
-75	-20	119.0	18
-75	-15	125.0	20
-75	-10	125.0	15
-75	-5	99.0	10
-75	0	0	0
-75	5	0	0
-75	10	0	0
-75	15	0	0
-75	20	0	0
-75	25	0	0
-75	30	0	0
-75	35	0	0
-75	40	0	0
-75	45	0	0
-75	50	0	0
-75	55	0	0
-75	60	0	0
-75	65	0	0
-75	70	0	0
-75	75	0	0
-75	80	123.0	1
-75	85	0	0
-75	90	13.0	1
-75	95	0	0
-75	100	0	0
-75	105	68.0	1
-75	110	0	0
-75	115	0	0
-75	120	91.0	1
-75	125	26.0	1
-75	130	112.0	6
-75	135	125.0	5
-75	140	63.0	8
-75	145	80.0	7
-75	150	55.0	20
-75	155	70.0	16
-75	160	63.0	14
-75	165	85.0	17
-75	170	62.0	5
-75	175	57.0	3
-70	-180	0	0
-70	-175	0	0
-70	-170	0	0
-70	-165	0	0
-70	-160	0	0
-70	-155	0	0
-70	-150	0	0
-70	-145	0	0
-70	-140	0	0
-70	-135	0	0
-70	-130	0	0
-70	-125	0	0
-70	-120	0	0
-70	-115	0	0
-70	-110	0	0
-70	-105	0	0
-70	-100	0	0
-70	-95	0	0
-70	-90	0	0
-70	-85	0	0
-70	-80	0	0
-70	-75	0	0
-70	-70	0	0
-70	-65	0	0
-70	-60	0	0
-70	-55	33.0	3
-70	-50	27.0	5
-70	-45	80.0	30
-70	-40	93.0	40
-70	-35	98.0	32
-70	-30	92.0	29
-70	-25	111.0	33
-70	-20	112.0	32
-70	-15	121.0	31
-70	-10	121.0	11
-70	-5	110.0	3
-70	0	33.0	1
-70	5	0	0
-70	10	0	0
-70	15	0	0
-70	20	0	0
-70	25	0	0
-70	30	0	0
-70	35	0	0
-70	40	0	0
-70	45	0	0
-70	50	0	0
-70	55	0	0
-70	60	0	0
-70	65	0	0
-70	70	0	0
-70	75	0	0
-70	80	0	0
-70	85	0	0
-70	90	0	0
-70	95	0	0
-70	100	0	0
-70	105	0	0
-70	110	0	0
-70	115	0	0
-70	120	35.0	1
-70	125	52.0	4
-70	130	75.0	3
-70	135	103.0	9
-70	140	110.0	8
-70	145	73.0	17
-70	150	97.0	25
-70	155	88.0	12
-70	160	68.0	13
-70	165	64.0	7
-70	170	10.0	1
-70	175	29.0	2
-65	-180	0	0
-65	-175	0	0
-65	-170	0	0
-65	-165	0	0
-65	-160	0	0
-65	-155	0	0
-65	-150	0	0
-65	-145	0	0
-65	-140	0	0
-65	-135	0	0
-65	-130	0	0
-65	-125	0	0
-65	-120	0	0
-65	-115	0	0
-65	-110	0	0
-65	-105	0	0
-65	-100	0	0
-65	-95	0	0
-65	-90	0	0
-65	-85	0	0
-65	-80	0	0
-65	-75	0	0
-65	-70	0	0
-65	-65	0	0
-65	-60	7.0	1
-65	-55	93.0	2
-65	-50	95.0	31
-65	-45	123.0	99
-65	-40	91.0	68
-65	-35	136.0	30
-65	-30	125.0	37
-65	-25	115.0	31
-65	-20	133.0	43
-65	-15	112.0	17
-65	-10	68.0	1
-65	-5	0	0
-65	0	0	0
-65	5	0	0
-65	10	0	0
-65	15	0	0
-65	20	0	0
-65	25	110.0	1
-65	30	0	0
-65	35	0	0
-65	40	0	0
-65	45	0	0
-65	50	0	0
-65	55	0	0
-65	60	0	0
-65	65	0	0
-65	70	0	0
-65	75	0	0
-65	80	0	0
-65	85	0	0
-65	90	0	0
-65	95	0	0
-65	100	0	0
-65	105	95.0	1
-65	110	0	0
-65	115	0	0
-65	120	0	0
-65	125	61.0	4
-65	130	114.0	11
-65	135	86.0	14
-65	140	48.0	12
-65	145	122.0	10
-65	150	102.0	12
-65	155	59.0	9
-65	160	59.0	7
-65	165	66.0	7
-65	170	60.0	1
-65	175	0	0
-60	-180	0	0
-60	-175	0	0
-60	-170	0	0
-60	-165	0	0
-60	-160	0	0
-60	-155	0	0
-60	-150	0	0
-60	-145	0	0
-60	-140	0	0
-60	-135	0	0
-60	-130	0	0
-60	-125	0	0
-60	-120	0	0
-60	-115	0	0
-60	-110	0	0
-60	-105	0	0
-60	-100	0	0
-60	-95	0	0
-60	-90	0	0
-60	-85	0	0
-60	-80	0	0
-60	-75	0	0
-60	-70	0	0
-60	-65	0	0
-60	-60	0	0
-60	-55	54.0	5
-60	-50	73.0	44
-60	-45	100.0	46
-60	-40	86.0	45
-60	-35	104.0	26
-60	-30	120.0	21
-60	-25	137.0	19
-60	-20	107.0	3
-60	-15	0	0
-60	-10	94.0	1
-60	-5	0	0
-60	0	0	0
-60	5	0	0
-60	10	0	0
-60	15	0	0
-60	20	0	0
-60	25	0	0
-60	30	0	0
-60	35	0	0
-60	40	0	0
-60	45	0	0
-60	50	0	0
-60	55	0	0
-60	60	0	0
-60	65	0	0
-60	70	0	0
-60	75	0	0
-60	80	0	0
-60	85	0	0
-60	90	0	0
-60	95	0	0
-60	100	0	0
-60	105	0	0
-60	110	0	0
-60	115	0	0
-60	120	18.0	2
-60	125	133.0	4
-60	130	90.0	8
-60	135	113.0	12
-60	140	78.0	12
-60	145	49.0	7
-60	150	38.0	7
-60	155	63.0	7
-60	160	100.0	3
-60	165	11.0	2
-60	170	0	0
-60	175	0	0
-55	-180	0	0
-55	-175	0	0
-55	-170	0	0
-55	-165	0	0
-55	-160	0	0
-55	-155	0	0
-55	-150	0	0
-55	-145	0	0
-55	-140	0	0
-55	-135	0	0
-55	-130	0	0
-55	-125	0	0
-55	-120	0	0
-55	-115	0	0
-55	-110	0	0
-55	-105	0	0
-55	-100	0	0
-55	-95	0	0
-55	-90	0	0
-55	-85	0	0
-55	-80	0	0
-55	-75	0	0
-55	-70	0	0
-55	-65	0	0
-55	-60	81.0	2
-55	-55	60.0	4
-55	-50	116.0	4
-55	-45	58.0	16
-55	-40	97.0	5
-55	-35	102.0	16
-55	-30	19.0	4
-55	-25	4.0	1
-55	-20	76.0	1
-55	-15	0	0
-55	-10	113.0	1
-55	-5	0	0
-55	0	0	0
-55	5	0	0
-55	10	0	0
-55	15	0	0
-55	20	0	0
-55	25	0	0
-55	30	0	0
-55	35	0	0
-55	40	0	0
-55	45	0	0
-55	50	0	0
-55	55	0	0
-55	60	0	0
-55	65	0	0
-55	70	0	0
-55	75	0	0
-55	80	0	0
-55	85	0	0
-55	90	0	0
-55	95	0	0
-55	100	0	0
-55	105	0	0
-55	110	0	0
-55	115	0	0
-55	120	94.0	2
-55	125	88.0	4
-55	130	57.0	6
-55	135	122.0	4
-55	140	129.0	8
-55	145	53.0	6
-55	150	69.0	3
-55	155	39.0	2
-55	160	0	0
-55	165	0	0
-55	170	0	0
-55	175	0	0
-50	-180	0	0
-50	-175	0	0
-50	-170	0	0
-50	-165	0	0
-50	-160	0	0
-50	-155	0	0
-50	-150	0	0
-50	-145	0	0
-50	-140	0	0
-50	-135	0	0
-50	-130	0	0
-50	-125	0	0
-50	-120	0	0
-50	-115	0	0
-50	-110	0	0
-50	-105	0	0
-50	-100	0	0
-50	-95	0	0
-50	-90	0	0
-50	-85	0	0
-50	-80	0	0
-50	-75	0	0
-50	-70	0	0
-50	-65	32.0	1
-50	-60	34.0	2
-50	-55	0	1
-50	-50	47.0	2
-50	-45	106.0	5
-50	-40	68.0	4
-50	-35	0	0
-50	-30	49.0	1
-50	-25	0	0
-50	-20	0	0
-50	-15	0	0
-50	-10	51.0	1
-50	-5	0	0
-50	0	0	0
-50	5	0	0
-50	10	0	0
-50	15	0	0
-50	20	0	0
-50	25	0	0
-50	30	0	0
-50	35	0	0
-50	40	0	0
-50	45	0	0
-50	50	0	0
-50	55	0	0
-50	60	0	0
-50	65	0	0
-50	70	0	0
-50	75	0	0
-50	80	0	0
-50	85	0	0
-50	90	0	0
-50	95	0	0
-50	100	0	0
-50	105	0	0
-50	110	0	0
-50	115	0	0
-50	120	0	0
-50	125	55.0	1
-50	130	83.0	3
-50	135	50.0	1
-50	140	23.0	2
-50	145	0	0
-50	150	0	0
-50	155	0	0
-50	160	0	0
-50	165	0	0
-50	170	0	0
-50	175	0	0
-45	-180	0	0
-45	-175	0	0
-45	-170	0	0
-45	-165	0	0
-45	-160	0	0
-45	-155	0	0
-45	-150	0	0
-45	-145	0	0
-45	-140	0	0
-45	-135	0	0
-45	-130	0	0
-45	-125	0	0
-45	-120	0	0
-45	-115	0	0
-45	-110	0	0
-45	-105	0	0
-45	-100	0	0
-45	-95	0	0
-45	-90	0	0
-45	-85	0	0
-45	-80	0	0
-45	-75	0	0
-45	-70	0	0
-45	-65	0	0
-45	-60	0	0
-45	-55	0	0
-45	-50	0	0
-45	-45	121.0	4
-45	-40	0	0
-45	-35	0	0
-45	-30	0	0
-45	-25	0	0
-45	-20	0	0
-45	-15	0	0
-45	-10	0	0
-45	-5	0	0
-45	0	0	0
-45	5	0	0
-45	10	0	0
-45	15	0	0
-45	20	0	0
-45	25	0	0
-45	30	0	0
-45	35	0	0
-45	40	0	0
-45	45	0	0
-45	50	0	0
-45	55	0	0
-45	60	0	0
-45	65	0	0
-45	70	0	0
-45	75	0	0
-45	80	0	0
-45	85	0	0
-45	90	0	0
-45	95	0	0
-45	100	0	0
-45	105	0	0
-45	110	0	0
-45	115	6.0	1
-45	120	0	0
-45	125	4.0	1
-45	130	0	0
-45	135	0	0
-45	140	0	0
-45	145	0	0
-45	150	0	0
-45	155	0	0
-45	160	0	0
-45	165	57.0	1
-45	170	0	0
-45	175	0	0
-40	-180	0	0
-40	-175	0	0
-40	-170	0	0
-40	-165	0	0
-40	-160	0	0
-40	-155	0	0
-40	-150	0	0
-40	-145	0	0
-40	-140	0	0
-40	-135	0	0
-40	-130	0	0
-40	-125	0	0
-40	-120	0	0
-40	-115	0	0
-40	-110	0	0
-40	-105	0	0
-40	-100	0	0
-40	-95	0	0
-40	-90	0	0
-40	-85	0	0
-40	-80	0	0
-40	-75	0	0
-40	-70	0	0
-40	-65	0	0
-40	-60	0	0
-40	-55	0	0
-40	-50	0	0
-40	-45	0	0
-40	-40	0	0
-40	-35	0	0
-40	-30	0	0
-40	-25	0	0
-40	-20	0	0
-40	-15	0	0
-40	-10	0	0
-40	-5	0	0
-40	0	0	0
-40	5	0	0
-40	10	0	0
-40	15	0	0
-40	20	0	0
-40	25	0	0
-40	30	0	0
-40	35	0	0
-40	40	0	0
-40	45	0	0
-40	50	0	0
-40	55	0	0
-40	60	0	0
-40	65	0	0
-40	70	0	0
-40	75	0	0
-40	80	0	0
-40	85	0	0
-40	90	0	0
-40	95	0	0
-40	100	0	0
-40	105	0	0
-40	110	0	0
-40	115	0	0
-40	120	0	0
-40	125	0	0
-40	130	0	0
-40	135	0	0
-40	140	0	0
-40	145	0	0
-40	150	0	0
-40	155	0	0
-40	160	0	0
-40	165	0	0
-40	170	0	0
-40	175	0	0
-35	-180	0	0
-35	-175	0	0
-35	-170	0	0
-35	-165	0	0
-35	-160	0	0
-35	-155	0	0
-35	-150	0	0
-35	-145	0	0
-35	-140	0	0
-35	-135	0	0
-35	-130	0	0
-35	-125	0	0
-35	-120	0	0
-35	-115	0	0
-35	-110	0	0
-35	-105	0	0
-35	-100	0	0
-35	-95	0	0
-35	-90	0	0
-35	-85	0	0
-35	-80	0	0
-35	-75	0	0
-35	-70	0	0
-35	-65	0	0
-35	-60	0	0
-35	-55	75.0	1
-35	-50	0	0
-35	-45	0	0
-35	-40	0	0
-35	-35	0	0
-35	-30	0	0
-35	-25	0	0
-35	-20	0	0
-35	-15	0	0
-35	-10	0	0
-35	-5	0	0
-35	0	0	0
-35	5	0	0
-35	10	0	0
-35	15	0	0
-35	20	0	0
-35	25	0	0
-35	30	0	0
-35	35	0	0
-35	40	0	0
-35	45	0	0
-35	50	0	0
-35	55	0	0
-35	60	0	0
-35	65	0	0
-35	70	0	0
-35	75	0	0
-35	80	0	0
-35	85	0	0
-35	90	0	0
-35	95	0	0
-35	100	0	0
-35	105	0	0
-35	110	0	0
-35	115	0	0
-35	120	0	0
-35	125	76.0	1
-35	130	0	0
-35	135	0	0
-35	140	0	0
-35	145	0	0
-35	150	0	0
-35	155	0	0
-35	160	0	0
-35	165	0	0
-35	170	0	0
-35	175	0	0
-30	-180	0	0
-30	-175	0	0
-30	-170	0	0
-30	-165	0	0
-30	-160	0	0
-30	-155	0	0
-30	-150	0	0
-30	-145	0	0
-30	-140	0	0
-30	-135	0	0
-30	-130	0	0
-30	-125	0	0
-30	-120	0	0
-30	-115	0	0
-30	-110	0	0
-30	-105	0	0
-30	-100	0	0
-30	-95	0	0
-30	-90	0	0
-30	-85	0	0
-30	-80	0	0
-30	-75	0	0
-30	-70	0	0
-30	-65	0	0
-30	-60	0	0
-30	-55	0	0
-30	-50	0	0
-30	-45	0	0
-30	-40	0	0
-30	-35	0	0
-30	-30	0	0
-30	-25	0	0
-30	-20	0	0
-30	-15	0	0
-30	-10	0	0
-30	-5	0	0
-30	0	0	0
-30	5	0	0
-30	10	0	0
-30	15	0	0
-30	20	0	0
-30	25	0	0
-30	30	0	0
-30	35	0	0
-30	40	0	0
-30	45	0	0
-30	50	0	0
-30	55	0	0
-30	60	0	0
-30	65	0	0
-30	70	0	0
-30	75	0	0
-30	80	0	0
-30	85	0	0
-30	90	0	0
-30	95	0	0
-30	100	0	0
-30	105	0	0
-30	110	0	0
-30	115	0	0
-30	120	0	0
-30	125	0	0
-30	130	0	0
-30	135	0	0
-30	140	0	0
-30	145	0	0
-30	150	0	0
-30	155	0	0
-30	160	0	0
-30	165	0	0
-30	170	0	0
-30	175	0	0
-25	-180	0	0
-25	-175	0	0
-25	-170	0	0
-25	-165	0	0
-25	-160	0	0
-25	-155	0	0
-25	-150	0	0
-25	-145	0	0
-25	-140	0	0
-25	-135	0	0
-25	-130	0	0
-25	-125	0	0
-25	-120	0	0
-25	-115	0	0
-25	-110	0	0
-25	-105	0	0
-25	-100	0	0
-25	-95	0	0
-25	-90	0	0
-25	-85	0	0
-25	-80	0	0
-25	-75	0	0
-25	-70	0	0
-25	-65	0	0
-25	-60	0	0
-25	-55	0	0
-25	-50	0	0
-25	-45	0	0
-25	-40	0	0
-25	-35	0	0
-25	-30	0	0
-25	-25	0	0
-25	-20	0	0
-25	-15	0	0
-25	-10	0	0
-25	-5	0	0
-25	0	0	0
-25	5	0	0
-25	10	0	0
-25	15	0	0
-25	20	0	0
-25	25	0	0
-25	30	0	0
-25	35	0	0
-25	40	0	0
-25	45	0	0
-25	50	0	0
-25	55	0	0
-25	60	0	0
-25	65	0	0
-25	70	0	0
-25	75	0	0
-25	80	0	0
-25	85	0	0
-25	90	0	0
-25	95	0	0
-25	100	0	0
-25	105	0	0
-25	110	0	0
-25	115	0	0
-25	120	0	0
-25	125	0	0
-25	130	0	0
-25	135	0	0
-25	140	0	0
-25	145	0	0
-25	150	0	0
-25	155	0	0
-25	160	0	0
-25	165	0	0
-25	170	0	0
-25	175	0	0
-20	-180	0	0
-20	-175	0	0
-20	-170	0	0
-20	-165	0	0
-20	-160	0	0
-20	-155	0	0
-20	-150	0	0
-20	-145	0	0
-20	-140	0	0
-20	-135	0	0
-20	-130	0	0
-20	-125	0	0
-20	-120	0	0
-20	-115	0	0
-20	-110	0	0
-20	-105	0	0
-20	-100	0	0
-20	-95	0	0
-20	-90	0	0
-20	-85	0	0
-20	-80	0	0
-20	-75	0	0
-20	-70	0	0
-20	-65	0	0
-20	-60	0	0
-20	-55	0	0
-20	-50	0	0
-20	-45	0	0
-20	-40	0	0
-20	-35	0	0
-20	-30	0	0
-20	-25	0	0
-20	-20	0	0
-20	-15	0	0
-20	-10	0	0
-20	-5	0	0
-20	0	0	0
-20	5	0	0
-20	10	0	0
-20	15	0	0
-20	20	0	0
-20	25	0	0
-20	30	0	0
-20	35	0	0
-20	40	0	0
-20	45	0	0
-20	50	0	0
-20	55	0	0
-20	60	0	0
-20	65	0	0
-20	70	0	0
-20	75	0	0
-20	80	0	0
-20	85	0	0
-20	90	0	0
-20	95	0	0
-20	100	0	0
-20	105	0	0
-20	110	0	0
-20	115	0	0
-20	120	0	0
-20	125	0	0
-20	130	0	0
-20	135	0	0
-20	140	0	0
-20	145	0	0
-20	150	0	0
-20	155	0	0
-20	160	0	0
-20	165	0	0
-20	170	0	0
-20	175	0	0
-15	-180	0	0
-15	-175	0	0
-15	-170	0	0
-15	-165	0	0
-15	-160	0	0
-15	-155	0	0
-15	-150	0	0
-15	-145	0	0
-15	-140	0	0
-15	-135	0	0
-15	-130	0	0
-15	-125	0	0
-15	-120	0	0
-15	-115	0	0
-15	-110	0	0
-15	-105	0	0
-15	-100	0	0
-15	-95	0	0
-15	-90	0	0
-15	-85	0	0
-15	-80	0	0
-15	-75	0	0
-15	-70	0	0
-15	-65	0	0
-15	-60	0	0
-15	-55	0	0
-15	-50	0	0
-15	-45	0	0
-15	-40	0	0
-15	-35	0	0
-15	-30	0	0
-15	-25	0	0
-15	-20	0	0
-15	-15	0	0
-15	-10	0	0
-15	-5	0	0
-15	0	0	0
-15	5	0	0
-15	10	0	0
-15	15	0	0
-15	20	0	0
-15	25	0	0
-15	30	0	0
-15	35	0	0
-15	40	0	0
-15	45	0	0
-15	50	0	0
-15	55	0	0
-15	60	0	0
-15	65	0	0
-15	70	0	0
-15	75	0	0
-15	80	0	0
-15	85	0	0
-15	90	0	0
-15	95	0	0
-15	100	0	0
-15	105	0	0
-15	110	0	0
-15	115	0	0
-15	120	0	0
-15	125	0	0
-15	130	0	0
-15	135	0	0
-15	140	0	0
-15	145	0	0
-15	150	0	0
-15	155	0	0
-15	160	0	0
-15	165	0	0
-15	170	0	0
-15	175	0	0
-10	-180	0	0
-10	-175	0	0
-10	-170	0	0
-10	-165	0	0
-10	-160	0	0
-10	-155	0	0
-10	-150	0	0
-10	-145	0	0
-10	-140	0	0
-10	-135	0	0
-10	-130	0	0
-10	-125	0	0
-10	-120	0	0
-10	-115	0	0
-10	-110	0	0
-10	-105	0	0
-10	-100	0	0
-10	-95	0	0
-10	-90	0	0
-10	-85	0	0
-10	-80	0	0
-10	-75	0	0
-10	-70	0	0
-10	-65	0	0
-10	-60	0	0
-10	-55	0	0
-10	-50	0	0
-10	-45	0	0
-10	-40	0	0
-10	-35	0	0
-10	-30	0	0
-10	-25	0	0
-10	-20	0	0
-10	-15	0	0
-10	-10	0	0
-10	-5	0	0
-10	0	0	0
-10	5	0	0
-10	10	0	0
-10	15	0	0
-10	20	0	0
-10	25	0	0
-10	30	0	0
-10	35	0	0
-10	40	0	0
-10	45	0	0
-10	50	0	0
-10	55	0	0
-10	60	0	0
-10	65	0	0
-10	70	0	0
-10	75	0	0
-10	80	0	0
-10	85	0	0
-10	90	0	0
-10	95	0	0
-10	100	0	0
-10	105	0	0
-10	110	0	0
-10	115	0	0
-10	120	0	0
-10	125	0	0
-10	130	0	0
-10	135	0	0
-10	140	0	0
-10	145	0	0
-10	150	0	0
-10	155	0	0
-10	160	0	0
-10	165	0	0
-10	170	0	0
-10	175	0	0
-5	-180	0	0
-5	-175	0	0
-5	-170	0	0
-5	-165	0	0
-5	-160	0	0
-5	-155	0	0
-5	-150	0	0
-5	-145	0	0
-5	-140	0	0
-5	-135	0	0
-5	-130	0	0
-5	-125	0	0
-5	-120	0	0
-5	-115	0	0
-5	-110	0	0
-5	-105	0	0
-5	-100	0	0
-5	-95	0	0
-5	-90	0	0
-5	-85	0	0
-5	-80	0	0
-5	-75	0	0
-5	-70	0	0
-5	-65	0	0
-5	-60	0	0
-5	-55	0	0
-5	-50	0	0
-5	-45	0	0
-5	-40	0	0
-5	-35	0	0
-5	-30	0	0
-5	-25	0	0
-5	-20	0	0
-5	-15	0	0
-5	-10	0	0
-5	-5	0	0
-5	0	0	0
-5	5	0	0
-5	10	0	0
-5	15	0	0
-5	20	0	0
-5	25	0	0
-5	30	0	0
-5	35	0	0
-5	40	0	0
-5	45	0	0
-5	50	0	0
-5	55	0	0
-5	60	0	0
-5	65	0	0
-5	70	0	0
-5	75	0	0
-5	80	0	0
-5	85	0	0
-5	90	0	0
-5	95	0	0
-5	100	0	0
-5	105	0	0
-5	110	0	0
-5	115	0	0
-5	120	0	0
-5	125	0	0
-5	130	0	0
-5	135	0	0
-5	140	0	0
-5	145	0	0
-5	150	0	0
-5	155	0	0
-5	160	0	0
-5	165	0	0
-5	170	0	0
-5	175	0	0
0	-180	0	0
0	-175	0	0
0	-170	0	0
0	-165	0	0
0	-160	0	0
0	-155	0	0
0	-150	0	0
0	-145	0	0
0	-140	0	0
0	-135	0	0
0	-130	0	0
0	-125	0	0
0	-120	0	0
0	-115	0	0
0	-110	0	0
0	-105	0	0
0	-100	0	0
0	-95	0	0
0	-90	0	0
0	-85	0	0
0	-80	0	0
0	-75	0	0
0	-70	0	0
0	-65	0	0
0	-60	0	0
0	-55	0	0
0	-50	0	0
0	-45	0	0
0	-40	0	0
0	-35	0	0
0	-30	0	0
0	-25	0	0
0	-20	0	0
0	-15	0	0
0	-10	0	0
0	-5	0	0
0	0	0	0
0	5	0	0
0	10	0	0
0	15	0	0
0	20	0	0
0	25	0	0
0	30	0	0
0	35	0	0
0	40	0	0
0	45	0	0
0	50	0	0
0	55	0	0
0	60	0	0
0	65	0	0
0	70	0	0
0	75	0	0
0	80	0	0
0	85	0	0
0	90	0	0
0	95	0	0
0	100	0	0
0	105	0	0
0	110	0	0
0	115	0	0
0	120	0	0
0	125	0	0
0	130	0	0
0	135	0	0
0	140	0	0
0	145	0	0
0	150	0	0
0	155	0	0
0	160	0	0
0	165	0	0
0	170	0	0
0	175	0	0
5	-180	0	0
5	-175	0	0
5	-170	0	0
5	-165	0	0
5	-160	0	0
5	-155	0	0
5	-150	0	0
5	-145	0	0
5	-140	0	0
5	-135	0	0
5	-130	0	0
5	-125	0	0
5	-120	0	0
5	-115	0	0
5	-110	0	0
5	-105	0	0
5	-100	0	0
5	-95	0	0
5	-90	0	0
5	-85	0	0
5	-80	0	0
5	-75	0	0
5	-70	0	0
5	-65	0	0
5	-60	0	0
5	-55	0	0
5	-50	0	0
5	-45	0	0
5	-40	0	0
5	-35	0	0
5	-30	0	0
5	-25	0	0
5	-20	0	0
5	-15	0	0
5	-10	0	0
5	-5	0	0
5	0	0	0
5	5	0	0
5	10	0	0
5	15	0	0
5	20	0	0
5	25	0	0
5	30	0	0
5	35	0	0
5	40	0	0
5	45	0	0
5	50	0	0
5	55	0	0
5	60	0	0
5	65	0	0
5	70	0	0
5	75	0	0
5	80	0	0
5	85	0	0
5	90	0	0
5	95	0	0
5	100	0	0
5	105	0	0
5	110	0	0
5	115	0	0
5	120	0	0
5	125	0	0
5	130	0	0
5	135	0	0
5	140	0	0
5	145	0	0
5	150	0	0
5	155	0	0
5	160	0	0
5	165	0	0
5	170	0	0
5	175	0	0
10	-180	0	0
10	-175	0	0
10	-170	0	0
10	-165	0	0
10	-160	0	0
10	-155	0	0
10	-150	0	0
10	-145	0	0
10	-140	0	0
10	-135	0	0
10	-130	0	0
10	-125	0	0
10	-120	0	0
10	-115	0	0
10	-110	0	0
10	-105	0	0
10	-100	0	0
10	-95	0	0
10	-90	0	0
10	-85	0	0
10	-80	0	0
10	-75	0	0
10	-70	0	0
10	-65	0	0
10	-60	0	0
10	-55	0	0
10	-50	0	0
10	-45	0	0
10	-40	0	0
10	-35	0	0
10	-30	0	0
10	-25	0	0
10	-20	0	0
10	-15	0	0
10	-10	0	0
10	-5	0	0
10	0	0	0
10	5	0	0
10	10	0	0
10	15	0	0
10	20	0	0
10	25	0	0
10	30	0	0
10	35	0	0
10	40	0	0
10	45	0	0
10	50	0	0
10	55	0	0
10	60	0	0
10	65	0	0
10	70	0	0
10	75	0	0
10	80	0	0
10	85	0	0
10	90	0	0
10	95	0	0
10	100	0	0
10	105	0	0
10	110	0	0
10	115	0	0
10	120	0	0
10	125	0	0
10	130	0	0
10	135	0	0
10	140	0	0
10	145	0	0
10	150	0	0
10	155	0	0
10	160	0	0
10	165	0	0
10	170	0	0
10	175	0	0
15	-180	0	0
15	-175	0	0
15	-170	0	0
15	-165	0	0
15	-160	0	0
15	-155	0	0
15	-150	0	0
15	-145	0	0
15	-140	0	0
15	-135	0	0
15	-130	0	0
15	-125	0	0
15	-120	0	0
15	-115	0	0
15	-110	0	0
15	-105	0	0
15	-100	0	0
15	-95	0	0
15	-90	0	0
15	-85	0	0
15	-80	0	0
15	-75	0	0
15	-70	0	0
15	-65	0	0
15	-60	0	0
15	-55	0	0
15	-50	0	0
15	-45	0	0
15	-40	0	0
15	-35	0	0
15	-30	0	0
15	-25	0	0
15	-20	0	0
15	-15	0	0
15	-10	0	0
15	-5	0	0
15	0	0	0
15	5	0	0
15	10	0	0
15	15	0	0
15	20	0	0
15	25	0	0
15	30	0	0
15	35	0	0
15	40	0	0
15	45	0	0
15	50	0	0
15	55	0	0
15	60	0	0
15	65	0	0
15	70	0	0
15	75	0	0
15	80	0	0
15	85	0	0
15	90	0	0
15	95	0	0
15	100	0	0
15	105	0	0
15	110	0	0
15	115	0	0
15	120	0	0
15	125	0	0
15	130	0	0
15	135	0	0
15	140	0	0
15	145	0	0
15	150	0	0
15	155	0	0
15	160	0	0
15	165	0	0
15	170	0	0
15	175	0	0
20	-180	0	0
20	-175	0	0
20	-170	0	0
20	-165	0	0
20	-160	0	0
20	-155	0	0
20	-150	0	0
20	-145	0	0
20	-140	0	0
20	-135	0	0
20	-130	0	0
20	-125	0	0
20	-120	0	0
20	-115	0	0
20	-110	0	0
20	-105	0	0
20	-100	0	0
20	-95	0	0
20	-90	0	0
20	-85	0	0
20	-80	0	0
20	-75	0	0
20	-70	0	0
20	-65	0	0
20	-60	0	0
20	-55	0	0
20	-50	0	0
20	-45	0	0
20	-40	0	0
20	-35	0	0
20	-30	0	0
20	-25	0	0
20	-20	0	0
20	-15	0	0
20	-10	0	0
20	-5	0	0
20	0	0	0
20	5	0	0
20	10	0	0
20	15	0	0
20	20	0	0
20	25	0	0
20	30	0	0
20	35	0	0
20	40	0	0
20	45	0	0
20	50	0	0
20	55	0	0
20	60	0	0
20	65	0	0
20	70	0	0
20	75	0	0
20	80	0	0
20	85	0	0
20	90	0	0
20	95	0	0
20	100	0	0
20	105	0	0
20	110	0	0
20	115	0	0
20	120	0	0
20	125	0	0
20	130	0	0
20	135	0	0
20	140	0	0
20	145	0	0
20	150	0	0
20	155	0	0
20	160	0	0
20	165	0	0
20	170	0	0
20	175	0	0
25	-180	0	0
25	-175	0	0
25	-170	0	0
25	-165	0	0
25	-160	0	0
25	-155	0	0
25	-150	0	0
25	-145	0	0
25	-140	0	0
25	-135	0	0
25	-130	0	0
25	-125	0	0
25	-120	0	0
25	-115	0	0
25	-110	0	0
25	-105	0	0
25	-100	0	0
25	-95	0	0
25	-90	0	0
25	-85	0	0
25	-80	0	0
25	-75	0	0
25	-70	0	0
25	-65	0	0
25	-60	0	0
25	-55	0	0
25	-50	0	0
25	-45	0	0
25	-40	0	0
25	-35	0	0
25	-30	0	0
25	-25	0	0
25	-20	0	0
25	-15	0	0
25	-10	0	0
25	-5	0	0
25	0	0	0
25	5	0	0
25	10	0	0
25	15	0	0
25	20	0	0
25	25	0	0
25	30	0	0
25	35	0	0
25	40	0	0
25	45	0	0
25	50	0	0
25	55	0	0
25	60	0	0
25	65	0	0
25	70	0	0
25	75	0	0
25	80	0	0
25	85	0	0
25	90	0	0
25	95	0	0
25	100	0	0
25	105	0	0
25	110	0	0
25	115	0	0
25	120	0	0
25	125	0	0
25	130	0	0
25	135	0	0
25	140	0	0
25	145	0	0
25	150	0	0
25	155	0	0
25	160	0	0
25	165	0	0
25	170	0	0
25	175	0	0
30	-180	0	0
30	-175	0	0
30	-170	0	0
30	-165	0	0
30	-160	0	0
30	-155	0	0
30	-150	0	0
30	-145	0	0
30	-140	0	0
30	-135	0	0
30	-130	0	0
30	-125	0	0
30	-120	0	0
30	-115	0	0
30	-110	0	0
30	-105	0	0
30	-100	0	0
30	-95	0	0
30	-90	0	0
30	-85	0	0
30	-80	0	0
30	-75	0	0
30	-70	0	0
30	-65	0	0
30	-60	0	0
30	-55	0	0
30	-50	0	0
30	-45	0	0
30	-40	0	0
30	-35	0	0
30	-30	0	0
30	-25	0	0
30	-20	0	0
30	-15	0	0
30	-10	0	0
30	-5	0	0
30	0	0	0
30	5	0	0
30	10	0	0
30	15	0	0
30	20	0	0
30	25	0	0
30	30	0	0
30	35	0	0
30	40	0	0
30	45	0	0
30	50	0	0
30	55	0	0
30	60	0	0
30	65	0	0
30	70	0	0
30	75	0	0
30	80	0	0
30	85	0	0
30	90	0	0
30	95	0	0
30	100	0	0
30	105	0	0
30	110	0	0
30	115	0	0
30	120	0	0
30	125	0	0
30	130	0	0
30	135	0	0
30	140	0	0
30	145	0	0
30	150	0	0
30	155	0	0
30	160	0	0
30	165	0	0
30	170	0	0
30	175	0	0
35	-180	0	0
35	-175	0	0
35	-170	0	0
35	-165	0	0
35	-160	0	0
35	-155	0	0
35	-150	0	0
35	-145	0	0
35	-140	0	0
35	-135	0	0
35	-130	0	0
35	-125	0	0
35	-120	0	0
35	-115	0	0
35	-110	0	0
35	-105	0	0
35	-100	0	0
35	-95	0	0
35	-90	0	0
35	-85	0	0
35	-80	0	0
35	-75	0	0
35	-70	0	0
35	-65	0	0
35	-60	0	0
35	-55	0	0
35	-50	0	0
35	-45	0	0
35	-40	0	0
35	-35	0	0
35	-30	0	0
35	-25	0	0
35	-20	0	0
35	-15	0	0
35	-10	0	0
35	-5	0	0
35	0	0	0
35	5	0	0
35	10	0	0
35	15	0	0
35	20	0	0
35	25	0	0
35	30	0	0
35	35	0	0
35	40	0	0
35	45	0	0
35	50	114.0	1
35	55	0	0
35	60	0	0
35	65	0	0
35	70	0	0
35	75	0	0
35	80	0	0
35	85	0	0
35	90	0	0
35	95	0	0
35	100	0	0
35	105	0	0
35	110	0	0
35	115	0	0
35	120	0	0
35	125	0	0
35	130	0	0
35	135	0	0
35	140	0	0
35	145	0	0
35	150	0	0
35	155	0	0
35	160	0	0
35	165	0	0
35	170	0	0
35	175	0	0
40	-180	0	0
40	-175	0	0
40	-170	0	0
40	-165	102.0	1
40	-160	0	0
40	-155	0	0
40	-150	0	0
40	-145	0	0
40	-140	0	0
40	-135	0	0
40	-130	0	0
40	-125	0	0
40	-120	0	0
40	-115	0	0
40	-110	0	0
40	-105	0	0
40	-100	0	0
40	-95	0	0
40	-90	0	0
40	-85	0	0
40	-80	0	0
40	-75	0	0
40	-70	0	0
40	-65	0	0
40	-60	0	0
40	-55	0	0
40	-50	0	0
40	-45	0	0
40	-40	0	0
40	-35	0	0
40	-30	0	0
40	-25	0	0
40	-20	0	0
40	-15	0	0
40	-10	0	0
40	-5	0	0
40	0	0	0
40	5	0	0
40	10	0	0
40	15	0	0
40	20	0	0
40	25	0	0
40	30	0	0
40	35	0	0
40	40	0	0
40	45	0	0
40	50	0	0
40	55	49.0	1
40	60	0	0
40	65	0	0
40	70	0	0
40	75	0	0
40	80	0	0
40	85	0	0
40	90	0	0
40	95	0	0
40	100	0	0
40	105	0	0
40	110	0	0
40	115	0	0
40	120	0	0
40	125	0	0
40	130	0	0
40	135	0	0
40	140	0	0
40	145	0	0
40	150	0	0
40	155	0	0
40	160	0	0
40	165	0	0
40	170	0	0
40	175	0	0
45	-180	0	0
45	-175	0	0
45	-170	0	0
45	-165	0	0
45	-160	0	0
45	-155	0	0
45	-150	0	0
45	-145	0	0
45	-140	0	0
45	-135	0	0
45	-130	0	0
45	-125	0	0
45	-120	0	0
45	-115	0	0
45	-110	0	0
45	-105	0	0
45	-100	0	0
45	-95	0	0
45	-90	0	0
45	-85	0	0
45	-80	0	0
45	-75	0	0
45	-70	0	0
45	-65	0	0
45	-60	0	0
45	-55	0	0
45	-50	0	0
45	-45	0	0
45	-40	0	0
45	-35	0	0
45	-30	0	0
45	-25	0	0
45	-20	0	0
45	-15	0	0
45	-10	0	0
45	-5	0	0
45	0	0	0
45	5	0	0
45	10	0	0
45	15	0	0
45	20	0	0
45	25	0	0
45	30	0	0
45	35	73.0	1
45	40	60.0	1
45	45	99.0	2
45	50	0	0
45	55	96.0	2
45	60	0	0
45	65	0	0
45	70	0	0
45	75	0	0
45	80	0	0
45	85	0	0
45	90	0	0
45	95	0	0
45	100	0	0
45	105	0	0
45	110	0	0
45	115	0	0
45	120	0	0
45	125	0	0
45	130	0	0
45	135	0	0
45	140	0	0
45	145	0	0
45	150	0	0
45	155	0	0
45	160	0	0
45	165	0	0
45	170	0	0
45	175	0	0
50	-180	0	0
50	-175	0	0
50	-170	0	0
50	-165	0	0
50	-160	0	0
50	-155	0	0
50	-150	0	0
50	-145	0	0
50	-140	0	0
50	-135	0	0
50	-130	0	0
50	-125	7.0	1
50	-120	0	0
50	-115	0	0
50	-110	0	0
50	-105	0	0
50	-100	0	0
50	-95	0	0
50	-90	0	0
50	-85	0	0
50	-80	0	0
50	-75	0	0
50	-70	0	0
50	-65	0	0
50	-60	0	0
50	-55	0	0
50	-50	0	0
50	-45	0	0
50	-40	0	0
50	-35	0	0
50	-30	0	0
50	-25	0	0
50	-20	0	0
50	-15	0	0
50	-10	0	0
50	-5	0	0
50	0	0	0
50	5	0	0
50	10	0	0
50	15	0	0
50	20	0	0
50	25	23.0	1
50	30	0	0
50	35	115.0	4
50	40	94.0	2
50	45	0	0
50	50	40.0	1
50	55	0	0
50	60	55.0	1
50	65	0	0
50	70	0	0
50	75	0	0
50	80	0	0
50	85	0	0
50	90	0	0
50	95	0	0
50	100	0	0
50	105	0	0
50	110	0	0
50	115	0	0
50	120	0	0
50	125	0	0
50	130	0	0
50	135	0	0
50	140	0	0
50	145	0	0
50	150	0	0
50	155	0	0
50	160	0	0
50	165	0	0
50	170	0	0
50	175	0	0
55	-180	0	0
55	-175	0	0
55	-170	0	0
55	-165	0	0
55	-160	0	0
55	-155	0	0
55	-150	0	0
55	-145	0	0
55	-140	0	0
55	-135	12.0	1
55	-130	0	0
55	-125	0	0
55	-120	0	0
55	-115	0	0
55	-110	0	0
55	-105	0	0
55	-100	0	0
55	-95	0	0
55	-90	0	0
55	-85	0	0
55	-80	0	0
55	-75	0	0
55	-70	0	0
55	-65	0	0
55	-60	0	0
55	-55	0	0
55	-50	0	0
55	-45	0	0
55	-40	0	0
55	-35	0	0
55	-30	0	0
55	-25	0	0
55	-20	0	0
55	-15	0	0
55	-10	0	0
55	-5	0	0
55	0	0	0
55	5	0	0
55	10	0	0
55	15	101.0	1
55	20	0	0
55	25	59.0	2
55	30	80.0	1
55	35	0	0
55	40	0	0
55	45	106.0	2
55	50	0	0
55	55	3.0	1
55	60	0	0
55	65	0	0
55	70	0	0
55	75	0	0
55	80	0	0
55	85	0	0
55	90	0	0
55	95	0	0
55	100	0	0
55	105	0	0
55	110	0	0
55	115	0	0
55	120	0	0
55	125	0	0
55	130	0	0
55	135	0	0
55	140	0	0
55	145	0	0
55	150	0	0
55	155	0	0
55	160	0	0
55	165	0	0
55	170	0	0
55	175	0	0
60	-180	0	0
60	-175	0	0
60	-170	0	0
60	-165	0	0
60	-160	0	0
60	-155	0	0
60	-150	0	0
60	-145	0	0
60	-140	0	0
60	-135	0	0
60	-130	0	0
60	-125	0	0
60	-120	0	0
60	-115	0	0
60	-110	0	0
60	-105	0	0
60	-100	0	0
60	-95	0	0
60	-90	0	0
60	-85	0	0
60	-80	0	0
60	-75	0	0
60	-70	0	0
60	-65	0	0
60	-60	0	0
60	-55	0	0
60	-50	0	0
60	-45	0	0
60	-40	0	0
60	-35	0	0
60	-30	0	0
60	-25	0	0
60	-20	0	0
60	-15	0	0
60	-10	0	0
60	-5	0	0
60	0	0	0
60	5	0	0
60	10	0	0
60	15	0	0
60	20	0	0
60	25	0	0
60	30	111.0	2
60	35	66.0	1
60	40	90.0	1
60	45	104.0	2
60	50	0	0
60	55	0	0
60	60	0	0
60	65	0	0
60	70	0	0
60	75	0	0
60	80	0	0
60	85	0	0
60	90	0	0
60	95	0	0
60	100	0	0
60	105	0	0
60	110	0	0
60	115	0	0
60	120	0	0
60	125	0	0
60	130	0	0
60	135	0	0
60	140	0	0
60	145	0	0
60	150	0	0
60	155	0	0
60	160	0	0
60	165	8.0	1
60	170	0	0
60	175	0	1
65	-180	0	0
65	-175	0	0
65	-170	0	0
65	-165	52.0	1
65	-160	0	0
65	-155	0	0
65	-150	0	0
65	-145	0	0
65	-140	0	0
65	-135	0	0
65	-130	0	0
65	-125	0	0
65	-120	0	0
65	-115	0	0
65	-110	0	0
65	-105	0	0
65	-100	0	0
65	-95	0	0
65	-90	0	0
65	-85	0	0
65	-80	0	0
65	-75	0	0
65	-70	0	0
65	-65	0	0
65	-60	0	0
65	-55	0	0
65	-50	0	0
65	-45	95.0	1
65	-40	0	0
65	-35	0	0
65	-30	0	0
65	-25	0	0
65	-20	0	0
65	-15	0	0
65	-10	0	0
65	-5	0	0
65	0	0	0
65	5	0	0
65	10	74.0	1
65	15	0	0
65	20	105.0	1
65	25	82.0	2
65	30	0	0
65	35	0	0
65	40	0	0
65	45	0	0
65	50	0	0
65	55	0	0
65	60	0	0
65	65	0	0
65	70	0	0
65	75	0	0
65	80	0	0
65	85	0	0
65	90	0	0
65	95	0	0
65	100	0	0
65	105	0	0
65	110	0	0
65	115	0	0
65	120	0	0
65	125	0	0
65	130	0	0
65	135	0	0
65	140	0	0
65	145	0	0
65	150	0	0
65	155	0	0
65	160	62.0	1
65	165	0	0
65	170	0	0
65	175	0	0
70	-180	0	0
70	-175	0	0
70	-170	0	0
70	-165	0	0
70	-160	0	0
70	-155	0	0
70	-150	0	0
70	-145	0	0
70	-140	0	0
70	-135	0	0
70	-130	0	0
70	-125	0	0
70	-120	0	0
70	-115	0	0
70	-110	0	0
70	-105	0	0
70	-100	0	0
70	-95	0	0
70	-90	0	0
70	-85	0	0
70	-80	0	0
70	-75	0	0
70	-70	0	0
70	-65	0	0
70	-60	0	0
70	-55	0	0
70	-50	0	0
70	-45	0	0
70	-40	0	0
70	-35	0	0
70	-30	0	0
70	-25	0	0
70	-20	0	0
70	-15	0	0
70	-10	0	0
70	-5	68.0	1
70	0	0	0
70	5	0	0
70	10	0	0
70	15	0	0
70	20	0	0
70	25	0	0
70	30	0	0
70	35	0	0
70	40	0	0
70	45	0	0
70	50	0	0
70	55	0	0
70	60	0	0
70	65	0	0
70	70	0	0
70	75	0	0
70	80	0	0
70	85	0	0
70	90	0	0
70	95	0	0
70	100	0	0
70	105	0	0
70	110	0	0
70	115	0	0
70	120	0	0
70	125	0	0
70	130	0	0
70	135	0	0
70	140	0	0
70	145	0	0
70	150	0	0
70	155	0	0
70	160	0	0
70	165	0	0
70	170	0	0
70	175	0	0
75	-180	0	0
75	-175	0	0
75	-170	0	0
75	-165	0	0
75	-160	0	0
75	-155	0	0
75	-150	0	0
75	-145	0	0
75	-140	0	0
75	-135	0	0
75	-130	0	0
75	-125	0	0
75	-120	0	0
75	-115	0	0
75	-110	0	0
75	-105	0	0
75	-100	0	0
75	-95	0	0
75	-90	0	0
75	-85	0	0
75	-80	0	0
75	-75	0	0
75	-70	0	0
75	-65	0	0
75	-60	0	0
75	-55	0	0
75	-50	0	0
75	-45	0	0
75	-40	0	0
75	-35	0	0
75	-30	0	0
75	-25	0	0
75	-20	0	0
75	-15	0	0
75	-10	0	0
75	-5	0	0
75	0	0	0
75	5	0	0
75	10	0	0
75	15	0	0
75	20	0	0
75	25	0	0
75	30	0	0
75	35	0	0
75	40	0	0
75	45	0	0
75	50	0	0
75	55	0	0
75	60	0	0
75	65	0	0
75	70	0	0
75	75	0	0
75	80	0	0
75	85	0	0
75	90	0	0
75	95	0	0
75	100	0	0
75	105	0	0
75	110	0	0
75	115	0	0
75	120	0	0
75	125	0	0
75	130	0	0
75	135	0	0
75	140	0	0
75	145	0	0
75	150	0	0
75	155	0	0
75	160	0	0
75	165	0	0
75	170	0	0
75	175	0	0
80	-180	0	0
80	-175	0	0
80	-170	0	0
80	-165	0	0
80	-160	0	0
80	-155	0	0
80	-150	0	0
80	-145	0	0
80	-140	0	0
80	-135	0	0
80	-130	0	0
80	-125	0	0
80	-120	0	0
80	-115	0	0
80	-110	0	0
80	-105	0	0
80	-100	0	0
80	-95	0	0
80	-90	0	0
80	-85	0	0
80	-80	0	0
80	-75	0	0
80	-70	0	0
80	-65	0	0
80	-60	0	0
80	-55	0	0
80	-50	0	0
80	-45	0	0
80	-40	0	0
80	-35	0	0
80	-30	0	0
80	-25	0	0
80	-20	0	0
80	-15	0	0
80	-10	0	0
80	-5	0	0
80	0	0	0
80	5	0	1
80	10	0	0
80	15	0	0
80	20	0	0
80	25	0	0
80	30	0	0
80	35	0	0
80	40	0	0
80	45	0	0
80	50	0	0
80	55	0	0
80	60	0	0
80	65	0	0
80	70	0	0
80	75	0	0
80	80	0	0
80	85	0	0
80	90	0	0
80	95	0	0
80	100	0	0
80	105	0	0
80	110	0	0
80	115	0	0
80	120	0	0
80	125	0	0
80	130	0	0
80	135	0	0
80	140	0	0
80	145	0	0
80	150	0	0
80	155	0	0
80	160	0	0
80	165	0	0
80	170	0	0
80	175	0	0
85	-180	0	0
85	-175	0	0
85	-170	0	0
85	-165	0	0
85	-160	0	0
85	-155	0	0
85	-150	0	0
85	-145	0	0
85	-140	0	0
85	-135	0	0
85	-130	0	0
85	-125	0	0
85	-120	0	0
85	-115	0	0
85	-110	0	0
85	-105	0	0
85	-100	0	0
85	-95	0	0
85	-90	0	0
85	-85	0	0
85	-80	0	0
85	-75	0	0
85	-70	0	0
85	-65	0	0
85	-60	0	0
85	-55	0	0
85	-50	0	0
85	-45	0	0
85	-40	0	0
85	-35	0	0
85	-30	0	0
85	-25	0	0
85	-20	0	0
85	-15	0	0
85	-10	0	0
85	-5	0	0
85	0	0	0
85	5	0	0
85	10	0	0
85	15	0	0
85	20	0	0
85	25	0	0
85	30	0	0
85	35	0	0
85	40	0	0
85	45	0	0
85	50	0	0
85	55	0	0
85	60	0	0
85	65	0	0
85	70	0	0
85	75	0	0
85	80	0	0
85	85	0	0
85	90	0	0
85	95	0	0
85	100	0	0
85	105	0	0
85	110	0	0
85	115	0	0
85	120	0	0
85	125	0	0
85	130	0	0
85	135	0	0
85	140	0	0
85	145	0	0
85	150	0	0
85	155	0	0
85	160	0	0
85	165	0	0
85	170	0	0
85	175	0	0
90	-180	0	0
90	-175	0	0
90	-170	0	0
90	-165	0	0
90	-160	0	0
90	-155	0	0
90	-150	0	0
90	-145	0	0
90	-140	0	0
90	-135	0	0
90	-130	0	0
90	-125	0	0
90	-120	0	0
90	-115	0	0
90	-110	0	0
90	-105	0	0
90	-100	0	0
90	-95	0	0
90	-90	0	0
90	-85	0	0
90	-80	0	0
90	-75	0	0
90	-70	0	0
90	-65	0	0
90	-60	0	0
90	-55	0	0
90	-50	0	0
90	-45	0	0
90	-40	0	0
90	-35	0	0
90	-30	0	0
90	-25	0	0
90	-20	0	0
90	-15	0	0
90	-10	0	0
90	-5	0	0
90	0	0	0
90	5	0	0
90	10	0	0
90	15	0	0
90	20	0	0
90	25	0	0
90	30	0	0
90	35	0	0
90	40	0	0
90	45	0	0
90	50	0	0
90	55	0	0
90	60	0	0
90	65	0	0
90	70	0	0
90	75	0	0
90	80	0	0
90	85	0	0
90	90	0	0
90	95	0	0
90	100	0	0
90	105	0	0
90	110	0	0
90	115	0	0
90	120	0	0
90	125	0	0
90	130	0	0
90	135	0	0
90	140	0	0
90	145	0	0
90	150	0	0
90	155	0	0
90	160	0	0
90	165	0	0
90	170	0	0
90	175	0	0
95	-180	0	0
95	-175	0	0
95	-170	0	0
95	-165	0	0
95	-160	0	0
95	-155	0	0
95	-150	0	0
95	-145	0	0
95	-140	0	0
95	-135	0	0
95	-130	0	0
95	-125	0	0
95	-120	0	0
95	-115	0	0
95	-110	0	0
95	-105	0	0
95	-100	0	0
95	-95	0	0
95	-90	0	0
95	-85	0	0
95	-80	0	0
95	-75	0	0
95	-70	0	0
95	-65	0	0
95	-60	0	0
95	-55	0	0
95	-50	0	0
95	-45	0	0
95	-40	0	0
95	-35	0	0
95	-30	0	0
95	-25	0	0
95	-20	0	0
95	-15	0	0
95	-10	0	0
95	-5	0	0
95	0	0	0
95	5	0	0
95	10	0	0
95	15	0	0
95	20	0	0
95	25	0	0
95	30	0	0
95	35	0	0
95	40	0	0
95	45	0	0
95	50	0	0
95	55	0	0
95	60	0	0
95	65	0	0
95	70	0	0
95	75	0	0
95	80	0	0
95	85	0	0
95	90	0	0
95	95	0	0
95	100	0	0
95	105	0	0
95	110	0	0
95	115	0	0
95	120	0	0
95	125	0	0
95	130	0	0
95	135	0	0
95	140	0	0
95	145	0	0
95	150	0	0
95	155	0	0
95	160	0	0
95	165	0	0
95	170	0	0
95	175	0	0
100	-180	0	0
100	-175	0	0
100	-170	0	0
100	-165	0	0
100	-160	0	0
100	-155	0	0
100	-150	0	0
100	-145	0	0
100	-140	0	0
100	-135	0	0
100	-130	0	0
100	-125	0	0
100	-120	0	0
100	-115	0	0
100	-110	0	0
100	-105	0	0
100	-100	0	0
100	-95	0	0
100	-90	0	0
100	-85	0	0
100	-80	0	0
100	-75	0	0
100	-70	0	0
100	-65	0	0
100	-60	0	0
100	-55	0	0
100	-50	0	0
100	-45	0	0
100	-40	0	0
100	-35	0	0
100	-30	0	0
100	-25	0	0
100	-20	0	0
100	-15	0	0
100	-10	0	0
100	-5	0	0
100	0	0	0
100	5	0	0
100	10	0	0
100	15	0	0
100	20	0	0
100	25	0	0
100	30	0	0
100	35	0	0
100	40	0	0
100	45	0	0
100	50	0	0
100	55	0	0
100	60	0	0
100	65	0	0
100	70	0	0
100	75	0	0
100	80	0	0
100	85	0	0
100	90	0	0
100	95	0	0
100	100	0	0
100	105	0	0
100	110	0	0
100	115	0	0
100	120	0	0
100	125	0	0
100	130	0	0
100	135	0	0
100	140	0	0
100	145	0	0
100	150	0	0
100	155	0	0
100	160	0	0
100	165	0	0
100	170	0	0
100	175	0	0
105	-180	0	0
105	-175	0	0
105	-170	0	0
105	-165	0	0
105	-160	0	0
105	-155	0	0
105	-150	0	0
105	-145	0	0
105	-140	0	0
105	-135	0	0
105	-130	0	0
105	-125	0	0
105	-120	0	0
105	-115	0	0
105	-110	0	0
105	-105	0	0
105	-100	0	0
105	-95	0	0
105	-90	0	0
105	-85	0	0
105	-80	0	0
105	-75	0	0
105	-70	0	0
105	-65	0	0
105	-60	0	0
105	-55	0	0
105	-50	0	0
105	-45	0	0
105	-40	0	0
105	-35	0	0
105	-30	0	0
105	-25	0	0
105	-20	0	0
105	-15	0	0
105	-10	0	0
105	-5	0	0
105	0	0	0
105	5	0	0
105	10	0	0
105	15	0	0
105	20	0	0
105	25	0	0
105	30	0	0
105	35	0	0
105	40	0	0
105	45	0	0
105	50	0	0
105	55	0	0
105	60	0	0
105	65	0	0
105	70	0	0
105	75	0	0
105	80	0	0
105	85	0	0
105	90	0	0
105	95	0	0
105	100	0	0
105	105	0	0
105	110	0	0
105	115	0	0
105	120	0	0
105	125	0	0
105	130	0	0
105	135	0	0
105	140	0	0
105	145	0	0
105	150	0	0
105	155	0	0
105	160	0	0
105	165	0	0
105	170	0	0
105	175	0	0
110	-180	0	0
110	-175	0	0
110	-170	0	0
110	-165	0	0
110	-160	0	0
110	-155	0	0
110	-150	0	0
110	-145	0	0
110	-140	0	0
110	-135	0	0
110	-130	0	0
110	-125	0	0
110	-120	0	0
110	-115	0	0
110	-110	0	0
110	-105	0	0
110	-100	0	0
110	-95	0	0
110	-90	0	0
110	-85	0	0
110	-80	0	0
110	-75	0	0
110	-70	0	0
110	-65	0	0
110	-60	0	0
110	-55	0	0
110	-50	0	0
110	-45	0	0
110	-40	0	0
110	-35	0	0
110	-30	0	0
110	-25	0	0
110	-20	0	0
110	-15	0	0
110	-10	0	0
110	-5	0	0
110	0	0	0
110	5	0	0
110	10	0	0
110	15	0	0
110	20	0	0
110	25	0	0
110	30	0	0
110	35	0	0
110	40	0	0
110	45	0	0
110	50	0	0
110	55	0	0
110	60	0	0
110	65	0	0
110	70	0	0
110	75	0	0
110	80	0	0
110	85	0	0
110	90	0	0
110	95	0	0
110	100	0	0
110	105	0	0
110	110	0	0
110	115	0	0
110	120	0	0
110	125	0	0
110	130	0	0
110	135	0	0
110	140	0	0
110	145	0	0
110	150	0	0
110	155	0	0
110	160	0	0
110	165	0	0
110	170	0	0
110	175	0	0
115	-180	0	0
115	-175	0	0
115	-170	0	0
115	-165	0	0
115	-160	0	0
115	-155	0	0
115	-150	0	0
115	-145	0	0
115	-140	0	0
115	-135	0	0
115	-130	0	0
115	-125	0	0
115	-120	0	0
115	-115	0	0
115	-110	0	0
115	-105	0	0
115	-100	0	0
115	-95	0	0
115	-90	0	0
115	-85	0	0
115	-80	0	0
115	-75	0	0
115	-70	0	0
115	-65	0	0
115	-60	0	0
115	-55	0	0
115	-50	0	0
115	-45	0	0
115	-40	0	0
115	-35	0	0
115	-30	0	0
115	-25	0	0
115	-20	0	0
115	-15	0	0
115	-10	0	0
115	-5	0	0
115	0	0	0
115	5	0	0
115	10	0	0
115	15	0	0
115	20	0	0
115	25	0	0
115	30	0	0
115	35	0	0
115	40	0	0
115	45	0	0
115	50	0	0
115	55	0	0
115	60	0	0
115	65	0	0
115	70	0	0
115	75	0	0
115	80	0	0
115	85	0	0
115	90	0	0
115	95	0	0
115	100	0	0
115	105	0	0
115	110	0	0
115	115	0	0
115	120	0	0
115	125	0	0
115	130	0	0
115	135	0	0
115	140	0	0
115	145	0	0
115	150	0	0
115	155	0	0
115	160	0	0
115	165	0	0
115	170	0	0
115	175	0	0
120	-180	0	0
120	-175	0	0
120	-170	0	0
120	-165	0	0
120	-160	0	0
120	-155	0	0
120	-150	0	0
120	-145	0	0
120	-140	0	0
120	-135	0	0
120	-130	0	0
120	-125	0	0
120	-120	0	0
120	-115	0	0
120	-110	0	0
120	-105	0	0
120	-100	0	0
120	-95	0	0
120	-90	0	0
120	-85	0	0
120	-80	0	0
120	-75	0	0
120	-70	0	0
120	-65	0	0
120	-60	0	0
120	-55	0	0
120	-50	0	0
120	-45	0	0
120	-40	0	0
120	-35	0	0
120	-30	0	0
120	-25	0	0
120	-20	0	0
120	-15	0	0
120	-10	0	0
120	-5	0	0
120	0	0	0
120	5	0	0
120	10	0	0
120	15	0	0
120	20	0	0
120	25	0	0
120	30	0	0
120	35	0	0
120	40	0	0
120	45	0	0
120	50	0	0
120	55	0	0
120	60	0	0
120	65	0	0
120	70	0	0
120	75	0	0
120	80	0	0
120	85	0	0
120	90	0	0
120	95	0	0
120	100	0	0
120	105	0	0
120	110	0	0
120	115	0	0
120	120	0	0
120	125	0	0
120	130	0	0
120	135	0	0
120	140	0	0
120	145	0	0
120	150	0	0
120	155	0	0
120	160	0	0
120	165	0	0
120	170	0	0
120	175	0	0
125	-180	0	0
125	-175	0	0
125	-170	0	0
125	-165	0	0
125	-160	0	0
125	-155	0	0
125	-150	0	0
125	-145	0	0
125	-140	0	0
125	-135	0	0
125	-130	0	0
125	-125	0	0
125	-120	0	0
125	-115	0	0
125	-110	0	0
125	-105	0	0
125	-100	0	0
125	-95	0	0
125	-90	0	0
125	-85	0	0
125	-80	0	0
125	-75	0	0
125	-70	0	0
125	-65	0	0
125	-60	0	0
125	-55	0	0
125	-50	0	0
125	-45	0	0
125	-40	0	0
125	-35	0	0
125	-30	0	0
125	-25	0	0
125	-20	0	0
125	-15	0	0
125	-10	0	0
125	-5	0	0
125	0	0	0
125	5	0	0
125	10	0	0
125	15	0	0
125	20	0	0
125	25	0	0
125	30	0	0
125	35	0	0
125	40	0	0
125	45	0	0
125	50	0	0
125	55	0	0
125	60	0	0
125	65	0	0
125	70	0	0
125	75	0	0
125	80	0	0
125	85	0	0
125	90	0	0
125	95	0	0
125	100	0	0
125	105	0	0
125	110	0	0
125	115	0	0
125	120	0	0
125	125	0	0
125	130	0	0
125	135	0	0
125	140	0	0
125	145	0	0
125	150	0	0
125	155	0	0
125	160	0	0
125	165	0	0
125	170	0	0
125	175	0	0
130	-180	0	0
130	-175	0	0
130	-170	0	0
130	-165	0	0
130	-160	0	0
130	-155	0	0
130	-150	0	0
130	-145	0	0
130	-140	0	0
130	-135	0	0
130	-130	0	0
130	-125	0	0
130	-120	0	0
130	-115	0	0
130	-110	0	0
130	-105	0	0
130	-100	0	0
130	-95	0	0
130	-90	0	0
130	-85	0	0
130	-80	0	0
130	-75	0	0
130	-70	0	0
130	-65	0	0
130	-60	0	0
130	-55	0	0
130	-50	0	0
130	-45	0	0
130	-40	0	0
130	-35	0	0
130	-30	0	0
130	-25	0	0
130	-20	0	0
130	-15	0	0
130	-10	0	0
130	-5	0	0
130	0	0	0
130	5	0	0
130	10	0	0
130	15	0	0
130	20	0	0
130	25	0	0
130	30	0	0
130	35	0	0
130	40	0	0
130	45	0	0
130	50	0	0
130	55	0	0
130	60	0	0
130	65	0	0
130	70	0	0
130	75	0	0
130	80	0	0
130	85	0	0
130	90	0	0
130	95	0	0
130	100	0	0
130	105	0	0
130	110	0	0
130	115	7.0	1
130	120	0	0
130	125	0	0
130	130	0	0
130	135	0	0
130	140	0	0
130	145	0	0
130	150	0	0
130	155	0	0
130	160	0	0
130	165	0	0
130	170	0	0
130	175	0	0
135	-180	0	0
135	-175	0	0
135	-170	0	0
135	-165	0	0
135	-160	0	0
135	-155	0	0
135	-150	0	0
135	-145	0	0
135	-140	0	0
135	-135	0	0
135	-130	0	0
135	-125	0	0
135	-120	0	0
135	-115	0	0
135	-110	0	0
135	-105	0	0
135	-100	0	0
135	-95	0	0
135	-90	0	0
135	-85	0	0
135	-80	0	0
135	-75	0	0
135	-70	0	0
135	-65	0	0
135	-60	0	0
135	-55	0	0
135	-50	0	0
135	-45	0	0
135	-40	0	0
135	-35	0	0
135	-30	0	0
135	-25	0	0
135	-20	0	0
135	-15	0	0
135	-10	0	0
135	-5	0	0
135	0	0	0
135	5	0	0
135	10	0	0
135	15	0	0
135	20	0	0
135	25	0	0
135	30	0	0
135	35	0	0
135	40	0	0
135	45	0	0
135	50	0	0
135	55	0	0
135	60	0	0
135	65	0	0
135	70	0	0
135	75	0	0
135	80	0	0
135	85	0	0
135	90	0	0
135	95	0	0
135	100	0	0
135	105	0	0
135	110	0	0
135	115	0	0
135	120	0	0
135	125	0	0
135	130	0	0
135	135	0	0
135	140	0	0
135	145	0	0
135	150	0	0
135	155	0	0
135	160	0	0
135	165	0	0
135	170	0	0
135	175	0	0
140	-180	0	0
140	-175	0	0
140	-170	0	0
140	-165	0	0
140	-160	0	0
140	-155	0	0
140	-150	0	0
140	-145	0	0
140	-140	0	0
140	-135	0	0
140	-130	0	0
140	-125	0	0
140	-120	0	0
140	-115	0	0
140	-110	0	0
140	-105	0	0
140	-100	0	0
140	-95	0	0
140	-90	0	0
140	-85	0	0
140	-80	0	0
140	-75	0	0
140	-70	0	0
140	-65	0	0
140	-60	0	0
140	-55	0	0
140	-50	0	0
140	-45	0	0
140	-40	0	0
140	-35	0	0
140	-30	0	0
140	-25	0	0
140	-20	0	0
140	-15	0	0
140	-10	0	0
140	-5	0	0
140	0	0	0
140	5	0	0
140	10	0	0
140	15	0	0
140	20	0	0
140	25	0	0
140	30	0	0
140	35	0	0
140	40	0	0
140	45	0	0
140	50	0	0
140	55	0	0
140	60	0	0
140	65	0	0
140	70	0	0
140	75	0	0
140	80	0	0
140	85	0	0
140	90	0	0
140	95	0	0
140	100	0	0
140	105	0	0
140	110	0	0
140	115	0	0
140	120	0	0
140	125	0	0
140	130	0	0
140	135	0	0
140	140	0	0
140	145	0	0
140	150	0	0
140	155	0	0
140	160	0	0
140	165	0	0
140	170	0	0
140	175	0	0
145	-180	0	0
145	-175	0	0
145	-170	0	0
145	-165	0	0
145	-160	0	0
145	-155	0	0
145	-150	0	0
145	-145	0	0
145	-140	0	0
145	-135	0	0
145	-130	0	0
145	-125	0	0
145	-120	0	0
145	-115	0	0
145	-110	0	0
145	-105	0	0
145	-100	0	0
145	-95	0	0
145	-90	0	0
145	-85	0	0
145	-80	0	0
145	-75	0	0
145	-70	0	0
145	-65	0	0
145	-60	0	0
145	-55	0	0
145	-50	0	0
145	-45	0	0
145	-40	0	0
145	-35	0	0
145	-30	0	0
145	-25	0	0
145	-20	0	0
145	-15	0	0
145	-10	0	0
145	-5	0	0
145	0	0	0
145	5	0	0
145	10	0	0
145	15	0	0
145	20	0	0
145	25	0	0
145	30	0	0
145	35	0	0
145	40	0	0
145	45	0	0
145	50	0	0
145	55	0	0
145	60	0	0
145	65	0	0
145	70	0	0
145	75	0	0
145	80	0	0
145	85	0	0
145	90	0	0
145	95	0	0
145	100	0	0
145	105	0	0
145	110	0	0
145	115	0	0
145	120	0	0
145	125	0	0
145	130	0	0
145	135	0	0
145	140	0	0
145	145	0	0
145	150	0	0
145	155	0	0
145	160	0	0
145	165	0	0
145	170	0	0
145	175	0	0
150	-180	0	0
150	-175	0	0
150	-170	0	0
150	-165	0	0
150	-160	0	0
150	-155	0	0
150	-150	0	0
150	-145	0	0
150	-140	0	0
150	-135	0	0
150	-130	0	0
150	-125	0	0
150	-120	0	0
150	-115	0	0
150	-110	0	0
150	-105	0	0
150	-100	0	0
150	-95	0	0
150	-90	0	0
150	-85	0	0
150	-80	0	0
150	-75	0	0
150	-70	0	0
150	-65	0	0
150	-60	0	0
150	-55	0	0
150	-50	0	0
150	-45	0	0
150	-40	0	0
150	-35	0	0
150	-30	0	0
150	-25	0	0
150	-20	0	0
150	-15	0	0
150	-10	0	0
150	-5	0	0
150	0	0	0
150	5	0	0
150	10	0	0
150	15	0	0
150	20	0	0
150	25	0	0
150	30	0	0
150	35	0	0
150	40	0	0
150	45	0	0
150	50	0	0
150	55	0	0
150	60	0	0
150	65	0	0
150	70	0	0
150	75	0	0
150	80	0	0
150	85	0	0
150	90	0	0
150	95	0	0
150	100	0	0
150	105	0	0
150	110	0	0
150	115	0	0
150	120	0	0
150	125	0	0
150	130	0	0
150	135	0	0
150	140	0	0
150	145	0	0
150	150	0	0
150	155	0	0
150	160	0	0
150	165	0	0
150	170	0	0
150	175	0	0
155	-180	0	0
155	-175	0	0
155	-170	0	0
155	-165	0	0
155	-160	0	0
155	-155	0	0
155	-150	0	0
155	-145	0	0
155	-140	0	0
155	-135	0	0
155	-130	0	0
155	-125	0	0
155	-120	0	0
155	-115	0	0
155	-110	0	0
155	-105	0	0
155	-100	0	0
155	-95	0	0
155	-90	0	0
155	-85	0	0
155	-80	0	0
155	-75	0	0
155	-70	0	0
155	-65	0	0
155	-60	0	0
155	-55	0	0
155	-50	0	0
155	-45	0	0
155	-40	0	0
155	-35	0	0
155	-30	0	0
155	-25	0	0
155	-20	0	0
155	-15	0	0
155	-10	0	0
155	-5	0	0
155	0	0	0
155	5	0	0
155	10	0	0
155	15	0	0
155	20	0	0
155	25	0	0
155	30	0	0
155	35	0	0
155	40	0	0
155	45	0	0
155	50	0	0
155	55	0	0
155	60	0	0
155	65	0	0
155	70	0	0
155	75	0	0
155	80	0	0
155	85	0	0
155	90	0	0
155	95	0	0
155	100	0	0
155	105	0	0
155	110	0	0
155	115	0	0
155	120	0	0
155	125	0	0
155	130	0	0
155	135	0	0
155	140	0	0
155	145	0	0
155	150	0	0
155	155	0	0
155	160	0	0
155	165	0	0
155	170	0	0
155	175	0	0
160	-180	0	0
160	-175	0	0
160	-170	0	0
160	-165	0	0
160	-160	0	0
160	-155	0	0
160	-150	0	0
160	-145	0	0
160	-140	0	0
160	-135	0	0
160	-130	0	0
160	-125	0	0
160	-120	0	0
160	-115	0	0
160	-110	0	0
160	-105	0	0
160	-100	0	0
160	-95	0	0
160	-90	0	0
160	-85	0	0
160	-80	0	0
160	-75	0	0
160	-70	0	0
160	-65	0	0
160	-60	0	0
160	-55	0	0
160	-50	0	0
160	-45	0	0
160	-40	0	0
160	-35	0	0
160	-30	0	0
160	-25	0	0
160	-20	0	0
160	-15	0	0
160	-10	0	0
160	-5	0	0
160	0	0	0
160	5	0	0
160	10	0	0
160	15	0	0
160	20	0	0
160	25	0	0
160	30	0	0
160	35	0	0
160	40	0	0
160	45	0	0
160	50	0	0
160	55	0	0
160	60	0	0
160	65	0	0
160	70	0	0
160	75	0	0
160	80	0	0
160	85	0	0
160	90	0	0
160	95	0	0
160	100	0	0
160	105	0	0
160	110	0	0
160	115	0	0
160	120	0	0
160	125	0	0
160	130	0	0
160	135	0	0
160	140	0	0
160	145	0	0
160	150	0	0
160	155	0	0
160	160	0	0
160	165	0	0
160	170	0	0
160	175	0	0
165	-180	0	0
165	-175	0	0
165	-170	0	0
165	-165	0	0
165	-160	0	0
165	-155	0	0
165	-150	0	0
165	-145	0	0
165	-140	0	0
165	-135	0	0
165	-130	0	0
165	-125	0	0
165	-120	0	0
165	-115	0	0
165	-110	0	0
165	-105	0	0
165	-100	0	0
165	-95	0	0
165	-90	0	0
165	-85	0	0
165	-80	0	0
165	-75	0	0
165	-70	0	0
165	-65	0	0
165	-60	0	0
165	-55	0	0
165	-50	0	0
165	-45	0	0
165	-40	0	0
165	-35	0	0
165	-30	0	0
165	-25	0	0
165	-20	0	0
165	-15	0	0
165	-10	0	0
165	-5	0	0
165	0	0	0
165	5	0	0
165	10	0	0
165	15	0	0
165	20	0	0
165	25	0	0
165	30	0	0
165	35	0	0
165	40	0	0
165	45	0	0
165	50	0	0
165	55	0	0
165	60	0	0
165	65	0	0
165	70	0	0
165	75	0	0
165	80	0	0
165	85	0	0
165	90	0	0
165	95	0	0
165	100	0	0
165	105	0	0
165	110	0	0
165	115	0	0
165	120	0	0
165	125	0	0
165	130	0	0
165	135	0	0
165	140	0	0
165	145	0	0
165	150	0	0
165	155	0	0
165	160	0	0
165	165	0	0
165	170	0	0
165	175	0	0
170	-180	0	0
170	-175	0	0
170	-170	0	0
170	-165	0	0
170	-160	0	0
170	-155	0	0
170	-150	0	0
170	-145	0	0
170	-140	0	0
170	-135	0	0
170	-130	0	0
170	-125	0	0
170	-120	0	0
170	-115	0	0
170	-110	0	0
170	-105	0	0
170	-100	0	0
170	-95	0	0
170	-90	0	0
170	-85	0	0
170	-80	0	0
170	-75	0	0
170	-70	0	0
170	-65	0	0
170	-60	0	0
170	-55	0	0
170	-50	0	0
170	-45	0	0
170	-40	0	0
170	-35	0	0
170	-30	0	0
170	-25	0	0
170	-20	0	0
170	-15	0	0
170	-10	0	0
170	-5	0	0
170	0	0	0
170	5	0	0
170	10	0	0
170	15	0	0
170	20	0	0
170	25	0	0
170	30	0	0
170	35	0	0
170	40	0	0
170	45	0	0
170	50	0	0
170	55	0	0
170	60	0	0
170	65	0	0
170	70	0	0
170	75	0	0
170	80	0	0
170	85	0	0
170	90	0	0
170	95	0	0
170	100	0	0
170	105	0	0
170	110	0	0
170	115	0	0
170	120	0	0
170	125	0	0
170	130	0	0
170	135	0	0
170	140	0	0
170	145	0	0
170	150	0	0
170	155	0	0
170	160	0	0
170	165	0	0
170	170	0	0
170	175	0	0
175	-180	0	0
175	-175	0	0
175	-170	0	0
175	-165	0	0
175	-160	0	0
175	-155	0	0
175	-150	0	0
175	-145	0	0
175	-140	0	0
175	-135	0	0
175	-130	0	0
175	-125	0	0
175	-120	0	0
175	-115	0	0
175	-110	0	0
175	-105	0	0
175	-100	0	0
175	-95	0	0
175	-90	0	0
175	-85	0	0
175	-80	0	0
175	-75	0	0
175	-70	0	0
175	-65	0	0
175	-60	0	0
175	-55	0	0
175	-50	0	0
175	-45	0	0
175	-40	0	0
175	-35	0	0
175	-30	0	0
175	-25	0	0
175	-20	0	0
175	-15	0	0
175	-10	0	0
175	-5	0	0
175	0	0	0
175	5	0	0
175	10	0	0
175	15	0	0
175	20	0	0
175	25	0	0
175	30	0	0
175	35	0	0
175	40	0	0
175	45	0	0
175	50	0	0
175	55	0	0
175	60	0	0
175	65	0	0
175	70	0	0
175	75	0	0
175	80	0	0
175	85	0	0
175	90	0	0
175	95	0	0
175	100	0	0
175	105	0	0
175	110	0	0
175	115	0	0
175	120	0	0
175	125	0	0
175	130	0	0
175	135	0	0
175	140	0	0
175	145	0	0
175	150	0	0
175	155	0	0
175	160	0	0
175	165	0	0
175	170	0	0
175	175	0	0
