SA	Phi	Psi
148.0	-100	-5
148.0	-100	-4
149.0	-100	-3
149.0	-100	-2
148.0	-100	-1
147.0	-100	0
147.0	-100	1
147.0	-100	2
148.0	-100	3
148.0	-100	4
148.0	-100	5
148.0	-100	6
148.0	-100	7
148.0	-100	8
148.0	-100	9
149.0	-100	10
149.0	-100	11
149.0	-100	12
148.0	-100	13
149.0	-100	14
150.0	-100	15
150.0	-100	16
150.0	-100	17
149.0	-100	18
149.0	-100	19
149.0	-100	25
149.0	-100	26
149.0	-100	27
149.0	-100	28
149.0	-100	29
150.0	-99	-5
150.0	-99	-4
149.0	-99	-3
149.0	-99	-2
150.0	-99	-1
149.0	-99	0
149.0	-99	1
150.0	-99	2
150.0	-99	3
150.0	-99	4
149.0	-99	5
149.0	-99	6
149.0	-99	7
150.0	-99	8
150.0	-99	9
151.0	-99	10
150.0	-99	11
150.0	-99	12
150.0	-99	13
151.0	-99	14
152.0	-99	15
152.0	-99	16
152.0	-99	17
151.0	-99	18
150.0	-99	19
151.0	-99	25
151.0	-99	26
151.0	-99	27
151.0	-99	28
150.0	-99	29
150.0	-98	-5
149.0	-98	-4
149.0	-98	-3
148.0	-98	-2
148.0	-98	-1
148.0	-98	0
148.0	-98	1
149.0	-98	2
149.0	-98	3
148.0	-98	4
148.0	-98	5
148.0	-98	6
149.0	-98	7
149.0	-98	8
150.0	-98	9
150.0	-98	10
150.0	-98	11
150.0	-98	12
150.0	-98	13
151.0	-98	14
151.0	-98	15
151.0	-98	16
151.0	-98	17
151.0	-98	18
150.0	-98	19
150.0	-98	25
150.0	-98	26
150.0	-98	27
150.0	-98	28
149.0	-98	29
150.0	-97	-5
149.0	-97	-4
149.0	-97	-3
149.0	-97	-2
148.0	-97	-1
148.0	-97	0
148.0	-97	1
148.0	-97	2
148.0	-97	3
148.0	-97	4
148.0	-97	5
149.0	-97	6
149.0	-97	7
148.0	-97	8
149.0	-97	9
150.0	-97	10
150.0	-97	11
150.0	-97	12
149.0	-97	13
150.0	-97	14
151.0	-97	15
151.0	-97	16
150.0	-97	17
150.0	-97	18
149.0	-97	19
150.0	-97	25
150.0	-97	26
149.0	-97	27
149.0	-97	28
149.0	-97	29
150.0	-96	-5
150.0	-96	-4
149.0	-96	-3
149.0	-96	-2
149.0	-96	-1
149.0	-96	0
148.0	-96	1
148.0	-96	2
149.0	-96	3
149.0	-96	4
149.0	-96	5
149.0	-96	6
149.0	-96	7
149.0	-96	8
150.0	-96	9
150.0	-96	10
150.0	-96	11
149.0	-96	12
149.0	-96	13
150.0	-96	14
151.0	-96	15
150.0	-96	16
150.0	-96	17
150.0	-96	18
149.0	-96	19
150.0	-96	25
150.0	-96	26
149.0	-96	27
149.0	-96	28
149.0	-96	29
151.0	-95	-10
151.0	-95	-9
152.0	-95	-8
151.0	-95	-7
151.0	-95	-6
151.0	-95	-5
150.0	-95	-4
150.0	-95	-3
150.0	-95	-2
151.0	-95	-1
150.0	-95	0
150.0	-95	1
150.0	-95	2
150.0	-95	3
150.0	-95	4
150.0	-95	5
151.0	-95	6
151.0	-95	7
150.0	-95	8
150.0	-95	9
150.0	-95	10
150.0	-95	11
150.0	-95	12
150.0	-95	13
150.0	-95	14
151.0	-95	15
151.0	-95	16
150.0	-95	17
151.0	-95	18
149.0	-95	19
149.0	-95	20
150.0	-95	21
150.0	-95	22
150.0	-95	23
150.0	-95	24
150.0	-95	25
150.0	-95	26
149.0	-95	27
149.0	-95	28
149.0	-95	29
139.0	-95	140
139.0	-95	141
139.0	-95	142
139.0	-95	143
140.0	-95	144
141.0	-95	145
141.0	-95	146
141.0	-95	147
141.0	-95	148
141.0	-95	149
141.0	-95	150
141.0	-95	151
140.0	-95	152
140.0	-95	153
140.0	-95	154
140.0	-95	160
140.0	-95	161
140.0	-95	162
140.0	-95	163
140.0	-95	164
140.0	-95	165
141.0	-95	166
142.0	-95	167
141.0	-95	168
140.0	-95	169
150.0	-94	-10
150.0	-94	-9
150.0	-94	-8
150.0	-94	-7
150.0	-94	-6
149.0	-94	-5
150.0	-94	-4
150.0	-94	-3
150.0	-94	-2
150.0	-94	-1
150.0	-94	0
150.0	-94	1
150.0	-94	2
150.0	-94	3
150.0	-94	4
150.0	-94	5
150.0	-94	6
150.0	-94	7
150.0	-94	8
149.0	-94	9
150.0	-94	10
149.0	-94	11
149.0	-94	12
149.0	-94	13
150.0	-94	14
150.0	-94	15
151.0	-94	16
150.0	-94	17
151.0	-94	18
150.0	-94	19
150.0	-94	20
150.0	-94	21
150.0	-94	22
150.0	-94	23
150.0	-94	24
149.0	-94	25
149.0	-94	26
149.0	-94	27
150.0	-94	28
149.0	-94	29
139.0	-94	140
139.0	-94	141
139.0	-94	142
139.0	-94	143
139.0	-94	144
139.0	-94	145
140.0	-94	146
140.0	-94	147
140.0	-94	148
140.0	-94	149
140.0	-94	150
139.0	-94	151
139.0	-94	152
140.0	-94	153
140.0	-94	154
140.0	-94	160
139.0	-94	161
139.0	-94	162
139.0	-94	163
139.0	-94	164
140.0	-94	165
140.0	-94	166
140.0	-94	167
140.0	-94	168
140.0	-94	169
151.0	-93	-10
151.0	-93	-9
151.0	-93	-8
151.0	-93	-7
151.0	-93	-6
151.0	-93	-5
151.0	-93	-4
151.0	-93	-3
151.0	-93	-2
150.0	-93	-1
150.0	-93	0
151.0	-93	1
151.0	-93	2
151.0	-93	3
151.0	-93	4
150.0	-93	5
150.0	-93	6
150.0	-93	7
150.0	-93	8
150.0	-93	9
150.0	-93	10
150.0	-93	11
151.0	-93	12
151.0	-93	13
151.0	-93	14
151.0	-93	15
152.0	-93	16
151.0	-93	17
151.0	-93	18
150.0	-93	19
150.0	-93	20
150.0	-93	21
151.0	-93	22
151.0	-93	23
151.0	-93	24
150.0	-93	25
150.0	-93	26
150.0	-93	27
150.0	-93	28
150.0	-93	29
139.0	-93	140
139.0	-93	141
139.0	-93	142
139.0	-93	143
139.0	-93	144
139.0	-93	145
140.0	-93	146
140.0	-93	147
140.0	-93	148
141.0	-93	149
140.0	-93	150
140.0	-93	151
140.0	-93	152
140.0	-93	153
140.0	-93	154
140.0	-93	160
140.0	-93	161
140.0	-93	162
140.0	-93	163
141.0	-93	164
141.0	-93	165
141.0	-93	166
141.0	-93	167
141.0	-93	168
140.0	-93	169
151.0	-92	-10
151.0	-92	-9
152.0	-92	-8
152.0	-92	-7
152.0	-92	-6
152.0	-92	-5
152.0	-92	-4
151.0	-92	-3
151.0	-92	-2
151.0	-92	-1
151.0	-92	0
151.0	-92	1
152.0	-92	2
152.0	-92	3
152.0	-92	4
152.0	-92	5
151.0	-92	6
151.0	-92	7
150.0	-92	8
150.0	-92	9
150.0	-92	10
150.0	-92	11
151.0	-92	12
151.0	-92	13
152.0	-92	14
152.0	-92	15
153.0	-92	16
152.0	-92	17
152.0	-92	18
151.0	-92	19
150.0	-92	20
150.0	-92	21
151.0	-92	22
151.0	-92	23
151.0	-92	24
150.0	-92	25
151.0	-92	26
151.0	-92	27
151.0	-92	28
150.0	-92	29
140.0	-92	140
139.0	-92	141
139.0	-92	142
139.0	-92	143
139.0	-92	144
140.0	-92	145
139.0	-92	146
140.0	-92	147
141.0	-92	148
140.0	-92	149
140.0	-92	150
140.0	-92	151
141.0	-92	152
141.0	-92	153
140.0	-92	154
141.0	-92	160
140.0	-92	161
140.0	-92	162
141.0	-92	163
141.0	-92	164
141.0	-92	165
141.0	-92	166
140.0	-92	167
141.0	-92	168
141.0	-92	169
150.0	-91	-10
150.0	-91	-9
152.0	-91	-8
151.0	-91	-7
151.0	-91	-6
152.0	-91	-5
152.0	-91	-4
150.0	-91	-3
151.0	-91	-2
152.0	-91	-1
152.0	-91	0
152.0	-91	1
152.0	-91	2
152.0	-91	3
152.0	-91	4
151.0	-91	5
152.0	-91	6
151.0	-91	7
151.0	-91	8
151.0	-91	9
150.0	-91	10
150.0	-91	11
151.0	-91	12
151.0	-91	13
151.0	-91	14
152.0	-91	15
152.0	-91	16
152.0	-91	17
152.0	-91	18
150.0	-91	19
151.0	-91	20
151.0	-91	21
151.0	-91	22
151.0	-91	23
151.0	-91	24
151.0	-91	25
151.0	-91	26
151.0	-91	27
151.0	-91	28
151.0	-91	29
140.0	-91	140
139.0	-91	141
139.0	-91	142
139.0	-91	143
139.0	-91	144
140.0	-91	145
140.0	-91	146
140.0	-91	147
140.0	-91	148
140.0	-91	149
139.0	-91	150
140.0	-91	151
139.0	-91	152
139.0	-91	153
139.0	-91	154
140.0	-91	160
140.0	-91	161
141.0	-91	162
141.0	-91	163
141.0	-91	164
140.0	-91	165
141.0	-91	166
141.0	-91	167
141.0	-91	168
141.0	-91	169
140.0	-90	-180
139.0	-90	-179
140.0	-90	-178
140.0	-90	-177
140.0	-90	-176
151.0	-90	-20
151.0	-90	-19
152.0	-90	-18
152.0	-90	-17
151.0	-90	-16
151.0	-90	-15
151.0	-90	-14
152.0	-90	-13
152.0	-90	-12
151.0	-90	-11
150.0	-90	-10
150.0	-90	-9
151.0	-90	-8
151.0	-90	-7
151.0	-90	-6
151.0	-90	-5
151.0	-90	-4
151.0	-90	-3
151.0	-90	-2
152.0	-90	-1
152.0	-90	0
152.0	-90	1
151.0	-90	2
151.0	-90	3
151.0	-90	4
151.0	-90	5
151.0	-90	6
152.0	-90	7
151.0	-90	8
150.0	-90	9
150.0	-90	10
150.0	-90	11
150.0	-90	12
150.0	-90	13
151.0	-90	14
151.0	-90	15
152.0	-90	16
152.0	-90	17
151.0	-90	18
150.0	-90	19
150.0	-90	20
151.0	-90	21
151.0	-90	22
151.0	-90	23
151.0	-90	24
140.0	-90	135
140.0	-90	136
141.0	-90	137
140.0	-90	138
140.0	-90	139
140.0	-90	140
140.0	-90	141
140.0	-90	142
140.0	-90	143
140.0	-90	144
140.0	-90	145
140.0	-90	146
140.0	-90	147
140.0	-90	148
140.0	-90	149
140.0	-90	150
139.0	-90	151
139.0	-90	152
138.0	-90	153
138.0	-90	154
139.0	-90	155
139.0	-90	156
139.0	-90	157
139.0	-90	158
139.0	-90	159
139.0	-90	160
140.0	-90	161
140.0	-90	162
140.0	-90	163
140.0	-90	164
140.0	-90	165
140.0	-90	166
140.0	-90	167
141.0	-90	168
141.0	-90	169
140.0	-90	170
140.0	-90	171
140.0	-90	172
142.0	-90	173
142.0	-90	174
141.0	-90	175
140.0	-90	176
140.0	-90	177
140.0	-90	178
140.0	-90	179
141.0	-89	-180
141.0	-89	-179
141.0	-89	-178
141.0	-89	-177
141.0	-89	-176
152.0	-89	-20
152.0	-89	-19
153.0	-89	-18
152.0	-89	-17
152.0	-89	-16
152.0	-89	-15
152.0	-89	-14
153.0	-89	-13
152.0	-89	-12
151.0	-89	-11
151.0	-89	-10
152.0	-89	-9
152.0	-89	-8
152.0	-89	-7
152.0	-89	-6
152.0	-89	-5
151.0	-89	-4
151.0	-89	-3
152.0	-89	-2
152.0	-89	-1
152.0	-89	0
152.0	-89	1
152.0	-89	2
152.0	-89	3
153.0	-89	4
152.0	-89	5
153.0	-89	6
152.0	-89	7
153.0	-89	8
152.0	-89	9
152.0	-89	10
152.0	-89	11
152.0	-89	12
151.0	-89	13
152.0	-89	14
152.0	-89	15
152.0	-89	16
152.0	-89	17
152.0	-89	18
151.0	-89	19
151.0	-89	20
152.0	-89	21
152.0	-89	22
153.0	-89	23
152.0	-89	24
141.0	-89	135
141.0	-89	136
141.0	-89	137
141.0	-89	138
141.0	-89	139
140.0	-89	140
140.0	-89	141
140.0	-89	142
140.0	-89	143
141.0	-89	144
140.0	-89	145
140.0	-89	146
140.0	-89	147
140.0	-89	148
140.0	-89	149
140.0	-89	150
139.0	-89	151
139.0	-89	152
139.0	-89	153
139.0	-89	154
140.0	-89	155
139.0	-89	156
139.0	-89	157
139.0	-89	158
139.0	-89	159
140.0	-89	160
140.0	-89	161
141.0	-89	162
140.0	-89	163
140.0	-89	164
140.0	-89	165
140.0	-89	166
141.0	-89	167
141.0	-89	168
141.0	-89	169
140.0	-89	170
140.0	-89	171
141.0	-89	172
141.0	-89	173
141.0	-89	174
140.0	-89	175
140.0	-89	176
141.0	-89	177
140.0	-89	178
141.0	-89	179
141.0	-88	-180
141.0	-88	-179
141.0	-88	-178
142.0	-88	-177
141.0	-88	-176
152.0	-88	-20
152.0	-88	-19
152.0	-88	-18
152.0	-88	-17
152.0	-88	-16
152.0	-88	-15
152.0	-88	-14
152.0	-88	-13
151.0	-88	-12
152.0	-88	-11
151.0	-88	-10
152.0	-88	-9
152.0	-88	-8
153.0	-88	-7
152.0	-88	-6
152.0	-88	-5
152.0	-88	-4
152.0	-88	-3
152.0	-88	-2
152.0	-88	-1
152.0	-88	0
152.0	-88	1
152.0	-88	2
152.0	-88	3
152.0	-88	4
153.0	-88	5
153.0	-88	6
153.0	-88	7
153.0	-88	8
153.0	-88	9
153.0	-88	10
152.0	-88	11
151.0	-88	12
151.0	-88	13
152.0	-88	14
151.0	-88	15
152.0	-88	16
152.0	-88	17
152.0	-88	18
152.0	-88	19
152.0	-88	20
152.0	-88	21
152.0	-88	22
152.0	-88	23
153.0	-88	24
141.0	-88	135
140.0	-88	136
140.0	-88	137
140.0	-88	138
140.0	-88	139
140.0	-88	140
140.0	-88	141
140.0	-88	142
141.0	-88	143
141.0	-88	144
141.0	-88	145
140.0	-88	146
140.0	-88	147
140.0	-88	148
139.0	-88	149
139.0	-88	150
139.0	-88	151
139.0	-88	152
139.0	-88	153
140.0	-88	154
139.0	-88	155
139.0	-88	156
139.0	-88	157
139.0	-88	158
140.0	-88	159
140.0	-88	160
140.0	-88	161
140.0	-88	162
140.0	-88	163
140.0	-88	164
141.0	-88	165
140.0	-88	166
141.0	-88	167
141.0	-88	168
141.0	-88	169
140.0	-88	170
140.0	-88	171
141.0	-88	172
141.0	-88	173
141.0	-88	174
141.0	-88	175
141.0	-88	176
141.0	-88	177
142.0	-88	178
142.0	-88	179
142.0	-87	-180
142.0	-87	-179
142.0	-87	-178
142.0	-87	-177
142.0	-87	-176
152.0	-87	-20
152.0	-87	-19
153.0	-87	-18
153.0	-87	-17
153.0	-87	-16
152.0	-87	-15
152.0	-87	-14
152.0	-87	-13
152.0	-87	-12
152.0	-87	-11
152.0	-87	-10
153.0	-87	-9
153.0	-87	-8
153.0	-87	-7
153.0	-87	-6
153.0	-87	-5
152.0	-87	-4
152.0	-87	-3
152.0	-87	-2
153.0	-87	-1
153.0	-87	0
153.0	-87	1
153.0	-87	2
153.0	-87	3
153.0	-87	4
153.0	-87	5
153.0	-87	6
153.0	-87	7
153.0	-87	8
153.0	-87	9
153.0	-87	10
152.0	-87	11
152.0	-87	12
151.0	-87	13
151.0	-87	14
152.0	-87	15
152.0	-87	16
152.0	-87	17
153.0	-87	18
152.0	-87	19
152.0	-87	20
152.0	-87	21
152.0	-87	22
153.0	-87	23
153.0	-87	24
141.0	-87	135
141.0	-87	136
140.0	-87	137
140.0	-87	138
139.0	-87	139
139.0	-87	140
140.0	-87	141
140.0	-87	142
140.0	-87	143
141.0	-87	144
141.0	-87	145
141.0	-87	146
140.0	-87	147
139.0	-87	148
139.0	-87	149
139.0	-87	150
139.0	-87	151
139.0	-87	152
140.0	-87	153
140.0	-87	154
141.0	-87	155
140.0	-87	156
140.0	-87	157
140.0	-87	158
141.0	-87	159
140.0	-87	160
140.0	-87	161
140.0	-87	162
139.0	-87	163
141.0	-87	164
141.0	-87	165
141.0	-87	166
140.0	-87	167
141.0	-87	168
141.0	-87	169
141.0	-87	170
141.0	-87	171
140.0	-87	172
140.0	-87	173
141.0	-87	174
141.0	-87	175
141.0	-87	176
141.0	-87	177
141.0	-87	178
142.0	-87	179
142.0	-86	-180
142.0	-86	-179
142.0	-86	-178
142.0	-86	-177
141.0	-86	-176
151.0	-86	-20
151.0	-86	-19
152.0	-86	-18
151.0	-86	-17
152.0	-86	-16
151.0	-86	-15
152.0	-86	-14
152.0	-86	-13
152.0	-86	-12
152.0	-86	-11
151.0	-86	-10
152.0	-86	-9
152.0	-86	-8
152.0	-86	-7
152.0	-86	-6
152.0	-86	-5
152.0	-86	-4
152.0	-86	-3
152.0	-86	-2
153.0	-86	-1
152.0	-86	0
153.0	-86	1
152.0	-86	2
152.0	-86	3
152.0	-86	4
152.0	-86	5
152.0	-86	6
153.0	-86	7
153.0	-86	8
152.0	-86	9
152.0	-86	10
152.0	-86	11
151.0	-86	12
151.0	-86	13
150.0	-86	14
151.0	-86	15
152.0	-86	16
152.0	-86	17
152.0	-86	18
152.0	-86	19
151.0	-86	20
152.0	-86	21
152.0	-86	22
152.0	-86	23
152.0	-86	24
141.0	-86	135
140.0	-86	136
140.0	-86	137
139.0	-86	138
139.0	-86	139
139.0	-86	140
140.0	-86	141
141.0	-86	142
140.0	-86	143
140.0	-86	144
140.0	-86	145
140.0	-86	146
139.0	-86	147
139.0	-86	148
139.0	-86	149
139.0	-86	150
139.0	-86	151
140.0	-86	152
140.0	-86	153
140.0	-86	154
140.0	-86	155
140.0	-86	156
140.0	-86	157
140.0	-86	158
141.0	-86	159
140.0	-86	160
140.0	-86	161
139.0	-86	162
139.0	-86	163
139.0	-86	164
139.0	-86	165
139.0	-86	166
140.0	-86	167
140.0	-86	168
140.0	-86	169
141.0	-86	170
141.0	-86	171
139.0	-86	172
140.0	-86	173
140.0	-86	174
141.0	-86	175
141.0	-86	176
141.0	-86	177
141.0	-86	178
141.0	-86	179
141.0	-85	-180
142.0	-85	-179
142.0	-85	-178
142.0	-85	-177
141.0	-85	-176
151.0	-85	-30
152.0	-85	-29
152.0	-85	-28
152.0	-85	-27
151.0	-85	-26
151.0	-85	-25
151.0	-85	-24
151.0	-85	-23
151.0	-85	-22
151.0	-85	-21
152.0	-85	-20
152.0	-85	-19
151.0	-85	-18
151.0	-85	-17
151.0	-85	-16
151.0	-85	-15
151.0	-85	-14
152.0	-85	-13
152.0	-85	-12
152.0	-85	-11
151.0	-85	-10
150.0	-85	-9
151.0	-85	-8
152.0	-85	-7
152.0	-85	-6
153.0	-85	-5
152.0	-85	-4
152.0	-85	-3
152.0	-85	-2
152.0	-85	-1
152.0	-85	0
153.0	-85	1
152.0	-85	2
152.0	-85	3
152.0	-85	4
152.0	-85	5
153.0	-85	6
153.0	-85	7
152.0	-85	8
152.0	-85	9
152.0	-85	10
151.0	-85	11
151.0	-85	12
152.0	-85	13
152.0	-85	14
151.0	-85	15
151.0	-85	16
152.0	-85	17
152.0	-85	18
152.0	-85	19
152.0	-85	40
152.0	-85	41
151.0	-85	42
151.0	-85	43
151.0	-85	44
151.0	-85	45
151.0	-85	46
151.0	-85	47
150.0	-85	48
149.0	-85	49
149.0	-85	50
149.0	-85	51
149.0	-85	52
150.0	-85	53
149.0	-85	54
149.0	-85	55
149.0	-85	56
148.0	-85	57
149.0	-85	58
148.0	-85	59
149.0	-85	60
149.0	-85	61
149.0	-85	62
148.0	-85	63
148.0	-85	64
148.0	-85	65
148.0	-85	66
148.0	-85	67
149.0	-85	68
149.0	-85	69
148.0	-85	70
149.0	-85	71
148.0	-85	72
148.0	-85	73
148.0	-85	74
148.0	-85	75
148.0	-85	76
148.0	-85	77
148.0	-85	78
147.0	-85	79
147.0	-85	80
146.0	-85	81
147.0	-85	82
146.0	-85	83
147.0	-85	84
143.0	-85	115
143.0	-85	116
142.0	-85	117
142.0	-85	118
142.0	-85	119
142.0	-85	120
142.0	-85	121
142.0	-85	122
141.0	-85	123
141.0	-85	124
141.0	-85	125
141.0	-85	126
142.0	-85	127
141.0	-85	128
140.0	-85	129
140.0	-85	130
141.0	-85	131
141.0	-85	132
141.0	-85	133
141.0	-85	134
140.0	-85	135
140.0	-85	136
140.0	-85	137
140.0	-85	138
140.0	-85	139
140.0	-85	140
140.0	-85	141
140.0	-85	142
141.0	-85	143
140.0	-85	144
140.0	-85	145
139.0	-85	146
139.0	-85	147
139.0	-85	148
139.0	-85	149
139.0	-85	150
140.0	-85	151
140.0	-85	152
139.0	-85	153
140.0	-85	154
140.0	-85	155
139.0	-85	156
140.0	-85	157
140.0	-85	158
140.0	-85	159
140.0	-85	160
138.0	-85	161
139.0	-85	162
139.0	-85	163
139.0	-85	164
139.0	-85	165
139.0	-85	166
139.0	-85	167
140.0	-85	168
140.0	-85	169
140.0	-85	170
140.0	-85	171
139.0	-85	172
139.0	-85	173
140.0	-85	174
141.0	-85	175
141.0	-85	176
141.0	-85	177
141.0	-85	178
141.0	-85	179
141.0	-84	-180
141.0	-84	-179
141.0	-84	-178
141.0	-84	-177
141.0	-84	-176
152.0	-84	-30
153.0	-84	-29
153.0	-84	-28
153.0	-84	-27
152.0	-84	-26
152.0	-84	-25
152.0	-84	-24
151.0	-84	-23
152.0	-84	-22
152.0	-84	-21
152.0	-84	-20
152.0	-84	-19
152.0	-84	-18
152.0	-84	-17
152.0	-84	-16
152.0	-84	-15
152.0	-84	-14
152.0	-84	-13
153.0	-84	-12
153.0	-84	-11
152.0	-84	-10
152.0	-84	-9
152.0	-84	-8
153.0	-84	-7
153.0	-84	-6
153.0	-84	-5
153.0	-84	-4
153.0	-84	-3
152.0	-84	-2
152.0	-84	-1
153.0	-84	0
152.0	-84	1
152.0	-84	2
152.0	-84	3
152.0	-84	4
153.0	-84	5
153.0	-84	6
153.0	-84	7
152.0	-84	8
152.0	-84	9
152.0	-84	10
152.0	-84	11
152.0	-84	12
152.0	-84	13
151.0	-84	14
152.0	-84	15
152.0	-84	16
152.0	-84	17
152.0	-84	18
151.0	-84	19
153.0	-84	40
152.0	-84	41
152.0	-84	42
152.0	-84	43
152.0	-84	44
152.0	-84	45
152.0	-84	46
151.0	-84	47
151.0	-84	48
150.0	-84	49
150.0	-84	50
150.0	-84	51
151.0	-84	52
150.0	-84	53
150.0	-84	54
150.0	-84	55
149.0	-84	56
148.0	-84	57
148.0	-84	58
148.0	-84	59
149.0	-84	60
150.0	-84	61
150.0	-84	62
149.0	-84	63
148.0	-84	64
148.0	-84	65
148.0	-84	66
149.0	-84	67
149.0	-84	68
149.0	-84	69
149.0	-84	70
149.0	-84	71
149.0	-84	72
149.0	-84	73
149.0	-84	74
149.0	-84	75
149.0	-84	76
149.0	-84	77
148.0	-84	78
147.0	-84	79
147.0	-84	80
147.0	-84	81
147.0	-84	82
146.0	-84	83
146.0	-84	84
144.0	-84	115
143.0	-84	116
142.0	-84	117
142.0	-84	118
143.0	-84	119
143.0	-84	120
143.0	-84	121
143.0	-84	122
142.0	-84	123
142.0	-84	124
142.0	-84	125
142.0	-84	126
141.0	-84	127
141.0	-84	128
141.0	-84	129
141.0	-84	130
142.0	-84	131
142.0	-84	132
142.0	-84	133
142.0	-84	134
141.0	-84	135
141.0	-84	136
140.0	-84	137
140.0	-84	138
141.0	-84	139
141.0	-84	140
141.0	-84	141
141.0	-84	142
141.0	-84	143
140.0	-84	144
141.0	-84	145
140.0	-84	146
140.0	-84	147
140.0	-84	148
140.0	-84	149
140.0	-84	150
140.0	-84	151
140.0	-84	152
141.0	-84	153
140.0	-84	154
140.0	-84	155
140.0	-84	156
140.0	-84	157
140.0	-84	158
140.0	-84	159
139.0	-84	160
140.0	-84	161
140.0	-84	162
139.0	-84	163
140.0	-84	164
140.0	-84	165
140.0	-84	166
140.0	-84	167
140.0	-84	168
140.0	-84	169
141.0	-84	170
140.0	-84	171
140.0	-84	172
140.0	-84	173
140.0	-84	174
141.0	-84	175
140.0	-84	176
140.0	-84	177
141.0	-84	178
141.0	-84	179
140.0	-83	-180
140.0	-83	-179
139.0	-83	-178
139.0	-83	-177
140.0	-83	-176
152.0	-83	-30
152.0	-83	-29
152.0	-83	-28
152.0	-83	-27
151.0	-83	-26
152.0	-83	-25
151.0	-83	-24
151.0	-83	-23
151.0	-83	-22
151.0	-83	-21
151.0	-83	-20
151.0	-83	-19
152.0	-83	-18
151.0	-83	-17
152.0	-83	-16
152.0	-83	-15
152.0	-83	-14
152.0	-83	-13
152.0	-83	-12
151.0	-83	-11
152.0	-83	-10
151.0	-83	-9
152.0	-83	-8
153.0	-83	-7
153.0	-83	-6
152.0	-83	-5
152.0	-83	-4
152.0	-83	-3
152.0	-83	-2
151.0	-83	-1
152.0	-83	0
152.0	-83	1
152.0	-83	2
151.0	-83	3
152.0	-83	4
151.0	-83	5
152.0	-83	6
152.0	-83	7
152.0	-83	8
152.0	-83	9
151.0	-83	10
151.0	-83	11
151.0	-83	12
152.0	-83	13
151.0	-83	14
151.0	-83	15
151.0	-83	16
151.0	-83	17
151.0	-83	18
151.0	-83	19
153.0	-83	40
152.0	-83	41
152.0	-83	42
152.0	-83	43
152.0	-83	44
151.0	-83	45
151.0	-83	46
151.0	-83	47
151.0	-83	48
150.0	-83	49
150.0	-83	50
150.0	-83	51
150.0	-83	52
150.0	-83	53
150.0	-83	54
149.0	-83	55
148.0	-83	56
148.0	-83	57
148.0	-83	58
148.0	-83	59
149.0	-83	60
149.0	-83	61
150.0	-83	62
149.0	-83	63
148.0	-83	64
148.0	-83	65
148.0	-83	66
149.0	-83	67
149.0	-83	68
149.0	-83	69
149.0	-83	70
149.0	-83	71
148.0	-83	72
149.0	-83	73
148.0	-83	74
148.0	-83	75
148.0	-83	76
147.0	-83	77
146.0	-83	78
145.0	-83	79
145.0	-83	80
146.0	-83	81
146.0	-83	82
146.0	-83	83
145.0	-83	84
142.0	-83	115
142.0	-83	116
141.0	-83	117
142.0	-83	118
143.0	-83	119
143.0	-83	120
142.0	-83	121
141.0	-83	122
141.0	-83	123
141.0	-83	124
141.0	-83	125
141.0	-83	126
141.0	-83	127
141.0	-83	128
141.0	-83	129
142.0	-83	130
141.0	-83	131
142.0	-83	132
141.0	-83	133
141.0	-83	134
141.0	-83	135
140.0	-83	136
139.0	-83	137
139.0	-83	138
140.0	-83	139
140.0	-83	140
140.0	-83	141
140.0	-83	142
140.0	-83	143
141.0	-83	144
140.0	-83	145
139.0	-83	146
139.0	-83	147
139.0	-83	148
140.0	-83	149
139.0	-83	150
140.0	-83	151
140.0	-83	152
140.0	-83	153
139.0	-83	154
139.0	-83	155
140.0	-83	156
139.0	-83	157
139.0	-83	158
140.0	-83	159
140.0	-83	160
140.0	-83	161
139.0	-83	162
139.0	-83	163
139.0	-83	164
139.0	-83	165
139.0	-83	166
139.0	-83	167
140.0	-83	168
139.0	-83	169
140.0	-83	170
139.0	-83	171
139.0	-83	172
139.0	-83	173
140.0	-83	174
141.0	-83	175
141.0	-83	176
140.0	-83	177
140.0	-83	178
139.0	-83	179
141.0	-82	-180
141.0	-82	-179
141.0	-82	-178
141.0	-82	-177
141.0	-82	-176
153.0	-82	-30
153.0	-82	-29
153.0	-82	-28
153.0	-82	-27
153.0	-82	-26
152.0	-82	-25
152.0	-82	-24
152.0	-82	-23
152.0	-82	-22
152.0	-82	-21
152.0	-82	-20
152.0	-82	-19
153.0	-82	-18
152.0	-82	-17
152.0	-82	-16
153.0	-82	-15
153.0	-82	-14
153.0	-82	-13
153.0	-82	-12
152.0	-82	-11
152.0	-82	-10
152.0	-82	-9
154.0	-82	-8
154.0	-82	-7
154.0	-82	-6
153.0	-82	-5
153.0	-82	-4
153.0	-82	-3
152.0	-82	-2
153.0	-82	-1
153.0	-82	0
153.0	-82	1
153.0	-82	2
153.0	-82	3
153.0	-82	4
153.0	-82	5
154.0	-82	6
154.0	-82	7
153.0	-82	8
152.0	-82	9
152.0	-82	10
152.0	-82	11
152.0	-82	12
153.0	-82	13
153.0	-82	14
153.0	-82	15
152.0	-82	16
152.0	-82	17
152.0	-82	18
152.0	-82	19
154.0	-82	40
153.0	-82	41
153.0	-82	42
152.0	-82	43
153.0	-82	44
153.0	-82	45
153.0	-82	46
153.0	-82	47
153.0	-82	48
152.0	-82	49
152.0	-82	50
152.0	-82	51
152.0	-82	52
152.0	-82	53
152.0	-82	54
151.0	-82	55
150.0	-82	56
150.0	-82	57
150.0	-82	58
151.0	-82	59
151.0	-82	60
151.0	-82	61
151.0	-82	62
150.0	-82	63
149.0	-82	64
149.0	-82	65
149.0	-82	66
150.0	-82	67
150.0	-82	68
151.0	-82	69
151.0	-82	70
151.0	-82	71
151.0	-82	72
150.0	-82	73
149.0	-82	74
149.0	-82	75
149.0	-82	76
148.0	-82	77
148.0	-82	78
147.0	-82	79
147.0	-82	80
148.0	-82	81
148.0	-82	82
148.0	-82	83
147.0	-82	84
143.0	-82	115
143.0	-82	116
143.0	-82	117
143.0	-82	118
144.0	-82	119
143.0	-82	120
143.0	-82	121
142.0	-82	122
142.0	-82	123
142.0	-82	124
142.0	-82	125
142.0	-82	126
142.0	-82	127
143.0	-82	128
144.0	-82	129
143.0	-82	130
143.0	-82	131
143.0	-82	132
143.0	-82	133
142.0	-82	134
141.0	-82	135
141.0	-82	136
141.0	-82	137
141.0	-82	138
141.0	-82	139
141.0	-82	140
141.0	-82	141
141.0	-82	142
141.0	-82	143
141.0	-82	144
141.0	-82	145
140.0	-82	146
140.0	-82	147
141.0	-82	148
140.0	-82	149
140.0	-82	150
140.0	-82	151
141.0	-82	152
141.0	-82	153
141.0	-82	154
140.0	-82	155
140.0	-82	156
140.0	-82	157
140.0	-82	158
140.0	-82	159
141.0	-82	160
141.0	-82	161
141.0	-82	162
140.0	-82	163
140.0	-82	164
140.0	-82	165
139.0	-82	166
139.0	-82	167
140.0	-82	168
140.0	-82	169
140.0	-82	170
141.0	-82	171
141.0	-82	172
141.0	-82	173
140.0	-82	174
141.0	-82	175
141.0	-82	176
141.0	-82	177
140.0	-82	178
140.0	-82	179
141.0	-81	-180
141.0	-81	-179
141.0	-81	-178
141.0	-81	-177
142.0	-81	-176
153.0	-81	-30
153.0	-81	-29
152.0	-81	-28
152.0	-81	-27
153.0	-81	-26
152.0	-81	-25
152.0	-81	-24
152.0	-81	-23
152.0	-81	-22
152.0	-81	-21
152.0	-81	-20
153.0	-81	-19
153.0	-81	-18
153.0	-81	-17
153.0	-81	-16
153.0	-81	-15
153.0	-81	-14
153.0	-81	-13
153.0	-81	-12
153.0	-81	-11
153.0	-81	-10
153.0	-81	-9
154.0	-81	-8
154.0	-81	-7
154.0	-81	-6
153.0	-81	-5
153.0	-81	-4
153.0	-81	-3
153.0	-81	-2
153.0	-81	-1
153.0	-81	0
153.0	-81	1
154.0	-81	2
154.0	-81	3
154.0	-81	4
154.0	-81	5
154.0	-81	6
153.0	-81	7
153.0	-81	8
153.0	-81	9
153.0	-81	10
153.0	-81	11
153.0	-81	12
153.0	-81	13
154.0	-81	14
153.0	-81	15
153.0	-81	16
153.0	-81	17
153.0	-81	18
153.0	-81	19
154.0	-81	40
153.0	-81	41
152.0	-81	42
153.0	-81	43
153.0	-81	44
153.0	-81	45
153.0	-81	46
154.0	-81	47
154.0	-81	48
153.0	-81	49
153.0	-81	50
153.0	-81	51
153.0	-81	52
152.0	-81	53
152.0	-81	54
151.0	-81	55
151.0	-81	56
151.0	-81	57
152.0	-81	58
151.0	-81	59
151.0	-81	60
151.0	-81	61
151.0	-81	62
150.0	-81	63
149.0	-81	64
149.0	-81	65
149.0	-81	66
150.0	-81	67
151.0	-81	68
152.0	-81	69
151.0	-81	70
151.0	-81	71
150.0	-81	72
149.0	-81	73
149.0	-81	74
149.0	-81	75
149.0	-81	76
148.0	-81	77
148.0	-81	78
147.0	-81	79
148.0	-81	80
148.0	-81	81
147.0	-81	82
148.0	-81	83
148.0	-81	84
143.0	-81	115
143.0	-81	116
144.0	-81	117
143.0	-81	118
143.0	-81	119
143.0	-81	120
142.0	-81	121
142.0	-81	122
142.0	-81	123
142.0	-81	124
142.0	-81	125
142.0	-81	126
143.0	-81	127
144.0	-81	128
143.0	-81	129
143.0	-81	130
143.0	-81	131
143.0	-81	132
143.0	-81	133
142.0	-81	134
142.0	-81	135
142.0	-81	136
141.0	-81	137
142.0	-81	138
142.0	-81	139
142.0	-81	140
142.0	-81	141
141.0	-81	142
142.0	-81	143
141.0	-81	144
141.0	-81	145
142.0	-81	146
142.0	-81	147
142.0	-81	148
142.0	-81	149
141.0	-81	150
142.0	-81	151
141.0	-81	152
141.0	-81	153
141.0	-81	154
141.0	-81	155
140.0	-81	156
141.0	-81	157
141.0	-81	158
141.0	-81	159
141.0	-81	160
141.0	-81	161
141.0	-81	162
140.0	-81	163
140.0	-81	164
140.0	-81	165
140.0	-81	166
140.0	-81	167
140.0	-81	168
140.0	-81	169
141.0	-81	170
141.0	-81	171
141.0	-81	172
141.0	-81	173
141.0	-81	174
141.0	-81	175
141.0	-81	176
141.0	-81	177
141.0	-81	178
141.0	-81	179
141.0	-80	-180
141.0	-80	-179
141.0	-80	-178
140.0	-80	-177
141.0	-80	-176
141.0	-80	-175
141.0	-80	-174
141.0	-80	-173
141.0	-80	-172
141.0	-80	-171
151.0	-80	-30
151.0	-80	-29
151.0	-80	-28
151.0	-80	-27
151.0	-80	-26
151.0	-80	-25
151.0	-80	-24
151.0	-80	-23
151.0	-80	-22
151.0	-80	-21
151.0	-80	-20
153.0	-80	-19
153.0	-80	-18
153.0	-80	-17
152.0	-80	-16
152.0	-80	-15
152.0	-80	-14
152.0	-80	-13
152.0	-80	-12
152.0	-80	-11
152.0	-80	-10
152.0	-80	-9
153.0	-80	-8
153.0	-80	-7
153.0	-80	-6
152.0	-80	-5
152.0	-80	-4
152.0	-80	-3
152.0	-80	-2
152.0	-80	-1
153.0	-80	0
154.0	-80	1
153.0	-80	2
153.0	-80	3
154.0	-80	4
153.0	-80	5
152.0	-80	6
152.0	-80	7
153.0	-80	8
153.0	-80	9
153.0	-80	10
152.0	-80	11
152.0	-80	12
153.0	-80	13
152.0	-80	14
151.0	-80	50
151.0	-80	51
152.0	-80	52
151.0	-80	53
151.0	-80	54
150.0	-80	55
151.0	-80	56
151.0	-80	57
151.0	-80	58
151.0	-80	59
151.0	-80	60
151.0	-80	61
150.0	-80	62
148.0	-80	63
148.0	-80	64
148.0	-80	65
149.0	-80	66
149.0	-80	67
150.0	-80	68
150.0	-80	69
150.0	-80	70
149.0	-80	71
149.0	-80	72
148.0	-80	73
148.0	-80	74
148.0	-80	75
148.0	-80	76
147.0	-80	77
146.0	-80	78
147.0	-80	79
147.0	-80	80
147.0	-80	81
147.0	-80	82
147.0	-80	83
147.0	-80	84
146.0	-80	85
146.0	-80	86
146.0	-80	87
146.0	-80	88
145.0	-80	89
146.0	-80	100
145.0	-80	101
144.0	-80	102
143.0	-80	103
144.0	-80	104
143.0	-80	105
143.0	-80	106
143.0	-80	107
143.0	-80	108
144.0	-80	109
143.0	-80	110
143.0	-80	111
143.0	-80	112
142.0	-80	113
142.0	-80	114
142.0	-80	115
142.0	-80	116
142.0	-80	117
142.0	-80	118
142.0	-80	119
142.0	-80	120
142.0	-80	121
141.0	-80	122
141.0	-80	123
141.0	-80	124
141.0	-80	125
141.0	-80	126
142.0	-80	127
142.0	-80	128
142.0	-80	129
142.0	-80	130
141.0	-80	131
142.0	-80	132
141.0	-80	133
141.0	-80	134
141.0	-80	135
141.0	-80	136
141.0	-80	137
140.0	-80	138
141.0	-80	139
140.0	-80	140
140.0	-80	141
141.0	-80	142
140.0	-80	143
140.0	-80	144
140.0	-80	145
140.0	-80	146
140.0	-80	147
140.0	-80	148
140.0	-80	149
141.0	-80	150
140.0	-80	151
140.0	-80	152
140.0	-80	153
139.0	-80	154
139.0	-80	155
139.0	-80	156
139.0	-80	157
141.0	-80	158
140.0	-80	159
140.0	-80	160
141.0	-80	161
141.0	-80	162
141.0	-80	163
139.0	-80	164
139.0	-80	165
140.0	-80	166
139.0	-80	167
140.0	-80	168
140.0	-80	169
140.0	-80	170
140.0	-80	171
140.0	-80	172
140.0	-80	173
141.0	-80	174
141.0	-80	175
141.0	-80	176
140.0	-80	177
140.0	-80	178
140.0	-80	179
142.0	-79	-180
142.0	-79	-179
142.0	-79	-178
142.0	-79	-177
141.0	-79	-176
142.0	-79	-175
142.0	-79	-174
143.0	-79	-173
143.0	-79	-172
143.0	-79	-171
152.0	-79	-30
152.0	-79	-29
152.0	-79	-28
152.0	-79	-27
152.0	-79	-26
152.0	-79	-25
152.0	-79	-24
151.0	-79	-23
152.0	-79	-22
153.0	-79	-21
153.0	-79	-20
154.0	-79	-19
153.0	-79	-18
153.0	-79	-17
153.0	-79	-16
153.0	-79	-15
153.0	-79	-14
152.0	-79	-13
153.0	-79	-12
153.0	-79	-11
153.0	-79	-10
153.0	-79	-9
153.0	-79	-8
154.0	-79	-7
154.0	-79	-6
153.0	-79	-5
153.0	-79	-4
153.0	-79	-3
153.0	-79	-2
153.0	-79	-1
154.0	-79	0
154.0	-79	1
155.0	-79	2
155.0	-79	3
154.0	-79	4
154.0	-79	5
153.0	-79	6
155.0	-79	7
155.0	-79	8
155.0	-79	9
154.0	-79	10
154.0	-79	11
154.0	-79	12
154.0	-79	13
154.0	-79	14
153.0	-79	50
153.0	-79	51
153.0	-79	52
153.0	-79	53
153.0	-79	54
152.0	-79	55
152.0	-79	56
152.0	-79	57
153.0	-79	58
153.0	-79	59
153.0	-79	60
152.0	-79	61
151.0	-79	62
151.0	-79	63
150.0	-79	64
151.0	-79	65
150.0	-79	66
151.0	-79	67
151.0	-79	68
151.0	-79	69
151.0	-79	70
150.0	-79	71
150.0	-79	72
150.0	-79	73
149.0	-79	74
149.0	-79	75
150.0	-79	76
149.0	-79	77
149.0	-79	78
148.0	-79	79
149.0	-79	80
149.0	-79	81
148.0	-79	82
148.0	-79	83
149.0	-79	84
148.0	-79	85
148.0	-79	86
148.0	-79	87
148.0	-79	88
147.0	-79	89
146.0	-79	100
146.0	-79	101
145.0	-79	102
144.0	-79	103
145.0	-79	104
145.0	-79	105
145.0	-79	106
145.0	-79	107
145.0	-79	108
145.0	-79	109
145.0	-79	110
144.0	-79	111
143.0	-79	112
143.0	-79	113
144.0	-79	114
144.0	-79	115
143.0	-79	116
142.0	-79	117
143.0	-79	118
143.0	-79	119
143.0	-79	120
142.0	-79	121
142.0	-79	122
142.0	-79	123
143.0	-79	124
143.0	-79	125
143.0	-79	126
144.0	-79	127
144.0	-79	128
144.0	-79	129
143.0	-79	130
143.0	-79	131
143.0	-79	132
142.0	-79	133
142.0	-79	134
142.0	-79	135
142.0	-79	136
142.0	-79	137
142.0	-79	138
142.0	-79	139
142.0	-79	140
142.0	-79	141
142.0	-79	142
142.0	-79	143
141.0	-79	144
141.0	-79	145
142.0	-79	146
142.0	-79	147
142.0	-79	148
142.0	-79	149
142.0	-79	150
141.0	-79	151
141.0	-79	152
141.0	-79	153
140.0	-79	154
141.0	-79	155
141.0	-79	156
142.0	-79	157
143.0	-79	158
143.0	-79	159
142.0	-79	160
142.0	-79	161
142.0	-79	162
142.0	-79	163
141.0	-79	164
141.0	-79	165
141.0	-79	166
141.0	-79	167
141.0	-79	168
142.0	-79	169
142.0	-79	170
142.0	-79	171
142.0	-79	172
142.0	-79	173
142.0	-79	174
143.0	-79	175
142.0	-79	176
142.0	-79	177
141.0	-79	178
141.0	-79	179
141.0	-78	-180
141.0	-78	-179
141.0	-78	-178
141.0	-78	-177
141.0	-78	-176
141.0	-78	-175
141.0	-78	-174
142.0	-78	-173
141.0	-78	-172
141.0	-78	-171
149.0	-78	-30
150.0	-78	-29
150.0	-78	-28
150.0	-78	-27
151.0	-78	-26
150.0	-78	-25
151.0	-78	-24
150.0	-78	-23
151.0	-78	-22
151.0	-78	-21
151.0	-78	-20
152.0	-78	-19
152.0	-78	-18
152.0	-78	-17
151.0	-78	-16
151.0	-78	-15
152.0	-78	-14
152.0	-78	-13
152.0	-78	-12
152.0	-78	-11
152.0	-78	-10
152.0	-78	-9
152.0	-78	-8
152.0	-78	-7
153.0	-78	-6
153.0	-78	-5
153.0	-78	-4
152.0	-78	-3
152.0	-78	-2
152.0	-78	-1
153.0	-78	0
153.0	-78	1
153.0	-78	2
153.0	-78	3
153.0	-78	4
153.0	-78	5
153.0	-78	6
153.0	-78	7
154.0	-78	8
154.0	-78	9
154.0	-78	10
154.0	-78	11
153.0	-78	12
153.0	-78	13
153.0	-78	14
151.0	-78	50
150.0	-78	51
151.0	-78	52
150.0	-78	53
150.0	-78	54
151.0	-78	55
151.0	-78	56
150.0	-78	57
151.0	-78	58
150.0	-78	59
151.0	-78	60
150.0	-78	61
150.0	-78	62
149.0	-78	63
149.0	-78	64
150.0	-78	65
150.0	-78	66
149.0	-78	67
149.0	-78	68
150.0	-78	69
149.0	-78	70
149.0	-78	71
148.0	-78	72
147.0	-78	73
148.0	-78	74
148.0	-78	75
147.0	-78	76
147.0	-78	77
147.0	-78	78
147.0	-78	79
147.0	-78	80
147.0	-78	81
147.0	-78	82
147.0	-78	83
147.0	-78	84
147.0	-78	85
146.0	-78	86
146.0	-78	87
145.0	-78	88
145.0	-78	89
146.0	-78	100
144.0	-78	101
144.0	-78	102
144.0	-78	103
144.0	-78	104
144.0	-78	105
144.0	-78	106
143.0	-78	107
144.0	-78	108
144.0	-78	109
143.0	-78	110
142.0	-78	111
142.0	-78	112
142.0	-78	113
142.0	-78	114
143.0	-78	115
142.0	-78	116
142.0	-78	117
141.0	-78	118
141.0	-78	119
142.0	-78	120
140.0	-78	121
140.0	-78	122
140.0	-78	123
141.0	-78	124
141.0	-78	125
141.0	-78	126
141.0	-78	127
141.0	-78	128
142.0	-78	129
141.0	-78	130
141.0	-78	131
140.0	-78	132
140.0	-78	133
139.0	-78	134
139.0	-78	135
140.0	-78	136
140.0	-78	137
140.0	-78	138
140.0	-78	139
140.0	-78	140
140.0	-78	141
140.0	-78	142
140.0	-78	143
140.0	-78	144
140.0	-78	145
140.0	-78	146
141.0	-78	147
140.0	-78	148
141.0	-78	149
139.0	-78	150
140.0	-78	151
139.0	-78	152
139.0	-78	153
139.0	-78	154
140.0	-78	155
140.0	-78	156
140.0	-78	157
140.0	-78	158
140.0	-78	159
141.0	-78	160
140.0	-78	161
140.0	-78	162
140.0	-78	163
140.0	-78	164
140.0	-78	165
140.0	-78	166
140.0	-78	167
141.0	-78	168
141.0	-78	169
140.0	-78	170
140.0	-78	171
141.0	-78	172
141.0	-78	173
141.0	-78	174
141.0	-78	175
141.0	-78	176
140.0	-78	177
140.0	-78	178
140.0	-78	179
141.0	-77	-180
141.0	-77	-179
141.0	-77	-178
141.0	-77	-177
141.0	-77	-176
141.0	-77	-175
141.0	-77	-174
141.0	-77	-173
141.0	-77	-172
141.0	-77	-171
150.0	-77	-30
150.0	-77	-29
151.0	-77	-28
151.0	-77	-27
151.0	-77	-26
151.0	-77	-25
151.0	-77	-24
151.0	-77	-23
151.0	-77	-22
151.0	-77	-21
150.0	-77	-20
151.0	-77	-19
151.0	-77	-18
151.0	-77	-17
151.0	-77	-16
151.0	-77	-15
152.0	-77	-14
151.0	-77	-13
152.0	-77	-12
153.0	-77	-11
152.0	-77	-10
153.0	-77	-9
151.0	-77	-8
153.0	-77	-7
153.0	-77	-6
153.0	-77	-5
153.0	-77	-4
153.0	-77	-3
153.0	-77	-2
153.0	-77	-1
153.0	-77	0
153.0	-77	1
153.0	-77	2
153.0	-77	3
153.0	-77	4
153.0	-77	5
153.0	-77	6
153.0	-77	7
153.0	-77	8
153.0	-77	9
153.0	-77	10
153.0	-77	11
153.0	-77	12
153.0	-77	13
153.0	-77	14
150.0	-77	50
150.0	-77	51
150.0	-77	52
150.0	-77	53
150.0	-77	54
150.0	-77	55
150.0	-77	56
150.0	-77	57
150.0	-77	58
150.0	-77	59
150.0	-77	60
150.0	-77	61
150.0	-77	62
149.0	-77	63
149.0	-77	64
150.0	-77	65
150.0	-77	66
149.0	-77	67
149.0	-77	68
150.0	-77	69
149.0	-77	70
148.0	-77	71
148.0	-77	72
147.0	-77	73
148.0	-77	74
148.0	-77	75
147.0	-77	76
148.0	-77	77
147.0	-77	78
147.0	-77	79
147.0	-77	80
147.0	-77	81
146.0	-77	82
147.0	-77	83
147.0	-77	84
146.0	-77	85
145.0	-77	86
145.0	-77	87
145.0	-77	88
145.0	-77	89
145.0	-77	100
144.0	-77	101
144.0	-77	102
144.0	-77	103
144.0	-77	104
143.0	-77	105
143.0	-77	106
143.0	-77	107
144.0	-77	108
143.0	-77	109
142.0	-77	110
142.0	-77	111
142.0	-77	112
142.0	-77	113
143.0	-77	114
143.0	-77	115
142.0	-77	116
141.0	-77	117
141.0	-77	118
142.0	-77	119
141.0	-77	120
141.0	-77	121
141.0	-77	122
141.0	-77	123
141.0	-77	124
142.0	-77	125
141.0	-77	126
141.0	-77	127
141.0	-77	128
141.0	-77	129
141.0	-77	130
141.0	-77	131
140.0	-77	132
140.0	-77	133
140.0	-77	134
140.0	-77	135
140.0	-77	136
141.0	-77	137
141.0	-77	138
141.0	-77	139
141.0	-77	140
140.0	-77	141
140.0	-77	142
140.0	-77	143
140.0	-77	144
141.0	-77	145
141.0	-77	146
141.0	-77	147
141.0	-77	148
140.0	-77	149
140.0	-77	150
140.0	-77	151
140.0	-77	152
139.0	-77	153
139.0	-77	154
140.0	-77	155
140.0	-77	156
141.0	-77	157
140.0	-77	158
140.0	-77	159
140.0	-77	160
140.0	-77	161
140.0	-77	162
140.0	-77	163
140.0	-77	164
140.0	-77	165
140.0	-77	166
140.0	-77	167
141.0	-77	168
140.0	-77	169
140.0	-77	170
139.0	-77	171
140.0	-77	172
141.0	-77	173
140.0	-77	174
140.0	-77	175
140.0	-77	176
140.0	-77	177
140.0	-77	178
141.0	-77	179
141.0	-76	-180
141.0	-76	-179
141.0	-76	-178
141.0	-76	-177
141.0	-76	-176
141.0	-76	-175
141.0	-76	-174
141.0	-76	-173
141.0	-76	-172
141.0	-76	-171
151.0	-76	-30
151.0	-76	-29
151.0	-76	-28
151.0	-76	-27
151.0	-76	-26
151.0	-76	-25
152.0	-76	-24
151.0	-76	-23
151.0	-76	-22
151.0	-76	-21
151.0	-76	-20
152.0	-76	-19
151.0	-76	-18
151.0	-76	-17
151.0	-76	-16
151.0	-76	-15
151.0	-76	-14
152.0	-76	-13
153.0	-76	-12
153.0	-76	-11
153.0	-76	-10
152.0	-76	-9
152.0	-76	-8
153.0	-76	-7
153.0	-76	-6
153.0	-76	-5
153.0	-76	-4
153.0	-76	-3
154.0	-76	-2
153.0	-76	-1
153.0	-76	0
153.0	-76	1
153.0	-76	2
153.0	-76	3
154.0	-76	4
153.0	-76	5
153.0	-76	6
153.0	-76	7
154.0	-76	8
154.0	-76	9
153.0	-76	10
154.0	-76	11
153.0	-76	12
153.0	-76	13
153.0	-76	14
150.0	-76	50
150.0	-76	51
150.0	-76	52
150.0	-76	53
151.0	-76	54
151.0	-76	55
151.0	-76	56
151.0	-76	57
151.0	-76	58
149.0	-76	59
150.0	-76	60
150.0	-76	61
149.0	-76	62
148.0	-76	63
149.0	-76	64
149.0	-76	65
150.0	-76	66
150.0	-76	67
150.0	-76	68
150.0	-76	69
149.0	-76	70
149.0	-76	71
148.0	-76	72
148.0	-76	73
148.0	-76	74
147.0	-76	75
147.0	-76	76
147.0	-76	77
146.0	-76	78
146.0	-76	79
146.0	-76	80
146.0	-76	81
146.0	-76	82
146.0	-76	83
145.0	-76	84
145.0	-76	85
146.0	-76	86
145.0	-76	87
145.0	-76	88
144.0	-76	89
144.0	-76	100
145.0	-76	101
145.0	-76	102
144.0	-76	103
144.0	-76	104
144.0	-76	105
144.0	-76	106
144.0	-76	107
144.0	-76	108
143.0	-76	109
143.0	-76	110
143.0	-76	111
143.0	-76	112
143.0	-76	113
143.0	-76	114
143.0	-76	115
143.0	-76	116
142.0	-76	117
142.0	-76	118
141.0	-76	119
142.0	-76	120
142.0	-76	121
141.0	-76	122
141.0	-76	123
141.0	-76	124
142.0	-76	125
142.0	-76	126
142.0	-76	127
142.0	-76	128
142.0	-76	129
142.0	-76	130
141.0	-76	131
141.0	-76	132
140.0	-76	133
140.0	-76	134
140.0	-76	135
142.0	-76	136
142.0	-76	137
142.0	-76	138
141.0	-76	139
141.0	-76	140
140.0	-76	141
140.0	-76	142
140.0	-76	143
141.0	-76	144
141.0	-76	145
141.0	-76	146
140.0	-76	147
141.0	-76	148
141.0	-76	149
140.0	-76	150
140.0	-76	151
140.0	-76	152
140.0	-76	153
140.0	-76	154
140.0	-76	155
140.0	-76	156
140.0	-76	157
140.0	-76	158
140.0	-76	159
140.0	-76	160
140.0	-76	161
140.0	-76	162
140.0	-76	163
140.0	-76	164
140.0	-76	165
140.0	-76	166
140.0	-76	167
140.0	-76	168
140.0	-76	169
140.0	-76	170
140.0	-76	171
140.0	-76	172
140.0	-76	173
140.0	-76	174
140.0	-76	175
140.0	-76	176
140.0	-76	177
141.0	-76	178
141.0	-76	179
141.0	-75	-180
140.0	-75	-179
140.0	-75	-178
140.0	-75	-177
141.0	-75	-176
150.0	-75	-35
150.0	-75	-34
150.0	-75	-33
150.0	-75	-32
150.0	-75	-31
150.0	-75	-30
151.0	-75	-29
151.0	-75	-28
151.0	-75	-27
151.0	-75	-26
151.0	-75	-25
151.0	-75	-24
150.0	-75	-23
150.0	-75	-22
151.0	-75	-21
151.0	-75	-20
151.0	-75	-19
151.0	-75	-18
151.0	-75	-17
150.0	-75	-16
150.0	-75	-15
152.0	-75	-14
152.0	-75	-13
153.0	-75	-12
153.0	-75	-11
152.0	-75	-10
152.0	-75	-9
152.0	-75	-8
153.0	-75	-7
153.0	-75	-6
153.0	-75	-5
153.0	-75	-4
153.0	-75	-3
153.0	-75	-2
152.0	-75	-1
152.0	-75	0
153.0	-75	1
153.0	-75	2
153.0	-75	3
153.0	-75	4
149.0	-75	70
148.0	-75	71
148.0	-75	72
148.0	-75	73
147.0	-75	74
143.0	-75	105
143.0	-75	106
143.0	-75	107
142.0	-75	108
142.0	-75	109
142.0	-75	110
142.0	-75	111
142.0	-75	112
143.0	-75	113
143.0	-75	114
143.0	-75	115
142.0	-75	116
142.0	-75	117
142.0	-75	118
142.0	-75	119
141.0	-75	120
141.0	-75	121
141.0	-75	122
141.0	-75	123
141.0	-75	124
142.0	-75	125
142.0	-75	126
142.0	-75	127
142.0	-75	128
142.0	-75	129
141.0	-75	130
141.0	-75	131
140.0	-75	132
140.0	-75	133
141.0	-75	134
140.0	-75	135
140.0	-75	136
140.0	-75	137
140.0	-75	138
141.0	-75	139
140.0	-75	140
140.0	-75	141
140.0	-75	142
140.0	-75	143
141.0	-75	144
141.0	-75	145
140.0	-75	146
140.0	-75	147
140.0	-75	148
140.0	-75	149
140.0	-75	150
139.0	-75	151
139.0	-75	152
140.0	-75	153
140.0	-75	154
140.0	-75	155
140.0	-75	156
140.0	-75	157
139.0	-75	158
140.0	-75	159
140.0	-75	160
140.0	-75	161
140.0	-75	162
140.0	-75	163
139.0	-75	164
139.0	-75	165
139.0	-75	166
139.0	-75	167
138.0	-75	168
139.0	-75	169
139.0	-75	170
139.0	-75	171
139.0	-75	172
139.0	-75	173
139.0	-75	174
140.0	-75	175
141.0	-75	176
141.0	-75	177
140.0	-75	178
140.0	-75	179
140.0	-74	-180
141.0	-74	-179
141.0	-74	-178
140.0	-74	-177
141.0	-74	-176
150.0	-74	-35
152.0	-74	-34
151.0	-74	-33
151.0	-74	-32
151.0	-74	-31
151.0	-74	-30
152.0	-74	-29
152.0	-74	-28
152.0	-74	-27
151.0	-74	-26
152.0	-74	-25
151.0	-74	-24
152.0	-74	-23
152.0	-74	-22
151.0	-74	-21
151.0	-74	-20
151.0	-74	-19
152.0	-74	-18
152.0	-74	-17
152.0	-74	-16
152.0	-74	-15
153.0	-74	-14
153.0	-74	-13
152.0	-74	-12
152.0	-74	-11
153.0	-74	-10
153.0	-74	-9
153.0	-74	-8
153.0	-74	-7
153.0	-74	-6
154.0	-74	-5
153.0	-74	-4
153.0	-74	-3
153.0	-74	-2
153.0	-74	-1
153.0	-74	0
153.0	-74	1
154.0	-74	2
154.0	-74	3
153.0	-74	4
149.0	-74	70
149.0	-74	71
149.0	-74	72
148.0	-74	73
148.0	-74	74
144.0	-74	105
143.0	-74	106
143.0	-74	107
143.0	-74	108
143.0	-74	109
143.0	-74	110
143.0	-74	111
143.0	-74	112
143.0	-74	113
143.0	-74	114
143.0	-74	115
142.0	-74	116
143.0	-74	117
142.0	-74	118
141.0	-74	119
142.0	-74	120
142.0	-74	121
142.0	-74	122
142.0	-74	123
142.0	-74	124
143.0	-74	125
143.0	-74	126
143.0	-74	127
142.0	-74	128
142.0	-74	129
141.0	-74	130
142.0	-74	131
142.0	-74	132
141.0	-74	133
141.0	-74	134
141.0	-74	135
140.0	-74	136
141.0	-74	137
141.0	-74	138
141.0	-74	139
140.0	-74	140
140.0	-74	141
141.0	-74	142
141.0	-74	143
141.0	-74	144
141.0	-74	145
141.0	-74	146
141.0	-74	147
141.0	-74	148
141.0	-74	149
140.0	-74	150
139.0	-74	151
140.0	-74	152
141.0	-74	153
141.0	-74	154
141.0	-74	155
140.0	-74	156
140.0	-74	157
140.0	-74	158
140.0	-74	159
140.0	-74	160
140.0	-74	161
140.0	-74	162
141.0	-74	163
141.0	-74	164
140.0	-74	165
140.0	-74	166
139.0	-74	167
139.0	-74	168
139.0	-74	169
140.0	-74	170
140.0	-74	171
140.0	-74	172
140.0	-74	173
141.0	-74	174
141.0	-74	175
141.0	-74	176
141.0	-74	177
141.0	-74	178
140.0	-74	179
140.0	-73	-180
140.0	-73	-179
141.0	-73	-178
140.0	-73	-177
140.0	-73	-176
151.0	-73	-35
152.0	-73	-34
151.0	-73	-33
152.0	-73	-32
152.0	-73	-31
152.0	-73	-30
152.0	-73	-29
152.0	-73	-28
152.0	-73	-27
151.0	-73	-26
151.0	-73	-25
151.0	-73	-24
151.0	-73	-23
151.0	-73	-22
151.0	-73	-21
151.0	-73	-20
151.0	-73	-19
152.0	-73	-18
153.0	-73	-17
153.0	-73	-16
152.0	-73	-15
153.0	-73	-14
152.0	-73	-13
152.0	-73	-12
153.0	-73	-11
153.0	-73	-10
152.0	-73	-9
152.0	-73	-8
152.0	-73	-7
152.0	-73	-6
153.0	-73	-5
152.0	-73	-4
153.0	-73	-3
152.0	-73	-2
153.0	-73	-1
153.0	-73	0
153.0	-73	1
154.0	-73	2
154.0	-73	3
153.0	-73	4
149.0	-73	70
149.0	-73	71
149.0	-73	72
148.0	-73	73
148.0	-73	74
144.0	-73	105
143.0	-73	106
143.0	-73	107
143.0	-73	108
143.0	-73	109
143.0	-73	110
142.0	-73	111
142.0	-73	112
143.0	-73	113
142.0	-73	114
142.0	-73	115
143.0	-73	116
143.0	-73	117
143.0	-73	118
142.0	-73	119
142.0	-73	120
142.0	-73	121
143.0	-73	122
143.0	-73	123
143.0	-73	124
143.0	-73	125
143.0	-73	126
143.0	-73	127
143.0	-73	128
142.0	-73	129
141.0	-73	130
142.0	-73	131
142.0	-73	132
142.0	-73	133
141.0	-73	134
141.0	-73	135
141.0	-73	136
141.0	-73	137
141.0	-73	138
141.0	-73	139
141.0	-73	140
141.0	-73	141
141.0	-73	142
141.0	-73	143
141.0	-73	144
141.0	-73	145
141.0	-73	146
140.0	-73	147
140.0	-73	148
140.0	-73	149
139.0	-73	150
139.0	-73	151
139.0	-73	152
140.0	-73	153
141.0	-73	154
140.0	-73	155
140.0	-73	156
139.0	-73	157
139.0	-73	158
140.0	-73	159
139.0	-73	160
139.0	-73	161
140.0	-73	162
140.0	-73	163
140.0	-73	164
140.0	-73	165
140.0	-73	166
138.0	-73	167
139.0	-73	168
139.0	-73	169
140.0	-73	170
140.0	-73	171
139.0	-73	172
140.0	-73	173
140.0	-73	174
140.0	-73	175
140.0	-73	176
141.0	-73	177
140.0	-73	178
140.0	-73	179
139.0	-72	-180
139.0	-72	-179
139.0	-72	-178
139.0	-72	-177
139.0	-72	-176
150.0	-72	-35
151.0	-72	-34
151.0	-72	-33
151.0	-72	-32
151.0	-72	-31
152.0	-72	-30
152.0	-72	-29
151.0	-72	-28
151.0	-72	-27
151.0	-72	-26
151.0	-72	-25
150.0	-72	-24
150.0	-72	-23
151.0	-72	-22
151.0	-72	-21
151.0	-72	-20
152.0	-72	-19
153.0	-72	-18
153.0	-72	-17
152.0	-72	-16
152.0	-72	-15
152.0	-72	-14
152.0	-72	-13
152.0	-72	-12
152.0	-72	-11
152.0	-72	-10
152.0	-72	-9
151.0	-72	-8
152.0	-72	-7
152.0	-72	-6
152.0	-72	-5
151.0	-72	-4
152.0	-72	-3
152.0	-72	-2
152.0	-72	-1
152.0	-72	0
152.0	-72	1
153.0	-72	2
153.0	-72	3
153.0	-72	4
148.0	-72	70
148.0	-72	71
148.0	-72	72
147.0	-72	73
147.0	-72	74
142.0	-72	105
143.0	-72	106
142.0	-72	107
142.0	-72	108
142.0	-72	109
142.0	-72	110
142.0	-72	111
142.0	-72	112
142.0	-72	113
142.0	-72	114
143.0	-72	115
142.0	-72	116
142.0	-72	117
142.0	-72	118
141.0	-72	119
141.0	-72	120
141.0	-72	121
141.0	-72	122
141.0	-72	123
141.0	-72	124
141.0	-72	125
141.0	-72	126
141.0	-72	127
141.0	-72	128
141.0	-72	129
141.0	-72	130
140.0	-72	131
141.0	-72	132
141.0	-72	133
141.0	-72	134
141.0	-72	135
141.0	-72	136
141.0	-72	137
141.0	-72	138
141.0	-72	139
140.0	-72	140
140.0	-72	141
139.0	-72	142
139.0	-72	143
139.0	-72	144
139.0	-72	145
139.0	-72	146
139.0	-72	147
139.0	-72	148
139.0	-72	149
138.0	-72	150
139.0	-72	151
139.0	-72	152
139.0	-72	153
139.0	-72	154
139.0	-72	155
139.0	-72	156
139.0	-72	157
138.0	-72	158
138.0	-72	159
138.0	-72	160
138.0	-72	161
138.0	-72	162
139.0	-72	163
139.0	-72	164
139.0	-72	165
139.0	-72	166
138.0	-72	167
138.0	-72	168
138.0	-72	169
138.0	-72	170
138.0	-72	171
138.0	-72	172
139.0	-72	173
139.0	-72	174
139.0	-72	175
139.0	-72	176
139.0	-72	177
139.0	-72	178
139.0	-72	179
139.0	-71	-180
139.0	-71	-179
139.0	-71	-178
139.0	-71	-177
140.0	-71	-176
151.0	-71	-35
151.0	-71	-34
151.0	-71	-33
151.0	-71	-32
151.0	-71	-31
151.0	-71	-30
152.0	-71	-29
151.0	-71	-28
152.0	-71	-27
152.0	-71	-26
152.0	-71	-25
151.0	-71	-24
151.0	-71	-23
152.0	-71	-22
153.0	-71	-21
153.0	-71	-20
153.0	-71	-19
154.0	-71	-18
154.0	-71	-17
154.0	-71	-16
153.0	-71	-15
152.0	-71	-14
153.0	-71	-13
153.0	-71	-12
153.0	-71	-11
153.0	-71	-10
153.0	-71	-9
153.0	-71	-8
154.0	-71	-7
153.0	-71	-6
153.0	-71	-5
153.0	-71	-4
153.0	-71	-3
153.0	-71	-2
153.0	-71	-1
153.0	-71	0
153.0	-71	1
154.0	-71	2
154.0	-71	3
154.0	-71	4
149.0	-71	70
149.0	-71	71
149.0	-71	72
148.0	-71	73
148.0	-71	74
143.0	-71	105
143.0	-71	106
143.0	-71	107
143.0	-71	108
143.0	-71	109
143.0	-71	110
143.0	-71	111
144.0	-71	112
143.0	-71	113
142.0	-71	114
143.0	-71	115
142.0	-71	116
142.0	-71	117
143.0	-71	118
142.0	-71	119
142.0	-71	120
141.0	-71	121
141.0	-71	122
141.0	-71	123
141.0	-71	124
141.0	-71	125
141.0	-71	126
141.0	-71	127
141.0	-71	128
141.0	-71	129
141.0	-71	130
140.0	-71	131
140.0	-71	132
140.0	-71	133
140.0	-71	134
140.0	-71	135
141.0	-71	136
141.0	-71	137
141.0	-71	138
140.0	-71	139
141.0	-71	140
140.0	-71	141
140.0	-71	142
139.0	-71	143
140.0	-71	144
139.0	-71	145
139.0	-71	146
140.0	-71	147
140.0	-71	148
140.0	-71	149
139.0	-71	150
139.0	-71	151
139.0	-71	152
139.0	-71	153
140.0	-71	154
140.0	-71	155
140.0	-71	156
139.0	-71	157
139.0	-71	158
139.0	-71	159
139.0	-71	160
139.0	-71	161
139.0	-71	162
140.0	-71	163
140.0	-71	164
140.0	-71	165
139.0	-71	166
140.0	-71	167
139.0	-71	168
139.0	-71	169
139.0	-71	170
139.0	-71	171
138.0	-71	172
139.0	-71	173
139.0	-71	174
139.0	-71	175
140.0	-71	176
139.0	-71	177
139.0	-71	178
139.0	-71	179
151.0	-70	-40
151.0	-70	-39
151.0	-70	-38
151.0	-70	-37
151.0	-70	-36
152.0	-70	-35
152.0	-70	-34
151.0	-70	-33
151.0	-70	-32
151.0	-70	-31
152.0	-70	-30
151.0	-70	-29
152.0	-70	-28
153.0	-70	-27
153.0	-70	-26
152.0	-70	-25
152.0	-70	-24
153.0	-70	-23
154.0	-70	-22
154.0	-70	-21
154.0	-70	-20
154.0	-70	-19
155.0	-70	-18
154.0	-70	-17
154.0	-70	-16
153.0	-70	-15
153.0	-70	-14
153.0	-70	-13
153.0	-70	-12
154.0	-70	-11
154.0	-70	-10
154.0	-70	-9
154.0	-70	-8
154.0	-70	-7
155.0	-70	-6
154.0	-70	-5
155.0	-70	-4
154.0	-70	-3
154.0	-70	-2
154.0	-70	-1
154.0	-70	0
153.0	-70	1
154.0	-70	2
154.0	-70	3
154.0	-70	4
143.0	-70	110
143.0	-70	111
144.0	-70	112
143.0	-70	113
143.0	-70	114
143.0	-70	115
143.0	-70	116
143.0	-70	117
143.0	-70	118
143.0	-70	119
142.0	-70	120
142.0	-70	121
142.0	-70	122
142.0	-70	123
142.0	-70	124
142.0	-70	125
141.0	-70	126
141.0	-70	127
141.0	-70	128
141.0	-70	129
141.0	-70	130
141.0	-70	131
141.0	-70	132
141.0	-70	133
141.0	-70	134
141.0	-70	135
141.0	-70	136
141.0	-70	137
140.0	-70	138
140.0	-70	139
140.0	-70	140
140.0	-70	141
140.0	-70	142
140.0	-70	143
139.0	-70	144
140.0	-70	145
140.0	-70	146
140.0	-70	147
140.0	-70	148
140.0	-70	149
140.0	-70	150
140.0	-70	151
140.0	-70	152
140.0	-70	153
140.0	-70	154
140.0	-70	155
140.0	-70	156
140.0	-70	157
140.0	-70	158
139.0	-70	159
139.0	-70	160
139.0	-70	161
139.0	-70	162
140.0	-70	163
140.0	-70	164
139.0	-70	165
140.0	-70	166
139.0	-70	167
140.0	-70	168
140.0	-70	169
140.0	-70	170
139.0	-70	171
139.0	-70	172
139.0	-70	173
140.0	-70	174
140.0	-70	175
139.0	-70	176
139.0	-70	177
140.0	-70	178
139.0	-70	179
152.0	-69	-40
152.0	-69	-39
152.0	-69	-38
152.0	-69	-37
152.0	-69	-36
152.0	-69	-35
153.0	-69	-34
153.0	-69	-33
153.0	-69	-32
153.0	-69	-31
152.0	-69	-30
152.0	-69	-29
153.0	-69	-28
154.0	-69	-27
153.0	-69	-26
153.0	-69	-25
154.0	-69	-24
155.0	-69	-23
155.0	-69	-22
155.0	-69	-21
155.0	-69	-20
155.0	-69	-19
154.0	-69	-18
155.0	-69	-17
155.0	-69	-16
154.0	-69	-15
154.0	-69	-14
154.0	-69	-13
154.0	-69	-12
155.0	-69	-11
155.0	-69	-10
155.0	-69	-9
155.0	-69	-8
156.0	-69	-7
155.0	-69	-6
155.0	-69	-5
155.0	-69	-4
154.0	-69	-3
155.0	-69	-2
155.0	-69	-1
154.0	-69	0
154.0	-69	1
154.0	-69	2
154.0	-69	3
154.0	-69	4
144.0	-69	110
145.0	-69	111
144.0	-69	112
143.0	-69	113
144.0	-69	114
144.0	-69	115
143.0	-69	116
143.0	-69	117
143.0	-69	118
143.0	-69	119
142.0	-69	120
142.0	-69	121
143.0	-69	122
143.0	-69	123
143.0	-69	124
142.0	-69	125
142.0	-69	126
142.0	-69	127
142.0	-69	128
142.0	-69	129
142.0	-69	130
142.0	-69	131
142.0	-69	132
142.0	-69	133
142.0	-69	134
142.0	-69	135
141.0	-69	136
141.0	-69	137
141.0	-69	138
140.0	-69	139
140.0	-69	140
140.0	-69	141
141.0	-69	142
141.0	-69	143
140.0	-69	144
140.0	-69	145
141.0	-69	146
141.0	-69	147
141.0	-69	148
141.0	-69	149
140.0	-69	150
140.0	-69	151
141.0	-69	152
140.0	-69	153
141.0	-69	154
141.0	-69	155
141.0	-69	156
141.0	-69	157
141.0	-69	158
140.0	-69	159
140.0	-69	160
139.0	-69	161
139.0	-69	162
139.0	-69	163
139.0	-69	164
140.0	-69	165
140.0	-69	166
140.0	-69	167
140.0	-69	168
140.0	-69	169
141.0	-69	170
140.0	-69	171
140.0	-69	172
140.0	-69	173
139.0	-69	174
140.0	-69	175
140.0	-69	176
140.0	-69	177
140.0	-69	178
140.0	-69	179
151.0	-68	-40
151.0	-68	-39
152.0	-68	-38
152.0	-68	-37
151.0	-68	-36
153.0	-68	-35
153.0	-68	-34
153.0	-68	-33
153.0	-68	-32
153.0	-68	-31
153.0	-68	-30
153.0	-68	-29
154.0	-68	-28
153.0	-68	-27
153.0	-68	-26
154.0	-68	-25
154.0	-68	-24
154.0	-68	-23
155.0	-68	-22
154.0	-68	-21
154.0	-68	-20
154.0	-68	-19
154.0	-68	-18
154.0	-68	-17
154.0	-68	-16
154.0	-68	-15
153.0	-68	-14
154.0	-68	-13
154.0	-68	-12
155.0	-68	-11
154.0	-68	-10
155.0	-68	-9
155.0	-68	-8
155.0	-68	-7
155.0	-68	-6
155.0	-68	-5
155.0	-68	-4
155.0	-68	-3
155.0	-68	-2
154.0	-68	-1
154.0	-68	0
153.0	-68	1
154.0	-68	2
154.0	-68	3
154.0	-68	4
144.0	-68	110
144.0	-68	111
144.0	-68	112
144.0	-68	113
144.0	-68	114
143.0	-68	115
143.0	-68	116
143.0	-68	117
143.0	-68	118
143.0	-68	119
142.0	-68	120
142.0	-68	121
142.0	-68	122
142.0	-68	123
142.0	-68	124
143.0	-68	125
142.0	-68	126
142.0	-68	127
142.0	-68	128
142.0	-68	129
142.0	-68	130
142.0	-68	131
141.0	-68	132
142.0	-68	133
142.0	-68	134
142.0	-68	135
141.0	-68	136
141.0	-68	137
140.0	-68	138
141.0	-68	139
140.0	-68	140
140.0	-68	141
140.0	-68	142
140.0	-68	143
140.0	-68	144
140.0	-68	145
140.0	-68	146
140.0	-68	147
140.0	-68	148
140.0	-68	149
140.0	-68	150
140.0	-68	151
140.0	-68	152
141.0	-68	153
140.0	-68	154
140.0	-68	155
141.0	-68	156
141.0	-68	157
141.0	-68	158
140.0	-68	159
140.0	-68	160
139.0	-68	161
139.0	-68	162
139.0	-68	163
139.0	-68	164
140.0	-68	165
140.0	-68	166
140.0	-68	167
141.0	-68	168
140.0	-68	169
140.0	-68	170
140.0	-68	171
140.0	-68	172
140.0	-68	173
139.0	-68	174
139.0	-68	175
139.0	-68	176
139.0	-68	177
139.0	-68	178
140.0	-68	179
152.0	-67	-40
152.0	-67	-39
153.0	-67	-38
153.0	-67	-37
153.0	-67	-36
153.0	-67	-35
153.0	-67	-34
154.0	-67	-33
154.0	-67	-32
153.0	-67	-31
153.0	-67	-30
153.0	-67	-29
154.0	-67	-28
154.0	-67	-27
155.0	-67	-26
155.0	-67	-25
155.0	-67	-24
155.0	-67	-23
155.0	-67	-22
154.0	-67	-21
154.0	-67	-20
154.0	-67	-19
155.0	-67	-18
155.0	-67	-17
155.0	-67	-16
154.0	-67	-15
154.0	-67	-14
154.0	-67	-13
156.0	-67	-12
156.0	-67	-11
156.0	-67	-10
156.0	-67	-9
156.0	-67	-8
156.0	-67	-7
156.0	-67	-6
156.0	-67	-5
157.0	-67	-4
156.0	-67	-3
156.0	-67	-2
155.0	-67	-1
155.0	-67	0
154.0	-67	1
155.0	-67	2
156.0	-67	3
156.0	-67	4
144.0	-67	110
145.0	-67	111
144.0	-67	112
144.0	-67	113
144.0	-67	114
144.0	-67	115
143.0	-67	116
143.0	-67	117
143.0	-67	118
143.0	-67	119
142.0	-67	120
143.0	-67	121
143.0	-67	122
142.0	-67	123
143.0	-67	124
143.0	-67	125
142.0	-67	126
142.0	-67	127
141.0	-67	128
142.0	-67	129
142.0	-67	130
142.0	-67	131
141.0	-67	132
141.0	-67	133
142.0	-67	134
142.0	-67	135
142.0	-67	136
141.0	-67	137
141.0	-67	138
141.0	-67	139
141.0	-67	140
141.0	-67	141
141.0	-67	142
140.0	-67	143
140.0	-67	144
140.0	-67	145
141.0	-67	146
141.0	-67	147
141.0	-67	148
141.0	-67	149
142.0	-67	150
141.0	-67	151
141.0	-67	152
141.0	-67	153
141.0	-67	154
141.0	-67	155
141.0	-67	156
141.0	-67	157
142.0	-67	158
141.0	-67	159
140.0	-67	160
140.0	-67	161
140.0	-67	162
141.0	-67	163
141.0	-67	164
141.0	-67	165
141.0	-67	166
141.0	-67	167
141.0	-67	168
142.0	-67	169
141.0	-67	170
141.0	-67	171
141.0	-67	172
141.0	-67	173
140.0	-67	174
141.0	-67	175
140.0	-67	176
140.0	-67	177
141.0	-67	178
141.0	-67	179
152.0	-66	-40
153.0	-66	-39
153.0	-66	-38
153.0	-66	-37
153.0	-66	-36
153.0	-66	-35
153.0	-66	-34
153.0	-66	-33
153.0	-66	-32
153.0	-66	-31
153.0	-66	-30
153.0	-66	-29
154.0	-66	-28
155.0	-66	-27
154.0	-66	-26
154.0	-66	-25
154.0	-66	-24
155.0	-66	-23
154.0	-66	-22
154.0	-66	-21
154.0	-66	-20
155.0	-66	-19
155.0	-66	-18
155.0	-66	-17
154.0	-66	-16
154.0	-66	-15
155.0	-66	-14
154.0	-66	-13
155.0	-66	-12
156.0	-66	-11
156.0	-66	-10
156.0	-66	-9
156.0	-66	-8
156.0	-66	-7
156.0	-66	-6
156.0	-66	-5
156.0	-66	-4
156.0	-66	-3
155.0	-66	-2
155.0	-66	-1
155.0	-66	0
156.0	-66	1
155.0	-66	2
156.0	-66	3
157.0	-66	4
145.0	-66	110
145.0	-66	111
145.0	-66	112
145.0	-66	113
144.0	-66	114
143.0	-66	115
143.0	-66	116
143.0	-66	117
143.0	-66	118
143.0	-66	119
144.0	-66	120
142.0	-66	121
142.0	-66	122
142.0	-66	123
142.0	-66	124
142.0	-66	125
143.0	-66	126
142.0	-66	127
142.0	-66	128
141.0	-66	129
141.0	-66	130
141.0	-66	131
141.0	-66	132
142.0	-66	133
142.0	-66	134
142.0	-66	135
142.0	-66	136
142.0	-66	137
141.0	-66	138
141.0	-66	139
141.0	-66	140
141.0	-66	141
141.0	-66	142
140.0	-66	143
140.0	-66	144
141.0	-66	145
140.0	-66	146
140.0	-66	147
141.0	-66	148
141.0	-66	149
142.0	-66	150
141.0	-66	151
140.0	-66	152
140.0	-66	153
141.0	-66	154
140.0	-66	155
141.0	-66	156
140.0	-66	157
141.0	-66	158
140.0	-66	159
140.0	-66	160
140.0	-66	161
140.0	-66	162
140.0	-66	163
141.0	-66	164
140.0	-66	165
140.0	-66	166
141.0	-66	167
141.0	-66	168
141.0	-66	169
141.0	-66	170
140.0	-66	171
140.0	-66	172
141.0	-66	173
141.0	-66	174
141.0	-66	175
141.0	-66	176
141.0	-66	177
141.0	-66	178
141.0	-66	179
152.0	-65	-50
152.0	-65	-49
152.0	-65	-48
151.0	-65	-47
151.0	-65	-46
152.0	-65	-45
152.0	-65	-44
152.0	-65	-43
152.0	-65	-42
153.0	-65	-41
153.0	-65	-40
153.0	-65	-39
153.0	-65	-38
153.0	-65	-37
153.0	-65	-36
153.0	-65	-35
153.0	-65	-34
154.0	-65	-33
153.0	-65	-32
153.0	-65	-31
154.0	-65	-30
154.0	-65	-29
154.0	-65	-28
154.0	-65	-27
154.0	-65	-26
154.0	-65	-25
154.0	-65	-24
154.0	-65	-23
154.0	-65	-22
154.0	-65	-21
154.0	-65	-20
155.0	-65	-19
154.0	-65	-18
154.0	-65	-17
155.0	-65	-16
155.0	-65	-15
155.0	-65	-14
155.0	-65	-13
156.0	-65	-12
156.0	-65	-11
156.0	-65	-10
156.0	-65	-9
156.0	-65	-8
155.0	-65	-7
156.0	-65	-6
155.0	-65	-5
156.0	-65	-4
155.0	-65	-3
156.0	-65	-2
156.0	-65	-1
144.0	-65	115
144.0	-65	116
144.0	-65	117
144.0	-65	118
144.0	-65	119
144.0	-65	120
144.0	-65	121
144.0	-65	122
144.0	-65	123
143.0	-65	124
143.0	-65	125
143.0	-65	126
142.0	-65	127
141.0	-65	128
142.0	-65	129
142.0	-65	130
141.0	-65	131
142.0	-65	132
142.0	-65	133
142.0	-65	134
142.0	-65	135
142.0	-65	136
142.0	-65	137
142.0	-65	138
141.0	-65	139
141.0	-65	140
141.0	-65	141
141.0	-65	142
141.0	-65	143
140.0	-65	144
140.0	-65	145
141.0	-65	146
141.0	-65	147
141.0	-65	148
141.0	-65	149
141.0	-65	150
140.0	-65	151
141.0	-65	152
141.0	-65	153
141.0	-65	154
141.0	-65	155
141.0	-65	156
141.0	-65	157
141.0	-65	158
140.0	-65	159
140.0	-65	160
140.0	-65	161
140.0	-65	162
141.0	-65	163
140.0	-65	164
140.0	-65	165
140.0	-65	166
140.0	-65	167
141.0	-65	168
141.0	-65	169
140.0	-65	170
140.0	-65	171
140.0	-65	172
141.0	-65	173
142.0	-65	174
152.0	-64	-50
152.0	-64	-49
152.0	-64	-48
151.0	-64	-47
152.0	-64	-46
152.0	-64	-45
152.0	-64	-44
152.0	-64	-43
153.0	-64	-42
153.0	-64	-41
153.0	-64	-40
153.0	-64	-39
153.0	-64	-38
153.0	-64	-37
153.0	-64	-36
153.0	-64	-35
153.0	-64	-34
154.0	-64	-33
154.0	-64	-32
154.0	-64	-31
154.0	-64	-30
154.0	-64	-29
154.0	-64	-28
154.0	-64	-27
154.0	-64	-26
154.0	-64	-25
154.0	-64	-24
154.0	-64	-23
154.0	-64	-22
154.0	-64	-21
154.0	-64	-20
155.0	-64	-19
155.0	-64	-18
155.0	-64	-17
156.0	-64	-16
155.0	-64	-15
155.0	-64	-14
155.0	-64	-13
156.0	-64	-12
156.0	-64	-11
157.0	-64	-10
157.0	-64	-9
155.0	-64	-8
155.0	-64	-7
156.0	-64	-6
156.0	-64	-5
156.0	-64	-4
156.0	-64	-3
156.0	-64	-2
158.0	-64	-1
145.0	-64	115
145.0	-64	116
145.0	-64	117
145.0	-64	118
145.0	-64	119
145.0	-64	120
145.0	-64	121
144.0	-64	122
144.0	-64	123
144.0	-64	124
144.0	-64	125
144.0	-64	126
143.0	-64	127
143.0	-64	128
143.0	-64	129
143.0	-64	130
142.0	-64	131
142.0	-64	132
143.0	-64	133
142.0	-64	134
142.0	-64	135
142.0	-64	136
142.0	-64	137
142.0	-64	138
141.0	-64	139
141.0	-64	140
141.0	-64	141
141.0	-64	142
141.0	-64	143
141.0	-64	144
141.0	-64	145
141.0	-64	146
141.0	-64	147
141.0	-64	148
141.0	-64	149
141.0	-64	150
141.0	-64	151
141.0	-64	152
141.0	-64	153
141.0	-64	154
141.0	-64	155
141.0	-64	156
141.0	-64	157
141.0	-64	158
140.0	-64	159
140.0	-64	160
140.0	-64	161
140.0	-64	162
140.0	-64	163
140.0	-64	164
140.0	-64	165
140.0	-64	166
141.0	-64	167
141.0	-64	168
141.0	-64	169
141.0	-64	170
141.0	-64	171
141.0	-64	172
142.0	-64	173
142.0	-64	174
151.0	-63	-50
151.0	-63	-49
151.0	-63	-48
152.0	-63	-47
153.0	-63	-46
152.0	-63	-45
152.0	-63	-44
152.0	-63	-43
152.0	-63	-42
152.0	-63	-41
152.0	-63	-40
152.0	-63	-39
153.0	-63	-38
153.0	-63	-37
153.0	-63	-36
154.0	-63	-35
153.0	-63	-34
154.0	-63	-33
154.0	-63	-32
154.0	-63	-31
155.0	-63	-30
155.0	-63	-29
154.0	-63	-28
154.0	-63	-27
155.0	-63	-26
155.0	-63	-25
155.0	-63	-24
155.0	-63	-23
155.0	-63	-22
155.0	-63	-21
155.0	-63	-20
156.0	-63	-19
156.0	-63	-18
156.0	-63	-17
156.0	-63	-16
156.0	-63	-15
156.0	-63	-14
156.0	-63	-13
156.0	-63	-12
157.0	-63	-11
157.0	-63	-10
157.0	-63	-9
156.0	-63	-8
156.0	-63	-7
156.0	-63	-6
156.0	-63	-5
156.0	-63	-4
157.0	-63	-3
157.0	-63	-2
158.0	-63	-1
145.0	-63	115
145.0	-63	116
145.0	-63	117
145.0	-63	118
145.0	-63	119
145.0	-63	120
146.0	-63	121
145.0	-63	122
145.0	-63	123
144.0	-63	124
144.0	-63	125
144.0	-63	126
143.0	-63	127
143.0	-63	128
142.0	-63	129
143.0	-63	130
143.0	-63	131
143.0	-63	132
144.0	-63	133
143.0	-63	134
143.0	-63	135
143.0	-63	136
143.0	-63	137
143.0	-63	138
143.0	-63	139
143.0	-63	140
142.0	-63	141
142.0	-63	142
142.0	-63	143
143.0	-63	144
142.0	-63	145
142.0	-63	146
142.0	-63	147
142.0	-63	148
142.0	-63	149
142.0	-63	150
142.0	-63	151
142.0	-63	152
141.0	-63	153
141.0	-63	154
141.0	-63	155
142.0	-63	156
142.0	-63	157
141.0	-63	158
141.0	-63	159
140.0	-63	160
141.0	-63	161
140.0	-63	162
140.0	-63	163
140.0	-63	164
140.0	-63	165
140.0	-63	166
141.0	-63	167
141.0	-63	168
142.0	-63	169
142.0	-63	170
142.0	-63	171
142.0	-63	172
142.0	-63	173
142.0	-63	174
152.0	-62	-50
153.0	-62	-49
153.0	-62	-48
153.0	-62	-47
153.0	-62	-46
153.0	-62	-45
153.0	-62	-44
153.0	-62	-43
153.0	-62	-42
154.0	-62	-41
153.0	-62	-40
153.0	-62	-39
153.0	-62	-38
153.0	-62	-37
154.0	-62	-36
154.0	-62	-35
154.0	-62	-34
155.0	-62	-33
155.0	-62	-32
155.0	-62	-31
155.0	-62	-30
155.0	-62	-29
155.0	-62	-28
156.0	-62	-27
156.0	-62	-26
156.0	-62	-25
156.0	-62	-24
156.0	-62	-23
156.0	-62	-22
156.0	-62	-21
156.0	-62	-20
157.0	-62	-19
156.0	-62	-18
156.0	-62	-17
157.0	-62	-16
157.0	-62	-15
156.0	-62	-14
156.0	-62	-13
156.0	-62	-12
157.0	-62	-11
157.0	-62	-10
157.0	-62	-9
157.0	-62	-8
157.0	-62	-7
157.0	-62	-6
157.0	-62	-5
158.0	-62	-4
158.0	-62	-3
158.0	-62	-2
158.0	-62	-1
145.0	-62	115
147.0	-62	116
146.0	-62	117
146.0	-62	118
146.0	-62	119
147.0	-62	120
147.0	-62	121
146.0	-62	122
146.0	-62	123
145.0	-62	124
144.0	-62	125
144.0	-62	126
143.0	-62	127
143.0	-62	128
143.0	-62	129
143.0	-62	130
144.0	-62	131
144.0	-62	132
144.0	-62	133
144.0	-62	134
144.0	-62	135
143.0	-62	136
144.0	-62	137
144.0	-62	138
144.0	-62	139
144.0	-62	140
143.0	-62	141
143.0	-62	142
144.0	-62	143
143.0	-62	144
142.0	-62	145
142.0	-62	146
142.0	-62	147
142.0	-62	148
142.0	-62	149
142.0	-62	150
142.0	-62	151
142.0	-62	152
142.0	-62	153
142.0	-62	154
141.0	-62	155
141.0	-62	156
141.0	-62	157
141.0	-62	158
141.0	-62	159
141.0	-62	160
140.0	-62	161
141.0	-62	162
142.0	-62	163
141.0	-62	164
142.0	-62	165
142.0	-62	166
142.0	-62	167
142.0	-62	168
142.0	-62	169
143.0	-62	170
143.0	-62	171
143.0	-62	172
142.0	-62	173
142.0	-62	174
151.0	-61	-50
151.0	-61	-49
151.0	-61	-48
152.0	-61	-47
152.0	-61	-46
152.0	-61	-45
152.0	-61	-44
151.0	-61	-43
152.0	-61	-42
153.0	-61	-41
153.0	-61	-40
152.0	-61	-39
152.0	-61	-38
152.0	-61	-37
153.0	-61	-36
153.0	-61	-35
153.0	-61	-34
154.0	-61	-33
154.0	-61	-32
153.0	-61	-31
154.0	-61	-30
154.0	-61	-29
154.0	-61	-28
155.0	-61	-27
155.0	-61	-26
155.0	-61	-25
155.0	-61	-24
155.0	-61	-23
154.0	-61	-22
154.0	-61	-21
154.0	-61	-20
155.0	-61	-19
155.0	-61	-18
155.0	-61	-17
155.0	-61	-16
155.0	-61	-15
155.0	-61	-14
154.0	-61	-13
154.0	-61	-12
155.0	-61	-11
155.0	-61	-10
156.0	-61	-9
155.0	-61	-8
154.0	-61	-7
155.0	-61	-6
156.0	-61	-5
156.0	-61	-4
157.0	-61	-3
156.0	-61	-2
157.0	-61	-1
145.0	-61	115
145.0	-61	116
145.0	-61	117
145.0	-61	118
145.0	-61	119
145.0	-61	120
145.0	-61	121
144.0	-61	122
144.0	-61	123
143.0	-61	124
143.0	-61	125
143.0	-61	126
142.0	-61	127
142.0	-61	128
143.0	-61	129
142.0	-61	130
142.0	-61	131
143.0	-61	132
142.0	-61	133
142.0	-61	134
142.0	-61	135
142.0	-61	136
142.0	-61	137
142.0	-61	138
142.0	-61	139
142.0	-61	140
142.0	-61	141
141.0	-61	142
141.0	-61	143
141.0	-61	144
140.0	-61	145
140.0	-61	146
141.0	-61	147
141.0	-61	148
140.0	-61	149
141.0	-61	150
141.0	-61	151
141.0	-61	152
140.0	-61	153
140.0	-61	154
139.0	-61	155
139.0	-61	156
139.0	-61	157
139.0	-61	158
139.0	-61	159
139.0	-61	160
139.0	-61	161
140.0	-61	162
139.0	-61	163
139.0	-61	164
139.0	-61	165
140.0	-61	166
140.0	-61	167
140.0	-61	168
141.0	-61	169
141.0	-61	170
141.0	-61	171
141.0	-61	172
140.0	-61	173
140.0	-61	174
150.0	-60	-55
149.0	-60	-54
150.0	-60	-53
150.0	-60	-52
150.0	-60	-51
150.0	-60	-50
150.0	-60	-49
151.0	-60	-48
151.0	-60	-47
152.0	-60	-46
152.0	-60	-45
151.0	-60	-44
152.0	-60	-43
153.0	-60	-42
153.0	-60	-41
152.0	-60	-40
153.0	-60	-39
152.0	-60	-38
153.0	-60	-37
153.0	-60	-36
153.0	-60	-35
154.0	-60	-34
154.0	-60	-33
153.0	-60	-32
153.0	-60	-31
154.0	-60	-30
154.0	-60	-29
154.0	-60	-28
154.0	-60	-27
154.0	-60	-26
154.0	-60	-25
155.0	-60	-24
155.0	-60	-23
155.0	-60	-22
155.0	-60	-21
155.0	-60	-20
155.0	-60	-19
155.0	-60	-18
156.0	-60	-17
155.0	-60	-16
155.0	-60	-15
154.0	-60	-14
154.0	-60	-13
153.0	-60	-12
154.0	-60	-11
155.0	-60	-10
155.0	-60	-9
155.0	-60	-8
155.0	-60	-7
155.0	-60	-6
144.0	-60	115
144.0	-60	116
145.0	-60	117
144.0	-60	118
144.0	-60	119
144.0	-60	120
144.0	-60	121
144.0	-60	122
143.0	-60	123
143.0	-60	124
143.0	-60	125
142.0	-60	126
142.0	-60	127
142.0	-60	128
142.0	-60	129
142.0	-60	130
142.0	-60	131
142.0	-60	132
142.0	-60	133
142.0	-60	134
142.0	-60	135
142.0	-60	136
142.0	-60	137
142.0	-60	138
141.0	-60	139
140.0	-60	140
141.0	-60	141
141.0	-60	142
141.0	-60	143
141.0	-60	144
140.0	-60	145
140.0	-60	146
140.0	-60	147
140.0	-60	148
140.0	-60	149
140.0	-60	150
140.0	-60	151
140.0	-60	152
140.0	-60	153
140.0	-60	154
140.0	-60	155
139.0	-60	156
139.0	-60	157
139.0	-60	158
140.0	-60	159
140.0	-60	160
140.0	-60	161
140.0	-60	162
140.0	-60	163
140.0	-60	164
140.0	-60	165
139.0	-60	166
139.0	-60	167
140.0	-60	168
140.0	-60	169
152.0	-59	-55
152.0	-59	-54
152.0	-59	-53
152.0	-59	-52
152.0	-59	-51
152.0	-59	-50
152.0	-59	-49
152.0	-59	-48
153.0	-59	-47
153.0	-59	-46
154.0	-59	-45
153.0	-59	-44
153.0	-59	-43
154.0	-59	-42
154.0	-59	-41
154.0	-59	-40
154.0	-59	-39
154.0	-59	-38
154.0	-59	-37
155.0	-59	-36
154.0	-59	-35
154.0	-59	-34
154.0	-59	-33
155.0	-59	-32
155.0	-59	-31
156.0	-59	-30
155.0	-59	-29
155.0	-59	-28
155.0	-59	-27
155.0	-59	-26
155.0	-59	-25
157.0	-59	-24
157.0	-59	-23
156.0	-59	-22
156.0	-59	-21
156.0	-59	-20
157.0	-59	-19
157.0	-59	-18
157.0	-59	-17
157.0	-59	-16
156.0	-59	-15
155.0	-59	-14
155.0	-59	-13
155.0	-59	-12
155.0	-59	-11
155.0	-59	-10
155.0	-59	-9
156.0	-59	-8
156.0	-59	-7
156.0	-59	-6
145.0	-59	115
145.0	-59	116
145.0	-59	117
146.0	-59	118
146.0	-59	119
146.0	-59	120
146.0	-59	121
145.0	-59	122
144.0	-59	123
144.0	-59	124
144.0	-59	125
144.0	-59	126
143.0	-59	127
144.0	-59	128
144.0	-59	129
143.0	-59	130
143.0	-59	131
143.0	-59	132
144.0	-59	133
143.0	-59	134
143.0	-59	135
142.0	-59	136
142.0	-59	137
142.0	-59	138
142.0	-59	139
142.0	-59	140
142.0	-59	141
143.0	-59	142
143.0	-59	143
142.0	-59	144
141.0	-59	145
141.0	-59	146
141.0	-59	147
141.0	-59	148
140.0	-59	149
140.0	-59	150
141.0	-59	151
140.0	-59	152
141.0	-59	153
141.0	-59	154
140.0	-59	155
141.0	-59	156
141.0	-59	157
141.0	-59	158
140.0	-59	159
140.0	-59	160
140.0	-59	161
141.0	-59	162
141.0	-59	163
140.0	-59	164
140.0	-59	165
140.0	-59	166
139.0	-59	167
140.0	-59	168
140.0	-59	169
151.0	-58	-55
151.0	-58	-54
152.0	-58	-53
153.0	-58	-52
153.0	-58	-51
152.0	-58	-50
153.0	-58	-49
153.0	-58	-48
153.0	-58	-47
154.0	-58	-46
153.0	-58	-45
153.0	-58	-44
153.0	-58	-43
153.0	-58	-42
155.0	-58	-41
154.0	-58	-40
155.0	-58	-39
155.0	-58	-38
154.0	-58	-37
155.0	-58	-36
154.0	-58	-35
155.0	-58	-34
155.0	-58	-33
155.0	-58	-32
155.0	-58	-31
155.0	-58	-30
155.0	-58	-29
155.0	-58	-28
155.0	-58	-27
155.0	-58	-26
156.0	-58	-25
157.0	-58	-24
156.0	-58	-23
156.0	-58	-22
157.0	-58	-21
156.0	-58	-20
157.0	-58	-19
157.0	-58	-18
157.0	-58	-17
157.0	-58	-16
157.0	-58	-15
156.0	-58	-14
156.0	-58	-13
156.0	-58	-12
156.0	-58	-11
156.0	-58	-10
157.0	-58	-9
156.0	-58	-8
156.0	-58	-7
156.0	-58	-6
145.0	-58	115
145.0	-58	116
145.0	-58	117
145.0	-58	118
145.0	-58	119
146.0	-58	120
146.0	-58	121
145.0	-58	122
145.0	-58	123
144.0	-58	124
144.0	-58	125
144.0	-58	126
143.0	-58	127
143.0	-58	128
143.0	-58	129
143.0	-58	130
144.0	-58	131
143.0	-58	132
143.0	-58	133
143.0	-58	134
143.0	-58	135
143.0	-58	136
142.0	-58	137
142.0	-58	138
143.0	-58	139
143.0	-58	140
143.0	-58	141
143.0	-58	142
144.0	-58	143
143.0	-58	144
143.0	-58	145
142.0	-58	146
141.0	-58	147
141.0	-58	148
141.0	-58	149
141.0	-58	150
141.0	-58	151
141.0	-58	152
141.0	-58	153
141.0	-58	154
140.0	-58	155
140.0	-58	156
140.0	-58	157
140.0	-58	158
140.0	-58	159
140.0	-58	160
140.0	-58	161
140.0	-58	162
141.0	-58	163
141.0	-58	164
140.0	-58	165
139.0	-58	166
139.0	-58	167
140.0	-58	168
140.0	-58	169
151.0	-57	-55
152.0	-57	-54
152.0	-57	-53
153.0	-57	-52
151.0	-57	-51
151.0	-57	-50
152.0	-57	-49
152.0	-57	-48
152.0	-57	-47
153.0	-57	-46
153.0	-57	-45
153.0	-57	-44
153.0	-57	-43
154.0	-57	-42
154.0	-57	-41
154.0	-57	-40
153.0	-57	-39
153.0	-57	-38
153.0	-57	-37
154.0	-57	-36
154.0	-57	-35
154.0	-57	-34
154.0	-57	-33
155.0	-57	-32
154.0	-57	-31
154.0	-57	-30
154.0	-57	-29
154.0	-57	-28
154.0	-57	-27
155.0	-57	-26
156.0	-57	-25
156.0	-57	-24
156.0	-57	-23
155.0	-57	-22
155.0	-57	-21
155.0	-57	-20
155.0	-57	-19
156.0	-57	-18
156.0	-57	-17
156.0	-57	-16
156.0	-57	-15
156.0	-57	-14
156.0	-57	-13
156.0	-57	-12
155.0	-57	-11
156.0	-57	-10
156.0	-57	-9
156.0	-57	-8
155.0	-57	-7
154.0	-57	-6
145.0	-57	115
145.0	-57	116
145.0	-57	117
145.0	-57	118
145.0	-57	119
145.0	-57	120
145.0	-57	121
144.0	-57	122
144.0	-57	123
144.0	-57	124
143.0	-57	125
143.0	-57	126
143.0	-57	127
143.0	-57	128
143.0	-57	129
143.0	-57	130
142.0	-57	131
142.0	-57	132
142.0	-57	133
142.0	-57	134
141.0	-57	135
142.0	-57	136
142.0	-57	137
142.0	-57	138
142.0	-57	139
143.0	-57	140
143.0	-57	141
143.0	-57	142
143.0	-57	143
143.0	-57	144
143.0	-57	145
141.0	-57	146
141.0	-57	147
140.0	-57	148
141.0	-57	149
141.0	-57	150
141.0	-57	151
141.0	-57	152
141.0	-57	153
140.0	-57	154
140.0	-57	155
139.0	-57	156
139.0	-57	157
139.0	-57	158
139.0	-57	159
139.0	-57	160
139.0	-57	161
140.0	-57	162
140.0	-57	163
140.0	-57	164
140.0	-57	165
139.0	-57	166
139.0	-57	167
139.0	-57	168
139.0	-57	169
151.0	-56	-55
151.0	-56	-54
152.0	-56	-53
152.0	-56	-52
152.0	-56	-51
152.0	-56	-50
153.0	-56	-49
152.0	-56	-48
153.0	-56	-47
153.0	-56	-46
153.0	-56	-45
153.0	-56	-44
153.0	-56	-43
153.0	-56	-42
153.0	-56	-41
153.0	-56	-40
153.0	-56	-39
153.0	-56	-38
153.0	-56	-37
153.0	-56	-36
153.0	-56	-35
154.0	-56	-34
154.0	-56	-33
154.0	-56	-32
154.0	-56	-31
154.0	-56	-30
155.0	-56	-29
155.0	-56	-28
155.0	-56	-27
155.0	-56	-26
155.0	-56	-25
156.0	-56	-24
155.0	-56	-23
155.0	-56	-22
154.0	-56	-21
154.0	-56	-20
155.0	-56	-19
155.0	-56	-18
155.0	-56	-17
155.0	-56	-16
156.0	-56	-15
157.0	-56	-14
156.0	-56	-13
157.0	-56	-12
157.0	-56	-11
157.0	-56	-10
156.0	-56	-9
156.0	-56	-8
156.0	-56	-7
155.0	-56	-6
145.0	-56	115
145.0	-56	116
144.0	-56	117
144.0	-56	118
144.0	-56	119
144.0	-56	120
144.0	-56	121
144.0	-56	122
143.0	-56	123
143.0	-56	124
142.0	-56	125
143.0	-56	126
143.0	-56	127
143.0	-56	128
142.0	-56	129
142.0	-56	130
142.0	-56	131
142.0	-56	132
141.0	-56	133
141.0	-56	134
141.0	-56	135
142.0	-56	136
142.0	-56	137
142.0	-56	138
142.0	-56	139
142.0	-56	140
142.0	-56	141
143.0	-56	142
143.0	-56	143
143.0	-56	144
143.0	-56	145
142.0	-56	146
141.0	-56	147
142.0	-56	148
141.0	-56	149
141.0	-56	150
141.0	-56	151
141.0	-56	152
140.0	-56	153
140.0	-56	154
139.0	-56	155
139.0	-56	156
139.0	-56	157
139.0	-56	158
138.0	-56	159
139.0	-56	160
139.0	-56	161
140.0	-56	162
140.0	-56	163
140.0	-56	164
140.0	-56	165
139.0	-56	166
139.0	-56	167
139.0	-56	168
139.0	-56	169
151.0	-55	-55
152.0	-55	-54
152.0	-55	-53
152.0	-55	-52
152.0	-55	-51
152.0	-55	-50
152.0	-55	-49
152.0	-55	-48
153.0	-55	-47
154.0	-55	-46
153.0	-55	-45
152.0	-55	-44
153.0	-55	-43
153.0	-55	-42
153.0	-55	-41
153.0	-55	-40
153.0	-55	-39
153.0	-55	-38
153.0	-55	-37
153.0	-55	-36
153.0	-55	-35
152.0	-55	-34
153.0	-55	-33
154.0	-55	-32
154.0	-55	-31
155.0	-55	-30
155.0	-55	-29
154.0	-55	-28
155.0	-55	-27
155.0	-55	-26
155.0	-55	-25
155.0	-55	-24
155.0	-55	-23
155.0	-55	-22
154.0	-55	-21
154.0	-55	-20
154.0	-55	-19
155.0	-55	-18
155.0	-55	-17
155.0	-55	-16
144.0	-55	115
144.0	-55	116
144.0	-55	117
143.0	-55	118
144.0	-55	119
144.0	-55	120
144.0	-55	121
143.0	-55	122
143.0	-55	123
143.0	-55	124
142.0	-55	125
143.0	-55	126
142.0	-55	127
142.0	-55	128
142.0	-55	129
141.0	-55	130
142.0	-55	131
141.0	-55	132
141.0	-55	133
141.0	-55	134
142.0	-55	135
142.0	-55	136
142.0	-55	137
143.0	-55	138
142.0	-55	139
142.0	-55	140
142.0	-55	141
142.0	-55	142
141.0	-55	143
142.0	-55	144
142.0	-55	145
142.0	-55	146
142.0	-55	147
141.0	-55	148
141.0	-55	149
141.0	-55	150
140.0	-55	151
140.0	-55	152
140.0	-55	153
140.0	-55	154
139.0	-55	155
139.0	-55	156
138.0	-55	157
138.0	-55	158
139.0	-55	159
139.0	-55	160
139.0	-55	161
139.0	-55	162
139.0	-55	163
139.0	-55	164
151.0	-54	-55
151.0	-54	-54
152.0	-54	-53
152.0	-54	-52
152.0	-54	-51
151.0	-54	-50
152.0	-54	-49
152.0	-54	-48
153.0	-54	-47
153.0	-54	-46
153.0	-54	-45
153.0	-54	-44
153.0	-54	-43
153.0	-54	-42
153.0	-54	-41
153.0	-54	-40
153.0	-54	-39
154.0	-54	-38
153.0	-54	-37
153.0	-54	-36
153.0	-54	-35
153.0	-54	-34
153.0	-54	-33
154.0	-54	-32
154.0	-54	-31
154.0	-54	-30
154.0	-54	-29
154.0	-54	-28
155.0	-54	-27
154.0	-54	-26
155.0	-54	-25
155.0	-54	-24
155.0	-54	-23
155.0	-54	-22
155.0	-54	-21
155.0	-54	-20
155.0	-54	-19
155.0	-54	-18
155.0	-54	-17
155.0	-54	-16
145.0	-54	115
144.0	-54	116
144.0	-54	117
144.0	-54	118
144.0	-54	119
144.0	-54	120
144.0	-54	121
144.0	-54	122
143.0	-54	123
143.0	-54	124
142.0	-54	125
142.0	-54	126
142.0	-54	127
143.0	-54	128
143.0	-54	129
143.0	-54	130
142.0	-54	131
142.0	-54	132
142.0	-54	133
142.0	-54	134
142.0	-54	135
142.0	-54	136
143.0	-54	137
143.0	-54	138
143.0	-54	139
142.0	-54	140
141.0	-54	141
142.0	-54	142
141.0	-54	143
141.0	-54	144
141.0	-54	145
141.0	-54	146
141.0	-54	147
141.0	-54	148
140.0	-54	149
140.0	-54	150
140.0	-54	151
140.0	-54	152
139.0	-54	153
140.0	-54	154
139.0	-54	155
139.0	-54	156
139.0	-54	157
139.0	-54	158
139.0	-54	159
139.0	-54	160
139.0	-54	161
139.0	-54	162
139.0	-54	163
139.0	-54	164
151.0	-53	-55
152.0	-53	-54
152.0	-53	-53
152.0	-53	-52
152.0	-53	-51
152.0	-53	-50
152.0	-53	-49
152.0	-53	-48
153.0	-53	-47
152.0	-53	-46
153.0	-53	-45
153.0	-53	-44
153.0	-53	-43
153.0	-53	-42
153.0	-53	-41
153.0	-53	-40
153.0	-53	-39
154.0	-53	-38
154.0	-53	-37
153.0	-53	-36
153.0	-53	-35
153.0	-53	-34
153.0	-53	-33
154.0	-53	-32
153.0	-53	-31
154.0	-53	-30
154.0	-53	-29
154.0	-53	-28
154.0	-53	-27
154.0	-53	-26
154.0	-53	-25
155.0	-53	-24
155.0	-53	-23
154.0	-53	-22
155.0	-53	-21
155.0	-53	-20
154.0	-53	-19
155.0	-53	-18
155.0	-53	-17
156.0	-53	-16
145.0	-53	115
144.0	-53	116
144.0	-53	117
144.0	-53	118
144.0	-53	119
144.0	-53	120
145.0	-53	121
144.0	-53	122
142.0	-53	123
143.0	-53	124
142.0	-53	125
142.0	-53	126
143.0	-53	127
143.0	-53	128
142.0	-53	129
142.0	-53	130
141.0	-53	131
141.0	-53	132
142.0	-53	133
142.0	-53	134
142.0	-53	135
142.0	-53	136
142.0	-53	137
142.0	-53	138
142.0	-53	139
142.0	-53	140
141.0	-53	141
141.0	-53	142
141.0	-53	143
141.0	-53	144
140.0	-53	145
141.0	-53	146
141.0	-53	147
141.0	-53	148
141.0	-53	149
140.0	-53	150
140.0	-53	151
140.0	-53	152
140.0	-53	153
139.0	-53	154
139.0	-53	155
139.0	-53	156
138.0	-53	157
138.0	-53	158
139.0	-53	159
139.0	-53	160
139.0	-53	161
138.0	-53	162
139.0	-53	163
139.0	-53	164
153.0	-52	-55
153.0	-52	-54
153.0	-52	-53
153.0	-52	-52
153.0	-52	-51
153.0	-52	-50
153.0	-52	-49
154.0	-52	-48
154.0	-52	-47
154.0	-52	-46
154.0	-52	-45
154.0	-52	-44
154.0	-52	-43
154.0	-52	-42
154.0	-52	-41
154.0	-52	-40
154.0	-52	-39
154.0	-52	-38
154.0	-52	-37
153.0	-52	-36
154.0	-52	-35
153.0	-52	-34
154.0	-52	-33
154.0	-52	-32
154.0	-52	-31
154.0	-52	-30
154.0	-52	-29
154.0	-52	-28
154.0	-52	-27
154.0	-52	-26
154.0	-52	-25
154.0	-52	-24
155.0	-52	-23
155.0	-52	-22
155.0	-52	-21
155.0	-52	-20
155.0	-52	-19
155.0	-52	-18
156.0	-52	-17
156.0	-52	-16
146.0	-52	115
145.0	-52	116
146.0	-52	117
145.0	-52	118
146.0	-52	119
146.0	-52	120
145.0	-52	121
145.0	-52	122
144.0	-52	123
144.0	-52	124
143.0	-52	125
143.0	-52	126
143.0	-52	127
143.0	-52	128
143.0	-52	129
142.0	-52	130
142.0	-52	131
141.0	-52	132
142.0	-52	133
142.0	-52	134
142.0	-52	135
143.0	-52	136
143.0	-52	137
142.0	-52	138
143.0	-52	139
142.0	-52	140
142.0	-52	141
141.0	-52	142
141.0	-52	143
141.0	-52	144
142.0	-52	145
141.0	-52	146
142.0	-52	147
141.0	-52	148
141.0	-52	149
141.0	-52	150
141.0	-52	151
141.0	-52	152
140.0	-52	153
139.0	-52	154
140.0	-52	155
140.0	-52	156
140.0	-52	157
139.0	-52	158
139.0	-52	159
139.0	-52	160
139.0	-52	161
140.0	-52	162
140.0	-52	163
139.0	-52	164
154.0	-51	-55
154.0	-51	-54
155.0	-51	-53
154.0	-51	-52
154.0	-51	-51
154.0	-51	-50
154.0	-51	-49
156.0	-51	-48
155.0	-51	-47
156.0	-51	-46
155.0	-51	-45
155.0	-51	-44
155.0	-51	-43
155.0	-51	-42
156.0	-51	-41
155.0	-51	-40
155.0	-51	-39
155.0	-51	-38
155.0	-51	-37
155.0	-51	-36
155.0	-51	-35
155.0	-51	-34
155.0	-51	-33
156.0	-51	-32
156.0	-51	-31
156.0	-51	-30
156.0	-51	-29
156.0	-51	-28
156.0	-51	-27
156.0	-51	-26
155.0	-51	-25
156.0	-51	-24
157.0	-51	-23
157.0	-51	-22
156.0	-51	-21
156.0	-51	-20
157.0	-51	-19
157.0	-51	-18
158.0	-51	-17
159.0	-51	-16
147.0	-51	115
147.0	-51	116
147.0	-51	117
146.0	-51	118
147.0	-51	119
147.0	-51	120
147.0	-51	121
146.0	-51	122
145.0	-51	123
145.0	-51	124
144.0	-51	125
144.0	-51	126
144.0	-51	127
144.0	-51	128
144.0	-51	129
143.0	-51	130
144.0	-51	131
144.0	-51	132
144.0	-51	133
144.0	-51	134
144.0	-51	135
144.0	-51	136
144.0	-51	137
144.0	-51	138
143.0	-51	139
143.0	-51	140
143.0	-51	141
143.0	-51	142
143.0	-51	143
143.0	-51	144
143.0	-51	145
143.0	-51	146
143.0	-51	147
143.0	-51	148
142.0	-51	149
142.0	-51	150
142.0	-51	151
142.0	-51	152
142.0	-51	153
141.0	-51	154
141.0	-51	155
141.0	-51	156
141.0	-51	157
141.0	-51	158
141.0	-51	159
141.0	-51	160
141.0	-51	161
141.0	-51	162
142.0	-51	163
141.0	-51	164
152.0	-50	-55
152.0	-50	-54
153.0	-50	-53
153.0	-50	-52
154.0	-50	-51
154.0	-50	-50
154.0	-50	-49
154.0	-50	-48
155.0	-50	-47
154.0	-50	-46
154.0	-50	-45
154.0	-50	-44
155.0	-50	-43
155.0	-50	-42
154.0	-50	-41
154.0	-50	-40
154.0	-50	-39
154.0	-50	-38
153.0	-50	-37
154.0	-50	-36
154.0	-50	-35
154.0	-50	-34
154.0	-50	-33
155.0	-50	-32
155.0	-50	-31
155.0	-50	-30
155.0	-50	-29
155.0	-50	-28
155.0	-50	-27
155.0	-50	-26
155.0	-50	-25
156.0	-50	-24
156.0	-50	-23
155.0	-50	-22
155.0	-50	-21
145.0	-50	120
145.0	-50	121
145.0	-50	122
144.0	-50	123
143.0	-50	124
143.0	-50	125
143.0	-50	126
143.0	-50	127
143.0	-50	128
143.0	-50	129
143.0	-50	130
143.0	-50	131
143.0	-50	132
144.0	-50	133
144.0	-50	134
143.0	-50	135
142.0	-50	136
142.0	-50	137
143.0	-50	138
143.0	-50	139
143.0	-50	140
143.0	-50	141
142.0	-50	142
142.0	-50	143
142.0	-50	144
142.0	-50	145
142.0	-50	146
143.0	-50	147
142.0	-50	148
142.0	-50	149
142.0	-50	150
141.0	-50	151
141.0	-50	152
140.0	-50	153
140.0	-50	154
151.0	-49	-55
152.0	-49	-54
152.0	-49	-53
154.0	-49	-52
154.0	-49	-51
154.0	-49	-50
154.0	-49	-49
154.0	-49	-48
154.0	-49	-47
154.0	-49	-46
154.0	-49	-45
155.0	-49	-44
154.0	-49	-43
154.0	-49	-42
154.0	-49	-41
154.0	-49	-40
154.0	-49	-39
154.0	-49	-38
154.0	-49	-37
155.0	-49	-36
154.0	-49	-35
153.0	-49	-34
154.0	-49	-33
154.0	-49	-32
154.0	-49	-31
154.0	-49	-30
155.0	-49	-29
154.0	-49	-28
154.0	-49	-27
154.0	-49	-26
154.0	-49	-25
155.0	-49	-24
155.0	-49	-23
155.0	-49	-22
155.0	-49	-21
144.0	-49	120
144.0	-49	121
144.0	-49	122
144.0	-49	123
143.0	-49	124
142.0	-49	125
143.0	-49	126
143.0	-49	127
143.0	-49	128
143.0	-49	129
143.0	-49	130
143.0	-49	131
143.0	-49	132
142.0	-49	133
141.0	-49	134
141.0	-49	135
141.0	-49	136
141.0	-49	137
141.0	-49	138
141.0	-49	139
141.0	-49	140
141.0	-49	141
141.0	-49	142
141.0	-49	143
141.0	-49	144
142.0	-49	145
142.0	-49	146
142.0	-49	147
141.0	-49	148
141.0	-49	149
141.0	-49	150
141.0	-49	151
141.0	-49	152
140.0	-49	153
139.0	-49	154
153.0	-48	-55
154.0	-48	-54
155.0	-48	-53
155.0	-48	-52
155.0	-48	-51
155.0	-48	-50
155.0	-48	-49
155.0	-48	-48
155.0	-48	-47
156.0	-48	-46
155.0	-48	-45
156.0	-48	-44
155.0	-48	-43
156.0	-48	-42
155.0	-48	-41
155.0	-48	-40
156.0	-48	-39
155.0	-48	-38
156.0	-48	-37
156.0	-48	-36
155.0	-48	-35
155.0	-48	-34
155.0	-48	-33
156.0	-48	-32
156.0	-48	-31
157.0	-48	-30
156.0	-48	-29
156.0	-48	-28
157.0	-48	-27
156.0	-48	-26
157.0	-48	-25
157.0	-48	-24
157.0	-48	-23
158.0	-48	-22
158.0	-48	-21
146.0	-48	120
145.0	-48	121
145.0	-48	122
145.0	-48	123
144.0	-48	124
144.0	-48	125
144.0	-48	126
144.0	-48	127
143.0	-48	128
143.0	-48	129
144.0	-48	130
143.0	-48	131
143.0	-48	132
142.0	-48	133
142.0	-48	134
142.0	-48	135
143.0	-48	136
142.0	-48	137
142.0	-48	138
142.0	-48	139
142.0	-48	140
142.0	-48	141
143.0	-48	142
143.0	-48	143
142.0	-48	144
143.0	-48	145
143.0	-48	146
142.0	-48	147
143.0	-48	148
144.0	-48	149
143.0	-48	150
143.0	-48	151
143.0	-48	152
142.0	-48	153
142.0	-48	154
154.0	-47	-55
154.0	-47	-54
155.0	-47	-53
155.0	-47	-52
155.0	-47	-51
155.0	-47	-50
155.0	-47	-49
155.0	-47	-48
155.0	-47	-47
155.0	-47	-46
156.0	-47	-45
156.0	-47	-44
155.0	-47	-43
155.0	-47	-42
154.0	-47	-41
155.0	-47	-40
155.0	-47	-39
156.0	-47	-38
156.0	-47	-37
156.0	-47	-36
155.0	-47	-35
155.0	-47	-34
155.0	-47	-33
156.0	-47	-32
156.0	-47	-31
157.0	-47	-30
157.0	-47	-29
156.0	-47	-28
156.0	-47	-27
157.0	-47	-26
157.0	-47	-25
158.0	-47	-24
158.0	-47	-23
158.0	-47	-22
158.0	-47	-21
145.0	-47	120
145.0	-47	121
144.0	-47	122
144.0	-47	123
144.0	-47	124
144.0	-47	125
143.0	-47	126
143.0	-47	127
143.0	-47	128
142.0	-47	129
143.0	-47	130
143.0	-47	131
143.0	-47	132
143.0	-47	133
142.0	-47	134
142.0	-47	135
142.0	-47	136
142.0	-47	137
142.0	-47	138
142.0	-47	139
142.0	-47	140
142.0	-47	141
142.0	-47	142
142.0	-47	143
142.0	-47	144
142.0	-47	145
142.0	-47	146
143.0	-47	147
143.0	-47	148
143.0	-47	149
143.0	-47	150
143.0	-47	151
142.0	-47	152
141.0	-47	153
141.0	-47	154
154.0	-46	-55
154.0	-46	-54
155.0	-46	-53
155.0	-46	-52
155.0	-46	-51
155.0	-46	-50
155.0	-46	-49
155.0	-46	-48
155.0	-46	-47
154.0	-46	-46
155.0	-46	-45
155.0	-46	-44
155.0	-46	-43
155.0	-46	-42
155.0	-46	-41
155.0	-46	-40
155.0	-46	-39
156.0	-46	-38
156.0	-46	-37
156.0	-46	-36
156.0	-46	-35
155.0	-46	-34
156.0	-46	-33
156.0	-46	-32
156.0	-46	-31
156.0	-46	-30
156.0	-46	-29
155.0	-46	-28
156.0	-46	-27
156.0	-46	-26
156.0	-46	-25
157.0	-46	-24
156.0	-46	-23
157.0	-46	-22
157.0	-46	-21
144.0	-46	120
144.0	-46	121
143.0	-46	122
143.0	-46	123
143.0	-46	124
143.0	-46	125
143.0	-46	126
142.0	-46	127
142.0	-46	128
142.0	-46	129
142.0	-46	130
142.0	-46	131
141.0	-46	132
141.0	-46	133
141.0	-46	134
141.0	-46	135
141.0	-46	136
142.0	-46	137
141.0	-46	138
141.0	-46	139
141.0	-46	140
142.0	-46	141
142.0	-46	142
142.0	-46	143
142.0	-46	144
141.0	-46	145
141.0	-46	146
141.0	-46	147
141.0	-46	148
142.0	-46	149
142.0	-46	150
141.0	-46	151
141.0	-46	152
141.0	-46	153
140.0	-46	154
155.0	-45	-55
155.0	-45	-54
156.0	-45	-53
156.0	-45	-52
156.0	-45	-51
155.0	-45	-50
154.0	-45	-49
154.0	-45	-48
155.0	-45	-47
155.0	-45	-46
155.0	-45	-45
155.0	-45	-44
155.0	-45	-43
155.0	-45	-42
155.0	-45	-41
154.0	-45	-40
156.0	-45	-39
156.0	-45	-38
156.0	-45	-37
156.0	-45	-36
144.0	-45	120
143.0	-45	121
142.0	-45	122
143.0	-45	123
142.0	-45	124
142.0	-45	125
142.0	-45	126
142.0	-45	127
141.0	-45	128
142.0	-45	129
142.0	-45	130
142.0	-45	131
141.0	-45	132
141.0	-45	133
141.0	-45	134
141.0	-45	135
141.0	-45	136
141.0	-45	137
141.0	-45	138
140.0	-45	139
156.0	-44	-55
156.0	-44	-54
156.0	-44	-53
156.0	-44	-52
157.0	-44	-51
156.0	-44	-50
156.0	-44	-49
156.0	-44	-48
156.0	-44	-47
156.0	-44	-46
156.0	-44	-45
157.0	-44	-44
156.0	-44	-43
156.0	-44	-42
156.0	-44	-41
157.0	-44	-40
157.0	-44	-39
157.0	-44	-38
157.0	-44	-37
157.0	-44	-36
144.0	-44	120
144.0	-44	121
144.0	-44	122
144.0	-44	123
144.0	-44	124
144.0	-44	125
144.0	-44	126
144.0	-44	127
143.0	-44	128
143.0	-44	129
143.0	-44	130
143.0	-44	131
143.0	-44	132
142.0	-44	133
142.0	-44	134
142.0	-44	135
142.0	-44	136
142.0	-44	137
141.0	-44	138
141.0	-44	139
156.0	-43	-55
156.0	-43	-54
156.0	-43	-53
157.0	-43	-52
157.0	-43	-51
157.0	-43	-50
156.0	-43	-49
156.0	-43	-48
156.0	-43	-47
157.0	-43	-46
158.0	-43	-45
157.0	-43	-44
157.0	-43	-43
157.0	-43	-42
157.0	-43	-41
157.0	-43	-40
157.0	-43	-39
157.0	-43	-38
157.0	-43	-37
157.0	-43	-36
145.0	-43	120
144.0	-43	121
145.0	-43	122
145.0	-43	123
145.0	-43	124
145.0	-43	125
145.0	-43	126
145.0	-43	127
144.0	-43	128
144.0	-43	129
144.0	-43	130
144.0	-43	131
143.0	-43	132
143.0	-43	133
143.0	-43	134
143.0	-43	135
143.0	-43	136
143.0	-43	137
142.0	-43	138
142.0	-43	139
156.0	-42	-55
157.0	-42	-54
157.0	-42	-53
158.0	-42	-52
157.0	-42	-51
157.0	-42	-50
156.0	-42	-49
156.0	-42	-48
156.0	-42	-47
158.0	-42	-46
158.0	-42	-45
158.0	-42	-44
158.0	-42	-43
157.0	-42	-42
158.0	-42	-41
158.0	-42	-40
157.0	-42	-39
157.0	-42	-38
157.0	-42	-37
157.0	-42	-36
145.0	-42	120
145.0	-42	121
146.0	-42	122
146.0	-42	123
145.0	-42	124
145.0	-42	125
145.0	-42	126
145.0	-42	127
144.0	-42	128
144.0	-42	129
144.0	-42	130
144.0	-42	131
144.0	-42	132
144.0	-42	133
144.0	-42	134
144.0	-42	135
144.0	-42	136
143.0	-42	137
143.0	-42	138
144.0	-42	139
156.0	-41	-55
157.0	-41	-54
157.0	-41	-53
157.0	-41	-52
157.0	-41	-51
156.0	-41	-50
156.0	-41	-49
156.0	-41	-48
156.0	-41	-47
157.0	-41	-46
157.0	-41	-45
158.0	-41	-44
158.0	-41	-43
157.0	-41	-42
157.0	-41	-41
157.0	-41	-40
157.0	-41	-39
157.0	-41	-38
157.0	-41	-37
158.0	-41	-36
145.0	-41	120
146.0	-41	121
146.0	-41	122
145.0	-41	123
145.0	-41	124
145.0	-41	125
144.0	-41	126
145.0	-41	127
144.0	-41	128
144.0	-41	129
144.0	-41	130
143.0	-41	131
144.0	-41	132
144.0	-41	133
144.0	-41	134
144.0	-41	135
144.0	-41	136
143.0	-41	137
143.0	-41	138
144.0	-41	139
