Phi	Psi	maxSA
-180	-180	0
-180	-175	0
-180	-170	0
-180	-165	0
-180	-160	0
-180	-155	0
-180	-150	0
-180	-145	0
-180	-140	0
-180	-135	0
-180	-130	0
-180	-125	0
-180	-120	0
-180	-115	0
-180	-110	0
-180	-105	0
-180	-100	0
-180	-95	0
-180	-90	0
-180	-85	0
-180	-80	0
-180	-75	0
-180	-70	0
-180	-65	0
-180	-60	0
-180	-55	0
-180	-50	0
-180	-45	0
-180	-40	0
-180	-35	0
-180	-30	0
-180	-25	0
-180	-20	0
-180	-15	0
-180	-10	0
-180	-5	0
-180	0	0
-180	5	0
-180	10	0
-180	15	0
-180	20	0
-180	25	0
-180	30	0
-180	35	0
-180	40	0
-180	45	0
-180	50	0
-180	55	0
-180	60	0
-180	65	0
-180	70	0
-180	75	0
-180	80	0
-180	85	0
-180	90	0
-180	95	0
-180	100	0
-180	105	0
-180	110	0
-180	115	0
-180	120	0
-180	125	0
-180	130	0
-180	135	0
-180	140	0
-180	145	0
-180	150	0
-180	155	0
-180	160	266.0
-180	165	0
-180	170	0
-180	175	266.0
-175	-180	0
-175	-175	0
-175	-170	0
-175	-165	0
-175	-160	0
-175	-155	0
-175	-150	0
-175	-145	0
-175	-140	0
-175	-135	0
-175	-130	0
-175	-125	0
-175	-120	0
-175	-115	0
-175	-110	0
-175	-105	0
-175	-100	0
-175	-95	0
-175	-90	0
-175	-85	270.0
-175	-80	0
-175	-75	0
-175	-70	0
-175	-65	0
-175	-60	0
-175	-55	0
-175	-50	0
-175	-45	0
-175	-40	0
-175	-35	0
-175	-30	0
-175	-25	0
-175	-20	0
-175	-15	0
-175	-10	0
-175	-5	0
-175	0	0
-175	5	0
-175	10	0
-175	15	0
-175	20	0
-175	25	0
-175	30	0
-175	35	0
-175	40	0
-175	45	0
-175	50	0
-175	55	0
-175	60	0
-175	65	0
-175	70	0
-175	75	0
-175	80	0
-175	85	0
-175	90	0
-175	95	0
-175	100	0
-175	105	0
-175	110	0
-175	115	0
-175	120	0
-175	125	0
-175	130	0
-175	135	0
-175	140	0
-175	145	266.0
-175	150	0
-175	155	265.0
-175	160	266.0
-175	165	267.0
-175	170	0
-175	175	0
-170	-180	0
-170	-175	0
-170	-170	0
-170	-165	0
-170	-160	0
-170	-155	0
-170	-150	0
-170	-145	0
-170	-140	0
-170	-135	0
-170	-130	0
-170	-125	0
-170	-120	0
-170	-115	0
-170	-110	0
-170	-105	0
-170	-100	0
-170	-95	0
-170	-90	0
-170	-85	0
-170	-80	0
-170	-75	0
-170	-70	0
-170	-65	0
-170	-60	0
-170	-55	0
-170	-50	0
-170	-45	0
-170	-40	0
-170	-35	0
-170	-30	0
-170	-25	0
-170	-20	0
-170	-15	0
-170	-10	0
-170	-5	0
-170	0	0
-170	5	0
-170	10	0
-170	15	0
-170	20	0
-170	25	0
-170	30	0
-170	35	0
-170	40	0
-170	45	0
-170	50	0
-170	55	0
-170	60	0
-170	65	0
-170	70	0
-170	75	0
-170	80	0
-170	85	0
-170	90	263.0
-170	95	0
-170	100	0
-170	105	0
-170	110	0
-170	115	0
-170	120	0
-170	125	0
-170	130	0
-170	135	0
-170	140	264.0
-170	145	263.0
-170	150	263.0
-170	155	264.0
-170	160	264.0
-170	165	265.0
-170	170	0
-170	175	265.0
-165	-180	264.0
-165	-175	264.0
-165	-170	0
-165	-165	0
-165	-160	0
-165	-155	0
-165	-150	0
-165	-145	0
-165	-140	0
-165	-135	0
-165	-130	0
-165	-125	0
-165	-120	0
-165	-115	0
-165	-110	0
-165	-105	0
-165	-100	0
-165	-95	0
-165	-90	0
-165	-85	0
-165	-80	0
-165	-75	0
-165	-70	0
-165	-65	0
-165	-60	0
-165	-55	269.0
-165	-50	0
-165	-45	0
-165	-40	0
-165	-35	0
-165	-30	0
-165	-25	0
-165	-20	0
-165	-15	0
-165	-10	0
-165	-5	0
-165	0	0
-165	5	0
-165	10	0
-165	15	0
-165	20	0
-165	25	0
-165	30	0
-165	35	0
-165	40	0
-165	45	0
-165	50	0
-165	55	0
-165	60	0
-165	65	0
-165	70	0
-165	75	0
-165	80	0
-165	85	0
-165	90	0
-165	95	0
-165	100	262.0
-165	105	0
-165	110	262.0
-165	115	0
-165	120	0
-165	125	262.0
-165	130	262.0
-165	135	262.0
-165	140	263.0
-165	145	263.0
-165	150	262.0
-165	155	263.0
-165	160	264.0
-165	165	264.0
-165	170	263.0
-165	175	264.0
-160	-180	0
-160	-175	263.0
-160	-170	264.0
-160	-165	263.0
-160	-160	0
-160	-155	0
-160	-150	0
-160	-145	0
-160	-140	0
-160	-135	0
-160	-130	0
-160	-125	0
-160	-120	0
-160	-115	0
-160	-110	0
-160	-105	0
-160	-100	0
-160	-95	0
-160	-90	0
-160	-85	0
-160	-80	0
-160	-75	0
-160	-70	0
-160	-65	0
-160	-60	0
-160	-55	267.0
-160	-50	0
-160	-45	268.0
-160	-40	0
-160	-35	0
-160	-30	0
-160	-25	0
-160	-20	0
-160	-15	0
-160	-10	0
-160	-5	0
-160	0	0
-160	5	0
-160	10	0
-160	15	0
-160	20	0
-160	25	263.0
-160	30	0
-160	35	0
-160	40	0
-160	45	0
-160	50	262.0
-160	55	0
-160	60	262.0
-160	65	0
-160	70	262.0
-160	75	262.0
-160	80	261.0
-160	85	262.0
-160	90	0
-160	95	0
-160	100	262.0
-160	105	0
-160	110	261.0
-160	115	262.0
-160	120	262.0
-160	125	263.0
-160	130	263.0
-160	135	263.0
-160	140	263.0
-160	145	262.0
-160	150	262.0
-160	155	262.0
-160	160	263.0
-160	165	261.0
-160	170	263.0
-160	175	262.0
-155	-180	262.0
-155	-175	264.0
-155	-170	0
-155	-165	0
-155	-160	263.0
-155	-155	264.0
-155	-150	0
-155	-145	0
-155	-140	0
-155	-135	0
-155	-130	0
-155	-125	0
-155	-120	0
-155	-115	0
-155	-110	0
-155	-105	0
-155	-100	269.0
-155	-95	0
-155	-90	0
-155	-85	0
-155	-80	0
-155	-75	0
-155	-70	0
-155	-65	0
-155	-60	0
-155	-55	0
-155	-50	0
-155	-45	0
-155	-40	0
-155	-35	268.0
-155	-30	0
-155	-25	0
-155	-20	0
-155	-15	0
-155	-10	0
-155	-5	0
-155	0	0
-155	5	0
-155	10	264.0
-155	15	0
-155	20	0
-155	25	0
-155	30	0
-155	35	0
-155	40	0
-155	45	0
-155	50	0
-155	55	0
-155	60	0
-155	65	0
-155	70	0
-155	75	263.0
-155	80	0
-155	85	261.0
-155	90	261.0
-155	95	0
-155	100	261.0
-155	105	261.0
-155	110	261.0
-155	115	262.0
-155	120	262.0
-155	125	261.0
-155	130	263.0
-155	135	263.0
-155	140	263.0
-155	145	263.0
-155	150	262.0
-155	155	262.0
-155	160	264.0
-155	165	264.0
-155	170	264.0
-155	175	264.0
-150	-180	265.0
-150	-175	264.0
-150	-170	0
-150	-165	265.0
-150	-160	0
-150	-155	0
-150	-150	0
-150	-145	0
-150	-140	0
-150	-135	0
-150	-130	0
-150	-125	0
-150	-120	0
-150	-115	0
-150	-110	0
-150	-105	0
-150	-100	0
-150	-95	0
-150	-90	0
-150	-85	0
-150	-80	0
-150	-75	0
-150	-70	0
-150	-65	0
-150	-60	0
-150	-55	0
-150	-50	0
-150	-45	0
-150	-40	0
-150	-35	0
-150	-30	0
-150	-25	0
-150	-20	268.0
-150	-15	0
-150	-10	0
-150	-5	0
-150	0	0
-150	5	266.0
-150	10	0
-150	15	0
-150	20	0
-150	25	0
-150	30	0
-150	35	0
-150	40	0
-150	45	0
-150	50	0
-150	55	0
-150	60	264.0
-150	65	0
-150	70	0
-150	75	0
-150	80	0
-150	85	0
-150	90	263.0
-150	95	263.0
-150	100	0
-150	105	263.0
-150	110	262.0
-150	115	262.0
-150	120	262.0
-150	125	262.0
-150	130	262.0
-150	135	263.0
-150	140	263.0
-150	145	263.0
-150	150	263.0
-150	155	264.0
-150	160	264.0
-150	165	264.0
-150	170	264.0
-150	175	264.0
-145	-180	0
-145	-175	264.0
-145	-170	264.0
-145	-165	0
-145	-160	0
-145	-155	0
-145	-150	0
-145	-145	0
-145	-140	0
-145	-135	0
-145	-130	0
-145	-125	0
-145	-120	0
-145	-115	0
-145	-110	0
-145	-105	0
-145	-100	0
-145	-95	0
-145	-90	0
-145	-85	269.0
-145	-80	0
-145	-75	0
-145	-70	0
-145	-65	269.0
-145	-60	0
-145	-55	268.0
-145	-50	0
-145	-45	0
-145	-40	0
-145	-35	0
-145	-30	267.0
-145	-25	267.0
-145	-20	267.0
-145	-15	267.0
-145	-10	0
-145	-5	0
-145	0	0
-145	5	0
-145	10	0
-145	15	266.0
-145	20	0
-145	25	0
-145	30	0
-145	35	0
-145	40	0
-145	45	0
-145	50	0
-145	55	0
-145	60	265.0
-145	65	265.0
-145	70	0
-145	75	263.0
-145	80	263.0
-145	85	0
-145	90	263.0
-145	95	263.0
-145	100	263.0
-145	105	263.0
-145	110	262.0
-145	115	262.0
-145	120	263.0
-145	125	263.0
-145	130	263.0
-145	135	262.0
-145	140	263.0
-145	145	262.0
-145	150	263.0
-145	155	264.0
-145	160	262.0
-145	165	264.0
-145	170	264.0
-145	175	0
-140	-180	0
-140	-175	0
-140	-170	0
-140	-165	0
-140	-160	0
-140	-155	0
-140	-150	0
-140	-145	0
-140	-140	0
-140	-135	0
-140	-130	0
-140	-125	0
-140	-120	0
-140	-115	0
-140	-110	0
-140	-105	0
-140	-100	0
-140	-95	0
-140	-90	0
-140	-85	0
-140	-80	0
-140	-75	0
-140	-70	0
-140	-65	0
-140	-60	0
-140	-55	0
-140	-50	0
-140	-45	0
-140	-40	0
-140	-35	0
-140	-30	0
-140	-25	269.0
-140	-20	269.0
-140	-15	0
-140	-10	0
-140	-5	268.0
-140	0	268.0
-140	5	0
-140	10	0
-140	15	0
-140	20	0
-140	25	0
-140	30	0
-140	35	0
-140	40	0
-140	45	267.0
-140	50	0
-140	55	267.0
-140	60	0
-140	65	265.0
-140	70	0
-140	75	266.0
-140	80	265.0
-140	85	0
-140	90	0
-140	95	264.0
-140	100	263.0
-140	105	264.0
-140	110	264.0
-140	115	263.0
-140	120	263.0
-140	125	264.0
-140	130	264.0
-140	135	265.0
-140	140	265.0
-140	145	264.0
-140	150	264.0
-140	155	264.0
-140	160	266.0
-140	165	265.0
-140	170	266.0
-140	175	266.0
-135	-180	0
-135	-175	0
-135	-170	267.0
-135	-165	0
-135	-160	0
-135	-155	0
-135	-150	0
-135	-145	0
-135	-140	0
-135	-135	0
-135	-130	0
-135	-125	0
-135	-120	271.0
-135	-115	0
-135	-110	0
-135	-105	0
-135	-100	0
-135	-95	0
-135	-90	0
-135	-85	0
-135	-80	0
-135	-75	0
-135	-70	0
-135	-65	0
-135	-60	0
-135	-55	0
-135	-50	0
-135	-45	0
-135	-40	0
-135	-35	0
-135	-30	0
-135	-25	0
-135	-20	269.0
-135	-15	269.0
-135	-10	0
-135	-5	269.0
-135	0	269.0
-135	5	271.0
-135	10	0
-135	15	270.0
-135	20	271.0
-135	25	271.0
-135	30	271.0
-135	35	0
-135	40	0
-135	45	271.0
-135	50	0
-135	55	270.0
-135	60	0
-135	65	268.0
-135	70	268.0
-135	75	268.0
-135	80	268.0
-135	85	269.0
-135	90	268.0
-135	95	267.0
-135	100	0
-135	105	0
-135	110	267.0
-135	115	267.0
-135	120	265.0
-135	125	266.0
-135	130	265.0
-135	135	266.0
-135	140	266.0
-135	145	267.0
-135	150	266.0
-135	155	266.0
-135	160	267.0
-135	165	266.0
-135	170	267.0
-135	175	266.0
-130	-180	265.0
-130	-175	0
-130	-170	0
-130	-165	0
-130	-160	0
-130	-155	0
-130	-150	0
-130	-145	0
-130	-140	0
-130	-135	0
-130	-130	0
-130	-125	0
-130	-120	0
-130	-115	0
-130	-110	0
-130	-105	269.0
-130	-100	0
-130	-95	0
-130	-90	0
-130	-85	0
-130	-80	0
-130	-75	0
-130	-70	0
-130	-65	0
-130	-60	268.0
-130	-55	269.0
-130	-50	0
-130	-45	270.0
-130	-40	269.0
-130	-35	269.0
-130	-30	0
-130	-25	0
-130	-20	269.0
-130	-15	0
-130	-10	269.0
-130	-5	269.0
-130	0	268.0
-130	5	0
-130	10	0
-130	15	0
-130	20	270.0
-130	25	267.0
-130	30	267.0
-130	35	268.0
-130	40	0
-130	45	0
-130	50	268.0
-130	55	0
-130	60	267.0
-130	65	0
-130	70	268.0
-130	75	267.0
-130	80	266.0
-130	85	268.0
-130	90	266.0
-130	95	0
-130	100	266.0
-130	105	265.0
-130	110	265.0
-130	115	265.0
-130	120	265.0
-130	125	264.0
-130	130	264.0
-130	135	264.0
-130	140	265.0
-130	145	264.0
-130	150	265.0
-130	155	265.0
-130	160	265.0
-130	165	265.0
-130	170	265.0
-130	175	265.0
-125	-180	0
-125	-175	0
-125	-170	266.0
-125	-165	0
-125	-160	0
-125	-155	0
-125	-150	0
-125	-145	0
-125	-140	0
-125	-135	0
-125	-130	0
-125	-125	0
-125	-120	0
-125	-115	0
-125	-110	273.0
-125	-105	0
-125	-100	0
-125	-95	0
-125	-90	0
-125	-85	0
-125	-80	0
-125	-75	0
-125	-70	0
-125	-65	0
-125	-60	0
-125	-55	271.0
-125	-50	0
-125	-45	269.0
-125	-40	270.0
-125	-35	269.0
-125	-30	270.0
-125	-25	270.0
-125	-20	270.0
-125	-15	270.0
-125	-10	269.0
-125	-5	271.0
-125	0	270.0
-125	5	270.0
-125	10	0
-125	15	0
-125	20	270.0
-125	25	269.0
-125	30	270.0
-125	35	0
-125	40	0
-125	45	270.0
-125	50	269.0
-125	55	268.0
-125	60	0
-125	65	268.0
-125	70	268.0
-125	75	268.0
-125	80	268.0
-125	85	268.0
-125	90	267.0
-125	95	267.0
-125	100	267.0
-125	105	266.0
-125	110	265.0
-125	115	265.0
-125	120	266.0
-125	125	265.0
-125	130	265.0
-125	135	266.0
-125	140	265.0
-125	145	264.0
-125	150	266.0
-125	155	265.0
-125	160	265.0
-125	165	265.0
-125	170	265.0
-125	175	0
-120	-180	0
-120	-175	0
-120	-170	0
-120	-165	0
-120	-160	0
-120	-155	0
-120	-150	0
-120	-145	0
-120	-140	0
-120	-135	0
-120	-130	0
-120	-125	0
-120	-120	0
-120	-115	0
-120	-110	0
-120	-105	0
-120	-100	0
-120	-95	0
-120	-90	0
-120	-85	0
-120	-80	0
-120	-75	0
-120	-70	0
-120	-65	0
-120	-60	268.0
-120	-55	0
-120	-50	0
-120	-45	0
-120	-40	268.0
-120	-35	0
-120	-30	0
-120	-25	269.0
-120	-20	270.0
-120	-15	270.0
-120	-10	271.0
-120	-5	269.0
-120	0	270.0
-120	5	269.0
-120	10	271.0
-120	15	270.0
-120	20	271.0
-120	25	271.0
-120	30	270.0
-120	35	270.0
-120	40	270.0
-120	45	271.0
-120	50	271.0
-120	55	0
-120	60	0
-120	65	0
-120	70	0
-120	75	0
-120	80	269.0
-120	85	268.0
-120	90	267.0
-120	95	267.0
-120	100	267.0
-120	105	267.0
-120	110	266.0
-120	115	266.0
-120	120	265.0
-120	125	265.0
-120	130	264.0
-120	135	264.0
-120	140	265.0
-120	145	264.0
-120	150	264.0
-120	155	264.0
-120	160	264.0
-120	165	264.0
-120	170	264.0
-120	175	265.0
-115	-180	268.0
-115	-175	0
-115	-170	0
-115	-165	268.0
-115	-160	0
-115	-155	0
-115	-150	0
-115	-145	0
-115	-140	0
-115	-135	0
-115	-130	0
-115	-125	0
-115	-120	0
-115	-115	0
-115	-110	0
-115	-105	0
-115	-100	0
-115	-95	0
-115	-90	0
-115	-85	271.0
-115	-80	0
-115	-75	271.0
-115	-70	0
-115	-65	271.0
-115	-60	270.0
-115	-55	270.0
-115	-50	270.0
-115	-45	271.0
-115	-40	271.0
-115	-35	271.0
-115	-30	270.0
-115	-25	270.0
-115	-20	0
-115	-15	273.0
-115	-10	273.0
-115	-5	271.0
-115	0	271.0
-115	5	271.0
-115	10	272.0
-115	15	272.0
-115	20	274.0
-115	25	0
-115	30	0
-115	35	0
-115	40	0
-115	45	272.0
-115	50	0
-115	55	0
-115	60	0
-115	65	0
-115	70	272.0
-115	75	271.0
-115	80	271.0
-115	85	0
-115	90	270.0
-115	95	269.0
-115	100	269.0
-115	105	269.0
-115	110	268.0
-115	115	268.0
-115	120	268.0
-115	125	267.0
-115	130	266.0
-115	135	266.0
-115	140	266.0
-115	145	265.0
-115	150	265.0
-115	155	266.0
-115	160	265.0
-115	165	266.0
-115	170	265.0
-115	175	0
-110	-180	0
-110	-175	267.0
-110	-170	0
-110	-165	0
-110	-160	0
-110	-155	0
-110	-150	0
-110	-145	0
-110	-140	0
-110	-135	0
-110	-130	0
-110	-125	0
-110	-120	0
-110	-115	0
-110	-110	0
-110	-105	0
-110	-100	272.0
-110	-95	0
-110	-90	0
-110	-85	0
-110	-80	0
-110	-75	271.0
-110	-70	271.0
-110	-65	271.0
-110	-60	271.0
-110	-55	271.0
-110	-50	0
-110	-45	271.0
-110	-40	272.0
-110	-35	272.0
-110	-30	272.0
-110	-25	273.0
-110	-20	272.0
-110	-15	272.0
-110	-10	272.0
-110	-5	272.0
-110	0	273.0
-110	5	273.0
-110	10	274.0
-110	15	273.0
-110	20	273.0
-110	25	273.0
-110	30	0
-110	35	274.0
-110	40	0
-110	45	0
-110	50	0
-110	55	0
-110	60	272.0
-110	65	0
-110	70	0
-110	75	272.0
-110	80	271.0
-110	85	0
-110	90	0
-110	95	269.0
-110	100	269.0
-110	105	268.0
-110	110	268.0
-110	115	267.0
-110	120	267.0
-110	125	267.0
-110	130	267.0
-110	135	267.0
-110	140	266.0
-110	145	266.0
-110	150	267.0
-110	155	267.0
-110	160	267.0
-110	165	266.0
-110	170	267.0
-110	175	0
-105	-180	0
-105	-175	268.0
-105	-170	269.0
-105	-165	0
-105	-160	0
-105	-155	0
-105	-150	0
-105	-145	0
-105	-140	0
-105	-135	271.0
-105	-130	0
-105	-125	0
-105	-120	0
-105	-115	0
-105	-110	0
-105	-105	0
-105	-100	0
-105	-95	271.0
-105	-90	0
-105	-85	0
-105	-80	0
-105	-75	0
-105	-70	0
-105	-65	0
-105	-60	271.0
-105	-55	270.0
-105	-50	0
-105	-45	271.0
-105	-40	0
-105	-35	272.0
-105	-30	273.0
-105	-25	272.0
-105	-20	272.0
-105	-15	273.0
-105	-10	274.0
-105	-5	274.0
-105	0	275.0
-105	5	275.0
-105	10	276.0
-105	15	276.0
-105	20	275.0
-105	25	275.0
-105	30	275.0
-105	35	0
-105	40	0
-105	45	0
-105	50	0
-105	55	274.0
-105	60	0
-105	65	0
-105	70	0
-105	75	273.0
-105	80	272.0
-105	85	272.0
-105	90	0
-105	95	270.0
-105	100	270.0
-105	105	270.0
-105	110	270.0
-105	115	269.0
-105	120	268.0
-105	125	268.0
-105	130	269.0
-105	135	268.0
-105	140	267.0
-105	145	267.0
-105	150	267.0
-105	155	267.0
-105	160	266.0
-105	165	268.0
-105	170	268.0
-105	175	0
-100	-180	0
-100	-175	269.0
-100	-170	0
-100	-165	0
-100	-160	0
-100	-155	0
-100	-150	0
-100	-145	0
-100	-140	0
-100	-135	0
-100	-130	0
-100	-125	0
-100	-120	0
-100	-115	0
-100	-110	272.0
-100	-105	0
-100	-100	0
-100	-95	0
-100	-90	0
-100	-85	0
-100	-80	0
-100	-75	0
-100	-70	0
-100	-65	0
-100	-60	0
-100	-55	271.0
-100	-50	0
-100	-45	273.0
-100	-40	273.0
-100	-35	273.0
-100	-30	274.0
-100	-25	274.0
-100	-20	274.0
-100	-15	273.0
-100	-10	274.0
-100	-5	274.0
-100	0	275.0
-100	5	276.0
-100	10	276.0
-100	15	277.0
-100	20	276.0
-100	25	276.0
-100	30	0
-100	35	0
-100	40	0
-100	45	276.0
-100	50	0
-100	55	275.0
-100	60	274.0
-100	65	0
-100	70	0
-100	75	0
-100	80	274.0
-100	85	272.0
-100	90	271.0
-100	95	0
-100	100	271.0
-100	105	270.0
-100	110	268.0
-100	115	269.0
-100	120	270.0
-100	125	269.0
-100	130	269.0
-100	135	269.0
-100	140	267.0
-100	145	269.0
-100	150	268.0
-100	155	267.0
-100	160	268.0
-100	165	268.0
-100	170	268.0
-100	175	0
-95	-180	0
-95	-175	0
-95	-170	0
-95	-165	270.0
-95	-160	270.0
-95	-155	0
-95	-150	0
-95	-145	0
-95	-140	0
-95	-135	0
-95	-130	0
-95	-125	0
-95	-120	0
-95	-115	0
-95	-110	0
-95	-105	0
-95	-100	0
-95	-95	0
-95	-90	0
-95	-85	0
-95	-80	0
-95	-75	0
-95	-70	0
-95	-65	0
-95	-60	273.0
-95	-55	274.0
-95	-50	275.0
-95	-45	274.0
-95	-40	274.0
-95	-35	276.0
-95	-30	276.0
-95	-25	276.0
-95	-20	276.0
-95	-15	276.0
-95	-10	276.0
-95	-5	277.0
-95	0	277.0
-95	5	277.0
-95	10	278.0
-95	15	278.0
-95	20	279.0
-95	25	278.0
-95	30	278.0
-95	35	277.0
-95	40	0
-95	45	0
-95	50	0
-95	55	277.0
-95	60	0
-95	65	277.0
-95	70	277.0
-95	75	277.0
-95	80	276.0
-95	85	0
-95	90	275.0
-95	95	274.0
-95	100	273.0
-95	105	274.0
-95	110	273.0
-95	115	271.0
-95	120	271.0
-95	125	271.0
-95	130	270.0
-95	135	271.0
-95	140	269.0
-95	145	271.0
-95	150	270.0
-95	155	270.0
-95	160	269.0
-95	165	269.0
-95	170	0
-95	175	269.0
-90	-180	268.0
-90	-175	0
-90	-170	0
-90	-165	270.0
-90	-160	0
-90	-155	0
-90	-150	0
-90	-145	0
-90	-140	0
-90	-135	0
-90	-130	0
-90	-125	0
-90	-120	0
-90	-115	0
-90	-110	0
-90	-105	0
-90	-100	0
-90	-95	0
-90	-90	0
-90	-85	0
-90	-80	0
-90	-75	0
-90	-70	0
-90	-65	0
-90	-60	0
-90	-55	273.0
-90	-50	274.0
-90	-45	275.0
-90	-40	276.0
-90	-35	274.0
-90	-30	275.0
-90	-25	276.0
-90	-20	276.0
-90	-15	276.0
-90	-10	277.0
-90	-5	277.0
-90	0	277.0
-90	5	278.0
-90	10	278.0
-90	15	279.0
-90	20	0
-90	25	0
-90	30	0
-90	35	0
-90	40	278.0
-90	45	0
-90	50	278.0
-90	55	278.0
-90	60	278.0
-90	65	277.0
-90	70	277.0
-90	75	276.0
-90	80	276.0
-90	85	275.0
-90	90	0
-90	95	274.0
-90	100	274.0
-90	105	273.0
-90	110	272.0
-90	115	271.0
-90	120	272.0
-90	125	271.0
-90	130	270.0
-90	135	270.0
-90	140	270.0
-90	145	270.0
-90	150	268.0
-90	155	269.0
-90	160	268.0
-90	165	269.0
-90	170	269.0
-90	175	0
-85	-180	0
-85	-175	0
-85	-170	0
-85	-165	0
-85	-160	0
-85	-155	0
-85	-150	0
-85	-145	0
-85	-140	0
-85	-135	0
-85	-130	0
-85	-125	0
-85	-120	0
-85	-115	0
-85	-110	0
-85	-105	0
-85	-100	0
-85	-95	0
-85	-90	0
-85	-85	0
-85	-80	0
-85	-75	0
-85	-70	273.0
-85	-65	273.0
-85	-60	274.0
-85	-55	274.0
-85	-50	275.0
-85	-45	275.0
-85	-40	275.0
-85	-35	274.0
-85	-30	276.0
-85	-25	276.0
-85	-20	276.0
-85	-15	277.0
-85	-10	277.0
-85	-5	277.0
-85	0	277.0
-85	5	279.0
-85	10	278.0
-85	15	0
-85	20	0
-85	25	0
-85	30	0
-85	35	0
-85	40	279.0
-85	45	0
-85	50	278.0
-85	55	0
-85	60	278.0
-85	65	277.0
-85	70	276.0
-85	75	276.0
-85	80	276.0
-85	85	275.0
-85	90	0
-85	95	274.0
-85	100	273.0
-85	105	273.0
-85	110	272.0
-85	115	271.0
-85	120	272.0
-85	125	271.0
-85	130	270.0
-85	135	270.0
-85	140	270.0
-85	145	270.0
-85	150	269.0
-85	155	269.0
-85	160	269.0
-85	165	270.0
-85	170	269.0
-85	175	270.0
-80	-180	0
-80	-175	269.0
-80	-170	0
-80	-165	0
-80	-160	0
-80	-155	0
-80	-150	0
-80	-145	0
-80	-140	0
-80	-135	0
-80	-130	0
-80	-125	0
-80	-120	0
-80	-115	0
-80	-110	0
-80	-105	0
-80	-100	0
-80	-95	0
-80	-90	0
-80	-85	0
-80	-80	273.0
-80	-75	0
-80	-70	0
-80	-65	0
-80	-60	0
-80	-55	276.0
-80	-50	276.0
-80	-45	278.0
-80	-40	278.0
-80	-35	277.0
-80	-30	277.0
-80	-25	277.0
-80	-20	278.0
-80	-15	278.0
-80	-10	279.0
-80	-5	279.0
-80	0	279.0
-80	5	280.0
-80	10	0
-80	15	0
-80	20	0
-80	25	0
-80	30	0
-80	35	0
-80	40	280.0
-80	45	0
-80	50	0
-80	55	0
-80	60	0
-80	65	279.0
-80	70	279.0
-80	75	278.0
-80	80	0
-80	85	278.0
-80	90	276.0
-80	95	0
-80	100	275.0
-80	105	275.0
-80	110	274.0
-80	115	274.0
-80	120	271.0
-80	125	273.0
-80	130	272.0
-80	135	271.0
-80	140	271.0
-80	145	270.0
-80	150	270.0
-80	155	269.0
-80	160	269.0
-80	165	269.0
-80	170	268.0
-80	175	269.0
-75	-180	0
-75	-175	271.0
-75	-170	0
-75	-165	0
-75	-160	0
-75	-155	0
-75	-150	272.0
-75	-145	0
-75	-140	0
-75	-135	0
-75	-130	0
-75	-125	0
-75	-120	0
-75	-115	0
-75	-110	0
-75	-105	0
-75	-100	0
-75	-95	0
-75	-90	0
-75	-85	0
-75	-80	0
-75	-75	0
-75	-70	276.0
-75	-65	0
-75	-60	276.0
-75	-55	277.0
-75	-50	277.0
-75	-45	279.0
-75	-40	279.0
-75	-35	279.0
-75	-30	280.0
-75	-25	279.0
-75	-20	281.0
-75	-15	282.0
-75	-10	281.0
-75	-5	281.0
-75	0	282.0
-75	5	0
-75	10	0
-75	15	0
-75	20	0
-75	25	0
-75	30	0
-75	35	0
-75	40	0
-75	45	0
-75	50	0
-75	55	0
-75	60	0
-75	65	0
-75	70	281.0
-75	75	0
-75	80	0
-75	85	0
-75	90	0
-75	95	0
-75	100	277.0
-75	105	277.0
-75	110	275.0
-75	115	275.0
-75	120	274.0
-75	125	274.0
-75	130	274.0
-75	135	274.0
-75	140	273.0
-75	145	271.0
-75	150	271.0
-75	155	271.0
-75	160	271.0
-75	165	270.0
-75	170	271.0
-75	175	0
-70	-180	0
-70	-175	0
-70	-170	0
-70	-165	0
-70	-160	0
-70	-155	0
-70	-150	0
-70	-145	0
-70	-140	0
-70	-135	0
-70	-130	0
-70	-125	0
-70	-120	0
-70	-115	0
-70	-110	0
-70	-105	0
-70	-100	0
-70	-95	0
-70	-90	0
-70	-85	0
-70	-80	0
-70	-75	0
-70	-70	0
-70	-65	271.0
-70	-60	273.0
-70	-55	273.0
-70	-50	274.0
-70	-45	275.0
-70	-40	274.0
-70	-35	275.0
-70	-30	276.0
-70	-25	277.0
-70	-20	276.0
-70	-15	276.0
-70	-10	277.0
-70	-5	0
-70	0	278.0
-70	5	0
-70	10	278.0
-70	15	0
-70	20	0
-70	25	0
-70	30	0
-70	35	0
-70	40	0
-70	45	0
-70	50	0
-70	55	278.0
-70	60	0
-70	65	0
-70	70	0
-70	75	0
-70	80	0
-70	85	0
-70	90	0
-70	95	274.0
-70	100	0
-70	105	0
-70	110	272.0
-70	115	270.0
-70	120	270.0
-70	125	270.0
-70	130	268.0
-70	135	268.0
-70	140	267.0
-70	145	267.0
-70	150	267.0
-70	155	267.0
-70	160	266.0
-70	165	266.0
-70	170	0
-70	175	0
-65	-180	0
-65	-175	0
-65	-170	0
-65	-165	0
-65	-160	0
-65	-155	0
-65	-150	0
-65	-145	0
-65	-140	0
-65	-135	0
-65	-130	0
-65	-125	0
-65	-120	0
-65	-115	0
-65	-110	0
-65	-105	0
-65	-100	0
-65	-95	0
-65	-90	0
-65	-85	0
-65	-80	0
-65	-75	0
-65	-70	0
-65	-65	274.0
-65	-60	276.0
-65	-55	276.0
-65	-50	276.0
-65	-45	277.0
-65	-40	277.0
-65	-35	278.0
-65	-30	279.0
-65	-25	279.0
-65	-20	280.0
-65	-15	280.0
-65	-10	280.0
-65	-5	0
-65	0	0
-65	5	0
-65	10	0
-65	15	0
-65	20	0
-65	25	0
-65	30	0
-65	35	0
-65	40	0
-65	45	0
-65	50	0
-65	55	0
-65	60	0
-65	65	0
-65	70	0
-65	75	0
-65	80	0
-65	85	0
-65	90	0
-65	95	0
-65	100	0
-65	105	0
-65	110	274.0
-65	115	273.0
-65	120	274.0
-65	125	272.0
-65	130	272.0
-65	135	271.0
-65	140	271.0
-65	145	269.0
-65	150	269.0
-65	155	269.0
-65	160	0
-65	165	0
-65	170	268.0
-65	175	268.0
-60	-180	0
-60	-175	0
-60	-170	0
-60	-165	0
-60	-160	0
-60	-155	0
-60	-150	0
-60	-145	0
-60	-140	0
-60	-135	0
-60	-130	0
-60	-125	0
-60	-120	0
-60	-115	0
-60	-110	0
-60	-105	0
-60	-100	0
-60	-95	0
-60	-90	0
-60	-85	0
-60	-80	0
-60	-75	0
-60	-70	0
-60	-65	275.0
-60	-60	276.0
-60	-55	276.0
-60	-50	277.0
-60	-45	278.0
-60	-40	279.0
-60	-35	278.0
-60	-30	280.0
-60	-25	281.0
-60	-20	282.0
-60	-15	282.0
-60	-10	0
-60	-5	0
-60	0	0
-60	5	0
-60	10	0
-60	15	0
-60	20	0
-60	25	0
-60	30	0
-60	35	0
-60	40	0
-60	45	0
-60	50	0
-60	55	0
-60	60	0
-60	65	0
-60	70	0
-60	75	0
-60	80	0
-60	85	0
-60	90	0
-60	95	0
-60	100	276.0
-60	105	0
-60	110	275.0
-60	115	0
-60	120	274.0
-60	125	273.0
-60	130	273.0
-60	135	272.0
-60	140	272.0
-60	145	271.0
-60	150	270.0
-60	155	269.0
-60	160	270.0
-60	165	0
-60	170	0
-60	175	0
-55	-180	0
-55	-175	0
-55	-170	0
-55	-165	0
-55	-160	0
-55	-155	0
-55	-150	0
-55	-145	0
-55	-140	0
-55	-135	0
-55	-130	0
-55	-125	0
-55	-120	0
-55	-115	0
-55	-110	0
-55	-105	0
-55	-100	0
-55	-95	0
-55	-90	0
-55	-85	0
-55	-80	0
-55	-75	0
-55	-70	0
-55	-65	277.0
-55	-60	278.0
-55	-55	279.0
-55	-50	279.0
-55	-45	279.0
-55	-40	281.0
-55	-35	281.0
-55	-30	280.0
-55	-25	282.0
-55	-20	282.0
-55	-15	0
-55	-10	0
-55	-5	0
-55	0	0
-55	5	0
-55	10	0
-55	15	0
-55	20	0
-55	25	0
-55	30	0
-55	35	0
-55	40	0
-55	45	0
-55	50	0
-55	55	0
-55	60	0
-55	65	0
-55	70	0
-55	75	0
-55	80	0
-55	85	0
-55	90	0
-55	95	0
-55	100	0
-55	105	0
-55	110	0
-55	115	0
-55	120	275.0
-55	125	274.0
-55	130	273.0
-55	135	272.0
-55	140	271.0
-55	145	271.0
-55	150	0
-55	155	0
-55	160	0
-55	165	0
-55	170	0
-55	175	0
-50	-180	0
-50	-175	0
-50	-170	0
-50	-165	0
-50	-160	0
-50	-155	0
-50	-150	0
-50	-145	0
-50	-140	0
-50	-135	0
-50	-130	0
-50	-125	0
-50	-120	0
-50	-115	0
-50	-110	0
-50	-105	0
-50	-100	0
-50	-95	0
-50	-90	0
-50	-85	0
-50	-80	0
-50	-75	0
-50	-70	0
-50	-65	0
-50	-60	278.0
-50	-55	280.0
-50	-50	280.0
-50	-45	281.0
-50	-40	282.0
-50	-35	282.0
-50	-30	282.0
-50	-25	0
-50	-20	0
-50	-15	0
-50	-10	0
-50	-5	0
-50	0	0
-50	5	0
-50	10	0
-50	15	0
-50	20	0
-50	25	0
-50	30	0
-50	35	0
-50	40	0
-50	45	0
-50	50	0
-50	55	0
-50	60	0
-50	65	0
-50	70	0
-50	75	0
-50	80	0
-50	85	0
-50	90	0
-50	95	0
-50	100	0
-50	105	0
-50	110	0
-50	115	0
-50	120	275.0
-50	125	275.0
-50	130	275.0
-50	135	273.0
-50	140	272.0
-50	145	0
-50	150	0
-50	155	0
-50	160	0
-50	165	0
-50	170	0
-50	175	0
-45	-180	0
-45	-175	0
-45	-170	0
-45	-165	0
-45	-160	0
-45	-155	0
-45	-150	0
-45	-145	0
-45	-140	0
-45	-135	0
-45	-130	0
-45	-125	0
-45	-120	0
-45	-115	0
-45	-110	0
-45	-105	0
-45	-100	0
-45	-95	0
-45	-90	0
-45	-85	0
-45	-80	0
-45	-75	0
-45	-70	0
-45	-65	0
-45	-60	281.0
-45	-55	281.0
-45	-50	283.0
-45	-45	284.0
-45	-40	283.0
-45	-35	0
-45	-30	0
-45	-25	0
-45	-20	0
-45	-15	0
-45	-10	0
-45	-5	0
-45	0	0
-45	5	0
-45	10	0
-45	15	0
-45	20	0
-45	25	0
-45	30	0
-45	35	0
-45	40	0
-45	45	0
-45	50	0
-45	55	0
-45	60	0
-45	65	0
-45	70	0
-45	75	0
-45	80	0
-45	85	0
-45	90	0
-45	95	0
-45	100	0
-45	105	0
-45	110	0
-45	115	0
-45	120	277.0
-45	125	276.0
-45	130	275.0
-45	135	273.0
-45	140	273.0
-45	145	0
-45	150	0
-45	155	0
-45	160	0
-45	165	0
-45	170	0
-45	175	0
-40	-180	0
-40	-175	0
-40	-170	0
-40	-165	0
-40	-160	0
-40	-155	0
-40	-150	0
-40	-145	0
-40	-140	0
-40	-135	0
-40	-130	0
-40	-125	0
-40	-120	0
-40	-115	0
-40	-110	0
-40	-105	0
-40	-100	0
-40	-95	0
-40	-90	0
-40	-85	0
-40	-80	0
-40	-75	0
-40	-70	0
-40	-65	0
-40	-60	0
-40	-55	0
-40	-50	0
-40	-45	0
-40	-40	0
-40	-35	0
-40	-30	0
-40	-25	0
-40	-20	0
-40	-15	0
-40	-10	0
-40	-5	0
-40	0	0
-40	5	0
-40	10	0
-40	15	0
-40	20	0
-40	25	0
-40	30	0
-40	35	0
-40	40	0
-40	45	0
-40	50	0
-40	55	0
-40	60	0
-40	65	0
-40	70	0
-40	75	0
-40	80	0
-40	85	0
-40	90	0
-40	95	0
-40	100	0
-40	105	0
-40	110	0
-40	115	0
-40	120	0
-40	125	0
-40	130	274.0
-40	135	0
-40	140	0
-40	145	0
-40	150	0
-40	155	0
-40	160	0
-40	165	0
-40	170	0
-40	175	0
-35	-180	0
-35	-175	0
-35	-170	0
-35	-165	0
-35	-160	0
-35	-155	0
-35	-150	0
-35	-145	0
-35	-140	0
-35	-135	0
-35	-130	0
-35	-125	0
-35	-120	0
-35	-115	0
-35	-110	0
-35	-105	0
-35	-100	0
-35	-95	0
-35	-90	0
-35	-85	0
-35	-80	0
-35	-75	0
-35	-70	0
-35	-65	0
-35	-60	0
-35	-55	0
-35	-50	0
-35	-45	0
-35	-40	0
-35	-35	0
-35	-30	0
-35	-25	0
-35	-20	0
-35	-15	0
-35	-10	0
-35	-5	0
-35	0	0
-35	5	0
-35	10	0
-35	15	0
-35	20	0
-35	25	0
-35	30	0
-35	35	0
-35	40	0
-35	45	0
-35	50	0
-35	55	0
-35	60	0
-35	65	0
-35	70	0
-35	75	0
-35	80	0
-35	85	0
-35	90	0
-35	95	0
-35	100	0
-35	105	0
-35	110	0
-35	115	0
-35	120	0
-35	125	0
-35	130	0
-35	135	0
-35	140	0
-35	145	0
-35	150	0
-35	155	0
-35	160	0
-35	165	0
-35	170	0
-35	175	0
-30	-180	0
-30	-175	0
-30	-170	0
-30	-165	0
-30	-160	0
-30	-155	0
-30	-150	0
-30	-145	0
-30	-140	0
-30	-135	0
-30	-130	0
-30	-125	0
-30	-120	0
-30	-115	0
-30	-110	0
-30	-105	0
-30	-100	0
-30	-95	0
-30	-90	0
-30	-85	0
-30	-80	0
-30	-75	0
-30	-70	0
-30	-65	0
-30	-60	284.0
-30	-55	0
-30	-50	0
-30	-45	0
-30	-40	0
-30	-35	0
-30	-30	0
-30	-25	0
-30	-20	0
-30	-15	0
-30	-10	0
-30	-5	0
-30	0	0
-30	5	0
-30	10	0
-30	15	0
-30	20	0
-30	25	0
-30	30	0
-30	35	0
-30	40	0
-30	45	0
-30	50	0
-30	55	0
-30	60	0
-30	65	0
-30	70	0
-30	75	0
-30	80	0
-30	85	0
-30	90	0
-30	95	0
-30	100	0
-30	105	0
-30	110	0
-30	115	0
-30	120	0
-30	125	275.0
-30	130	0
-30	135	0
-30	140	0
-30	145	0
-30	150	0
-30	155	0
-30	160	0
-30	165	0
-30	170	0
-30	175	0
-25	-180	0
-25	-175	0
-25	-170	0
-25	-165	0
-25	-160	0
-25	-155	0
-25	-150	0
-25	-145	0
-25	-140	0
-25	-135	0
-25	-130	0
-25	-125	0
-25	-120	0
-25	-115	0
-25	-110	0
-25	-105	0
-25	-100	0
-25	-95	0
-25	-90	0
-25	-85	0
-25	-80	0
-25	-75	0
-25	-70	0
-25	-65	0
-25	-60	0
-25	-55	0
-25	-50	0
-25	-45	0
-25	-40	0
-25	-35	0
-25	-30	0
-25	-25	0
-25	-20	0
-25	-15	0
-25	-10	0
-25	-5	0
-25	0	0
-25	5	0
-25	10	0
-25	15	0
-25	20	0
-25	25	0
-25	30	0
-25	35	0
-25	40	0
-25	45	0
-25	50	0
-25	55	0
-25	60	0
-25	65	0
-25	70	0
-25	75	0
-25	80	0
-25	85	0
-25	90	0
-25	95	0
-25	100	0
-25	105	0
-25	110	0
-25	115	0
-25	120	0
-25	125	0
-25	130	0
-25	135	0
-25	140	0
-25	145	0
-25	150	0
-25	155	0
-25	160	0
-25	165	0
-25	170	0
-25	175	0
-20	-180	0
-20	-175	0
-20	-170	0
-20	-165	0
-20	-160	0
-20	-155	0
-20	-150	0
-20	-145	0
-20	-140	0
-20	-135	0
-20	-130	0
-20	-125	0
-20	-120	0
-20	-115	0
-20	-110	0
-20	-105	0
-20	-100	0
-20	-95	0
-20	-90	0
-20	-85	0
-20	-80	0
-20	-75	0
-20	-70	0
-20	-65	0
-20	-60	0
-20	-55	0
-20	-50	0
-20	-45	0
-20	-40	0
-20	-35	0
-20	-30	0
-20	-25	0
-20	-20	0
-20	-15	0
-20	-10	0
-20	-5	0
-20	0	0
-20	5	0
-20	10	0
-20	15	0
-20	20	0
-20	25	0
-20	30	0
-20	35	0
-20	40	0
-20	45	0
-20	50	0
-20	55	0
-20	60	0
-20	65	0
-20	70	0
-20	75	0
-20	80	0
-20	85	0
-20	90	0
-20	95	0
-20	100	0
-20	105	277.0
-20	110	0
-20	115	0
-20	120	0
-20	125	0
-20	130	0
-20	135	0
-20	140	0
-20	145	0
-20	150	0
-20	155	0
-20	160	0
-20	165	0
-20	170	0
-20	175	0
-15	-180	0
-15	-175	0
-15	-170	0
-15	-165	0
-15	-160	0
-15	-155	0
-15	-150	0
-15	-145	0
-15	-140	0
-15	-135	0
-15	-130	0
-15	-125	0
-15	-120	0
-15	-115	0
-15	-110	0
-15	-105	0
-15	-100	0
-15	-95	0
-15	-90	0
-15	-85	0
-15	-80	0
-15	-75	0
-15	-70	0
-15	-65	0
-15	-60	0
-15	-55	0
-15	-50	0
-15	-45	0
-15	-40	0
-15	-35	0
-15	-30	0
-15	-25	0
-15	-20	0
-15	-15	0
-15	-10	0
-15	-5	0
-15	0	0
-15	5	0
-15	10	0
-15	15	0
-15	20	0
-15	25	0
-15	30	0
-15	35	0
-15	40	0
-15	45	0
-15	50	0
-15	55	0
-15	60	0
-15	65	0
-15	70	0
-15	75	0
-15	80	0
-15	85	0
-15	90	0
-15	95	0
-15	100	0
-15	105	0
-15	110	0
-15	115	0
-15	120	0
-15	125	0
-15	130	0
-15	135	0
-15	140	0
-15	145	0
-15	150	0
-15	155	0
-15	160	0
-15	165	0
-15	170	0
-15	175	0
-10	-180	0
-10	-175	0
-10	-170	0
-10	-165	0
-10	-160	0
-10	-155	0
-10	-150	0
-10	-145	0
-10	-140	0
-10	-135	0
-10	-130	0
-10	-125	0
-10	-120	0
-10	-115	0
-10	-110	0
-10	-105	0
-10	-100	0
-10	-95	0
-10	-90	0
-10	-85	0
-10	-80	0
-10	-75	0
-10	-70	0
-10	-65	0
-10	-60	0
-10	-55	0
-10	-50	0
-10	-45	0
-10	-40	0
-10	-35	0
-10	-30	0
-10	-25	0
-10	-20	0
-10	-15	0
-10	-10	0
-10	-5	0
-10	0	0
-10	5	0
-10	10	0
-10	15	0
-10	20	0
-10	25	0
-10	30	0
-10	35	0
-10	40	0
-10	45	0
-10	50	0
-10	55	0
-10	60	0
-10	65	0
-10	70	0
-10	75	0
-10	80	0
-10	85	0
-10	90	0
-10	95	0
-10	100	0
-10	105	0
-10	110	0
-10	115	0
-10	120	0
-10	125	0
-10	130	0
-10	135	0
-10	140	0
-10	145	0
-10	150	0
-10	155	0
-10	160	0
-10	165	0
-10	170	0
-10	175	0
-5	-180	0
-5	-175	0
-5	-170	0
-5	-165	0
-5	-160	0
-5	-155	0
-5	-150	0
-5	-145	0
-5	-140	0
-5	-135	0
-5	-130	0
-5	-125	0
-5	-120	0
-5	-115	0
-5	-110	0
-5	-105	0
-5	-100	0
-5	-95	0
-5	-90	0
-5	-85	0
-5	-80	0
-5	-75	0
-5	-70	0
-5	-65	0
-5	-60	0
-5	-55	0
-5	-50	0
-5	-45	0
-5	-40	0
-5	-35	0
-5	-30	0
-5	-25	0
-5	-20	0
-5	-15	0
-5	-10	0
-5	-5	0
-5	0	0
-5	5	0
-5	10	0
-5	15	0
-5	20	0
-5	25	0
-5	30	0
-5	35	0
-5	40	0
-5	45	0
-5	50	0
-5	55	0
-5	60	0
-5	65	0
-5	70	0
-5	75	0
-5	80	0
-5	85	0
-5	90	0
-5	95	0
-5	100	0
-5	105	0
-5	110	0
-5	115	0
-5	120	0
-5	125	0
-5	130	0
-5	135	0
-5	140	0
-5	145	0
-5	150	0
-5	155	0
-5	160	0
-5	165	0
-5	170	0
-5	175	0
0	-180	0
0	-175	0
0	-170	0
0	-165	0
0	-160	0
0	-155	0
0	-150	0
0	-145	0
0	-140	0
0	-135	0
0	-130	0
0	-125	0
0	-120	0
0	-115	0
0	-110	0
0	-105	0
0	-100	0
0	-95	0
0	-90	0
0	-85	0
0	-80	0
0	-75	0
0	-70	0
0	-65	0
0	-60	0
0	-55	0
0	-50	0
0	-45	0
0	-40	0
0	-35	0
0	-30	0
0	-25	0
0	-20	0
0	-15	0
0	-10	0
0	-5	0
0	0	0
0	5	0
0	10	0
0	15	0
0	20	0
0	25	0
0	30	0
0	35	0
0	40	0
0	45	0
0	50	0
0	55	0
0	60	0
0	65	0
0	70	0
0	75	0
0	80	0
0	85	0
0	90	0
0	95	0
0	100	0
0	105	0
0	110	0
0	115	0
0	120	0
0	125	0
0	130	0
0	135	0
0	140	0
0	145	0
0	150	0
0	155	0
0	160	0
0	165	0
0	170	0
0	175	0
5	-180	0
5	-175	0
5	-170	0
5	-165	0
5	-160	0
5	-155	0
5	-150	0
5	-145	0
5	-140	0
5	-135	0
5	-130	0
5	-125	0
5	-120	0
5	-115	0
5	-110	0
5	-105	0
5	-100	0
5	-95	0
5	-90	0
5	-85	0
5	-80	0
5	-75	0
5	-70	0
5	-65	0
5	-60	0
5	-55	0
5	-50	0
5	-45	0
5	-40	0
5	-35	0
5	-30	0
5	-25	0
5	-20	0
5	-15	0
5	-10	0
5	-5	0
5	0	0
5	5	0
5	10	0
5	15	0
5	20	0
5	25	0
5	30	0
5	35	0
5	40	0
5	45	0
5	50	0
5	55	0
5	60	0
5	65	0
5	70	0
5	75	0
5	80	0
5	85	0
5	90	0
5	95	0
5	100	0
5	105	0
5	110	0
5	115	0
5	120	0
5	125	0
5	130	0
5	135	0
5	140	0
5	145	0
5	150	0
5	155	0
5	160	0
5	165	0
5	170	0
5	175	0
10	-180	0
10	-175	0
10	-170	0
10	-165	0
10	-160	0
10	-155	0
10	-150	0
10	-145	0
10	-140	0
10	-135	0
10	-130	0
10	-125	0
10	-120	0
10	-115	0
10	-110	0
10	-105	0
10	-100	0
10	-95	0
10	-90	0
10	-85	0
10	-80	0
10	-75	0
10	-70	0
10	-65	0
10	-60	0
10	-55	0
10	-50	0
10	-45	0
10	-40	0
10	-35	0
10	-30	0
10	-25	0
10	-20	0
10	-15	0
10	-10	0
10	-5	0
10	0	0
10	5	0
10	10	0
10	15	0
10	20	0
10	25	0
10	30	0
10	35	0
10	40	0
10	45	0
10	50	0
10	55	0
10	60	0
10	65	0
10	70	0
10	75	0
10	80	0
10	85	0
10	90	0
10	95	0
10	100	0
10	105	0
10	110	0
10	115	0
10	120	0
10	125	0
10	130	0
10	135	0
10	140	0
10	145	0
10	150	0
10	155	0
10	160	0
10	165	0
10	170	0
10	175	0
15	-180	0
15	-175	0
15	-170	0
15	-165	0
15	-160	0
15	-155	0
15	-150	0
15	-145	0
15	-140	0
15	-135	0
15	-130	0
15	-125	0
15	-120	0
15	-115	0
15	-110	0
15	-105	0
15	-100	0
15	-95	0
15	-90	0
15	-85	0
15	-80	0
15	-75	0
15	-70	0
15	-65	0
15	-60	0
15	-55	0
15	-50	0
15	-45	0
15	-40	0
15	-35	0
15	-30	0
15	-25	0
15	-20	0
15	-15	0
15	-10	0
15	-5	0
15	0	0
15	5	0
15	10	0
15	15	0
15	20	0
15	25	0
15	30	0
15	35	0
15	40	0
15	45	0
15	50	0
15	55	0
15	60	0
15	65	0
15	70	0
15	75	0
15	80	0
15	85	0
15	90	0
15	95	0
15	100	0
15	105	0
15	110	0
15	115	0
15	120	0
15	125	0
15	130	0
15	135	0
15	140	0
15	145	0
15	150	0
15	155	0
15	160	0
15	165	0
15	170	0
15	175	0
20	-180	0
20	-175	0
20	-170	0
20	-165	0
20	-160	0
20	-155	0
20	-150	0
20	-145	0
20	-140	0
20	-135	0
20	-130	0
20	-125	0
20	-120	0
20	-115	0
20	-110	0
20	-105	0
20	-100	0
20	-95	0
20	-90	0
20	-85	0
20	-80	0
20	-75	0
20	-70	0
20	-65	0
20	-60	0
20	-55	0
20	-50	0
20	-45	0
20	-40	0
20	-35	0
20	-30	0
20	-25	0
20	-20	0
20	-15	0
20	-10	0
20	-5	0
20	0	0
20	5	0
20	10	0
20	15	0
20	20	0
20	25	0
20	30	0
20	35	0
20	40	0
20	45	0
20	50	0
20	55	0
20	60	0
20	65	0
20	70	0
20	75	0
20	80	0
20	85	0
20	90	0
20	95	0
20	100	0
20	105	0
20	110	0
20	115	0
20	120	0
20	125	0
20	130	0
20	135	0
20	140	0
20	145	0
20	150	0
20	155	0
20	160	0
20	165	0
20	170	0
20	175	0
25	-180	0
25	-175	0
25	-170	0
25	-165	0
25	-160	0
25	-155	0
25	-150	0
25	-145	0
25	-140	0
25	-135	0
25	-130	0
25	-125	0
25	-120	0
25	-115	0
25	-110	0
25	-105	0
25	-100	0
25	-95	0
25	-90	0
25	-85	0
25	-80	0
25	-75	0
25	-70	0
25	-65	0
25	-60	0
25	-55	0
25	-50	0
25	-45	0
25	-40	0
25	-35	0
25	-30	0
25	-25	0
25	-20	0
25	-15	0
25	-10	0
25	-5	0
25	0	0
25	5	0
25	10	0
25	15	0
25	20	0
25	25	0
25	30	0
25	35	0
25	40	0
25	45	0
25	50	0
25	55	0
25	60	0
25	65	0
25	70	0
25	75	0
25	80	0
25	85	0
25	90	0
25	95	0
25	100	0
25	105	0
25	110	0
25	115	0
25	120	0
25	125	0
25	130	0
25	135	0
25	140	0
25	145	0
25	150	0
25	155	0
25	160	0
25	165	0
25	170	0
25	175	0
30	-180	0
30	-175	0
30	-170	0
30	-165	0
30	-160	0
30	-155	0
30	-150	0
30	-145	0
30	-140	0
30	-135	0
30	-130	0
30	-125	0
30	-120	0
30	-115	0
30	-110	0
30	-105	0
30	-100	0
30	-95	0
30	-90	0
30	-85	0
30	-80	0
30	-75	0
30	-70	0
30	-65	0
30	-60	0
30	-55	0
30	-50	0
30	-45	0
30	-40	0
30	-35	0
30	-30	0
30	-25	0
30	-20	0
30	-15	0
30	-10	0
30	-5	0
30	0	0
30	5	0
30	10	0
30	15	0
30	20	0
30	25	0
30	30	0
30	35	0
30	40	279.0
30	45	0
30	50	0
30	55	0
30	60	0
30	65	0
30	70	0
30	75	0
30	80	0
30	85	0
30	90	0
30	95	0
30	100	0
30	105	0
30	110	0
30	115	0
30	120	0
30	125	0
30	130	0
30	135	0
30	140	0
30	145	0
30	150	0
30	155	0
30	160	0
30	165	0
30	170	0
30	175	0
35	-180	0
35	-175	0
35	-170	0
35	-165	0
35	-160	0
35	-155	0
35	-150	0
35	-145	0
35	-140	0
35	-135	0
35	-130	279.0
35	-125	0
35	-120	0
35	-115	0
35	-110	0
35	-105	0
35	-100	0
35	-95	0
35	-90	0
35	-85	0
35	-80	0
35	-75	0
35	-70	0
35	-65	0
35	-60	0
35	-55	0
35	-50	0
35	-45	0
35	-40	0
35	-35	0
35	-30	0
35	-25	0
35	-20	0
35	-15	0
35	-10	0
35	-5	0
35	0	0
35	5	0
35	10	0
35	15	0
35	20	0
35	25	0
35	30	0
35	35	0
35	40	0
35	45	0
35	50	0
35	55	0
35	60	0
35	65	0
35	70	0
35	75	0
35	80	0
35	85	0
35	90	0
35	95	0
35	100	0
35	105	0
35	110	0
35	115	0
35	120	0
35	125	0
35	130	0
35	135	0
35	140	0
35	145	0
35	150	0
35	155	0
35	160	0
35	165	0
35	170	0
35	175	0
40	-180	0
40	-175	0
40	-170	0
40	-165	0
40	-160	0
40	-155	0
40	-150	0
40	-145	0
40	-140	0
40	-135	0
40	-130	0
40	-125	0
40	-120	0
40	-115	0
40	-110	0
40	-105	0
40	-100	0
40	-95	0
40	-90	0
40	-85	0
40	-80	0
40	-75	0
40	-70	0
40	-65	0
40	-60	0
40	-55	0
40	-50	0
40	-45	0
40	-40	0
40	-35	0
40	-30	0
40	-25	0
40	-20	0
40	-15	0
40	-10	0
40	-5	0
40	0	0
40	5	0
40	10	0
40	15	0
40	20	0
40	25	0
40	30	0
40	35	0
40	40	278.0
40	45	0
40	50	0
40	55	0
40	60	0
40	65	0
40	70	0
40	75	0
40	80	0
40	85	0
40	90	0
40	95	0
40	100	0
40	105	0
40	110	0
40	115	0
40	120	0
40	125	0
40	130	0
40	135	0
40	140	0
40	145	0
40	150	0
40	155	0
40	160	0
40	165	0
40	170	0
40	175	0
45	-180	0
45	-175	0
45	-170	0
45	-165	0
45	-160	0
45	-155	0
45	-150	0
45	-145	0
45	-140	0
45	-135	0
45	-130	0
45	-125	0
45	-120	0
45	-115	0
45	-110	0
45	-105	0
45	-100	0
45	-95	0
45	-90	0
45	-85	0
45	-80	0
45	-75	0
45	-70	0
45	-65	0
45	-60	0
45	-55	0
45	-50	0
45	-45	0
45	-40	0
45	-35	0
45	-30	0
45	-25	0
45	-20	0
45	-15	0
45	-10	0
45	-5	0
45	0	0
45	5	0
45	10	0
45	15	0
45	20	0
45	25	0
45	30	0
45	35	0
45	40	281.0
45	45	280.0
45	50	0
45	55	279.0
45	60	277.0
45	65	0
45	70	0
45	75	0
45	80	0
45	85	0
45	90	0
45	95	0
45	100	0
45	105	0
45	110	0
45	115	0
45	120	0
45	125	0
45	130	0
45	135	0
45	140	0
45	145	0
45	150	0
45	155	0
45	160	0
45	165	0
45	170	0
45	175	0
50	-180	0
50	-175	0
50	-170	0
50	-165	0
50	-160	0
50	-155	0
50	-150	0
50	-145	0
50	-140	0
50	-135	278.0
50	-130	279.0
50	-125	281.0
50	-120	0
50	-115	0
50	-110	0
50	-105	0
50	-100	0
50	-95	0
50	-90	0
50	-85	0
50	-80	0
50	-75	0
50	-70	0
50	-65	0
50	-60	0
50	-55	0
50	-50	0
50	-45	0
50	-40	0
50	-35	0
50	-30	0
50	-25	0
50	-20	0
50	-15	0
50	-10	0
50	-5	0
50	0	0
50	5	0
50	10	0
50	15	0
50	20	0
50	25	281.0
50	30	0
50	35	279.0
50	40	279.0
50	45	277.0
50	50	0
50	55	0
50	60	0
50	65	0
50	70	0
50	75	0
50	80	0
50	85	0
50	90	0
50	95	0
50	100	0
50	105	0
50	110	0
50	115	0
50	120	0
50	125	0
50	130	0
50	135	0
50	140	0
50	145	0
50	150	0
50	155	0
50	160	0
50	165	0
50	170	0
50	175	0
55	-180	0
55	-175	0
55	-170	0
55	-165	0
55	-160	0
55	-155	0
55	-150	0
55	-145	0
55	-140	0
55	-135	0
55	-130	0
55	-125	0
55	-120	0
55	-115	282.0
55	-110	0
55	-105	284.0
55	-100	0
55	-95	0
55	-90	0
55	-85	0
55	-80	0
55	-75	0
55	-70	0
55	-65	0
55	-60	0
55	-55	0
55	-50	0
55	-45	0
55	-40	0
55	-35	0
55	-30	0
55	-25	0
55	-20	0
55	-15	0
55	-10	0
55	-5	0
55	0	0
55	5	0
55	10	0
55	15	284.0
55	20	281.0
55	25	281.0
55	30	279.0
55	35	279.0
55	40	277.0
55	45	275.0
55	50	276.0
55	55	275.0
55	60	0
55	65	0
55	70	0
55	75	0
55	80	0
55	85	0
55	90	0
55	95	0
55	100	0
55	105	0
55	110	0
55	115	0
55	120	0
55	125	0
55	130	0
55	135	0
55	140	0
55	145	0
55	150	0
55	155	0
55	160	0
55	165	0
55	170	0
55	175	0
60	-180	0
60	-175	0
60	-170	0
60	-165	271.0
60	-160	0
60	-155	0
60	-150	0
60	-145	0
60	-140	0
60	-135	0
60	-130	0
60	-125	0
60	-120	279.0
60	-115	0
60	-110	0
60	-105	0
60	-100	0
60	-95	282.0
60	-90	0
60	-85	0
60	-80	0
60	-75	0
60	-70	0
60	-65	0
60	-60	0
60	-55	0
60	-50	0
60	-45	0
60	-40	0
60	-35	0
60	-30	0
60	-25	0
60	-20	0
60	-15	0
60	-10	0
60	-5	0
60	0	0
60	5	282.0
60	10	0
60	15	281.0
60	20	279.0
60	25	278.0
60	30	277.0
60	35	276.0
60	40	0
60	45	273.0
60	50	274.0
60	55	0
60	60	0
60	65	272.0
60	70	0
60	75	0
60	80	0
60	85	0
60	90	0
60	95	0
60	100	0
60	105	0
60	110	0
60	115	0
60	120	0
60	125	0
60	130	0
60	135	0
60	140	0
60	145	0
60	150	0
60	155	0
60	160	0
60	165	0
60	170	0
60	175	0
65	-180	0
65	-175	0
65	-170	0
65	-165	0
65	-160	0
65	-155	0
65	-150	0
65	-145	0
65	-140	0
65	-135	274.0
65	-130	0
65	-125	0
65	-120	0
65	-115	0
65	-110	0
65	-105	0
65	-100	0
65	-95	0
65	-90	0
65	-85	0
65	-80	0
65	-75	0
65	-70	0
65	-65	0
65	-60	0
65	-55	0
65	-50	0
65	-45	283.0
65	-40	285.0
65	-35	0
65	-30	0
65	-25	0
65	-20	0
65	-15	0
65	-10	0
65	-5	0
65	0	279.0
65	5	280.0
65	10	278.0
65	15	277.0
65	20	277.0
65	25	275.0
65	30	0
65	35	273.0
65	40	0
65	45	0
65	50	0
65	55	0
65	60	0
65	65	0
65	70	0
65	75	0
65	80	0
65	85	0
65	90	0
65	95	0
65	100	0
65	105	0
65	110	0
65	115	0
65	120	0
65	125	0
65	130	0
65	135	0
65	140	0
65	145	0
65	150	0
65	155	0
65	160	0
65	165	0
65	170	0
65	175	0
70	-180	0
70	-175	0
70	-170	0
70	-165	0
70	-160	0
70	-155	0
70	-150	0
70	-145	0
70	-140	0
70	-135	0
70	-130	0
70	-125	0
70	-120	0
70	-115	0
70	-110	0
70	-105	0
70	-100	0
70	-95	0
70	-90	0
70	-85	0
70	-80	0
70	-75	0
70	-70	0
70	-65	0
70	-60	0
70	-55	285.0
70	-50	0
70	-45	0
70	-40	0
70	-35	0
70	-30	0
70	-25	0
70	-20	0
70	-15	0
70	-10	0
70	-5	0
70	0	281.0
70	5	279.0
70	10	278.0
70	15	0
70	20	0
70	25	0
70	30	0
70	35	0
70	40	0
70	45	0
70	50	0
70	55	0
70	60	0
70	65	0
70	70	0
70	75	0
70	80	0
70	85	0
70	90	269.0
70	95	0
70	100	0
70	105	0
70	110	0
70	115	0
70	120	0
70	125	0
70	130	0
70	135	0
70	140	268.0
70	145	0
70	150	0
70	155	0
70	160	0
70	165	0
70	170	0
70	175	0
75	-180	0
75	-175	0
75	-170	0
75	-165	0
75	-160	0
75	-155	0
75	-150	0
75	-145	0
75	-140	0
75	-135	0
75	-130	0
75	-125	0
75	-120	0
75	-115	0
75	-110	0
75	-105	0
75	-100	0
75	-95	0
75	-90	0
75	-85	0
75	-80	0
75	-75	282.0
75	-70	0
75	-65	282.0
75	-60	0
75	-55	0
75	-50	0
75	-45	0
75	-40	0
75	-35	0
75	-30	0
75	-25	0
75	-20	281.0
75	-15	281.0
75	-10	0
75	-5	0
75	0	0
75	5	277.0
75	10	0
75	15	0
75	20	0
75	25	273.0
75	30	0
75	35	0
75	40	0
75	45	0
75	50	0
75	55	0
75	60	0
75	65	0
75	70	0
75	75	0
75	80	0
75	85	0
75	90	0
75	95	0
75	100	0
75	105	0
75	110	0
75	115	0
75	120	0
75	125	0
75	130	0
75	135	0
75	140	0
75	145	0
75	150	0
75	155	0
75	160	0
75	165	0
75	170	0
75	175	0
80	-180	0
80	-175	0
80	-170	0
80	-165	0
80	-160	0
80	-155	0
80	-150	0
80	-145	0
80	-140	0
80	-135	0
80	-130	0
80	-125	0
80	-120	0
80	-115	0
80	-110	0
80	-105	0
80	-100	0
80	-95	0
80	-90	0
80	-85	0
80	-80	0
80	-75	0
80	-70	0
80	-65	0
80	-60	0
80	-55	0
80	-50	0
80	-45	0
80	-40	0
80	-35	283.0
80	-30	0
80	-25	0
80	-20	0
80	-15	0
80	-10	282.0
80	-5	280.0
80	0	0
80	5	0
80	10	0
80	15	0
80	20	0
80	25	0
80	30	0
80	35	0
80	40	0
80	45	0
80	50	0
80	55	0
80	60	0
80	65	0
80	70	0
80	75	0
80	80	0
80	85	0
80	90	0
80	95	0
80	100	0
80	105	0
80	110	0
80	115	0
80	120	0
80	125	0
80	130	0
80	135	269.0
80	140	0
80	145	0
80	150	0
80	155	0
80	160	0
80	165	0
80	170	0
80	175	0
85	-180	0
85	-175	0
85	-170	0
85	-165	0
85	-160	0
85	-155	0
85	-150	0
85	-145	0
85	-140	0
85	-135	0
85	-130	0
85	-125	0
85	-120	0
85	-115	0
85	-110	0
85	-105	0
85	-100	0
85	-95	0
85	-90	0
85	-85	0
85	-80	0
85	-75	0
85	-70	0
85	-65	0
85	-60	0
85	-55	0
85	-50	0
85	-45	0
85	-40	0
85	-35	0
85	-30	0
85	-25	0
85	-20	0
85	-15	0
85	-10	0
85	-5	0
85	0	0
85	5	0
85	10	0
85	15	0
85	20	0
85	25	0
85	30	0
85	35	0
85	40	0
85	45	0
85	50	0
85	55	0
85	60	0
85	65	0
85	70	0
85	75	0
85	80	0
85	85	0
85	90	0
85	95	0
85	100	0
85	105	0
85	110	0
85	115	0
85	120	0
85	125	0
85	130	0
85	135	0
85	140	0
85	145	0
85	150	0
85	155	0
85	160	0
85	165	0
85	170	0
85	175	0
90	-180	0
90	-175	0
90	-170	0
90	-165	0
90	-160	0
90	-155	0
90	-150	0
90	-145	0
90	-140	0
90	-135	0
90	-130	0
90	-125	0
90	-120	0
90	-115	0
90	-110	0
90	-105	0
90	-100	0
90	-95	0
90	-90	282.0
90	-85	0
90	-80	0
90	-75	0
90	-70	0
90	-65	0
90	-60	0
90	-55	0
90	-50	0
90	-45	0
90	-40	0
90	-35	0
90	-30	0
90	-25	0
90	-20	0
90	-15	0
90	-10	0
90	-5	280.0
90	0	0
90	5	0
90	10	0
90	15	0
90	20	0
90	25	0
90	30	0
90	35	0
90	40	0
90	45	0
90	50	0
90	55	0
90	60	0
90	65	0
90	70	0
90	75	0
90	80	0
90	85	0
90	90	0
90	95	0
90	100	0
90	105	0
90	110	0
90	115	0
90	120	0
90	125	0
90	130	0
90	135	0
90	140	0
90	145	0
90	150	0
90	155	0
90	160	0
90	165	0
90	170	0
90	175	0
95	-180	0
95	-175	0
95	-170	0
95	-165	0
95	-160	0
95	-155	0
95	-150	0
95	-145	0
95	-140	0
95	-135	0
95	-130	0
95	-125	0
95	-120	0
95	-115	0
95	-110	0
95	-105	0
95	-100	0
95	-95	0
95	-90	0
95	-85	0
95	-80	0
95	-75	0
95	-70	0
95	-65	0
95	-60	0
95	-55	0
95	-50	0
95	-45	0
95	-40	0
95	-35	0
95	-30	0
95	-25	0
95	-20	0
95	-15	0
95	-10	0
95	-5	280.0
95	0	0
95	5	0
95	10	0
95	15	0
95	20	0
95	25	0
95	30	0
95	35	0
95	40	0
95	45	0
95	50	0
95	55	0
95	60	0
95	65	0
95	70	0
95	75	0
95	80	0
95	85	0
95	90	0
95	95	0
95	100	0
95	105	0
95	110	0
95	115	0
95	120	0
95	125	0
95	130	0
95	135	0
95	140	0
95	145	0
95	150	0
95	155	0
95	160	0
95	165	0
95	170	0
95	175	0
100	-180	0
100	-175	0
100	-170	0
100	-165	0
100	-160	0
100	-155	0
100	-150	0
100	-145	0
100	-140	0
100	-135	0
100	-130	0
100	-125	0
100	-120	0
100	-115	0
100	-110	0
100	-105	0
100	-100	0
100	-95	0
100	-90	0
100	-85	0
100	-80	0
100	-75	0
100	-70	0
100	-65	0
100	-60	0
100	-55	0
100	-50	0
100	-45	0
100	-40	0
100	-35	0
100	-30	0
100	-25	0
100	-20	0
100	-15	0
100	-10	0
100	-5	0
100	0	0
100	5	0
100	10	0
100	15	0
100	20	0
100	25	0
100	30	0
100	35	0
100	40	0
100	45	0
100	50	0
100	55	0
100	60	0
100	65	0
100	70	0
100	75	0
100	80	0
100	85	0
100	90	0
100	95	0
100	100	0
100	105	0
100	110	0
100	115	0
100	120	0
100	125	0
100	130	0
100	135	0
100	140	0
100	145	0
100	150	0
100	155	0
100	160	0
100	165	0
100	170	0
100	175	0
105	-180	0
105	-175	0
105	-170	0
105	-165	0
105	-160	0
105	-155	0
105	-150	0
105	-145	0
105	-140	0
105	-135	0
105	-130	0
105	-125	0
105	-120	0
105	-115	0
105	-110	0
105	-105	0
105	-100	0
105	-95	0
105	-90	0
105	-85	0
105	-80	0
105	-75	0
105	-70	0
105	-65	0
105	-60	0
105	-55	0
105	-50	0
105	-45	0
105	-40	0
105	-35	0
105	-30	0
105	-25	0
105	-20	0
105	-15	0
105	-10	0
105	-5	0
105	0	0
105	5	0
105	10	0
105	15	0
105	20	0
105	25	0
105	30	0
105	35	0
105	40	0
105	45	0
105	50	0
105	55	0
105	60	0
105	65	0
105	70	0
105	75	0
105	80	0
105	85	0
105	90	0
105	95	0
105	100	0
105	105	0
105	110	0
105	115	0
105	120	0
105	125	0
105	130	0
105	135	0
105	140	0
105	145	0
105	150	0
105	155	0
105	160	0
105	165	0
105	170	0
105	175	0
110	-180	0
110	-175	0
110	-170	0
110	-165	0
110	-160	0
110	-155	0
110	-150	0
110	-145	0
110	-140	0
110	-135	0
110	-130	0
110	-125	0
110	-120	0
110	-115	0
110	-110	0
110	-105	0
110	-100	0
110	-95	0
110	-90	0
110	-85	0
110	-80	0
110	-75	0
110	-70	0
110	-65	0
110	-60	0
110	-55	0
110	-50	0
110	-45	0
110	-40	0
110	-35	0
110	-30	0
110	-25	0
110	-20	0
110	-15	0
110	-10	0
110	-5	0
110	0	0
110	5	0
110	10	0
110	15	0
110	20	0
110	25	0
110	30	0
110	35	0
110	40	0
110	45	0
110	50	0
110	55	0
110	60	0
110	65	0
110	70	0
110	75	0
110	80	0
110	85	0
110	90	0
110	95	0
110	100	0
110	105	0
110	110	0
110	115	0
110	120	0
110	125	0
110	130	0
110	135	0
110	140	0
110	145	0
110	150	0
110	155	0
110	160	0
110	165	0
110	170	0
110	175	0
115	-180	0
115	-175	0
115	-170	0
115	-165	0
115	-160	0
115	-155	0
115	-150	0
115	-145	0
115	-140	0
115	-135	0
115	-130	0
115	-125	0
115	-120	0
115	-115	0
115	-110	0
115	-105	0
115	-100	0
115	-95	0
115	-90	0
115	-85	0
115	-80	0
115	-75	0
115	-70	0
115	-65	0
115	-60	0
115	-55	0
115	-50	0
115	-45	0
115	-40	0
115	-35	0
115	-30	0
115	-25	0
115	-20	0
115	-15	0
115	-10	0
115	-5	0
115	0	0
115	5	0
115	10	0
115	15	0
115	20	0
115	25	0
115	30	0
115	35	0
115	40	0
115	45	0
115	50	0
115	55	0
115	60	0
115	65	0
115	70	0
115	75	0
115	80	0
115	85	0
115	90	0
115	95	0
115	100	0
115	105	0
115	110	0
115	115	0
115	120	0
115	125	0
115	130	0
115	135	0
115	140	0
115	145	0
115	150	0
115	155	0
115	160	0
115	165	0
115	170	0
115	175	0
120	-180	0
120	-175	0
120	-170	0
120	-165	0
120	-160	0
120	-155	0
120	-150	0
120	-145	0
120	-140	0
120	-135	0
120	-130	0
120	-125	0
120	-120	0
120	-115	0
120	-110	0
120	-105	0
120	-100	0
120	-95	0
120	-90	0
120	-85	0
120	-80	0
120	-75	0
120	-70	0
120	-65	0
120	-60	0
120	-55	0
120	-50	0
120	-45	0
120	-40	0
120	-35	0
120	-30	0
120	-25	0
120	-20	0
120	-15	0
120	-10	0
120	-5	0
120	0	0
120	5	0
120	10	0
120	15	0
120	20	0
120	25	0
120	30	0
120	35	0
120	40	0
120	45	0
120	50	0
120	55	0
120	60	0
120	65	0
120	70	0
120	75	0
120	80	0
120	85	0
120	90	0
120	95	0
120	100	0
120	105	0
120	110	0
120	115	0
120	120	0
120	125	0
120	130	0
120	135	0
120	140	0
120	145	0
120	150	0
120	155	0
120	160	0
120	165	0
120	170	0
120	175	0
125	-180	0
125	-175	0
125	-170	0
125	-165	0
125	-160	0
125	-155	0
125	-150	0
125	-145	0
125	-140	0
125	-135	0
125	-130	0
125	-125	0
125	-120	0
125	-115	0
125	-110	0
125	-105	0
125	-100	0
125	-95	0
125	-90	0
125	-85	0
125	-80	0
125	-75	0
125	-70	0
125	-65	0
125	-60	0
125	-55	0
125	-50	0
125	-45	0
125	-40	0
125	-35	0
125	-30	0
125	-25	0
125	-20	0
125	-15	0
125	-10	0
125	-5	0
125	0	0
125	5	0
125	10	0
125	15	0
125	20	0
125	25	0
125	30	0
125	35	0
125	40	0
125	45	0
125	50	0
125	55	0
125	60	0
125	65	0
125	70	0
125	75	0
125	80	0
125	85	0
125	90	0
125	95	0
125	100	0
125	105	0
125	110	0
125	115	0
125	120	0
125	125	0
125	130	0
125	135	0
125	140	0
125	145	0
125	150	0
125	155	0
125	160	0
125	165	0
125	170	0
125	175	0
130	-180	0
130	-175	0
130	-170	0
130	-165	0
130	-160	0
130	-155	0
130	-150	0
130	-145	0
130	-140	0
130	-135	0
130	-130	0
130	-125	0
130	-120	0
130	-115	0
130	-110	0
130	-105	0
130	-100	0
130	-95	0
130	-90	0
130	-85	0
130	-80	0
130	-75	0
130	-70	0
130	-65	0
130	-60	0
130	-55	0
130	-50	0
130	-45	0
130	-40	0
130	-35	0
130	-30	0
130	-25	0
130	-20	0
130	-15	0
130	-10	0
130	-5	0
130	0	0
130	5	0
130	10	0
130	15	0
130	20	0
130	25	0
130	30	0
130	35	0
130	40	0
130	45	0
130	50	0
130	55	0
130	60	0
130	65	0
130	70	0
130	75	0
130	80	0
130	85	0
130	90	0
130	95	0
130	100	0
130	105	0
130	110	0
130	115	0
130	120	0
130	125	0
130	130	0
130	135	0
130	140	0
130	145	0
130	150	0
130	155	0
130	160	0
130	165	0
130	170	0
130	175	0
135	-180	0
135	-175	0
135	-170	0
135	-165	0
135	-160	0
135	-155	0
135	-150	0
135	-145	0
135	-140	0
135	-135	0
135	-130	0
135	-125	0
135	-120	0
135	-115	0
135	-110	0
135	-105	0
135	-100	0
135	-95	0
135	-90	0
135	-85	0
135	-80	0
135	-75	0
135	-70	0
135	-65	0
135	-60	0
135	-55	0
135	-50	0
135	-45	0
135	-40	0
135	-35	0
135	-30	0
135	-25	0
135	-20	0
135	-15	0
135	-10	0
135	-5	0
135	0	0
135	5	0
135	10	0
135	15	0
135	20	0
135	25	0
135	30	0
135	35	0
135	40	0
135	45	0
135	50	0
135	55	0
135	60	0
135	65	0
135	70	0
135	75	0
135	80	0
135	85	0
135	90	0
135	95	0
135	100	0
135	105	0
135	110	0
135	115	0
135	120	0
135	125	0
135	130	0
135	135	0
135	140	0
135	145	0
135	150	0
135	155	0
135	160	0
135	165	0
135	170	0
135	175	0
140	-180	0
140	-175	0
140	-170	0
140	-165	0
140	-160	0
140	-155	0
140	-150	0
140	-145	0
140	-140	0
140	-135	0
140	-130	0
140	-125	0
140	-120	0
140	-115	0
140	-110	0
140	-105	0
140	-100	0
140	-95	0
140	-90	0
140	-85	0
140	-80	0
140	-75	0
140	-70	0
140	-65	0
140	-60	0
140	-55	0
140	-50	0
140	-45	0
140	-40	0
140	-35	0
140	-30	0
140	-25	0
140	-20	0
140	-15	0
140	-10	0
140	-5	0
140	0	0
140	5	0
140	10	0
140	15	0
140	20	0
140	25	0
140	30	0
140	35	0
140	40	0
140	45	0
140	50	0
140	55	0
140	60	0
140	65	0
140	70	0
140	75	0
140	80	0
140	85	0
140	90	0
140	95	0
140	100	0
140	105	0
140	110	0
140	115	0
140	120	0
140	125	0
140	130	0
140	135	0
140	140	0
140	145	0
140	150	0
140	155	0
140	160	0
140	165	0
140	170	0
140	175	0
145	-180	0
145	-175	0
145	-170	0
145	-165	0
145	-160	0
145	-155	0
145	-150	0
145	-145	0
145	-140	0
145	-135	0
145	-130	0
145	-125	0
145	-120	0
145	-115	0
145	-110	0
145	-105	0
145	-100	0
145	-95	0
145	-90	0
145	-85	0
145	-80	0
145	-75	0
145	-70	0
145	-65	0
145	-60	0
145	-55	0
145	-50	0
145	-45	0
145	-40	0
145	-35	0
145	-30	0
145	-25	0
145	-20	0
145	-15	0
145	-10	0
145	-5	0
145	0	0
145	5	0
145	10	0
145	15	0
145	20	0
145	25	0
145	30	0
145	35	0
145	40	0
145	45	0
145	50	0
145	55	0
145	60	0
145	65	0
145	70	0
145	75	0
145	80	0
145	85	0
145	90	0
145	95	0
145	100	0
145	105	0
145	110	0
145	115	0
145	120	0
145	125	0
145	130	0
145	135	0
145	140	0
145	145	0
145	150	0
145	155	0
145	160	0
145	165	0
145	170	0
145	175	0
150	-180	0
150	-175	0
150	-170	0
150	-165	0
150	-160	0
150	-155	0
150	-150	0
150	-145	0
150	-140	0
150	-135	0
150	-130	0
150	-125	0
150	-120	0
150	-115	0
150	-110	0
150	-105	0
150	-100	0
150	-95	0
150	-90	0
150	-85	0
150	-80	0
150	-75	0
150	-70	0
150	-65	0
150	-60	0
150	-55	0
150	-50	0
150	-45	0
150	-40	0
150	-35	0
150	-30	0
150	-25	0
150	-20	0
150	-15	0
150	-10	0
150	-5	0
150	0	0
150	5	0
150	10	0
150	15	0
150	20	0
150	25	0
150	30	0
150	35	0
150	40	0
150	45	0
150	50	0
150	55	0
150	60	0
150	65	0
150	70	0
150	75	0
150	80	0
150	85	0
150	90	0
150	95	0
150	100	0
150	105	0
150	110	0
150	115	0
150	120	0
150	125	0
150	130	0
150	135	0
150	140	0
150	145	0
150	150	0
150	155	0
150	160	0
150	165	0
150	170	0
150	175	0
155	-180	0
155	-175	0
155	-170	0
155	-165	0
155	-160	0
155	-155	0
155	-150	0
155	-145	0
155	-140	0
155	-135	0
155	-130	0
155	-125	0
155	-120	0
155	-115	0
155	-110	0
155	-105	0
155	-100	0
155	-95	0
155	-90	0
155	-85	0
155	-80	0
155	-75	0
155	-70	0
155	-65	0
155	-60	0
155	-55	0
155	-50	0
155	-45	0
155	-40	0
155	-35	0
155	-30	0
155	-25	0
155	-20	0
155	-15	0
155	-10	0
155	-5	0
155	0	0
155	5	0
155	10	0
155	15	0
155	20	0
155	25	0
155	30	0
155	35	0
155	40	0
155	45	0
155	50	0
155	55	0
155	60	0
155	65	0
155	70	0
155	75	0
155	80	0
155	85	0
155	90	0
155	95	0
155	100	0
155	105	0
155	110	0
155	115	0
155	120	0
155	125	0
155	130	0
155	135	0
155	140	0
155	145	0
155	150	0
155	155	0
155	160	0
155	165	0
155	170	0
155	175	0
160	-180	0
160	-175	0
160	-170	0
160	-165	0
160	-160	0
160	-155	0
160	-150	0
160	-145	0
160	-140	0
160	-135	0
160	-130	0
160	-125	0
160	-120	0
160	-115	0
160	-110	0
160	-105	0
160	-100	0
160	-95	0
160	-90	0
160	-85	0
160	-80	0
160	-75	0
160	-70	0
160	-65	0
160	-60	0
160	-55	0
160	-50	0
160	-45	0
160	-40	0
160	-35	0
160	-30	0
160	-25	0
160	-20	0
160	-15	0
160	-10	0
160	-5	0
160	0	0
160	5	0
160	10	0
160	15	0
160	20	0
160	25	0
160	30	0
160	35	0
160	40	0
160	45	0
160	50	0
160	55	0
160	60	0
160	65	0
160	70	0
160	75	0
160	80	0
160	85	0
160	90	0
160	95	0
160	100	0
160	105	0
160	110	0
160	115	0
160	120	0
160	125	0
160	130	0
160	135	0
160	140	0
160	145	0
160	150	0
160	155	0
160	160	0
160	165	0
160	170	0
160	175	0
165	-180	0
165	-175	0
165	-170	0
165	-165	0
165	-160	0
165	-155	0
165	-150	0
165	-145	0
165	-140	0
165	-135	0
165	-130	0
165	-125	0
165	-120	0
165	-115	0
165	-110	0
165	-105	0
165	-100	0
165	-95	0
165	-90	0
165	-85	0
165	-80	0
165	-75	0
165	-70	0
165	-65	0
165	-60	0
165	-55	0
165	-50	0
165	-45	0
165	-40	0
165	-35	0
165	-30	0
165	-25	0
165	-20	0
165	-15	0
165	-10	0
165	-5	0
165	0	0
165	5	0
165	10	0
165	15	0
165	20	0
165	25	0
165	30	0
165	35	0
165	40	0
165	45	0
165	50	0
165	55	0
165	60	0
165	65	0
165	70	0
165	75	0
165	80	0
165	85	0
165	90	0
165	95	0
165	100	0
165	105	0
165	110	0
165	115	0
165	120	0
165	125	0
165	130	0
165	135	0
165	140	0
165	145	0
165	150	0
165	155	0
165	160	0
165	165	0
165	170	0
165	175	0
170	-180	0
170	-175	0
170	-170	0
170	-165	0
170	-160	0
170	-155	0
170	-150	0
170	-145	0
170	-140	0
170	-135	0
170	-130	0
170	-125	0
170	-120	0
170	-115	0
170	-110	0
170	-105	0
170	-100	0
170	-95	0
170	-90	0
170	-85	0
170	-80	0
170	-75	0
170	-70	0
170	-65	0
170	-60	0
170	-55	0
170	-50	0
170	-45	0
170	-40	0
170	-35	0
170	-30	0
170	-25	0
170	-20	0
170	-15	0
170	-10	0
170	-5	0
170	0	0
170	5	0
170	10	0
170	15	0
170	20	0
170	25	0
170	30	0
170	35	0
170	40	0
170	45	0
170	50	0
170	55	0
170	60	0
170	65	0
170	70	0
170	75	0
170	80	0
170	85	0
170	90	0
170	95	0
170	100	0
170	105	0
170	110	0
170	115	0
170	120	0
170	125	0
170	130	0
170	135	0
170	140	0
170	145	0
170	150	0
170	155	0
170	160	0
170	165	0
170	170	0
170	175	0
175	-180	0
175	-175	0
175	-170	0
175	-165	0
175	-160	0
175	-155	0
175	-150	0
175	-145	0
175	-140	0
175	-135	0
175	-130	0
175	-125	0
175	-120	0
175	-115	0
175	-110	0
175	-105	0
175	-100	0
175	-95	0
175	-90	0
175	-85	0
175	-80	0
175	-75	0
175	-70	0
175	-65	0
175	-60	0
175	-55	0
175	-50	0
175	-45	0
175	-40	0
175	-35	0
175	-30	0
175	-25	0
175	-20	0
175	-15	0
175	-10	0
175	-5	0
175	0	0
175	5	0
175	10	0
175	15	0
175	20	0
175	25	0
175	30	0
175	35	0
175	40	0
175	45	0
175	50	0
175	55	0
175	60	0
175	65	0
175	70	0
175	75	0
175	80	0
175	85	0
175	90	0
175	95	0
175	100	0
175	105	0
175	110	0
175	115	0
175	120	0
175	125	0
175	130	0
175	135	0
175	140	0
175	145	0
175	150	0
175	155	0
175	160	0
175	165	0
175	170	0
175	175	0
