Rose	Empirical Mean	Theoretical Mean	Empirical Median	Theoretical Median	Empirical Sqrt Mean	Theoretical Sqrt Mean	Empirical Box-Cox Mean	Theoretical Box-Cox Mean	100_Buried	95_Buried
wolfCorr	0.61402869153018	0.734135621245177	0.746256377740147	0.75512395591282	0.763811303590913	0.765547762055539	0.772012927240256	0.769729763517889	0.772677437374547	0.826714120459279	0.790345955668177
wolfPval	0.0039761118428383	2.28629527738944e-04	1.57748619152187e-04	1.18679632091112e-04	8.87703516847527e-05	8.36434418252097e-05	6.67279288055767e-05	7.23292239768192e-05	6.51696088811438e-05	7.00232006201063e-06	3.37406242691962e-05
kyteCorr	0.840974629946379	0.86262878527357	0.865967541071143	0.898087315208585	0.900963500497899	0.905926323839714	0.906397219143982	0.943299517750979	0.940131862984111	0.953151413710575	0.946330789131071
kytePval	3.41597384889702e-06	9.94147018484881e-07	8.0688255676975e-07	7.74071775566654e-08	6.04752208310799e-08	3.87897347575716e-08	3.71422892442297e-08	4.67854865959794e-10	7.54251550105778e-10	8.70645777695245e-11	2.88541412984955e-10
radzCorr	0.804121712639131	0.843501515437938	0.847977352355125	0.869198536404472	0.872942276290111	0.867211506922803	0.868838526033497	0.893337675720229	0.892462031550685	0.844160259438805	0.885500570974228
radzPval	3.33716731240052e-05	5.71068917598616e-06	4.53457391458301e-06	1.36256240690358e-06	1.07874667598651e-06	1.53798282953588e-06	1.3929907369814e-06	2.61955447555806e-07	2.79945953973737e-07	5.52259184516402e-06	4.65582209674409e-07
moonCorr	-0.704301118174193	-0.802315928892329	-0.810985214427511	-0.805981832465064	-0.813357305300516	-0.800536272292497	-0.805110848491541	-0.784840426913535	-0.786359462057902	-0.678708166991728	-0.770412591030136
moonPval	3.33716731240052e-05	5.71068917598616e-06	4.53457391458301e-06	1.36256240690358e-06	1.07874667598651e-06	1.53798282953588e-06	1.3929907369814e-06	2.61955447555806e-07	2.79945953973737e-07	5.52259184516402e-06	4.65582209674409e-07
macCorr	0.804121712639131	0.843501515437938	0.847977352355125	0.869198536404472	0.872942276290111	0.867211506922803	0.868838526033497	0.893337675720229	0.892462031550685	0.844160259438805	0.885500570974228
macPval	3.33716731240052e-05	5.71068917598616e-06	4.53457391458301e-06	1.36256240690358e-06	1.07874667598651e-06	1.53798282953588e-06	1.3929907369814e-06	2.61955447555806e-07	2.79945953973737e-07	5.52259184516402e-06	4.65582209674409e-07
wimCorr	0.430451614396299	0.450084958827363	0.443178283243689	0.478347683871726	0.474519573621606	0.440794813810108	0.435973181301885	0.439476614038972	0.438012347356867	0.322803461388011	0.404267565633522
wimPval	0.0581516927743801	0.0464498115943175	0.050338810915143	0.0328867713499976	0.0345161965556164	0.0517371388903209	0.0546564178431015	0.0525231337863561	0.053406872496081	0.165087524276663	0.0770794211790675
fauCorr	0.903957105700541	0.921536654090332	0.918943521540621	0.918202776566216	0.917801178009861	0.915495730747182	0.91327434314022	0.903407575147844	0.903536108208575	0.733578604301146	0.877276453486094
fauPval	4.63965164065883e-08	8.03193778153855e-09	1.06589637116628e-08	1.15364899855308e-08	1.20383483181996e-08	1.53091255228333e-08	1.91765079371464e-08	4.87405933391472e-08	4.81831921028686e-08	2.32452879680434e-04	3.81020177409042e-07
