Phi	Psi	max_obs_SA	max_theo_SA	obs_bin_pop
-180	-180	0	180.0	0
-180	-175	0	180.0	0
-180	-170	53.0	180.0	1
-180	-165	0	180.0	0
-180	55	0	182.0	0
-180	60	0	181.0	0
-180	70	0	181.0	0
-180	75	0	181.0	0
-180	80	0	180.0	0
-180	85	0	181.0	0
-180	90	0	181.0	0
-180	95	0	181.0	0
-180	100	65.0	180.0	2
-180	105	0	179.0	0
-180	110	0	179.0	0
-180	115	0	180.0	0
-180	120	0	179.0	0
-180	125	0	181.0	0
-180	130	1.0	180.0	1
-180	135	0	181.0	0
-180	140	26.0	180.0	1
-180	145	0	180.0	0
-180	150	0	179.0	0
-180	155	0	179.0	0
-180	160	0	180.0	0
-180	165	0	180.0	1
-180	170	72.0	180.0	2
-180	175	0	180.0	0
-175	-180	83.0	181.0	4
-175	-175	120.0	181.0	2
-175	-170	74.0	182.0	1
-175	-165	0	181.0	0
-175	-160	5.0	181.0	1
-175	10	0	182.0	0
-175	50	0	180.0	0
-175	55	0	179.0	0
-175	60	0	179.0	0
-175	65	0	179.0	0
-175	70	0	179.0	0
-175	75	0	178.0	0
-175	80	0	179.0	0
-175	85	52.0	179.0	1
-175	90	0	180.0	0
-175	95	0	179.0	0
-175	100	0	179.0	0
-175	105	0	179.0	0
-175	110	5.0	178.0	1
-175	115	0	177.0	0
-175	120	41.0	178.0	1
-175	125	0	178.0	0
-175	130	30.0	179.0	1
-175	135	0	179.0	0
-175	140	0	179.0	0
-175	145	0	179.0	0
-175	150	119.0	181.0	1
-175	155	66.0	180.0	1
-175	160	78.0	180.0	4
-175	165	118.0	180.0	7
-175	170	113.0	180.0	4
-175	175	83.0	180.0	5
-170	-180	59.0	179.0	2
-170	-175	66.0	177.0	6
-170	-170	1.0	180.0	1
-170	-165	91.0	178.0	2
-170	-160	0	180.0	0
-170	-155	0	179.0	0
-170	5	27.0	179.0	1
-170	10	0	180.0	0
-170	15	0	178.0	0
-170	20	0	179.0	0
-170	25	0	179.0	0
-170	40	0	177.0	0
-170	45	0	177.0	0
-170	50	0	176.0	0
-170	55	132.0	176.0	1
-170	60	3.0	176.0	1
-170	65	31.0	178.0	2
-170	70	35.0	178.0	1
-170	75	11.0	176.0	1
-170	80	0	177.0	0
-170	85	60.0	177.0	2
-170	90	62.0	176.0	4
-170	95	125.0	177.0	1
-170	100	3.0	177.0	1
-170	105	0	178.0	0
-170	110	78.0	177.0	1
-170	115	0	176.0	0
-170	120	67.0	176.0	2
-170	125	40.0	177.0	2
-170	130	55.0	177.0	4
-170	135	2.0	177.0	1
-170	140	109.0	177.0	2
-170	145	28.0	177.0	2
-170	150	8.0	178.0	1
-170	155	75.0	178.0	5
-170	160	85.0	177.0	3
-170	165	101.0	177.0	11
-170	170	74.0	179.0	11
-170	175	80.0	178.0	10
-165	-180	72.0	182.0	15
-165	-175	86.0	181.0	14
-165	-170	86.0	181.0	6
-165	-165	0	182.0	0
-165	-160	0	180.0	0
-165	-155	0	180.0	0
-165	-150	0	181.0	0
-165	0	0	180.0	0
-165	5	0	180.0	0
-165	10	0	181.0	0
-165	15	0	181.0	0
-165	20	0	180.0	0
-165	25	0	181.0	0
-165	30	0	180.0	0
-165	35	0	180.0	0
-165	40	0	179.0	0
-165	45	0	178.0	0
-165	50	0	179.0	0
-165	55	0	180.0	0
-165	60	39.0	179.0	2
-165	65	1.0	178.0	1
-165	70	126.0	178.0	1
-165	75	103.0	178.0	3
-165	80	124.0	177.0	4
-165	85	61.0	176.0	3
-165	90	23.0	177.0	2
-165	95	69.0	177.0	7
-165	100	94.0	176.0	2
-165	105	100.0	177.0	7
-165	110	56.0	177.0	3
-165	115	69.0	177.0	6
-165	120	68.0	178.0	2
-165	125	26.0	177.0	1
-165	130	48.0	178.0	2
-165	135	0	177.0	1
-165	140	81.0	178.0	4
-165	145	75.0	179.0	10
-165	150	84.0	179.0	4
-165	155	114.0	179.0	10
-165	160	95.0	180.0	22
-165	165	81.0	178.0	17
-165	170	94.0	180.0	25
-165	175	86.0	179.0	13
-160	-180	83.0	181.0	15
-160	-175	81.0	180.0	8
-160	-170	45.0	181.0	5
-160	-165	93.0	180.0	8
-160	-160	52.0	179.0	1
-160	-155	0	181.0	0
-160	-150	0	181.0	0
-160	-145	0	183.0	0
-160	-5	0	181.0	0
-160	0	37.0	181.0	1
-160	5	0	180.0	0
-160	10	66.0	181.0	1
-160	15	0	181.0	0
-160	20	0	180.0	0
-160	25	0	180.0	0
-160	30	131.0	179.0	1
-160	35	54.0	180.0	1
-160	40	0	179.0	0
-160	45	77.0	178.0	1
-160	50	94.0	179.0	2
-160	55	128.0	180.0	3
-160	60	130.0	179.0	3
-160	65	122.0	179.0	1
-160	70	137.0	179.0	8
-160	75	79.0	178.0	3
-160	80	87.0	177.0	4
-160	85	95.0	177.0	9
-160	90	100.0	177.0	10
-160	95	129.0	177.0	9
-160	100	145.0	177.0	9
-160	105	97.0	177.0	5
-160	110	76.0	177.0	2
-160	115	98.0	177.0	8
-160	120	51.0	177.0	1
-160	125	53.0	177.0	4
-160	130	89.0	178.0	6
-160	135	72.0	178.0	8
-160	140	110.0	178.0	8
-160	145	92.0	178.0	4
-160	150	106.0	179.0	15
-160	155	97.0	178.0	16
-160	160	69.0	180.0	14
-160	165	104.0	178.0	27
-160	170	96.0	179.0	28
-160	175	84.0	179.0	28
-155	-180	100.0	178.0	13
-155	-175	92.0	178.0	14
-155	-170	83.0	178.0	5
-155	-165	78.0	180.0	6
-155	-160	56.0	179.0	4
-155	-155	56.0	179.0	2
-155	-150	0	179.0	0
-155	-145	0	179.0	0
-155	-140	0	180.0	0
-155	-15	0	180.0	0
-155	-10	0	181.0	0
-155	-5	0	179.0	0
-155	0	0	179.0	0
-155	5	2.0	178.0	1
-155	10	74.0	179.0	3
-155	15	73.0	179.0	1
-155	20	121.0	180.0	2
-155	25	0	178.0	0
-155	30	0	178.0	0
-155	35	123.0	178.0	1
-155	40	0	178.0	0
-155	45	0	178.0	0
-155	50	135.0	177.0	3
-155	55	73.0	178.0	2
-155	60	103.0	178.0	10
-155	65	124.0	177.0	7
-155	70	85.0	177.0	5
-155	75	143.0	178.0	8
-155	80	76.0	178.0	9
-155	85	107.0	176.0	6
-155	90	80.0	177.0	10
-155	95	114.0	176.0	8
-155	100	119.0	176.0	12
-155	105	104.0	177.0	8
-155	110	94.0	177.0	10
-155	115	103.0	177.0	15
-155	120	128.0	177.0	9
-155	125	92.0	176.0	14
-155	130	99.0	178.0	11
-155	135	87.0	178.0	7
-155	140	99.0	177.0	11
-155	145	112.0	177.0	11
-155	150	62.0	177.0	16
-155	155	111.0	176.0	23
-155	160	114.0	179.0	20
-155	165	73.0	179.0	18
-155	170	119.0	179.0	24
-155	175	94.0	178.0	25
-150	-180	48.0	178.0	6
-150	-175	90.0	178.0	9
-150	-170	64.0	179.0	6
-150	-165	47.0	180.0	3
-150	-160	73.0	179.0	3
-150	-155	54.0	179.0	2
-150	-150	0	179.0	0
-150	-145	0	180.0	0
-150	-140	0	180.0	0
-150	-25	0	182.0	0
-150	-20	0	182.0	0
-150	-15	15.0	181.0	1
-150	-10	55.0	181.0	1
-150	-5	0	180.0	0
-150	0	29.0	181.0	1
-150	5	0	180.0	0
-150	10	135.0	180.0	6
-150	15	84.0	180.0	3
-150	20	39.0	179.0	5
-150	25	94.0	179.0	3
-150	30	19.0	178.0	1
-150	35	39.0	179.0	2
-150	40	140.0	179.0	3
-150	45	101.0	178.0	2
-150	50	123.0	178.0	4
-150	55	5.0	178.0	1
-150	60	132.0	178.0	6
-150	65	97.0	178.0	7
-150	70	114.0	178.0	9
-150	75	109.0	179.0	4
-150	80	78.0	178.0	8
-150	85	71.0	178.0	5
-150	90	50.0	177.0	5
-150	95	159.0	177.0	9
-150	100	150.0	178.0	8
-150	105	113.0	178.0	12
-150	110	116.0	177.0	7
-150	115	124.0	177.0	13
-150	120	80.0	176.0	7
-150	125	112.0	177.0	14
-150	130	48.0	178.0	11
-150	135	99.0	178.0	15
-150	140	105.0	178.0	12
-150	145	83.0	178.0	10
-150	150	110.0	178.0	13
-150	155	118.0	178.0	21
-150	160	110.0	178.0	20
-150	165	101.0	178.0	26
-150	170	92.0	179.0	17
-150	175	88.0	178.0	22
-145	-180	65.0	178.0	7
-145	-175	62.0	178.0	8
-145	-170	74.0	177.0	9
-145	-165	89.0	178.0	7
-145	-160	0	179.0	0
-145	-155	0	178.0	0
-145	-150	0	179.0	0
-145	-145	0	179.0	0
-145	-35	111.0	181.0	1
-145	-30	113.0	181.0	1
-145	-25	0	179.0	0
-145	-20	0	180.0	0
-145	-15	0	181.0	0
-145	-10	0	180.0	0
-145	-5	0	178.0	0
-145	0	94.0	179.0	7
-145	5	68.0	179.0	5
-145	10	31.0	179.0	2
-145	15	127.0	179.0	3
-145	20	109.0	178.0	6
-145	25	66.0	178.0	1
-145	30	140.0	178.0	7
-145	35	136.0	178.0	4
-145	40	120.0	178.0	5
-145	45	55.0	178.0	2
-145	50	95.0	178.0	2
-145	55	138.0	178.0	5
-145	60	136.0	178.0	8
-145	65	167.0	178.0	9
-145	70	129.0	177.0	16
-145	75	148.0	176.0	11
-145	80	109.0	176.0	9
-145	85	53.0	177.0	4
-145	90	82.0	177.0	14
-145	95	118.0	176.0	14
-145	100	135.0	177.0	10
-145	105	144.0	176.0	20
-145	110	155.0	175.0	13
-145	115	157.0	176.0	13
-145	120	107.0	177.0	11
-145	125	116.0	177.0	13
-145	130	110.0	177.0	12
-145	135	109.0	176.0	11
-145	140	109.0	176.0	17
-145	145	108.0	176.0	19
-145	150	137.0	177.0	12
-145	155	125.0	178.0	25
-145	160	70.0	176.0	12
-145	165	98.0	178.0	18
-145	170	100.0	177.0	12
-145	175	109.0	178.0	14
-140	-180	69.0	176.0	9
-140	-175	70.0	178.0	5
-140	-170	62.0	178.0	8
-140	-165	65.0	178.0	4
-140	-160	0	178.0	0
-140	-155	25.0	180.0	1
-140	-150	0	180.0	0
-140	-145	0	180.0	0
-140	-40	0	181.0	0
-140	-35	0	181.0	0
-140	-30	2.0	181.0	2
-140	-25	60.0	181.0	1
-140	-20	124.0	180.0	1
-140	-15	0	180.0	0
-140	-10	0	181.0	0
-140	-5	95.0	180.0	3
-140	0	116.0	179.0	4
-140	5	117.0	180.0	8
-140	10	132.0	180.0	8
-140	15	104.0	180.0	4
-140	20	121.0	180.0	9
-140	25	111.0	180.0	7
-140	30	86.0	181.0	3
-140	35	122.0	181.0	10
-140	40	151.0	179.0	10
-140	45	87.0	180.0	4
-140	50	116.0	180.0	6
-140	55	107.0	179.0	5
-140	60	123.0	179.0	13
-140	65	105.0	178.0	10
-140	70	139.0	179.0	10
-140	75	121.0	178.0	7
-140	80	173.0	178.0	12
-140	85	158.0	178.0	14
-140	90	107.0	177.0	12
-140	95	128.0	176.0	14
-140	100	78.0	176.0	12
-140	105	85.0	176.0	12
-140	110	156.0	177.0	13
-140	115	126.0	176.0	11
-140	120	94.0	175.0	8
-140	125	130.0	176.0	12
-140	130	120.0	176.0	19
-140	135	119.0	178.0	15
-140	140	94.0	177.0	19
-140	145	109.0	178.0	21
-140	150	144.0	178.0	20
-140	155	107.0	177.0	21
-140	160	124.0	178.0	20
-140	165	80.0	178.0	10
-140	170	112.0	178.0	5
-140	175	78.0	178.0	6
-135	-180	84.0	178.0	8
-135	-175	80.0	179.0	5
-135	-170	86.0	180.0	5
-135	-165	73.0	180.0	3
-135	-160	13.0	180.0	2
-135	-155	20.0	182.0	2
-135	-150	0	181.0	0
-135	-145	0	182.0	0
-135	-50	51.0	182.0	1
-135	-45	80.0	183.0	1
-135	-40	0	182.0	0
-135	-35	0	183.0	0
-135	-30	124.0	183.0	1
-135	-25	104.0	182.0	2
-135	-20	5.0	182.0	1
-135	-15	102.0	182.0	6
-135	-10	103.0	182.0	2
-135	-5	63.0	181.0	4
-135	0	129.0	182.0	7
-135	5	140.0	182.0	8
-135	10	107.0	182.0	14
-135	15	140.0	182.0	15
-135	20	158.0	182.0	11
-135	25	137.0	182.0	15
-135	30	109.0	182.0	8
-135	35	168.0	181.0	6
-135	40	150.0	181.0	3
-135	45	122.0	181.0	7
-135	50	158.0	181.0	12
-135	55	143.0	180.0	7
-135	60	134.0	180.0	12
-135	65	97.0	179.0	19
-135	70	129.0	180.0	15
-135	75	177.0	179.0	16
-135	80	101.0	179.0	10
-135	85	89.0	180.0	12
-135	90	115.0	179.0	7
-135	95	143.0	178.0	12
-135	100	147.0	178.0	17
-135	105	154.0	178.0	15
-135	110	119.0	178.0	21
-135	115	161.0	178.0	24
-135	120	111.0	177.0	18
-135	125	56.0	177.0	12
-135	130	106.0	177.0	16
-135	135	89.0	179.0	15
-135	140	109.0	178.0	18
-135	145	123.0	179.0	24
-135	150	83.0	179.0	11
-135	155	107.0	178.0	14
-135	160	96.0	179.0	16
-135	165	88.0	179.0	16
-135	170	63.0	180.0	9
-135	175	52.0	179.0	5
-130	-180	15.0	176.0	4
-130	-175	89.0	177.0	3
-130	-170	83.0	177.0	5
-130	-165	80.0	177.0	6
-130	-160	38.0	179.0	2
-130	-155	7.0	178.0	1
-130	-150	0	179.0	0
-130	-145	1.0	179.0	1
-130	-60	0	180.0	0
-130	-55	93.0	181.0	1
-130	-50	0	181.0	0
-130	-45	0	181.0	0
-130	-40	104.0	180.0	1
-130	-35	0	180.0	0
-130	-30	0	180.0	0
-130	-25	109.0	180.0	5
-130	-20	129.0	180.0	3
-130	-15	33.0	181.0	1
-130	-10	90.0	180.0	3
-130	-5	83.0	180.0	11
-130	0	146.0	180.0	14
-130	5	126.0	180.0	18
-130	10	113.0	181.0	8
-130	15	115.0	181.0	15
-130	20	120.0	181.0	12
-130	25	137.0	179.0	23
-130	30	160.0	179.0	13
-130	35	159.0	180.0	12
-130	40	81.0	180.0	5
-130	45	140.0	180.0	6
-130	50	147.0	179.0	5
-130	55	141.0	179.0	8
-130	60	141.0	179.0	14
-130	65	144.0	178.0	16
-130	70	137.0	180.0	13
-130	75	136.0	179.0	15
-130	80	141.0	178.0	14
-130	85	91.0	178.0	13
-130	90	132.0	177.0	15
-130	95	89.0	177.0	13
-130	100	167.0	177.0	14
-130	105	124.0	176.0	16
-130	110	137.0	176.0	23
-130	115	120.0	177.0	22
-130	120	119.0	178.0	20
-130	125	92.0	176.0	14
-130	130	131.0	176.0	13
-130	135	139.0	176.0	19
-130	140	93.0	176.0	16
-130	145	138.0	176.0	23
-130	150	158.0	177.0	25
-130	155	140.0	176.0	17
-130	160	120.0	176.0	18
-130	165	88.0	176.0	12
-130	170	90.0	176.0	10
-130	175	96.0	177.0	9
-125	-180	96.0	180.0	7
-125	-175	80.0	180.0	5
-125	-170	37.0	181.0	2
-125	-165	14.0	182.0	1
-125	-160	105.0	181.0	1
-125	-155	0	182.0	0
-125	-150	20.0	183.0	1
-125	-65	0	184.0	0
-125	-60	0	184.0	0
-125	-55	0	185.0	0
-125	-50	0	183.0	0
-125	-45	13.0	183.0	1
-125	-40	119.0	184.0	1
-125	-35	125.0	182.0	3
-125	-30	155.0	183.0	5
-125	-25	114.0	184.0	5
-125	-20	130.0	183.0	7
-125	-15	115.0	183.0	10
-125	-10	130.0	183.0	11
-125	-5	148.0	184.0	14
-125	0	147.0	185.0	28
-125	5	150.0	184.0	22
-125	10	152.0	184.0	21
-125	15	161.0	184.0	25
-125	20	146.0	184.0	18
-125	25	157.0	185.0	28
-125	30	162.0	185.0	18
-125	35	125.0	184.0	6
-125	40	152.0	185.0	5
-125	45	60.0	185.0	3
-125	50	119.0	184.0	6
-125	55	157.0	184.0	5
-125	60	151.0	185.0	5
-125	65	140.0	183.0	9
-125	70	114.0	183.0	10
-125	75	143.0	184.0	9
-125	80	141.0	183.0	11
-125	85	112.0	183.0	8
-125	90	82.0	182.0	9
-125	95	164.0	182.0	14
-125	100	155.0	181.0	22
-125	105	130.0	180.0	15
-125	110	113.0	179.0	22
-125	115	81.0	180.0	21
-125	120	108.0	180.0	23
-125	125	130.0	179.0	25
-125	130	104.0	179.0	17
-125	135	139.0	178.0	29
-125	140	125.0	178.0	24
-125	145	130.0	178.0	18
-125	150	110.0	179.0	21
-125	155	95.0	178.0	16
-125	160	116.0	179.0	17
-125	165	71.0	179.0	7
-125	170	109.0	179.0	5
-125	175	91.0	179.0	4
-120	-180	110.0	178.0	2
-120	-175	72.0	178.0	4
-120	-170	74.0	178.0	1
-120	-165	0	178.0	0
-120	-160	0	178.0	0
-120	-155	6.0	178.0	1
-120	-70	0	180.0	0
-120	-65	88.0	181.0	1
-120	-60	34.0	180.0	2
-120	-55	25.0	181.0	1
-120	-50	31.0	180.0	1
-120	-45	12.0	181.0	1
-120	-40	109.0	181.0	3
-120	-35	107.0	180.0	2
-120	-30	139.0	181.0	3
-120	-25	125.0	180.0	4
-120	-20	141.0	181.0	8
-120	-15	113.0	182.0	10
-120	-10	106.0	182.0	11
-120	-5	116.0	182.0	13
-120	0	163.0	182.0	22
-120	5	143.0	181.0	26
-120	10	153.0	182.0	33
-120	15	167.0	181.0	33
-120	20	169.0	183.0	30
-120	25	163.0	182.0	30
-120	30	143.0	181.0	22
-120	35	154.0	182.0	13
-120	40	132.0	182.0	11
-120	45	149.0	183.0	3
-120	50	0	182.0	0
-120	55	161.0	182.0	1
-120	60	31.0	181.0	2
-120	65	0	181.0	0
-120	70	79.0	181.0	5
-120	75	0	181.0	0
-120	80	142.0	180.0	9
-120	85	140.0	180.0	8
-120	90	163.0	180.0	18
-120	95	118.0	180.0	12
-120	100	155.0	178.0	27
-120	105	112.0	178.0	28
-120	110	111.0	178.0	28
-120	115	100.0	178.0	30
-120	120	146.0	177.0	19
-120	125	82.0	176.0	19
-120	130	118.0	176.0	25
-120	135	89.0	176.0	27
-120	140	98.0	177.0	25
-120	145	137.0	176.0	19
-120	150	86.0	176.0	19
-120	155	128.0	176.0	17
-120	160	94.0	176.0	8
-120	165	69.0	177.0	4
-120	170	91.0	176.0	8
-120	175	62.0	178.0	6
-115	-180	98.0	179.0	3
-115	-175	102.0	179.0	5
-115	-170	49.0	180.0	4
-115	-165	38.0	180.0	2
-115	-160	71.0	180.0	3
-115	-155	72.0	181.0	1
-115	-150	0	180.0	0
-115	-145	0	180.0	0
-115	-140	0	182.0	0
-115	-75	81.0	182.0	1
-115	-70	0	184.0	0
-115	-65	0	183.0	0
-115	-60	0	182.0	0
-115	-55	0	182.0	0
-115	-50	113.0	182.0	3
-115	-45	149.0	183.0	3
-115	-40	2.0	183.0	1
-115	-35	118.0	183.0	4
-115	-30	84.0	182.0	6
-115	-25	93.0	183.0	8
-115	-20	133.0	183.0	17
-115	-15	174.0	184.0	14
-115	-10	138.0	184.0	16
-115	-5	150.0	184.0	17
-115	0	159.0	184.0	39
-115	5	142.0	183.0	39
-115	10	145.0	184.0	43
-115	15	174.0	183.0	43
-115	20	151.0	185.0	43
-115	25	159.0	185.0	27
-115	30	141.0	184.0	22
-115	35	103.0	185.0	9
-115	40	126.0	183.0	4
-115	45	144.0	184.0	2
-115	50	103.0	183.0	3
-115	55	34.0	183.0	1
-115	60	0	183.0	0
-115	65	171.0	183.0	3
-115	70	79.0	183.0	3
-115	75	77.0	182.0	2
-115	80	170.0	181.0	2
-115	85	79.0	181.0	6
-115	90	87.0	181.0	7
-115	95	166.0	181.0	13
-115	100	125.0	180.0	21
-115	105	136.0	180.0	16
-115	110	115.0	179.0	32
-115	115	118.0	180.0	25
-115	120	140.0	179.0	39
-115	125	122.0	179.0	29
-115	130	93.0	178.0	24
-115	135	143.0	177.0	25
-115	140	94.0	178.0	23
-115	145	100.0	177.0	23
-115	150	150.0	178.0	22
-115	155	94.0	178.0	18
-115	160	113.0	179.0	14
-115	165	111.0	179.0	10
-115	170	99.0	179.0	3
-115	175	89.0	179.0	4
-110	-180	53.0	181.0	7
-110	-175	56.0	181.0	7
-110	-170	125.0	182.0	3
-110	-165	16.0	182.0	1
-110	-160	32.0	183.0	2
-110	-155	0	183.0	0
-110	-150	0	184.0	0
-110	-145	0	183.0	0
-110	-80	0	184.0	0
-110	-75	0	184.0	0
-110	-70	35.0	184.0	1
-110	-65	110.0	184.0	1
-110	-60	58.0	185.0	3
-110	-55	95.0	185.0	1
-110	-50	21.0	185.0	1
-110	-45	124.0	185.0	2
-110	-40	129.0	186.0	4
-110	-35	71.0	187.0	4
-110	-30	132.0	187.0	11
-110	-25	156.0	186.0	12
-110	-20	127.0	186.0	17
-110	-15	115.0	185.0	16
-110	-10	141.0	186.0	22
-110	-5	149.0	186.0	18
-110	0	128.0	187.0	47
-110	5	159.0	186.0	48
-110	10	161.0	186.0	65
-110	15	178.0	186.0	54
-110	20	164.0	186.0	49
-110	25	160.0	187.0	34
-110	30	152.0	187.0	19
-110	35	138.0	188.0	10
-110	40	104.0	186.0	3
-110	45	151.0	187.0	5
-110	50	164.0	186.0	2
-110	55	98.0	187.0	1
-110	60	75.0	186.0	1
-110	65	114.0	186.0	2
-110	70	141.0	185.0	1
-110	75	131.0	185.0	4
-110	80	100.0	185.0	3
-110	85	126.0	185.0	8
-110	90	116.0	184.0	9
-110	95	100.0	183.0	15
-110	100	163.0	183.0	42
-110	105	158.0	183.0	40
-110	110	116.0	181.0	32
-110	115	129.0	182.0	34
-110	120	130.0	181.0	39
-110	125	134.0	181.0	37
-110	130	122.0	181.0	24
-110	135	96.0	180.0	20
-110	140	100.0	180.0	19
-110	145	115.0	180.0	16
-110	150	95.0	180.0	21
-110	155	111.0	181.0	20
-110	160	93.0	181.0	10
-110	165	121.0	181.0	6
-110	170	38.0	181.0	1
-110	175	84.0	181.0	8
-105	-180	77.0	179.0	5
-105	-175	83.0	179.0	7
-105	-170	133.0	180.0	3
-105	-165	30.0	181.0	1
-105	-160	45.0	180.0	1
-105	-155	0	181.0	0
-105	-150	0	181.0	0
-105	-70	0	181.0	0
-105	-65	138.0	183.0	2
-105	-60	0	182.0	0
-105	-55	63.0	182.0	1
-105	-50	0	182.0	1
-105	-45	139.0	183.0	7
-105	-40	145.0	183.0	6
-105	-35	102.0	183.0	4
-105	-30	141.0	185.0	12
-105	-25	135.0	184.0	12
-105	-20	153.0	184.0	23
-105	-15	171.0	185.0	21
-105	-10	168.0	185.0	22
-105	-5	137.0	185.0	27
-105	0	166.0	185.0	68
-105	5	175.0	185.0	96
-105	10	167.0	187.0	88
-105	15	176.0	186.0	70
-105	20	175.0	186.0	45
-105	25	160.0	186.0	28
-105	30	183.0	186.0	14
-105	35	108.0	186.0	5
-105	40	155.0	186.0	4
-105	45	35.0	185.0	1
-105	50	0	186.0	0
-105	55	56.0	186.0	3
-105	60	47.0	185.0	3
-105	65	140.0	185.0	3
-105	70	85.0	184.0	2
-105	75	148.0	185.0	5
-105	80	129.0	184.0	6
-105	85	128.0	183.0	10
-105	90	146.0	183.0	11
-105	95	127.0	181.0	31
-105	100	164.0	182.0	40
-105	105	138.0	181.0	42
-105	110	133.0	181.0	40
-105	115	148.0	180.0	31
-105	120	116.0	180.0	29
-105	125	127.0	179.0	20
-105	130	110.0	180.0	29
-105	135	114.0	180.0	32
-105	140	103.0	179.0	22
-105	145	110.0	178.0	23
-105	150	119.0	178.0	17
-105	155	117.0	178.0	18
-105	160	126.0	177.0	12
-105	165	95.0	178.0	10
-105	170	86.0	180.0	6
-105	175	107.0	180.0	6
-100	-180	126.0	182.0	7
-100	-175	94.0	182.0	7
-100	-170	46.0	181.0	2
-100	-165	4.0	181.0	2
-100	-160	23.0	181.0	1
-100	-155	57.0	181.0	1
-100	-75	86.0	182.0	1
-100	-70	0	182.0	0
-100	-65	0	182.0	0
-100	-60	111.0	183.0	1
-100	-55	143.0	183.0	5
-100	-50	105.0	183.0	5
-100	-45	141.0	184.0	5
-100	-40	111.0	184.0	7
-100	-35	165.0	185.0	10
-100	-30	158.0	186.0	11
-100	-25	158.0	186.0	18
-100	-20	132.0	186.0	17
-100	-15	164.0	186.0	25
-100	-10	156.0	186.0	28
-100	-5	149.0	186.0	35
-100	0	168.0	187.0	113
-100	5	171.0	188.0	105
-100	10	185.0	188.0	117
-100	15	164.0	189.0	57
-100	20	176.0	188.0	23
-100	25	159.0	188.0	14
-100	30	175.0	188.0	8
-100	35	170.0	188.0	5
-100	40	140.0	188.0	2
-100	45	137.0	187.0	2
-100	50	162.0	187.0	4
-100	55	139.0	187.0	1
-100	60	4.0	186.0	1
-100	65	80.0	186.0	1
-100	70	66.0	185.0	3
-100	75	94.0	185.0	4
-100	80	150.0	184.0	13
-100	85	109.0	184.0	8
-100	90	126.0	183.0	15
-100	95	147.0	183.0	27
-100	100	148.0	182.0	40
-100	105	132.0	182.0	57
-100	110	167.0	180.0	39
-100	115	159.0	180.0	34
-100	120	131.0	181.0	28
-100	125	158.0	181.0	26
-100	130	120.0	181.0	33
-100	135	119.0	180.0	19
-100	140	111.0	179.0	25
-100	145	109.0	180.0	27
-100	150	141.0	181.0	18
-100	155	139.0	179.0	17
-100	160	89.0	180.0	7
-100	165	90.0	179.0	9
-100	170	48.0	179.0	4
-100	175	104.0	180.0	10
-95	-180	94.0	181.0	15
-95	-175	116.0	182.0	7
-95	-170	62.0	181.0	2
-95	-165	71.0	181.0	1
-95	-160	0	181.0	0
-95	-155	56.0	182.0	1
-95	-65	5.0	184.0	2
-95	-60	0	184.0	0
-95	-55	146.0	184.0	2
-95	-50	110.0	185.0	1
-95	-45	104.0	185.0	6
-95	-40	152.0	186.0	19
-95	-35	119.0	186.0	9
-95	-30	142.0	186.0	6
-95	-25	135.0	186.0	12
-95	-20	169.0	187.0	22
-95	-15	175.0	186.0	25
-95	-10	158.0	186.0	41
-95	-5	187.0	187.0	74
-95	0	179.0	187.0	118
-95	5	154.0	189.0	106
-95	10	166.0	188.0	80
-95	15	163.0	189.0	46
-95	20	158.0	189.0	18
-95	25	134.0	189.0	9
-95	30	128.0	188.0	3
-95	35	108.0	188.0	3
-95	40	0	188.0	0
-95	45	74.0	189.0	3
-95	50	123.0	189.0	2
-95	55	103.0	188.0	4
-95	60	154.0	187.0	6
-95	65	127.0	187.0	6
-95	70	125.0	186.0	4
-95	75	156.0	187.0	11
-95	80	169.0	184.0	6
-95	85	93.0	185.0	14
-95	90	155.0	185.0	18
-95	95	142.0	183.0	35
-95	100	158.0	183.0	43
-95	105	145.0	183.0	52
-95	110	117.0	181.0	40
-95	115	152.0	182.0	42
-95	120	143.0	183.0	38
-95	125	132.0	181.0	26
-95	130	105.0	181.0	33
-95	135	129.0	181.0	21
-95	140	112.0	179.0	21
-95	145	129.0	180.0	21
-95	150	134.0	180.0	9
-95	155	129.0	180.0	23
-95	160	128.0	180.0	17
-95	165	164.0	180.0	12
-95	170	88.0	179.0	16
-95	175	128.0	180.0	16
-90	-180	79.0	178.0	12
-90	-175	130.0	178.0	19
-90	-170	87.0	179.0	6
-90	-165	101.0	180.0	1
-90	-160	6.0	180.0	1
-90	-155	0	180.0	0
-90	-150	0	180.0	0
-90	-70	0	182.0	0
-90	-65	10.0	183.0	1
-90	-60	72.0	183.0	1
-90	-55	0	183.0	0
-90	-50	136.0	184.0	9
-90	-45	45.0	185.0	8
-90	-40	138.0	184.0	9
-90	-35	141.0	183.0	14
-90	-30	141.0	184.0	21
-90	-25	164.0	185.0	14
-90	-20	171.0	185.0	26
-90	-15	152.0	185.0	40
-90	-10	164.0	186.0	72
-90	-5	169.0	187.0	86
-90	0	167.0	186.0	130
-90	5	178.0	188.0	72
-90	10	150.0	188.0	44
-90	15	128.0	188.0	12
-90	20	154.0	188.0	5
-90	25	165.0	187.0	3
-90	30	44.0	188.0	1
-90	35	117.0	189.0	3
-90	40	138.0	187.0	3
-90	45	125.0	188.0	5
-90	50	67.0	187.0	2
-90	55	171.0	187.0	11
-90	60	158.0	187.0	15
-90	65	136.0	186.0	18
-90	70	170.0	186.0	22
-90	75	143.0	185.0	13
-90	80	176.0	185.0	16
-90	85	99.0	184.0	8
-90	90	125.0	184.0	24
-90	95	145.0	184.0	41
-90	100	122.0	184.0	49
-90	105	139.0	182.0	47
-90	110	133.0	182.0	60
-90	115	134.0	181.0	40
-90	120	134.0	181.0	32
-90	125	143.0	180.0	24
-90	130	120.0	180.0	29
-90	135	174.0	180.0	28
-90	140	111.0	180.0	28
-90	145	142.0	179.0	22
-90	150	122.0	178.0	21
-90	155	113.0	178.0	19
-90	160	112.0	178.0	24
-90	165	149.0	179.0	18
-90	170	118.0	179.0	16
-90	175	91.0	179.0	15
-85	-180	116.0	180.0	21
-85	-175	83.0	179.0	21
-85	-170	61.0	180.0	6
-85	-165	38.0	180.0	1
-85	-160	55.0	180.0	1
-85	-155	0	180.0	0
-85	-150	0	181.0	0
-85	-75	0	182.0	0
-85	-70	0	183.0	0
-85	-65	0	183.0	0
-85	-60	74.0	183.0	1
-85	-55	54.0	184.0	3
-85	-50	145.0	184.0	5
-85	-45	122.0	185.0	5
-85	-40	160.0	184.0	19
-85	-35	174.0	185.0	17
-85	-30	167.0	186.0	17
-85	-25	170.0	186.0	23
-85	-20	149.0	186.0	19
-85	-15	182.0	187.0	51
-85	-10	166.0	187.0	71
-85	-5	172.0	187.0	84
-85	0	158.0	188.0	93
-85	5	171.0	189.0	47
-85	10	160.0	188.0	15
-85	15	167.0	189.0	9
-85	20	143.0	188.0	5
-85	25	1.0	188.0	1
-85	30	124.0	188.0	1
-85	35	0	189.0	0
-85	40	113.0	188.0	5
-85	45	30.0	188.0	3
-85	50	101.0	188.0	8
-85	55	83.0	188.0	7
-85	60	172.0	188.0	23
-85	65	99.0	187.0	15
-85	70	169.0	186.0	27
-85	75	161.0	186.0	12
-85	80	168.0	186.0	15
-85	85	129.0	185.0	22
-85	90	142.0	185.0	21
-85	95	128.0	186.0	25
-85	100	152.0	184.0	34
-85	105	135.0	182.0	49
-85	110	108.0	182.0	40
-85	115	144.0	181.0	42
-85	120	166.0	182.0	43
-85	125	135.0	181.0	30
-85	130	147.0	180.0	20
-85	135	92.0	180.0	28
-85	140	141.0	180.0	29
-85	145	162.0	179.0	25
-85	150	147.0	179.0	29
-85	155	114.0	179.0	20
-85	160	123.0	179.0	14
-85	165	140.0	179.0	16
-85	170	115.0	179.0	15
-85	175	90.0	180.0	24
-80	-180	93.0	179.0	24
-80	-175	93.0	180.0	12
-80	-170	17.0	179.0	2
-80	-165	0	179.0	0
-80	-160	0	180.0	0
-80	-155	0	180.0	0
-80	-80	0	183.0	0
-80	-75	103.0	183.0	2
-80	-70	0	183.0	0
-80	-65	0	184.0	0
-80	-60	75.0	184.0	3
-80	-55	136.0	185.0	3
-80	-50	148.0	184.0	8
-80	-45	161.0	187.0	19
-80	-40	153.0	186.0	40
-80	-35	156.0	186.0	38
-80	-30	157.0	186.0	38
-80	-25	163.0	187.0	42
-80	-20	153.0	187.0	45
-80	-15	163.0	188.0	68
-80	-10	167.0	188.0	70
-80	-5	183.0	187.0	57
-80	0	176.0	188.0	59
-80	5	152.0	188.0	22
-80	10	98.0	188.0	3
-80	15	0	190.0	0
-80	20	0	190.0	0
-80	25	96.0	191.0	1
-80	30	0	190.0	0
-80	35	0	190.0	0
-80	40	15.0	190.0	1
-80	45	150.0	190.0	6
-80	50	101.0	190.0	3
-80	55	150.0	190.0	6
-80	60	165.0	190.0	9
-80	65	133.0	189.0	10
-80	70	160.0	188.0	5
-80	75	94.0	187.0	8
-80	80	175.0	188.0	9
-80	85	95.0	188.0	8
-80	90	178.0	185.0	17
-80	95	105.0	184.0	15
-80	100	118.0	185.0	16
-80	105	145.0	185.0	36
-80	110	145.0	184.0	48
-80	115	150.0	183.0	39
-80	120	169.0	181.0	38
-80	125	113.0	181.0	33
-80	130	131.0	181.0	35
-80	135	152.0	181.0	34
-80	140	137.0	180.0	33
-80	145	159.0	180.0	22
-80	150	149.0	179.0	28
-80	155	122.0	179.0	32
-80	160	146.0	178.0	28
-80	165	163.0	178.0	24
-80	170	108.0	178.0	28
-80	175	93.0	178.0	24
-75	-180	93.0	179.0	10
-75	-175	42.0	178.0	3
-75	-170	0	179.0	0
-75	-165	0	180.0	0
-75	-160	0	182.0	0
-75	-155	0	182.0	0
-75	-80	0	183.0	0
-75	-75	0	183.0	0
-75	-70	0	184.0	0
-75	-65	0	183.0	0
-75	-60	55.0	185.0	5
-75	-55	123.0	185.0	7
-75	-50	125.0	185.0	20
-75	-45	169.0	187.0	47
-75	-40	153.0	187.0	82
-75	-35	139.0	187.0	120
-75	-30	140.0	188.0	91
-75	-25	151.0	188.0	58
-75	-20	167.0	189.0	79
-75	-15	167.0	190.0	71
-75	-10	177.0	189.0	81
-75	-5	159.0	189.0	35
-75	0	159.0	190.0	31
-75	5	133.0	190.0	6
-75	10	135.0	191.0	2
-75	15	134.0	191.0	3
-75	20	0	191.0	0
-75	25	0	191.0	0
-75	30	119.0	192.0	1
-75	35	0	191.0	0
-75	40	0	191.0	0
-75	45	0	192.0	0
-75	50	107.0	190.0	2
-75	55	124.0	191.0	1
-75	60	0	189.0	1
-75	65	38.0	188.0	1
-75	70	66.0	188.0	2
-75	75	0	188.0	1
-75	80	168.0	188.0	8
-75	85	35.0	187.0	3
-75	90	100.0	186.0	2
-75	95	126.0	185.0	8
-75	100	113.0	185.0	5
-75	105	126.0	185.0	16
-75	110	106.0	183.0	24
-75	115	155.0	183.0	49
-75	120	113.0	182.0	38
-75	125	172.0	183.0	36
-75	130	171.0	182.0	36
-75	135	140.0	181.0	34
-75	140	162.0	180.0	44
-75	145	153.0	180.0	35
-75	150	165.0	179.0	33
-75	155	144.0	180.0	32
-75	160	135.0	179.0	30
-75	165	102.0	179.0	22
-75	170	120.0	180.0	19
-75	175	100.0	179.0	14
-70	-180	85.0	180.0	8
-70	-175	93.0	180.0	1
-70	-170	0	181.0	0
-70	-165	0	180.0	0
-70	-160	0	180.0	0
-70	-75	0	185.0	0
-70	-70	4.0	186.0	1
-70	-65	0	186.0	0
-70	-60	63.0	187.0	2
-70	-55	141.0	188.0	15
-70	-50	127.0	188.0	52
-70	-45	153.0	188.0	204
-70	-40	169.0	189.0	395
-70	-35	154.0	189.0	285
-70	-30	165.0	190.0	156
-70	-25	163.0	190.0	106
-70	-20	165.0	190.0	98
-70	-15	170.0	191.0	100
-70	-10	163.0	191.0	72
-70	-5	155.0	192.0	26
-70	0	95.0	193.0	4
-70	5	0	193.0	0
-70	10	0	193.0	0
-70	15	127.0	193.0	1
-70	20	0	193.0	0
-70	25	0	193.0	0
-70	30	123.0	193.0	1
-70	35	0	193.0	0
-70	40	0	193.0	0
-70	45	0	192.0	0
-70	50	0	192.0	0
-70	55	155.0	192.0	2
-70	60	0	192.0	0
-70	65	0	190.0	0
-70	70	129.0	190.0	2
-70	75	0	190.0	0
-70	80	0	188.0	0
-70	85	0	189.0	0
-70	90	5.0	189.0	1
-70	95	83.0	188.0	2
-70	100	80.0	187.0	3
-70	105	77.0	187.0	7
-70	110	111.0	186.0	13
-70	115	155.0	184.0	26
-70	120	173.0	185.0	30
-70	125	170.0	183.0	33
-70	130	147.0	183.0	29
-70	135	147.0	183.0	43
-70	140	160.0	182.0	43
-70	145	145.0	181.0	35
-70	150	163.0	181.0	36
-70	155	150.0	181.0	41
-70	160	73.0	180.0	22
-70	165	122.0	180.0	10
-70	170	94.0	179.0	8
-70	175	81.0	179.0	4
-65	-180	89.0	181.0	1
-65	-175	0	180.0	0
-65	-170	0	180.0	0
-65	-165	0	180.0	0
-65	-80	0	185.0	0
-65	-75	0	186.0	0
-65	-70	0	186.0	0
-65	-65	114.0	186.0	1
-65	-60	77.0	187.0	3
-65	-55	151.0	187.0	22
-65	-50	135.0	188.0	138
-65	-45	149.0	189.0	609
-65	-40	167.0	189.0	724
-65	-35	176.0	190.0	295
-65	-30	179.0	190.0	161
-65	-25	170.0	191.0	94
-65	-20	184.0	191.0	95
-65	-15	173.0	192.0	41
-65	-10	157.0	192.0	9
-65	-5	143.0	193.0	3
-65	0	71.0	193.0	1
-65	5	0	193.0	0
-65	10	99.0	194.0	1
-65	15	0	194.0	0
-65	20	0	194.0	0
-65	25	0	194.0	0
-65	40	0	193.0	0
-65	45	0	193.0	0
-65	50	0	192.0	0
-65	55	0	192.0	0
-65	60	0	192.0	0
-65	65	0	191.0	0
-65	70	0	191.0	0
-65	75	0	191.0	0
-65	80	0	190.0	0
-65	85	0	190.0	0
-65	90	0	190.0	0
-65	95	0	188.0	0
-65	100	84.0	187.0	3
-65	105	15.0	187.0	1
-65	110	169.0	185.0	7
-65	115	120.0	185.0	15
-65	120	109.0	185.0	27
-65	125	166.0	184.0	42
-65	130	172.0	184.0	40
-65	135	125.0	183.0	47
-65	140	154.0	183.0	50
-65	145	142.0	181.0	44
-65	150	170.0	181.0	23
-65	155	142.0	181.0	19
-65	160	84.0	179.0	11
-65	165	94.0	180.0	8
-65	170	52.0	179.0	1
-65	175	0	180.0	0
-60	-180	0	180.0	0
-60	-175	0	179.0	0
-60	-170	0	179.0	0
-60	-80	0	184.0	0
-60	-75	0	185.0	0
-60	-70	0	186.0	0
-60	-65	0	186.0	0
-60	-60	150.0	187.0	8
-60	-55	148.0	186.0	32
-60	-50	167.0	188.0	208
-60	-45	153.0	188.0	545
-60	-40	169.0	189.0	324
-60	-35	181.0	189.0	126
-60	-30	180.0	190.0	89
-60	-25	163.0	192.0	39
-60	-20	137.0	192.0	21
-60	-15	164.0	192.0	2
-60	-10	5.0	192.0	1
-60	-5	133.0	192.0	1
-60	0	0	192.0	0
-60	5	0	193.0	0
-60	10	0	193.0	0
-60	15	0	194.0	0
-60	20	0	194.0	0
-60	45	0	193.0	0
-60	50	0	193.0	0
-60	55	0	192.0	0
-60	60	0	192.0	0
-60	65	0	191.0	0
-60	70	0	191.0	0
-60	75	0	191.0	0
-60	80	0	190.0	0
-60	85	0	189.0	0
-60	90	0	189.0	0
-60	95	164.0	187.0	1
-60	100	51.0	187.0	2
-60	105	172.0	187.0	2
-60	110	76.0	185.0	5
-60	115	68.0	185.0	13
-60	120	125.0	185.0	16
-60	125	127.0	183.0	30
-60	130	167.0	183.0	52
-60	135	135.0	183.0	31
-60	140	181.0	183.0	42
-60	145	153.0	181.0	27
-60	150	100.0	180.0	17
-60	155	128.0	179.0	7
-60	160	120.0	179.0	6
-60	165	95.0	179.0	5
-60	170	110.0	180.0	1
-60	175	0	180.0	0
-55	-180	0	179.0	0
-55	-175	0	179.0	0
-55	-80	0	185.0	0
-55	-75	0	184.0	0
-55	-70	173.0	186.0	1
-55	-65	0	187.0	0
-55	-60	72.0	187.0	4
-55	-55	113.0	188.0	21
-55	-50	154.0	189.0	90
-55	-45	149.0	189.0	114
-55	-40	144.0	190.0	64
-55	-35	162.0	190.0	33
-55	-30	162.0	190.0	17
-55	-25	149.0	191.0	4
-55	-20	98.0	192.0	2
-55	-15	127.0	192.0	1
-55	-10	133.0	193.0	1
-55	-5	0	193.0	0
-55	0	0	193.0	0
-55	5	0	193.0	0
-55	15	0	194.0	0
-55	80	0	189.0	0
-55	85	0	189.0	0
-55	95	0	187.0	0
-55	100	0	186.0	0
-55	105	67.0	186.0	2
-55	110	7.0	185.0	1
-55	115	132.0	185.0	12
-55	120	151.0	185.0	11
-55	125	134.0	184.0	31
-55	130	165.0	183.0	25
-55	135	167.0	182.0	33
-55	140	141.0	181.0	16
-55	145	106.0	180.0	12
-55	150	130.0	180.0	5
-55	155	97.0	179.0	1
-55	160	9.0	178.0	1
-55	165	0	177.0	0
-55	170	0	178.0	0
-55	175	121.0	178.0	1
-50	-180	0	181.0	0
-50	-75	0	188.0	0
-50	-70	0	189.0	0
-50	-65	0	190.0	0
-50	-60	7.0	191.0	1
-50	-55	132.0	192.0	8
-50	-50	128.0	192.0	20
-50	-45	126.0	194.0	13
-50	-40	165.0	195.0	15
-50	-35	82.0	194.0	3
-50	-30	91.0	195.0	4
-50	-25	163.0	195.0	1
-50	-20	0	195.0	0
-50	-15	0	196.0	0
-50	-10	0	197.0	0
-50	-5	0	197.0	0
-50	0	0	197.0	0
-50	90	0	190.0	0
-50	95	0	189.0	0
-50	100	0	189.0	0
-50	105	0	189.0	0
-50	110	84.0	188.0	4
-50	115	124.0	188.0	10
-50	120	158.0	187.0	15
-50	125	87.0	188.0	17
-50	130	169.0	187.0	10
-50	135	121.0	185.0	12
-50	140	61.0	184.0	3
-50	145	17.0	183.0	2
-50	150	80.0	183.0	2
-50	155	0	182.0	0
-50	160	0	182.0	0
-50	165	0	180.0	0
-50	170	0	180.0	0
-50	175	0	181.0	0
-45	-80	0	187.0	0
-45	-75	0	187.0	0
-45	-70	0	188.0	1
-45	-65	0	189.0	1
-45	-60	121.0	190.0	3
-45	-55	68.0	191.0	2
-45	-50	134.0	191.0	5
-45	-45	109.0	192.0	3
-45	-40	0	193.0	1
-45	-35	0	194.0	0
-45	-30	61.0	194.0	1
-45	-25	0	195.0	0
-45	-20	0	196.0	0
-45	-15	0	195.0	0
-45	-10	0	195.0	0
-45	-5	0	196.0	0
-45	100	0	187.0	0
-45	105	0	188.0	0
-45	110	62.0	186.0	1
-45	115	95.0	186.0	2
-45	120	168.0	185.0	2
-45	125	140.0	186.0	9
-45	130	149.0	186.0	4
-45	135	97.0	183.0	1
-45	140	0	183.0	0
-45	145	134.0	182.0	1
-45	150	0	182.0	0
-45	155	0	182.0	0
-45	160	0	181.0	0
-45	165	89.0	179.0	1
-45	170	0	179.0	0
-40	-60	0	191.0	0
-40	-55	57.0	191.0	2
-40	-50	1.0	192.0	1
-40	-45	32.0	193.0	1
-40	-40	176.0	193.0	1
-40	-35	125.0	194.0	1
-40	-30	119.0	194.0	1
-40	-25	0	195.0	0
-40	-20	0	195.0	0
-40	95	0	188.0	0
-40	100	0	187.0	0
-40	105	0	187.0	0
-40	110	0	187.0	0
-40	115	81.0	185.0	3
-40	120	0	185.0	1
-40	125	116.0	183.0	1
-40	130	0	183.0	0
-40	135	0	183.0	0
-40	140	0	182.0	0
-40	145	0	182.0	0
-40	150	0	182.0	0
-40	155	0	182.0	0
-40	160	0	181.0	0
-40	165	0	180.0	0
-35	-60	0	191.0	0
-35	-55	0	192.0	0
-35	-50	0	193.0	0
-35	-45	136.0	194.0	1
-35	-40	0	195.0	0
-35	-35	0	195.0	0
-35	-30	0	195.0	0
-35	-25	0	196.0	0
-35	110	85.0	186.0	1
-35	115	1.0	184.0	1
-35	120	125.0	184.0	1
-35	125	0	183.0	0
-35	130	0	184.0	0
-35	135	0	184.0	0
-35	140	0	182.0	0
-35	145	0	182.0	0
-35	150	0	181.0	0
-30	-60	0	193.0	0
-30	-55	0	194.0	0
-30	-50	0	194.0	0
-30	-45	0	194.0	0
-30	-40	0	196.0	0
-30	-35	0	196.0	0
-30	-30	0	197.0	0
-30	110	0	186.0	0
-30	115	21.0	185.0	1
-30	120	0	185.0	0
-30	125	81.0	184.0	1
-30	130	0	184.0	0
-30	135	0	183.0	0
-30	140	0	181.0	0
-25	-60	0	194.0	0
-25	-50	0	196.0	0
-25	-45	0	197.0	0
-25	115	0	186.0	0
-25	120	0	184.0	0
-25	125	0	184.0	0
-25	130	0	184.0	0
-20	115	0	184.0	0
10	55	0	193.0	0
15	45	0	194.0	0
15	50	0	192.0	0
15	55	0	191.0	0
15	60	0	190.0	0
20	40	0	193.0	0
20	45	0	192.0	0
20	50	0	193.0	0
20	55	0	190.0	0
20	60	0	190.0	0
20	65	0	188.0	0
25	-120	0	191.0	0
25	30	0	194.0	0
25	35	0	193.0	0
25	40	0	192.0	0
25	45	0	191.0	0
25	50	0	189.0	0
25	55	117.0	189.0	1
25	60	0	189.0	0
25	65	0	188.0	0
30	-135	0	189.0	0
30	-130	0	190.0	0
30	-125	0	192.0	0
30	-120	0	192.0	1
30	20	0	197.0	0
30	25	0	195.0	0
30	30	0	194.0	0
30	35	0	193.0	0
30	40	0	192.0	0
30	45	0	192.0	0
30	50	0	190.0	0
30	55	178.0	190.0	3
30	60	155.0	189.0	2
30	65	0	188.0	0
30	70	101.0	187.0	2
30	75	0	185.0	0
35	-140	0	186.0	0
35	-135	0	187.0	0
35	-130	0	188.0	0
35	-125	0	190.0	0
35	-120	0	191.0	0
35	10	0	196.0	0
35	15	0	196.0	0
35	20	0	194.0	0
35	25	0	194.0	0
35	30	119.0	192.0	1
35	35	0	191.0	0
35	40	139.0	191.0	1
35	45	174.0	190.0	4
35	50	91.0	188.0	3
35	55	149.0	187.0	4
35	60	137.0	186.0	4
35	65	0	185.0	0
35	70	0	185.0	0
35	75	150.0	184.0	1
35	80	42.0	183.0	1
40	-145	0	188.0	0
40	-140	0	189.0	0
40	-135	0	191.0	0
40	-130	0	192.0	0
40	-125	97.0	192.0	2
40	-120	38.0	193.0	1
40	5	0	199.0	0
40	10	0	198.0	0
40	15	0	198.0	0
40	20	0	195.0	0
40	25	56.0	195.0	1
40	30	129.0	193.0	2
40	35	66.0	193.0	1
40	40	150.0	192.0	12
40	45	175.0	190.0	20
40	50	176.0	190.0	27
40	55	176.0	189.0	18
40	60	153.0	187.0	13
40	65	143.0	186.0	3
40	70	85.0	185.0	1
40	75	0	184.0	0
40	80	0	183.0	0
40	85	0	182.0	0
45	-150	0	185.0	0
45	-145	0	186.0	0
45	-140	54.0	187.0	1
45	-135	69.0	188.0	2
45	-130	113.0	189.0	1
45	-125	41.0	191.0	1
45	-120	86.0	191.0	3
45	-115	137.0	194.0	1
45	-110	0	194.0	0
45	-105	0	194.0	0
45	-100	0	195.0	0
45	-5	0	197.0	0
45	0	0	197.0	0
45	5	0	197.0	0
45	10	0	195.0	0
45	15	0	195.0	0
45	20	148.0	193.0	2
45	25	1.0	193.0	1
45	30	171.0	191.0	12
45	35	170.0	190.0	30
45	40	178.0	189.0	81
45	45	173.0	189.0	87
45	50	171.0	187.0	64
45	55	145.0	187.0	29
45	60	140.0	185.0	9
45	65	118.0	185.0	3
45	70	155.0	184.0	1
45	75	0	183.0	0
45	80	0	183.0	0
45	85	131.0	181.0	1
50	-155	0	186.0	0
50	-150	0	188.0	0
50	-145	93.0	189.0	2
50	-140	82.0	190.0	2
50	-135	130.0	190.0	3
50	-130	116.0	193.0	7
50	-125	138.0	193.0	4
50	-120	154.0	193.0	7
50	-115	138.0	194.0	1
50	-110	53.0	194.0	1
50	-105	111.0	195.0	1
50	-100	0	196.0	0
50	-10	0	198.0	0
50	-5	0	198.0	0
50	0	0	197.0	0
50	5	0	197.0	0
50	10	99.0	195.0	1
50	15	140.0	195.0	2
50	20	163.0	192.0	6
50	25	172.0	193.0	13
50	30	179.0	192.0	48
50	35	174.0	191.0	116
50	40	175.0	190.0	172
50	45	181.0	188.0	109
50	50	168.0	188.0	72
50	55	153.0	187.0	37
50	60	104.0	187.0	11
50	65	146.0	185.0	5
50	70	0	184.0	0
50	75	0	183.0	0
50	80	0	181.0	0
50	85	0	182.0	0
55	-150	0	186.0	0
55	-145	0	186.0	0
55	-140	0	187.0	0
55	-135	0	189.0	0
55	-130	144.0	190.0	5
55	-125	143.0	190.0	1
55	-120	97.0	191.0	2
55	-115	62.0	192.0	2
55	-110	0	192.0	0
55	-105	0	194.0	0
55	-15	0	199.0	0
55	-10	0	197.0	0
55	-5	0	197.0	0
55	0	0	196.0	0
55	5	0	195.0	0
55	10	132.0	193.0	4
55	15	156.0	193.0	12
55	20	163.0	191.0	26
55	25	175.0	191.0	72
55	30	171.0	189.0	118
55	35	178.0	189.0	150
55	40	166.0	188.0	142
55	45	163.0	185.0	85
55	50	154.0	185.0	45
55	55	149.0	185.0	22
55	60	159.0	184.0	13
55	65	133.0	184.0	6
55	70	119.0	183.0	1
55	75	136.0	182.0	1
55	80	138.0	181.0	1
55	85	0	180.0	0
60	-135	98.0	187.0	1
60	-130	0	189.0	0
60	-125	68.0	189.0	2
60	-120	0	190.0	0
60	-115	103.0	191.0	1
60	-110	0	192.0	0
60	-20	0	198.0	0
60	-15	0	197.0	0
60	-10	55.0	197.0	1
60	-5	0	197.0	0
60	0	0	194.0	0
60	5	121.0	194.0	6
60	10	175.0	192.0	20
60	15	170.0	192.0	45
60	20	172.0	191.0	77
60	25	173.0	189.0	88
60	30	166.0	188.0	82
60	35	164.0	187.0	60
60	40	166.0	186.0	54
60	45	150.0	184.0	20
60	50	171.0	185.0	10
60	55	143.0	183.0	6
60	60	78.0	183.0	3
60	65	82.0	183.0	3
60	70	75.0	181.0	3
60	75	0	180.0	0
60	80	149.0	180.0	1
60	85	127.0	180.0	1
60	90	0	179.0	0
65	-135	0	185.0	0
65	-130	0	187.0	0
65	-125	0	188.0	0
65	-120	0	188.0	0
65	-115	72.0	189.0	1
65	-25	0	195.0	0
65	-20	118.0	196.0	1
65	-15	0	195.0	0
65	-10	159.0	193.0	1
65	-5	105.0	192.0	4
65	0	173.0	191.0	5
65	5	179.0	192.0	17
65	10	178.0	191.0	48
65	15	176.0	190.0	46
65	20	168.0	188.0	49
65	25	169.0	187.0	35
65	30	175.0	186.0	24
65	35	146.0	185.0	12
65	40	120.0	184.0	9
65	45	143.0	183.0	3
65	50	159.0	183.0	2
65	55	33.0	182.0	2
65	60	0	181.0	0
65	65	67.0	180.0	1
65	70	0	180.0	0
65	75	115.0	179.0	2
65	80	0	179.0	0
65	85	0	179.0	0
70	-135	0	188.0	0
70	-130	0	189.0	0
70	-125	0	190.0	0
70	-120	0	191.0	0
70	-30	0	197.0	0
70	-25	167.0	196.0	1
70	-20	63.0	195.0	1
70	-15	90.0	196.0	1
70	-10	167.0	194.0	4
70	-5	126.0	195.0	7
70	0	172.0	193.0	16
70	5	180.0	191.0	17
70	10	150.0	191.0	17
70	15	167.0	190.0	14
70	20	145.0	189.0	17
70	25	130.0	188.0	10
70	30	151.0	188.0	5
70	35	159.0	186.0	3
70	40	0	185.0	0
70	45	124.0	184.0	1
70	50	0	184.0	1
70	55	0	184.0	0
70	60	0	183.0	0
70	65	30.0	182.0	1
70	70	64.0	182.0	1
70	75	0	181.0	0
70	80	52.0	182.0	1
75	-130	0	187.0	0
75	-35	0	196.0	0
75	-30	166.0	196.0	2
75	-25	108.0	195.0	2
75	-20	91.0	194.0	2
75	-15	113.0	194.0	4
75	-10	155.0	192.0	8
75	-5	154.0	192.0	5
75	0	167.0	191.0	17
75	5	120.0	189.0	7
75	10	82.0	189.0	3
75	15	168.0	188.0	4
75	20	151.0	188.0	6
75	25	28.0	185.0	1
75	30	104.0	185.0	1
75	35	0	184.0	0
75	40	0	184.0	0
75	45	98.0	184.0	1
75	50	0	183.0	0
75	55	75.0	183.0	1
75	60	0	182.0	0
75	65	0	181.0	0
75	70	0	181.0	0
75	75	0	180.0	0
80	-30	0	194.0	0
80	-25	0	195.0	0
80	-20	0	194.0	0
80	-15	154.0	193.0	1
80	-10	168.0	193.0	7
80	-5	169.0	191.0	7
80	0	162.0	190.0	5
80	5	137.0	190.0	2
80	10	0	189.0	0
80	15	0	187.0	0
80	20	108.0	188.0	1
80	25	0	186.0	0
80	30	158.0	186.0	1
80	35	0	185.0	0
80	40	0	184.0	0
80	45	0	183.0	0
80	50	0	182.0	0
80	55	57.0	182.0	1
80	60	0	182.0	0
80	65	0	181.0	0
80	70	0	181.0	0
85	-15	0	192.0	0
85	-10	0	192.0	0
85	-5	156.0	190.0	2
85	0	0	191.0	0
85	5	0	189.0	0
85	10	0	188.0	0
85	15	0	187.0	0
85	20	0	186.0	0
85	25	0	186.0	0
85	30	0	186.0	0
85	35	0	185.0	0
85	40	0	184.0	0
85	45	0	183.0	0
90	-15	78.0	190.0	1
90	-10	160.0	190.0	1
90	-5	0	189.0	0
90	0	0	189.0	0
90	5	0	188.0	0
90	10	0	188.0	0
90	15	0	188.0	0
90	20	0	186.0	0
90	25	0	185.0	0
90	30	0	185.0	0
90	35	0	184.0	0
95	-15	0	192.0	0
95	-10	0	191.0	0
95	-5	0	190.0	0
95	0	0	190.0	0
95	5	0	189.0	0
95	10	0	188.0	0
95	15	0	188.0	0
95	20	0	187.0	0
100	-10	117.0	187.0	1
100	-5	0	187.0	0
100	0	0	187.0	0
