Phi	Psi	max_obs_SA	max_theo_SA	obs_bin_pop
-180	-180	0	202.0	0
-180	85	0	201.0	0
-180	100	0	204.0	0
-180	115	0	202.0	0
-180	120	0	206.0	0
-180	125	33.0	203.0	1
-180	130	0	201.0	0
-180	135	0	205.0	0
-180	140	66.0	206.0	1
-180	145	0	207.0	0
-180	150	0	202.0	0
-180	155	66.0	205.0	1
-180	160	0	206.0	0
-180	165	56.0	206.0	1
-180	170	0	205.0	0
-180	175	0	207.0	0
-175	-180	100.0	206.0	1
-175	65	0	207.0	0
-175	70	0	205.0	0
-175	80	0	205.0	0
-175	85	0	206.0	0
-175	95	0	205.0	0
-175	100	0	205.0	0
-175	105	0	203.0	0
-175	110	0	206.0	0
-175	115	0	207.0	0
-175	120	0	206.0	0
-175	125	0	206.0	0
-175	130	0	202.0	0
-175	135	0	206.0	1
-175	140	97.0	205.0	1
-175	145	0	205.0	1
-175	150	50.0	204.0	2
-175	155	0	206.0	0
-175	160	94.0	206.0	4
-175	165	84.0	208.0	3
-175	170	12.0	207.0	1
-175	175	0	209.0	0
-170	-180	122.0	205.0	1
-170	60	0	204.0	0
-170	65	0	204.0	0
-170	70	0	203.0	0
-170	75	0	204.0	0
-170	80	0	204.0	0
-170	85	0	203.0	0
-170	90	0	205.0	0
-170	95	0	204.0	0
-170	100	0	204.0	0
-170	105	0	206.0	0
-170	110	0	206.0	0
-170	115	0	205.0	0
-170	120	0	204.0	0
-170	125	1.0	201.0	1
-170	130	83.0	205.0	2
-170	135	0	204.0	0
-170	140	115.0	205.0	4
-170	145	124.0	203.0	4
-170	150	69.0	203.0	4
-170	155	160.0	203.0	7
-170	160	111.0	205.0	7
-170	165	114.0	205.0	9
-170	170	112.0	203.0	1
-170	175	113.0	205.0	3
-165	-180	48.0	208.0	3
-165	-175	0	206.0	0
-165	-170	0	209.0	0
-165	-165	0	203.0	0
-165	-160	0	200.0	0
-165	25	0	209.0	0
-165	50	0	205.0	0
-165	55	0	205.0	0
-165	60	0	200.0	0
-165	65	0	203.0	0
-165	70	0	202.0	0
-165	75	0	203.0	0
-165	80	10.0	203.0	1
-165	85	0	206.0	0
-165	90	0	204.0	0
-165	95	0	202.0	0
-165	100	0	202.0	0
-165	105	0	203.0	0
-165	110	127.0	202.0	1
-165	115	0	204.0	0
-165	120	102.0	203.0	2
-165	125	53.0	200.0	2
-165	130	59.0	207.0	2
-165	135	106.0	204.0	7
-165	140	93.0	204.0	6
-165	145	66.0	204.0	7
-165	150	94.0	206.0	14
-165	155	131.0	204.0	15
-165	160	114.0	205.0	15
-165	165	125.0	206.0	9
-165	170	57.0	207.0	4
-165	175	88.0	207.0	2
-160	-180	62.0	208.0	2
-160	-175	0	208.0	0
-160	-170	0	205.0	0
-160	-165	0	206.0	0
-160	-160	0	208.0	0
-160	-45	0	212.0	0
-160	0	0	209.0	0
-160	10	0	206.0	0
-160	20	0	207.0	0
-160	25	0	207.0	0
-160	45	0	202.0	0
-160	50	70.0	203.0	1
-160	55	0	206.0	0
-160	60	51.0	205.0	1
-160	65	0	206.0	0
-160	70	0	205.0	0
-160	75	0	206.0	0
-160	80	0	206.0	0
-160	85	89.0	203.0	2
-160	90	0	201.0	0
-160	95	0	206.0	0
-160	100	75.0	207.0	2
-160	105	0	205.0	0
-160	110	99.0	206.0	1
-160	115	0	205.0	0
-160	120	159.0	206.0	4
-160	125	84.0	203.0	3
-160	130	94.0	207.0	5
-160	135	148.0	208.0	14
-160	140	126.0	205.0	16
-160	145	66.0	203.0	11
-160	150	97.0	206.0	9
-160	155	127.0	206.0	25
-160	160	125.0	205.0	22
-160	165	146.0	202.0	11
-160	170	69.0	207.0	6
-160	175	119.0	208.0	3
-155	-180	90.0	205.0	1
-155	-175	0	203.0	0
-155	-170	0	205.0	0
-155	-165	142.0	207.0	1
-155	-50	0	210.0	0
-155	-45	0	211.0	0
-155	-5	0	207.0	0
-155	0	0	207.0	0
-155	5	0	207.0	0
-155	10	0	207.0	0
-155	15	0	201.0	0
-155	20	0	208.0	0
-155	25	0	204.0	0
-155	30	0	206.0	0
-155	40	0	206.0	0
-155	45	0	202.0	0
-155	50	0	205.0	0
-155	55	0	203.0	0
-155	60	13.0	203.0	1
-155	65	108.0	205.0	2
-155	70	112.0	205.0	2
-155	75	145.0	203.0	1
-155	80	113.0	204.0	1
-155	85	0	202.0	0
-155	90	58.0	204.0	1
-155	95	5.0	204.0	1
-155	100	66.0	203.0	1
-155	105	134.0	205.0	6
-155	110	94.0	204.0	2
-155	115	57.0	206.0	2
-155	120	79.0	205.0	5
-155	125	124.0	205.0	5
-155	130	159.0	206.0	16
-155	135	128.0	205.0	18
-155	140	146.0	206.0	15
-155	145	140.0	204.0	17
-155	150	126.0	204.0	25
-155	155	163.0	204.0	24
-155	160	125.0	205.0	21
-155	165	78.0	203.0	7
-155	170	142.0	206.0	6
-155	175	48.0	200.0	4
-150	-180	27.0	209.0	2
-150	-175	81.0	208.0	1
-150	-170	0	207.0	0
-150	-165	0	210.0	0
-150	-160	0	204.0	0
-150	-55	0	212.0	0
-150	-50	0	210.0	0
-150	-45	0	212.0	0
-150	-30	0	212.0	0
-150	-25	0	205.0	0
-150	-20	0	212.0	0
-150	-15	0	212.0	0
-150	-10	0	210.0	0
-150	-5	0	210.0	0
-150	0	0	209.0	0
-150	5	0	207.0	0
-150	10	0	210.0	0
-150	15	0	206.0	0
-150	20	0	202.0	0
-150	25	51.0	205.0	1
-150	30	0	209.0	0
-150	35	0	209.0	0
-150	40	127.0	209.0	1
-150	45	49.0	205.0	1
-150	50	0	208.0	0
-150	55	0	208.0	0
-150	60	0	206.0	0
-150	65	0	209.0	0
-150	70	0	206.0	0
-150	75	0	209.0	0
-150	80	127.0	204.0	2
-150	85	121.0	200.0	2
-150	90	157.0	207.0	4
-150	95	68.0	208.0	3
-150	100	99.0	207.0	2
-150	105	0	206.0	1
-150	110	1.0	205.0	2
-150	115	157.0	204.0	7
-150	120	160.0	206.0	10
-150	125	108.0	206.0	13
-150	130	164.0	207.0	15
-150	135	150.0	207.0	27
-150	140	116.0	197.0	25
-150	145	167.0	206.0	25
-150	150	133.0	208.0	29
-150	155	162.0	207.0	33
-150	160	119.0	204.0	22
-150	165	108.0	208.0	10
-150	170	150.0	204.0	7
-150	175	67.0	208.0	1
-145	-180	0	203.0	0
-145	-175	62.0	198.0	1
-145	-170	0	204.0	0
-145	-165	0	207.0	0
-145	-60	0	212.0	0
-145	-55	0	211.0	0
-145	-50	0	211.0	0
-145	-45	0	212.0	0
-145	-40	0	213.0	0
-145	-35	0	209.0	0
-145	-30	125.0	207.0	1
-145	-25	0	207.0	0
-145	-20	0	211.0	0
-145	-15	63.0	203.0	1
-145	-10	0	206.0	0
-145	-5	182.0	210.0	1
-145	0	0	208.0	0
-145	5	0	209.0	0
-145	10	132.0	206.0	1
-145	15	0	206.0	0
-145	20	0	202.0	0
-145	25	128.0	205.0	2
-145	30	13.0	203.0	1
-145	35	28.0	207.0	1
-145	40	2.0	206.0	1
-145	45	16.0	209.0	1
-145	50	89.0	207.0	5
-145	55	73.0	209.0	1
-145	60	0	210.0	0
-145	65	160.0	205.0	1
-145	70	113.0	203.0	1
-145	75	10.0	203.0	2
-145	80	0	209.0	0
-145	85	42.0	203.0	1
-145	90	0	208.0	1
-145	95	130.0	201.0	3
-145	100	124.0	204.0	6
-145	105	54.0	201.0	1
-145	110	92.0	196.0	5
-145	115	131.0	205.0	6
-145	120	101.0	204.0	15
-145	125	160.0	203.0	18
-145	130	118.0	204.0	20
-145	135	167.0	205.0	34
-145	140	154.0	204.0	36
-145	145	139.0	205.0	41
-145	150	139.0	207.0	42
-145	155	140.0	204.0	36
-145	160	156.0	207.0	17
-145	165	101.0	202.0	10
-145	170	103.0	204.0	4
-145	175	95.0	205.0	2
-140	-180	0	204.0	0
-140	-175	0	209.0	0
-140	-170	0	205.0	0
-140	-125	94.0	210.0	1
-140	-65	0	211.0	0
-140	-60	0	212.0	0
-140	-55	0	215.0	0
-140	-50	0	213.0	0
-140	-45	161.0	213.0	2
-140	-40	0	212.0	0
-140	-35	0	213.0	0
-140	-30	121.0	212.0	1
-140	-25	0	213.0	0
-140	-20	0	212.0	0
-140	-15	0	208.0	0
-140	-10	56.0	212.0	1
-140	-5	0	210.0	0
-140	0	97.0	211.0	3
-140	5	0	211.0	1
-140	10	195.0	207.0	5
-140	15	77.0	211.0	1
-140	20	0	206.0	0
-140	25	80.0	211.0	1
-140	30	0	211.0	0
-140	35	124.0	209.0	1
-140	40	0	210.0	0
-140	45	0	211.0	0
-140	50	18.0	203.0	1
-140	55	33.0	204.0	2
-140	60	115.0	203.0	1
-140	65	0	208.0	0
-140	70	79.0	205.0	4
-140	75	182.0	208.0	4
-140	80	101.0	210.0	2
-140	85	163.0	206.0	5
-140	90	140.0	201.0	3
-140	95	91.0	207.0	3
-140	100	0	207.0	0
-140	105	164.0	206.0	5
-140	110	111.0	208.0	8
-140	115	146.0	204.0	15
-140	120	169.0	204.0	14
-140	125	118.0	208.0	16
-140	130	147.0	207.0	36
-140	135	129.0	210.0	30
-140	140	142.0	205.0	47
-140	145	141.0	205.0	46
-140	150	158.0	203.0	47
-140	155	161.0	205.0	39
-140	160	120.0	204.0	22
-140	165	144.0	209.0	12
-140	170	135.0	205.0	9
-140	175	125.0	203.0	3
-135	-180	90.0	204.0	1
-135	-175	26.0	197.0	1
-135	-170	0	204.0	0
-135	-165	0	204.0	0
-135	-130	0	209.0	0
-135	-125	0	207.0	0
-135	-75	0	212.0	0
-135	-65	0	209.0	0
-135	-60	92.0	211.0	1
-135	-55	0	210.0	0
-135	-50	0	208.0	0
-135	-45	140.0	210.0	2
-135	-40	0	209.0	0
-135	-35	0	208.0	0
-135	-30	0	208.0	0
-135	-25	0	207.0	1
-135	-20	0	207.0	0
-135	-15	83.0	208.0	1
-135	-10	0	205.0	0
-135	-5	99.0	209.0	4
-135	0	113.0	205.0	1
-135	5	18.0	209.0	1
-135	10	51.0	208.0	1
-135	15	69.0	210.0	3
-135	20	35.0	210.0	1
-135	25	144.0	209.0	2
-135	30	41.0	210.0	2
-135	35	54.0	209.0	1
-135	40	14.0	209.0	1
-135	45	142.0	202.0	3
-135	50	0	209.0	0
-135	55	0	209.0	0
-135	60	148.0	203.0	2
-135	65	146.0	207.0	5
-135	70	162.0	204.0	5
-135	75	166.0	207.0	7
-135	80	115.0	206.0	5
-135	85	131.0	209.0	8
-135	90	90.0	208.0	3
-135	95	134.0	207.0	4
-135	100	126.0	207.0	4
-135	105	159.0	206.0	4
-135	110	183.0	205.0	7
-135	115	168.0	205.0	13
-135	120	132.0	206.0	20
-135	125	141.0	204.0	21
-135	130	140.0	205.0	35
-135	135	176.0	206.0	45
-135	140	142.0	201.0	44
-135	145	173.0	207.0	59
-135	150	172.0	206.0	43
-135	155	143.0	204.0	39
-135	160	162.0	206.0	29
-135	165	98.0	207.0	12
-135	170	130.0	206.0	5
-135	175	39.0	206.0	3
-130	-180	52.0	202.0	2
-130	-175	113.0	207.0	2
-130	-170	0	195.0	0
-130	-165	0	203.0	0
-130	-160	125.0	208.0	1
-130	-155	0	205.0	0
-130	-135	0	207.0	0
-130	-130	0	211.0	0
-130	-125	0	212.0	0
-130	-80	35.0	210.0	1
-130	-75	0	211.0	0
-130	-70	5.0	209.0	1
-130	-65	139.0	210.0	1
-130	-60	116.0	209.0	1
-130	-55	0	210.0	0
-130	-50	0	210.0	0
-130	-45	97.0	208.0	3
-130	-40	0	208.0	0
-130	-35	132.0	211.0	1
-130	-30	144.0	207.0	3
-130	-25	136.0	210.0	2
-130	-20	136.0	210.0	2
-130	-15	114.0	209.0	2
-130	-10	183.0	209.0	2
-130	-5	108.0	210.0	1
-130	0	163.0	210.0	4
-130	5	146.0	206.0	4
-130	10	171.0	210.0	7
-130	15	142.0	204.0	5
-130	20	144.0	206.0	6
-130	25	132.0	205.0	9
-130	30	113.0	208.0	1
-130	35	174.0	206.0	4
-130	40	109.0	209.0	2
-130	45	102.0	209.0	3
-130	50	163.0	207.0	3
-130	55	117.0	208.0	4
-130	60	86.0	208.0	5
-130	65	117.0	207.0	4
-130	70	165.0	207.0	9
-130	75	164.0	199.0	7
-130	80	129.0	207.0	7
-130	85	166.0	208.0	5
-130	90	133.0	201.0	2
-130	95	66.0	203.0	2
-130	100	130.0	206.0	3
-130	105	93.0	206.0	5
-130	110	190.0	205.0	19
-130	115	143.0	206.0	12
-130	120	200.0	204.0	40
-130	125	149.0	201.0	40
-130	130	170.0	206.0	52
-130	135	179.0	205.0	51
-130	140	154.0	204.0	45
-130	145	177.0	205.0	56
-130	150	164.0	199.0	44
-130	155	171.0	201.0	31
-130	160	120.0	207.0	29
-130	165	119.0	205.0	13
-130	170	156.0	205.0	6
-130	175	158.0	206.0	3
-125	-180	0	208.0	0
-125	-175	0	200.0	0
-125	-170	47.0	206.0	1
-125	-165	3.0	208.0	1
-125	-160	99.0	206.0	1
-125	-140	0	203.0	0
-125	-135	60.0	207.0	1
-125	-130	0	212.0	0
-125	-125	0	211.0	0
-125	-85	12.0	213.0	1
-125	-80	0	212.0	0
-125	-75	0	210.0	0
-125	-70	0	212.0	0
-125	-65	0	211.0	0
-125	-60	0	209.0	0
-125	-55	125.0	210.0	2
-125	-50	92.0	206.0	3
-125	-45	0	212.0	0
-125	-40	112.0	207.0	4
-125	-35	2.0	206.0	2
-125	-30	129.0	208.0	2
-125	-25	141.0	206.0	2
-125	-20	0	211.0	0
-125	-15	119.0	211.0	4
-125	-10	103.0	210.0	2
-125	-5	148.0	212.0	6
-125	0	160.0	204.0	3
-125	5	158.0	208.0	7
-125	10	155.0	210.0	11
-125	15	104.0	211.0	9
-125	20	160.0	213.0	9
-125	25	115.0	212.0	4
-125	30	120.0	211.0	6
-125	35	125.0	206.0	4
-125	40	166.0	210.0	4
-125	45	88.0	211.0	2
-125	50	76.0	205.0	2
-125	55	44.0	212.0	1
-125	60	157.0	210.0	3
-125	65	143.0	210.0	3
-125	70	164.0	201.0	2
-125	75	136.0	212.0	6
-125	80	167.0	209.0	7
-125	85	145.0	211.0	5
-125	90	106.0	210.0	4
-125	95	144.0	202.0	4
-125	100	138.0	205.0	4
-125	105	112.0	208.0	9
-125	110	160.0	207.0	14
-125	115	163.0	207.0	14
-125	120	133.0	206.0	31
-125	125	167.0	206.0	36
-125	130	147.0	206.0	39
-125	135	177.0	200.0	40
-125	140	134.0	206.0	37
-125	145	159.0	203.0	37
-125	150	157.0	205.0	33
-125	155	161.0	203.0	22
-125	160	142.0	202.0	12
-125	165	97.0	203.0	6
-125	170	102.0	207.0	8
-125	175	100.0	199.0	1
-120	-180	0	202.0	0
-120	-175	0	209.0	0
-120	-170	127.0	211.0	2
-120	-165	100.0	210.0	1
-120	-160	0	210.0	0
-120	-155	0	205.0	0
-120	-150	17.0	205.0	1
-120	-145	0	211.0	0
-120	-140	0	213.0	0
-120	-135	0	214.0	0
-120	-130	0	212.0	0
-120	-125	18.0	211.0	2
-120	-120	0	210.0	0
-120	-115	0	211.0	0
-120	-110	0	212.0	0
-120	-105	0	212.0	0
-120	-90	0	212.0	0
-120	-85	35.0	213.0	1
-120	-80	0	213.0	0
-120	-75	0	211.0	0
-120	-70	0	209.0	0
-120	-65	0	213.0	0
-120	-60	151.0	212.0	4
-120	-55	135.0	212.0	3
-120	-50	103.0	213.0	1
-120	-45	119.0	212.0	3
-120	-40	129.0	212.0	3
-120	-35	164.0	212.0	6
-120	-30	83.0	211.0	3
-120	-25	126.0	213.0	3
-120	-20	152.0	209.0	3
-120	-15	138.0	211.0	6
-120	-10	158.0	214.0	7
-120	-5	74.0	191.0	3
-120	0	145.0	204.0	8
-120	5	183.0	209.0	9
-120	10	164.0	207.0	15
-120	15	183.0	207.0	10
-120	20	155.0	208.0	12
-120	25	181.0	206.0	5
-120	30	185.0	213.0	2
-120	35	108.0	214.0	3
-120	40	0	205.0	0
-120	45	59.0	215.0	1
-120	50	152.0	214.0	2
-120	55	177.0	212.0	2
-120	60	0	212.0	0
-120	65	103.0	203.0	2
-120	70	0	208.0	0
-120	75	86.0	203.0	1
-120	80	0	212.0	0
-120	85	62.0	207.0	3
-120	90	148.0	211.0	3
-120	95	101.0	210.0	5
-120	100	97.0	199.0	4
-120	105	202.0	202.0	16
-120	110	163.0	209.0	17
-120	115	161.0	207.0	18
-120	120	159.0	205.0	30
-120	125	158.0	208.0	40
-120	130	167.0	202.0	33
-120	135	147.0	202.0	48
-120	140	165.0	205.0	40
-120	145	171.0	198.0	35
-120	150	149.0	199.0	20
-120	155	141.0	207.0	28
-120	160	126.0	204.0	17
-120	165	140.0	200.0	15
-120	170	115.0	208.0	2
-120	175	57.0	209.0	2
-115	-180	117.0	206.0	2
-115	-175	75.0	205.0	1
-115	-170	89.0	206.0	2
-115	-165	74.0	211.0	3
-115	-160	132.0	208.0	1
-115	-155	0	208.0	0
-115	-150	0	207.0	0
-115	-145	0	210.0	0
-115	-125	0	212.0	0
-115	-120	0	211.0	0
-115	-115	0	212.0	0
-115	-110	0	211.0	0
-115	-95	0	212.0	0
-115	-90	0	215.0	0
-115	-85	120.0	213.0	1
-115	-80	0	212.0	0
-115	-75	105.0	214.0	2
-115	-70	85.0	210.0	1
-115	-65	0	201.0	0
-115	-60	186.0	212.0	3
-115	-55	156.0	215.0	5
-115	-50	149.0	212.0	3
-115	-45	110.0	209.0	3
-115	-40	146.0	213.0	5
-115	-35	129.0	212.0	3
-115	-30	136.0	211.0	10
-115	-25	110.0	209.0	6
-115	-20	157.0	213.0	6
-115	-15	109.0	216.0	6
-115	-10	167.0	216.0	13
-115	-5	154.0	211.0	10
-115	0	165.0	210.0	24
-115	5	145.0	213.0	11
-115	10	173.0	214.0	14
-115	15	171.0	211.0	11
-115	20	133.0	217.0	3
-115	25	126.0	211.0	12
-115	30	132.0	216.0	4
-115	35	153.0	209.0	3
-115	40	176.0	210.0	2
-115	45	27.0	215.0	1
-115	50	0	216.0	0
-115	55	0	213.0	0
-115	60	0	208.0	0
-115	65	116.0	212.0	1
-115	70	0	215.0	0
-115	75	0	206.0	0
-115	80	76.0	208.0	1
-115	85	115.0	198.0	4
-115	90	197.0	213.0	9
-115	95	162.0	212.0	7
-115	100	154.0	206.0	9
-115	105	153.0	206.0	8
-115	110	128.0	207.0	14
-115	115	164.0	209.0	17
-115	120	192.0	208.0	19
-115	125	160.0	210.0	47
-115	130	149.0	208.0	43
-115	135	179.0	209.0	42
-115	140	149.0	210.0	38
-115	145	185.0	207.0	31
-115	150	184.0	202.0	24
-115	155	134.0	202.0	15
-115	160	143.0	212.0	8
-115	165	143.0	211.0	10
-115	170	112.0	211.0	3
-115	175	106.0	201.0	5
-110	-180	0	210.0	0
-110	-175	91.0	209.0	1
-110	-170	0	210.0	0
-110	-165	0	206.0	0
-110	-160	0	206.0	0
-110	-155	0	208.0	0
-110	-150	0	211.0	0
-110	-125	0	211.0	0
-110	-120	119.0	213.0	1
-110	-115	0	213.0	0
-110	-90	120.0	212.0	1
-110	-85	65.0	209.0	1
-110	-80	129.0	209.0	1
-110	-75	0	212.0	0
-110	-70	202.0	211.0	2
-110	-65	0	214.0	0
-110	-60	33.0	199.0	1
-110	-55	0	212.0	0
-110	-50	98.0	213.0	2
-110	-45	143.0	212.0	4
-110	-40	82.0	214.0	5
-110	-35	97.0	214.0	5
-110	-30	115.0	208.0	11
-110	-25	142.0	211.0	10
-110	-20	172.0	214.0	10
-110	-15	136.0	211.0	14
-110	-10	135.0	211.0	9
-110	-5	182.0	211.0	15
-110	0	189.0	215.0	15
-110	5	168.0	214.0	25
-110	10	206.0	209.0	18
-110	15	178.0	214.0	17
-110	20	123.0	215.0	12
-110	25	40.0	215.0	4
-110	30	0	207.0	0
-110	35	0	212.0	0
-110	40	150.0	211.0	2
-110	45	0	211.0	0
-110	50	0	214.0	0
-110	55	44.0	209.0	1
-110	60	148.0	208.0	2
-110	65	0	208.0	0
-110	70	76.0	212.0	1
-110	75	0	213.0	0
-110	80	81.0	212.0	1
-110	85	0	210.0	0
-110	90	99.0	208.0	3
-110	95	113.0	211.0	4
-110	100	143.0	203.0	5
-110	105	166.0	207.0	15
-110	110	135.0	205.0	18
-110	115	196.0	205.0	19
-110	120	165.0	209.0	27
-110	125	147.0	204.0	43
-110	130	191.0	205.0	41
-110	135	182.0	206.0	27
-110	140	145.0	204.0	36
-110	145	164.0	204.0	31
-110	150	192.0	205.0	19
-110	155	142.0	209.0	28
-110	160	119.0	208.0	17
-110	165	136.0	207.0	6
-110	170	142.0	199.0	2
-110	175	177.0	204.0	5
-105	-180	115.0	207.0	2
-105	-175	0	207.0	0
-105	-170	94.0	205.0	1
-105	-165	0	209.0	0
-105	-160	0	205.0	0
-105	-155	0	208.0	0
-105	-125	98.0	210.0	1
-105	-120	0	210.0	0
-105	-85	0	212.0	0
-105	-80	0	210.0	0
-105	-75	0	211.0	0
-105	-70	0	210.0	0
-105	-65	124.0	212.0	1
-105	-60	0	209.0	0
-105	-55	0	209.0	0
-105	-50	0	211.0	0
-105	-45	166.0	213.0	9
-105	-40	114.0	213.0	5
-105	-35	131.0	212.0	5
-105	-30	191.0	213.0	9
-105	-25	174.0	212.0	18
-105	-20	158.0	213.0	13
-105	-15	159.0	214.0	19
-105	-10	161.0	212.0	17
-105	-5	186.0	214.0	27
-105	0	174.0	215.0	28
-105	5	198.0	211.0	24
-105	10	170.0	215.0	23
-105	15	197.0	212.0	16
-105	20	154.0	213.0	10
-105	25	40.0	215.0	3
-105	30	180.0	213.0	2
-105	35	0	204.0	0
-105	40	160.0	214.0	2
-105	45	76.0	208.0	1
-105	50	0	208.0	0
-105	55	0	206.0	0
-105	60	0	208.0	0
-105	65	154.0	213.0	1
-105	70	83.0	212.0	4
-105	75	23.0	211.0	1
-105	80	27.0	212.0	2
-105	85	137.0	208.0	2
-105	90	44.0	206.0	2
-105	95	151.0	211.0	7
-105	100	118.0	209.0	9
-105	105	181.0	209.0	11
-105	110	156.0	205.0	16
-105	115	188.0	208.0	31
-105	120	188.0	206.0	34
-105	125	145.0	208.0	34
-105	130	175.0	205.0	43
-105	135	146.0	207.0	28
-105	140	162.0	202.0	28
-105	145	179.0	207.0	27
-105	150	166.0	206.0	26
-105	155	169.0	207.0	20
-105	160	104.0	201.0	8
-105	165	128.0	199.0	8
-105	170	137.0	209.0	3
-105	175	10.0	208.0	2
-100	-180	86.0	211.0	1
-100	-175	0	210.0	0
-100	-170	0	210.0	0
-100	-165	0	211.0	0
-100	-160	0	212.0	0
-100	-125	0	210.0	0
-100	-90	0	212.0	0
-100	-85	0	207.0	0
-100	-80	0	211.0	0
-100	-75	0	209.0	0
-100	-70	0	211.0	0
-100	-65	96.0	212.0	1
-100	-60	52.0	213.0	1
-100	-55	143.0	210.0	3
-100	-50	152.0	214.0	3
-100	-45	109.0	214.0	8
-100	-40	114.0	206.0	10
-100	-35	153.0	212.0	8
-100	-30	186.0	216.0	17
-100	-25	191.0	216.0	14
-100	-20	181.0	215.0	20
-100	-15	193.0	215.0	20
-100	-10	152.0	213.0	20
-100	-5	191.0	215.0	31
-100	0	193.0	217.0	63
-100	5	176.0	215.0	29
-100	10	166.0	213.0	25
-100	15	184.0	217.0	11
-100	20	206.0	217.0	4
-100	25	106.0	217.0	4
-100	30	139.0	218.0	3
-100	35	93.0	217.0	2
-100	40	128.0	219.0	1
-100	45	0	217.0	0
-100	50	0	215.0	0
-100	55	0	216.0	0
-100	60	198.0	216.0	2
-100	65	50.0	208.0	1
-100	70	145.0	215.0	1
-100	75	66.0	216.0	2
-100	80	131.0	214.0	1
-100	85	120.0	209.0	4
-100	90	0	208.0	0
-100	95	148.0	212.0	6
-100	100	173.0	205.0	11
-100	105	173.0	208.0	16
-100	110	138.0	209.0	14
-100	115	182.0	212.0	32
-100	120	177.0	212.0	31
-100	125	182.0	207.0	30
-100	130	155.0	209.0	36
-100	135	164.0	207.0	25
-100	140	183.0	209.0	32
-100	145	172.0	207.0	19
-100	150	135.0	203.0	27
-100	155	140.0	209.0	22
-100	160	166.0	207.0	13
-100	165	140.0	202.0	10
-100	170	46.0	209.0	3
-100	175	0	210.0	0
-95	-180	111.0	208.0	1
-95	-175	0	210.0	0
-95	-170	0	201.0	0
-95	-165	0	209.0	0
-95	-95	0	211.0	0
-95	-90	0	212.0	0
-95	-85	0	210.0	0
-95	-80	0	213.0	0
-95	-75	13.0	211.0	2
-95	-70	60.0	209.0	1
-95	-65	0	212.0	0
-95	-60	148.0	213.0	2
-95	-55	117.0	212.0	1
-95	-50	157.0	213.0	1
-95	-45	140.0	213.0	6
-95	-40	184.0	214.0	12
-95	-35	178.0	212.0	18
-95	-30	177.0	213.0	21
-95	-25	155.0	214.0	16
-95	-20	152.0	212.0	12
-95	-15	173.0	211.0	28
-95	-10	164.0	215.0	29
-95	-5	196.0	217.0	55
-95	0	196.0	216.0	66
-95	5	210.0	213.0	32
-95	10	179.0	205.0	16
-95	15	139.0	219.0	5
-95	20	182.0	217.0	3
-95	25	187.0	218.0	2
-95	30	0	217.0	0
-95	35	0	217.0	0
-95	40	0	211.0	0
-95	45	0	217.0	0
-95	50	43.0	217.0	1
-95	55	91.0	204.0	4
-95	60	153.0	208.0	2
-95	65	105.0	211.0	2
-95	70	161.0	216.0	3
-95	75	103.0	216.0	3
-95	80	39.0	215.0	1
-95	85	37.0	213.0	2
-95	90	156.0	210.0	4
-95	95	130.0	209.0	4
-95	100	136.0	212.0	11
-95	105	154.0	209.0	15
-95	110	162.0	209.0	12
-95	115	151.0	210.0	23
-95	120	179.0	200.0	38
-95	125	177.0	208.0	38
-95	130	150.0	208.0	31
-95	135	163.0	206.0	27
-95	140	158.0	208.0	30
-95	145	171.0	209.0	21
-95	150	157.0	205.0	16
-95	155	147.0	202.0	17
-95	160	122.0	208.0	12
-95	165	93.0	205.0	8
-95	170	159.0	198.0	4
-95	175	121.0	208.0	9
-90	-180	16.0	199.0	1
-90	-175	72.0	204.0	1
-90	-170	0	211.0	0
-90	-165	157.0	210.0	1
-90	-80	0	211.0	0
-90	-75	0	211.0	0
-90	-70	0	210.0	0
-90	-65	0	213.0	0
-90	-60	152.0	214.0	3
-90	-55	130.0	214.0	5
-90	-50	151.0	215.0	8
-90	-45	177.0	212.0	10
-90	-40	132.0	212.0	11
-90	-35	159.0	215.0	21
-90	-30	144.0	213.0	16
-90	-25	174.0	215.0	20
-90	-20	169.0	214.0	29
-90	-15	176.0	214.0	44
-90	-10	179.0	215.0	54
-90	-5	177.0	216.0	55
-90	0	155.0	216.0	79
-90	5	196.0	216.0	21
-90	10	159.0	218.0	16
-90	15	85.0	217.0	1
-90	20	0	212.0	0
-90	25	107.0	219.0	2
-90	30	0	219.0	0
-90	35	0	214.0	0
-90	40	0	220.0	0
-90	45	139.0	218.0	2
-90	50	119.0	209.0	1
-90	55	135.0	219.0	6
-90	60	151.0	208.0	4
-90	65	170.0	217.0	7
-90	70	176.0	214.0	6
-90	75	104.0	209.0	5
-90	80	165.0	216.0	2
-90	85	145.0	215.0	5
-90	90	147.0	215.0	5
-90	95	157.0	205.0	8
-90	100	171.0	209.0	9
-90	105	170.0	210.0	13
-90	110	182.0	212.0	13
-90	115	168.0	209.0	26
-90	120	195.0	213.0	26
-90	125	124.0	211.0	33
-90	130	150.0	203.0	27
-90	135	182.0	211.0	34
-90	140	165.0	204.0	26
-90	145	133.0	210.0	22
-90	150	164.0	210.0	25
-90	155	150.0	208.0	24
-90	160	128.0	208.0	19
-90	165	174.0	202.0	12
-90	170	58.0	210.0	2
-90	175	102.0	200.0	6
-85	-180	61.0	207.0	1
-85	-175	0	208.0	0
-85	-170	0	208.0	0
-85	-165	85.0	208.0	2
-85	-160	0	208.0	0
-85	-155	0	210.0	0
-85	-150	0	206.0	0
-85	-145	0	205.0	0
-85	-75	0	212.0	0
-85	-70	0	214.0	0
-85	-65	0	213.0	0
-85	-60	114.0	212.0	1
-85	-55	182.0	215.0	7
-85	-50	158.0	213.0	11
-85	-45	151.0	215.0	17
-85	-40	177.0	216.0	30
-85	-35	164.0	214.0	25
-85	-30	169.0	215.0	30
-85	-25	152.0	215.0	19
-85	-20	169.0	215.0	35
-85	-15	197.0	215.0	54
-85	-10	203.0	217.0	50
-85	-5	181.0	215.0	54
-85	0	175.0	217.0	26
-85	5	156.0	218.0	14
-85	10	175.0	218.0	8
-85	15	81.0	219.0	1
-85	20	0	219.0	0
-85	25	0	219.0	0
-85	30	0	216.0	0
-85	35	0	214.0	0
-85	40	0	212.0	0
-85	45	0	219.0	0
-85	50	129.0	217.0	3
-85	55	89.0	218.0	2
-85	60	130.0	211.0	4
-85	65	198.0	218.0	3
-85	70	173.0	216.0	9
-85	75	78.0	215.0	5
-85	80	87.0	217.0	2
-85	85	183.0	211.0	9
-85	90	152.0	216.0	4
-85	95	124.0	213.0	2
-85	100	143.0	209.0	9
-85	105	174.0	213.0	14
-85	110	199.0	212.0	22
-85	115	196.0	209.0	19
-85	120	138.0	207.0	19
-85	125	187.0	210.0	33
-85	130	167.0	208.0	30
-85	135	194.0	209.0	33
-85	140	170.0	203.0	27
-85	145	197.0	202.0	30
-85	150	180.0	206.0	28
-85	155	166.0	209.0	17
-85	160	121.0	206.0	16
-85	165	163.0	206.0	10
-85	170	84.0	207.0	6
-85	175	0	207.0	0
-80	-165	0	208.0	0
-80	-160	0	209.0	0
-80	-155	0	208.0	0
-80	-150	0	208.0	0
-80	-80	0	212.0	0
-80	-75	0	212.0	0
-80	-70	0	214.0	0
-80	-65	0	213.0	0
-80	-60	77.0	211.0	1
-80	-55	124.0	212.0	4
-80	-50	167.0	214.0	19
-80	-45	159.0	217.0	16
-80	-40	172.0	214.0	53
-80	-35	197.0	205.0	43
-80	-30	195.0	216.0	46
-80	-25	191.0	215.0	45
-80	-20	184.0	216.0	46
-80	-15	204.0	217.0	61
-80	-10	193.0	217.0	55
-80	-5	159.0	215.0	30
-80	0	198.0	214.0	14
-80	5	172.0	217.0	2
-80	10	114.0	215.0	1
-80	15	176.0	220.0	1
-80	20	0	217.0	0
-80	25	0	218.0	0
-80	30	0	214.0	0
-80	35	0	217.0	0
-80	40	126.0	219.0	1
-80	45	0	213.0	0
-80	50	0	213.0	0
-80	55	0	217.0	0
-80	60	134.0	211.0	2
-80	65	120.0	216.0	4
-80	70	126.0	213.0	3
-80	75	117.0	217.0	2
-80	80	0	217.0	0
-80	85	208.0	212.0	2
-80	90	164.0	213.0	1
-80	95	185.0	212.0	6
-80	100	186.0	213.0	7
-80	105	176.0	210.0	9
-80	110	162.0	211.0	14
-80	115	157.0	210.0	14
-80	120	177.0	209.0	29
-80	125	165.0	209.0	31
-80	130	138.0	209.0	35
-80	135	147.0	208.0	29
-80	140	172.0	208.0	36
-80	145	180.0	205.0	29
-80	150	181.0	207.0	36
-80	155	174.0	207.0	17
-80	160	146.0	205.0	14
-80	165	118.0	204.0	7
-80	170	151.0	205.0	7
-80	175	19.0	207.0	1
-75	-165	0	206.0	0
-75	-160	0	210.0	0
-75	-155	0	212.0	0
-75	-85	0	212.0	0
-75	-80	0	211.0	0
-75	-75	0	212.0	0
-75	-70	97.0	214.0	1
-75	-65	110.0	211.0	1
-75	-60	154.0	217.0	8
-75	-55	172.0	217.0	10
-75	-50	180.0	216.0	24
-75	-45	157.0	217.0	85
-75	-40	206.0	217.0	169
-75	-35	181.0	219.0	137
-75	-30	205.0	216.0	80
-75	-25	175.0	218.0	60
-75	-20	197.0	218.0	68
-75	-15	197.0	216.0	65
-75	-10	203.0	221.0	50
-75	-5	209.0	221.0	37
-75	0	158.0	221.0	6
-75	5	68.0	221.0	1
-75	10	0	222.0	0
-75	15	176.0	213.0	2
-75	20	0	217.0	0
-75	25	0	219.0	0
-75	30	0	222.0	0
-75	35	0	222.0	0
-75	45	0	205.0	0
-75	50	0	210.0	0
-75	55	0	216.0	0
-75	60	0	213.0	0
-75	65	136.0	219.0	2
-75	70	0	216.0	0
-75	75	51.0	214.0	1
-75	80	0	210.0	0
-75	85	0	214.0	0
-75	90	0	215.0	0
-75	95	0	216.0	0
-75	100	94.0	215.0	2
-75	105	179.0	214.0	4
-75	110	120.0	207.0	8
-75	115	166.0	214.0	15
-75	120	155.0	214.0	15
-75	125	193.0	212.0	25
-75	130	189.0	213.0	41
-75	135	168.0	209.0	38
-75	140	195.0	211.0	52
-75	145	172.0	209.0	31
-75	150	180.0	209.0	39
-75	155	166.0	208.0	29
-75	160	170.0	183.0	14
-75	165	158.0	204.0	8
-75	170	133.0	203.0	3
-75	175	0	210.0	0
-70	-165	0	202.0	0
-70	-160	0	209.0	0
-70	-90	0	213.0	0
-70	-85	0	214.0	0
-70	-80	0	212.0	0
-70	-75	0	214.0	0
-70	-70	160.0	216.0	2
-70	-65	77.0	213.0	2
-70	-60	157.0	215.0	6
-70	-55	171.0	217.0	21
-70	-50	173.0	215.0	104
-70	-45	200.0	0	448
-70	-40	192.0	0	712
-70	-35	185.0	0	332
-70	-30	174.0	220.0	149
-70	-25	210.0	220.0	117
-70	-20	207.0	219.0	125
-70	-15	192.0	219.0	84
-70	-10	168.0	218.0	28
-70	-5	172.0	220.0	4
-70	0	112.0	217.0	1
-70	5	0	222.0	0
-70	10	0	216.0	0
-70	15	0	223.0	0
-70	20	102.0	222.0	1
-70	25	0	216.0	0
-70	30	0	222.0	0
-70	45	0	222.0	0
-70	50	0	221.0	0
-70	55	0	216.0	0
-70	60	0	220.0	0
-70	65	124.0	219.0	1
-70	70	0	215.0	0
-70	75	0	211.0	0
-70	80	0	217.0	0
-70	85	0	210.0	0
-70	90	147.0	217.0	1
-70	95	193.0	217.0	1
-70	100	0	214.0	0
-70	105	56.0	215.0	1
-70	110	133.0	215.0	3
-70	115	142.0	214.0	6
-70	120	184.0	212.0	14
-70	125	192.0	211.0	32
-70	130	168.0	212.0	42
-70	135	200.0	211.0	34
-70	140	180.0	211.0	50
-70	145	154.0	210.0	34
-70	150	170.0	210.0	31
-70	155	147.0	209.0	25
-70	160	142.0	206.0	14
-70	165	150.0	208.0	5
-70	170	58.0	207.0	2
-70	175	0	208.0	0
-65	-165	0	208.0	0
-65	-85	0	213.0	0
-65	-80	0	213.0	0
-65	-75	0	214.0	0
-65	-70	0	214.0	0
-65	-65	166.0	214.0	2
-65	-60	133.0	217.0	8
-65	-55	166.0	216.0	41
-65	-50	179.0	0	313
-65	-45	209.0	0	1208
-65	-40	211.0	0	1086
-65	-35	200.0	0	349
-65	-30	208.0	219.0	169
-65	-25	214.0	219.0	129
-65	-20	206.0	221.0	84
-65	-15	183.0	219.0	46
-65	-10	119.0	221.0	6
-65	-5	0	221.0	0
-65	0	0	221.0	0
-65	5	0	221.0	0
-65	10	0	222.0	0
-65	15	0	222.0	0
-65	20	0	222.0	0
-65	25	0	222.0	0
-65	50	0	216.0	0
-65	55	166.0	220.0	1
-65	60	0	219.0	0
-65	65	0	218.0	0
-65	70	0	212.0	0
-65	75	0	218.0	0
-65	80	0	217.0	0
-65	85	0	218.0	0
-65	90	0	217.0	0
-65	95	0	216.0	0
-65	100	59.0	212.0	1
-65	105	0	214.0	0
-65	110	0	214.0	0
-65	115	192.0	214.0	6
-65	120	144.0	213.0	10
-65	125	173.0	212.0	26
-65	130	201.0	212.0	41
-65	135	187.0	212.0	50
-65	140	167.0	208.0	42
-65	145	174.0	209.0	24
-65	150	170.0	205.0	25
-65	155	166.0	207.0	15
-65	160	148.0	206.0	6
-65	165	124.0	208.0	3
-65	170	0	205.0	0
-65	175	39.0	208.0	1
-60	-80	0	213.0	0
-60	-75	0	214.0	0
-60	-70	103.0	215.0	1
-60	-65	0	215.0	0
-60	-60	124.0	216.0	8
-60	-55	188.0	217.0	56
-60	-50	174.0	0	424
-60	-45	192.0	0	867
-60	-40	194.0	0	460
-60	-35	191.0	220.0	201
-60	-30	202.0	217.0	104
-60	-25	157.0	223.0	60
-60	-20	172.0	224.0	24
-60	-15	0	219.0	0
-60	-10	0	220.0	0
-60	-5	0	221.0	0
-60	0	172.0	219.0	1
-60	5	0	220.0	0
-60	15	0	226.0	0
-60	20	0	218.0	0
-60	60	0	217.0	0
-60	65	0	216.0	0
-60	70	0	223.0	0
-60	75	0	216.0	0
-60	85	0	221.0	0
-60	95	0	213.0	0
-60	100	0	215.0	0
-60	105	0	217.0	0
-60	110	149.0	213.0	1
-60	115	202.0	213.0	3
-60	120	112.0	212.0	10
-60	125	199.0	209.0	35
-60	130	203.0	214.0	43
-60	135	170.0	210.0	48
-60	140	184.0	210.0	33
-60	145	175.0	209.0	21
-60	150	149.0	208.0	11
-60	155	62.0	208.0	4
-60	160	38.0	211.0	3
-60	165	0	205.0	0
-60	170	0	210.0	0
-60	175	0	206.0	0
-55	-85	0	212.0	0
-55	-80	0	215.0	0
-55	-75	0	214.0	0
-55	-70	0	217.0	0
-55	-65	186.0	217.0	3
-55	-60	143.0	219.0	6
-55	-55	197.0	218.0	46
-55	-50	168.0	217.0	144
-55	-45	181.0	219.0	186
-55	-40	189.0	220.0	108
-55	-35	174.0	220.0	52
-55	-30	177.0	219.0	34
-55	-25	147.0	222.0	10
-55	-20	113.0	221.0	2
-55	-15	139.0	221.0	1
-55	-10	0	222.0	0
-55	-5	0	223.0	0
-55	0	0	221.0	0
-55	15	0	220.0	0
-55	65	0	220.0	0
-55	95	0	216.0	0
-55	100	0	217.0	0
-55	105	95.0	214.0	1
-55	110	0	210.0	0
-55	115	103.0	214.0	3
-55	120	179.0	213.0	10
-55	125	188.0	212.0	25
-55	130	196.0	210.0	28
-55	135	195.0	210.0	31
-55	140	147.0	210.0	14
-55	145	167.0	210.0	8
-55	150	148.0	208.0	9
-55	155	91.0	204.0	1
-55	160	0	205.0	0
-55	165	0	204.0	0
-55	170	0	207.0	0
-55	175	0	207.0	0
-50	-90	0	212.0	0
-50	-85	0	213.0	0
-50	-80	0	216.0	0
-50	-75	0	214.0	0
-50	-70	158.0	215.0	2
-50	-65	0	218.0	0
-50	-60	113.0	218.0	3
-50	-55	151.0	218.0	13
-50	-50	194.0	218.0	35
-50	-45	156.0	219.0	28
-50	-40	133.0	219.0	15
-50	-35	152.0	217.0	10
-50	-30	0	219.0	0
-50	-25	0	219.0	0
-50	-20	64.0	221.0	1
-50	-15	0	221.0	0
-50	-10	0	223.0	0
-50	-5	0	223.0	0
-50	100	0	214.0	0
-50	105	112.0	214.0	1
-50	110	0	214.0	0
-50	115	0	213.0	0
-50	120	164.0	205.0	7
-50	125	198.0	213.0	14
-50	130	156.0	212.0	14
-50	135	185.0	211.0	16
-50	140	102.0	207.0	2
-50	145	112.0	199.0	3
-50	150	71.0	206.0	1
-50	155	30.0	205.0	1
-50	160	0	207.0	0
-50	165	0	204.0	0
-50	170	0	206.0	0
-45	-80	0	219.0	0
-45	-75	0	206.0	0
-45	-70	0	218.0	0
-45	-65	138.0	220.0	1
-45	-60	101.0	218.0	2
-45	-55	172.0	219.0	5
-45	-50	171.0	220.0	9
-45	-45	160.0	223.0	3
-45	-40	22.0	223.0	2
-45	-35	114.0	222.0	1
-45	-30	0	221.0	0
-45	-25	0	222.0	0
-45	-20	0	223.0	0
-45	-15	0	227.0	0
-45	-10	0	227.0	0
-45	95	0	215.0	0
-45	100	0	217.0	0
-45	105	0	216.0	0
-45	110	76.0	217.0	1
-45	115	194.0	216.0	2
-45	120	103.0	211.0	2
-45	125	19.0	210.0	4
-45	130	3.0	212.0	2
-45	135	2.0	213.0	1
-45	140	0	212.0	0
-45	145	0	213.0	0
-45	150	0	211.0	0
-45	155	41.0	212.0	1
-45	160	0	207.0	0
-45	165	0	210.0	0
-40	-70	86.0	219.0	1
-40	-65	0	219.0	0
-40	-60	0	220.0	0
-40	-55	0	221.0	0
-40	-50	82.0	220.0	2
-40	-45	117.0	223.0	1
-40	-40	0	222.0	0
-40	-35	133.0	223.0	1
-40	-30	0	222.0	0
-40	-25	0	224.0	0
-40	-20	0	225.0	0
-40	-15	0	224.0	0
-40	115	0	213.0	0
-40	120	157.0	213.0	1
-40	125	205.0	210.0	1
-40	130	105.0	210.0	1
-40	135	0	209.0	0
-40	140	0	212.0	0
-40	145	0	211.0	0
-40	150	39.0	210.0	1
-40	155	0	200.0	0
-40	160	0	210.0	0
-35	-70	0	220.0	0
-35	-65	151.0	220.0	1
-35	-60	0	221.0	0
-35	-55	0	220.0	0
-35	-50	0	222.0	0
-35	-45	0	224.0	0
-35	-40	0	221.0	0
-35	-35	0	223.0	0
-35	-30	0	224.0	0
-35	-25	0	222.0	0
-35	-20	0	224.0	0
-35	115	0	214.0	0
-35	120	147.0	212.0	1
-35	125	0	209.0	0
-35	130	82.0	211.0	1
-35	135	0	211.0	0
-35	140	0	208.0	0
-35	145	0	209.0	0
-35	150	0	205.0	0
-30	-70	73.0	222.0	1
-30	-60	0	224.0	0
-30	-55	0	220.0	0
-30	-50	0	222.0	0
-30	-45	0	225.0	0
-30	-40	0	227.0	0
-30	-35	0	227.0	0
-30	115	0	215.0	0
-30	120	0	214.0	0
-30	125	0	210.0	0
-30	130	0	213.0	0
-30	135	0	212.0	0
-30	140	0	211.0	0
-30	145	0	210.0	0
-25	-60	0	224.0	0
-25	-55	0	226.0	0
-25	-50	0	222.0	0
-25	-45	0	226.0	0
-25	-40	0	225.0	0
-25	115	0	210.0	0
-25	120	0	213.0	0
-25	125	0	212.0	0
-25	130	0	206.0	0
-20	-50	0	222.0	0
20	45	0	221.0	0
20	50	0	217.0	0
20	55	0	218.0	0
20	60	0	216.0	0
25	-130	0	217.0	0
25	30	0	223.0	0
25	35	0	219.0	0
25	40	0	221.0	0
25	45	0	218.0	0
25	50	190.0	207.0	1
25	55	0	217.0	0
25	60	0	217.0	0
25	65	0	216.0	0
30	-135	0	218.0	0
30	-130	0	211.0	0
30	-120	0	221.0	0
30	25	0	219.0	0
30	30	0	222.0	0
30	35	131.0	215.0	1
30	40	0	218.0	0
30	45	0	217.0	0
30	50	0	218.0	0
30	55	59.0	211.0	1
30	60	92.0	212.0	1
30	65	0	210.0	0
35	-140	0	217.0	0
35	-135	0	217.0	0
35	-130	0	219.0	0
35	-125	0	220.0	0
35	-120	0	221.0	0
35	15	0	223.0	0
35	20	0	221.0	0
35	25	0	220.0	0
35	30	0	218.0	0
35	35	0	218.0	0
35	40	0	216.0	0
35	45	0	214.0	0
35	50	77.0	215.0	1
35	55	138.0	216.0	1
35	60	0	212.0	0
35	65	144.0	212.0	1
40	-145	0	215.0	0
40	-140	0	216.0	0
40	-135	0	218.0	0
40	-130	0	219.0	0
40	-125	0	220.0	0
40	-120	0	221.0	0
40	10	0	224.0	0
40	15	0	223.0	0
40	20	0	215.0	0
40	25	0	215.0	0
40	30	0	221.0	0
40	35	0	215.0	0
40	40	0	208.0	0
40	45	14.0	216.0	2
40	50	183.0	209.0	5
40	55	166.0	214.0	7
40	60	187.0	214.0	4
40	65	0	209.0	0
40	70	0	212.0	0
40	75	0	211.0	0
40	80	0	199.0	0
45	-150	0	213.0	0
45	-145	0	215.0	0
45	-140	8.0	213.0	1
45	-135	107.0	216.0	1
45	-130	144.0	218.0	3
45	-125	174.0	220.0	1
45	-120	0	220.0	0
45	-115	0	223.0	0
45	-110	96.0	222.0	1
45	0	0	224.0	0
45	5	0	219.0	0
45	10	0	219.0	0
45	15	0	219.0	0
45	20	0	217.0	0
45	25	131.0	216.0	1
45	30	188.0	216.0	2
45	35	152.0	217.0	3
45	40	194.0	216.0	8
45	45	207.0	215.0	20
45	50	161.0	212.0	15
45	55	178.0	214.0	5
45	60	157.0	212.0	3
45	65	151.0	206.0	2
45	70	0	211.0	0
45	75	0	210.0	0
45	80	0	210.0	0
45	85	0	207.0	0
50	-155	0	212.0	0
50	-150	0	214.0	0
50	-145	85.0	214.0	1
50	-140	0	215.0	0
50	-135	112.0	216.0	3
50	-130	57.0	216.0	2
50	-125	111.0	220.0	1
50	-120	132.0	220.0	4
50	-115	119.0	219.0	1
50	-110	0	222.0	0
50	-105	0	224.0	0
50	-100	0	224.0	0
50	-60	0	226.0	0
50	-5	0	225.0	0
50	0	204.0	224.0	1
50	5	0	222.0	0
50	10	0	221.0	0
50	15	0	219.0	0
50	20	0	218.0	0
50	25	160.0	217.0	5
50	30	160.0	217.0	17
50	35	188.0	214.0	21
50	40	208.0	214.0	38
50	45	176.0	213.0	24
50	50	177.0	215.0	21
50	55	135.0	212.0	4
50	60	172.0	209.0	4
50	65	0	207.0	0
50	70	0	211.0	0
50	75	0	209.0	0
50	80	0	210.0	0
55	-160	0	212.0	0
55	-155	0	214.0	0
55	-150	63.0	213.0	1
55	-145	0	214.0	0
55	-140	135.0	211.0	2
55	-135	193.0	217.0	1
55	-130	0	218.0	0
55	-125	91.0	218.0	1
55	-120	0	218.0	0
55	-115	50.0	217.0	1
55	-110	70.0	223.0	1
55	-105	158.0	223.0	1
55	-65	0	226.0	0
55	-60	0	228.0	0
55	-10	0	225.0	0
55	-5	0	221.0	0
55	0	0	223.0	0
55	5	0	221.0	0
55	10	69.0	220.0	1
55	15	176.0	221.0	4
55	20	161.0	216.0	12
55	25	171.0	215.0	14
55	30	208.0	217.0	17
55	35	183.0	213.0	30
55	40	177.0	213.0	26
55	45	189.0	213.0	20
55	50	145.0	213.0	10
55	55	146.0	207.0	5
55	60	108.0	211.0	4
55	65	0	211.0	0
55	70	0	210.0	0
55	75	0	209.0	0
55	80	0	209.0	0
60	-140	0	216.0	0
60	-135	0	216.0	0
60	-130	0	217.0	0
60	-125	0	218.0	0
60	-120	0	218.0	0
60	-115	0	220.0	0
60	-110	0	221.0	0
60	-70	0	226.0	0
60	-65	0	227.0	0
60	-60	0	226.0	0
60	-15	0	219.0	0
60	-10	0	222.0	0
60	-5	0	221.0	0
60	0	79.0	218.0	1
60	5	116.0	222.0	1
60	10	200.0	218.0	8
60	15	183.0	219.0	8
60	20	190.0	218.0	11
60	25	196.0	216.0	7
60	30	176.0	216.0	18
60	35	168.0	209.0	11
60	40	136.0	215.0	8
60	45	163.0	214.0	4
60	50	148.0	206.0	2
60	55	155.0	213.0	4
60	60	22.0	212.0	1
60	65	139.0	209.0	3
60	70	0	205.0	0
60	75	0	209.0	0
60	80	0	211.0	0
60	85	0	210.0	0
65	-140	0	215.0	0
65	-135	0	213.0	0
65	-130	0	218.0	0
65	-125	0	218.0	0
65	-120	0	218.0	0
65	-115	0	219.0	0
65	-75	29.0	226.0	1
65	-70	0	226.0	0
65	-65	0	224.0	0
65	-60	0	226.0	0
65	-20	0	224.0	0
65	-15	0	225.0	0
65	-10	0	223.0	0
65	-5	0	221.0	0
65	0	136.0	218.0	3
65	5	130.0	220.0	4
65	10	175.0	219.0	5
65	15	167.0	208.0	11
65	20	193.0	217.0	9
65	25	160.0	212.0	7
65	30	160.0	213.0	5
65	35	5.0	214.0	2
65	40	145.0	214.0	3
65	45	0	213.0	0
65	50	0	208.0	0
65	55	0	207.0	0
65	60	0	211.0	0
65	65	32.0	207.0	1
65	70	0	207.0	0
65	75	0	208.0	0
65	80	0	203.0	0
70	-140	0	214.0	0
70	-135	0	215.0	0
70	-130	0	215.0	0
70	-120	0	218.0	0
70	-80	0	221.0	0
70	-75	139.0	223.0	1
70	-70	0	222.0	0
70	-65	0	225.0	0
70	-60	160.0	222.0	2
70	-55	0	224.0	0
70	-50	0	224.0	0
70	-45	0	225.0	0
70	-40	0	223.0	0
70	-25	0	223.0	0
70	-20	0	220.0	0
70	-15	0	220.0	0
70	-10	0	219.0	0
70	-5	190.0	219.0	3
70	0	163.0	212.0	5
70	5	148.0	216.0	3
70	10	123.0	218.0	6
70	15	159.0	217.0	4
70	20	158.0	211.0	4
70	25	0	212.0	0
70	30	61.0	214.0	2
70	35	0	213.0	0
70	40	0	211.0	0
70	45	0	209.0	0
70	50	117.0	212.0	1
70	55	0	209.0	0
70	60	0	210.0	0
70	65	0	204.0	0
70	70	0	209.0	0
70	75	0	208.0	0
75	-140	0	216.0	0
75	-60	0	225.0	0
75	-55	0	225.0	0
75	-50	53.0	225.0	1
75	-45	0	225.0	0
75	-30	112.0	222.0	1
75	-25	0	220.0	0
75	-20	0	222.0	0
75	-15	0	220.0	0
75	-10	132.0	221.0	2
75	-5	153.0	222.0	1
75	0	176.0	220.0	5
75	5	0	219.0	0
75	10	201.0	219.0	2
75	15	0	215.0	0
75	20	0	216.0	0
75	25	165.0	216.0	1
75	30	0	212.0	0
75	35	0	209.0	0
75	40	0	213.0	0
75	45	0	212.0	0
75	50	0	205.0	0
75	55	0	211.0	0
75	60	0	211.0	0
75	65	0	208.0	0
75	70	0	208.0	0
80	-60	0	226.0	0
80	-55	0	223.0	0
80	-50	0	223.0	0
80	-10	0	223.0	0
80	-5	0	219.0	0
80	0	68.0	219.0	1
80	5	0	216.0	0
80	10	0	205.0	0
80	15	0	219.0	0
80	20	0	209.0	0
80	25	0	215.0	0
80	30	0	214.0	0
80	35	0	216.0	0
80	40	0	212.0	0
80	45	0	205.0	0
80	50	0	207.0	0
80	55	0	206.0	0
80	65	0	204.0	0
85	-60	117.0	219.0	1
85	-55	0	221.0	0
85	-10	0	218.0	0
85	-5	0	218.0	0
85	0	0	216.0	0
85	5	0	209.0	0
85	10	0	218.0	0
85	15	0	205.0	0
85	20	0	207.0	0
85	25	0	214.0	0
85	30	0	214.0	0
85	35	0	212.0	0
85	40	0	203.0	0
90	-60	0	225.0	0
90	-10	186.0	210.0	1
90	-5	0	222.0	0
90	0	0	221.0	0
90	5	0	216.0	0
90	10	0	215.0	0
90	15	0	214.0	0
90	20	0	211.0	0
90	30	0	212.0	0
95	-10	0	217.0	0
95	0	0	219.0	0
95	10	0	216.0	0
