Phi	Psi	max_obs_SA	max_theo_SA	obs_bin_pop
-180	-180	0	207.0	0
-180	-175	0	209.0	0
-180	-170	0	209.0	0
-180	-165	0	0	1
-180	-160	0	0	0
-180	-155	0	0	0
-180	-150	0	0	0
-180	-145	0	0	0
-180	-140	0	0	0
-180	-135	0	0	0
-180	-130	0	0	0
-180	-125	0	0	0
-180	-120	0	0	0
-180	-115	0	0	0
-180	-110	0	0	0
-180	-105	0	0	0
-180	-100	0	0	0
-180	-95	0	0	0
-180	-90	0	0	0
-180	-85	0	0	0
-180	-80	0	0	0
-180	-75	0	0	0
-180	-70	0	0	0
-180	-65	0	0	0
-180	-60	0	0	0
-180	-55	0	0	0
-180	-50	0	0	0
-180	-45	0	0	0
-180	-40	0	0	0
-180	-35	0	0	0
-180	-30	0	0	0
-180	-25	0	0	0
-180	-20	0	0	0
-180	-15	0	0	0
-180	-10	0	0	0
-180	-5	0	0	0
-180	0	0	0	0
-180	5	0	0	0
-180	10	0	0	0
-180	15	0	0	0
-180	20	0	0	0
-180	25	0	0	0
-180	30	0	0	0
-180	35	0	0	0
-180	40	0	0	0
-180	45	0	0	0
-180	50	0	0	0
-180	55	0	0	0
-180	60	0	0	0
-180	65	0	0	0
-180	70	0	0	0
-180	75	0	205.0	0
-180	80	0	0	0
-180	85	0	0	0
-180	90	0	0	0
-180	95	0	0	0
-180	100	0	206.0	0
-180	105	0	206.0	0
-180	110	0	208.0	0
-180	115	0	207.0	0
-180	120	0	205.0	0
-180	125	0	206.0	0
-180	130	0	204.0	0
-180	135	0	205.0	0
-180	140	0	205.0	0
-180	145	8.0	205.0	1
-180	150	107.0	205.0	1
-180	155	63.0	209.0	3
-180	160	0	209.0	1
-180	165	0	206.0	0
-180	170	0	207.0	0
-180	175	0	208.0	0
-175	-180	0	207.0	0
-175	-175	0	207.0	0
-175	-170	109.0	206.0	1
-175	-165	0	208.0	0
-175	-160	0	0	0
-175	-155	0	0	0
-175	-150	0	0	0
-175	-145	0	0	0
-175	-140	0	0	0
-175	-135	0	0	0
-175	-130	0	0	0
-175	-125	0	0	0
-175	-120	0	0	0
-175	-115	0	0	0
-175	-110	0	0	0
-175	-105	0	0	0
-175	-100	0	0	0
-175	-95	0	0	0
-175	-90	0	0	0
-175	-85	0	0	0
-175	-80	0	0	0
-175	-75	0	0	0
-175	-70	0	0	0
-175	-65	0	0	0
-175	-60	0	0	0
-175	-55	0	0	0
-175	-50	0	0	0
-175	-45	0	0	0
-175	-40	0	0	0
-175	-35	0	0	0
-175	-30	0	0	0
-175	-25	0	0	0
-175	-20	0	0	0
-175	-15	0	0	0
-175	-10	0	0	0
-175	-5	0	0	0
-175	0	0	0	0
-175	5	0	0	0
-175	10	0	0	0
-175	15	0	0	0
-175	20	0	0	0
-175	25	0	0	0
-175	30	0	0	0
-175	35	0	0	0
-175	40	0	0	0
-175	45	0	0	0
-175	50	0	0	0
-175	55	0	0	0
-175	60	0	0	0
-175	65	0	0	0
-175	70	0	205.0	0
-175	75	0	205.0	0
-175	80	0	205.0	0
-175	85	0	0	0
-175	90	0	0	0
-175	95	0	204.0	0
-175	100	0	205.0	1
-175	105	0	206.0	0
-175	110	0	204.0	0
-175	115	0	204.0	0
-175	120	96.0	204.0	2
-175	125	5.0	204.0	1
-175	130	0	204.0	0
-175	135	0	204.0	0
-175	140	0	204.0	0
-175	145	167.0	204.0	1
-175	150	20.0	205.0	1
-175	155	0	208.0	0
-175	160	114.0	206.0	3
-175	165	71.0	206.0	6
-175	170	25.0	206.0	1
-175	175	9.0	206.0	2
-170	-180	48.0	205.0	1
-170	-175	0	206.0	0
-170	-170	0	208.0	0
-170	-165	0	207.0	0
-170	-160	0	207.0	0
-170	-155	0	0	0
-170	-150	0	0	0
-170	-145	0	0	0
-170	-140	0	0	0
-170	-135	0	0	0
-170	-130	0	0	0
-170	-125	0	0	0
-170	-120	0	0	0
-170	-115	0	0	0
-170	-110	0	0	0
-170	-105	0	0	0
-170	-100	0	0	0
-170	-95	0	0	0
-170	-90	0	0	0
-170	-85	0	0	0
-170	-80	0	0	0
-170	-75	0	0	0
-170	-70	0	206.0	0
-170	-65	0	0	0
-170	-60	0	0	0
-170	-55	0	0	0
-170	-50	0	0	0
-170	-45	0	0	0
-170	-40	0	0	0
-170	-35	0	0	0
-170	-30	0	0	1
-170	-25	0	0	1
-170	-20	0	0	0
-170	-15	0	0	0
-170	-10	0	0	0
-170	-5	0	0	0
-170	0	0	0	0
-170	5	0	0	0
-170	10	0	0	0
-170	15	0	0	0
-170	20	0	0	0
-170	25	0	202.0	0
-170	30	0	0	0
-170	35	0	0	0
-170	40	0	0	0
-170	45	0	0	0
-170	50	0	0	0
-170	55	0	204.0	0
-170	60	0	0	0
-170	65	0	203.0	0
-170	70	0	204.0	0
-170	75	0	202.0	0
-170	80	0	202.0	0
-170	85	0	202.0	0
-170	90	0	202.0	0
-170	95	0	203.0	0
-170	100	16.0	205.0	1
-170	105	0	203.0	0
-170	110	0	203.0	0
-170	115	0	204.0	0
-170	120	0	203.0	0
-170	125	0	204.0	0
-170	130	0	204.0	0
-170	135	8.0	203.0	1
-170	140	0	203.0	0
-170	145	92.0	204.0	3
-170	150	74.0	205.0	7
-170	155	154.0	204.0	8
-170	160	61.0	204.0	9
-170	165	145.0	205.0	10
-170	170	141.0	205.0	5
-170	175	79.0	206.0	7
-165	-180	77.0	204.0	1
-165	-175	52.0	207.0	2
-165	-170	55.0	208.0	1
-165	-165	0	206.0	0
-165	-160	0	207.0	0
-165	-155	0	207.0	0
-165	-150	0	0	0
-165	-145	0	0	0
-165	-140	0	0	0
-165	-135	0	0	1
-165	-130	0	0	0
-165	-125	0	0	0
-165	-120	0	0	0
-165	-115	0	0	0
-165	-110	0	0	0
-165	-105	0	0	0
-165	-100	0	0	0
-165	-95	0	0	0
-165	-90	0	0	0
-165	-85	0	0	0
-165	-80	0	0	0
-165	-75	0	205.0	0
-165	-70	0	205.0	0
-165	-65	0	205.0	0
-165	-60	0	0	0
-165	-55	0	0	0
-165	-50	0	0	0
-165	-45	0	0	0
-165	-40	0	0	0
-165	-35	0	0	0
-165	-30	0	0	0
-165	-25	0	0	0
-165	-20	0	0	0
-165	-15	0	0	0
-165	-10	0	0	0
-165	-5	0	204.0	0
-165	0	0	0	0
-165	5	0	0	0
-165	10	0	0	0
-165	15	0	202.0	0
-165	20	0	201.0	0
-165	25	0	200.0	0
-165	30	0	200.0	0
-165	35	0	0	0
-165	40	0	201.0	0
-165	45	0	0	0
-165	50	7.0	204.0	1
-165	55	0	204.0	0
-165	60	0	203.0	0
-165	65	0	203.0	0
-165	70	0	202.0	0
-165	75	73.0	200.0	1
-165	80	61.0	202.0	1
-165	85	48.0	201.0	1
-165	90	0	202.0	0
-165	95	0	201.0	0
-165	100	6.0	202.0	1
-165	105	150.0	201.0	2
-165	110	82.0	202.0	1
-165	115	86.0	202.0	2
-165	120	90.0	203.0	2
-165	125	78.0	204.0	1
-165	130	133.0	202.0	3
-165	135	91.0	202.0	8
-165	140	60.0	203.0	8
-165	145	135.0	205.0	5
-165	150	79.0	205.0	6
-165	155	96.0	204.0	17
-165	160	132.0	204.0	25
-165	165	159.0	205.0	22
-165	170	101.0	205.0	12
-165	175	134.0	205.0	2
-160	-180	120.0	208.0	3
-160	-175	36.0	208.0	1
-160	-170	55.0	205.0	1
-160	-165	58.0	206.0	1
-160	-160	0	206.0	0
-160	-155	0	207.0	0
-160	-150	0	0	0
-160	-145	0	0	0
-160	-140	0	0	0
-160	-135	0	0	0
-160	-130	0	0	0
-160	-125	0	0	0
-160	-120	0	0	0
-160	-115	0	0	0
-160	-110	0	0	0
-160	-105	0	0	0
-160	-100	0	0	0
-160	-95	0	0	0
-160	-90	0	0	0
-160	-85	0	0	0
-160	-80	0	205.0	0
-160	-75	124.0	204.0	1
-160	-70	0	204.0	0
-160	-65	58.0	204.0	1
-160	-60	0	204.0	0
-160	-55	0	0	0
-160	-50	0	0	1
-160	-45	0	0	0
-160	-40	0	0	0
-160	-35	0	0	0
-160	-30	0	0	0
-160	-25	0	0	1
-160	-20	0	0	0
-160	-15	0	200.0	0
-160	-10	0	201.0	0
-160	-5	0	201.0	0
-160	0	39.0	200.0	1
-160	5	0	0	0
-160	10	0	201.0	0
-160	15	0	201.0	0
-160	20	0	199.0	0
-160	25	0	199.0	0
-160	30	0	199.0	0
-160	35	0	199.0	0
-160	40	19.0	199.0	1
-160	45	0	201.0	0
-160	50	26.0	202.0	1
-160	55	88.0	200.0	1
-160	60	0	201.0	0
-160	65	7.0	201.0	1
-160	70	0	200.0	0
-160	75	68.0	200.0	2
-160	80	0	200.0	0
-160	85	0	200.0	0
-160	90	93.0	200.0	1
-160	95	0	201.0	0
-160	100	0	199.0	1
-160	105	120.0	200.0	4
-160	110	87.0	201.0	4
-160	115	112.0	202.0	5
-160	120	151.0	202.0	8
-160	125	96.0	201.0	6
-160	130	49.0	200.0	5
-160	135	110.0	203.0	11
-160	140	113.0	204.0	13
-160	145	158.0	203.0	18
-160	150	147.0	203.0	20
-160	155	128.0	204.0	21
-160	160	110.0	204.0	20
-160	165	149.0	205.0	20
-160	170	74.0	205.0	13
-160	175	110.0	204.0	9
-155	-180	14.0	208.0	2
-155	-175	111.0	204.0	2
-155	-170	15.0	205.0	1
-155	-165	0	205.0	0
-155	-160	94.0	207.0	1
-155	-155	0	207.0	0
-155	-150	0	206.0	0
-155	-145	0	0	0
-155	-140	0	0	0
-155	-135	0	0	0
-155	-130	0	0	0
-155	-125	0	0	0
-155	-120	0	0	0
-155	-115	0	0	0
-155	-110	0	0	0
-155	-105	0	0	0
-155	-100	0	0	0
-155	-95	0	0	0
-155	-90	0	0	0
-155	-85	0	205.0	0
-155	-80	1.0	203.0	1
-155	-75	0	204.0	0
-155	-70	0	203.0	0
-155	-65	0	204.0	0
-155	-60	0	203.0	0
-155	-55	0	201.0	0
-155	-50	0	202.0	0
-155	-45	0	0	0
-155	-40	0	201.0	0
-155	-35	0	202.0	0
-155	-30	0	0	0
-155	-25	0	0	0
-155	-20	0	201.0	0
-155	-15	0	200.0	0
-155	-10	0	200.0	0
-155	-5	0	200.0	0
-155	0	32.0	199.0	1
-155	5	0	201.0	0
-155	10	0	201.0	0
-155	15	0	199.0	0
-155	20	17.0	199.0	1
-155	25	0	199.0	0
-155	30	0	199.0	0
-155	35	0	198.0	0
-155	40	0	200.0	0
-155	45	0	201.0	0
-155	50	0	200.0	0
-155	55	0	199.0	0
-155	60	0	200.0	0
-155	65	44.0	199.0	1
-155	70	4.0	200.0	1
-155	75	65.0	198.0	1
-155	80	61.0	198.0	1
-155	85	0	200.0	0
-155	90	4.0	200.0	1
-155	95	113.0	199.0	3
-155	100	0	200.0	2
-155	105	130.0	199.0	4
-155	110	78.0	200.0	5
-155	115	109.0	201.0	9
-155	120	60.0	201.0	8
-155	125	94.0	201.0	6
-155	130	113.0	201.0	7
-155	135	108.0	203.0	10
-155	140	107.0	202.0	20
-155	145	125.0	203.0	17
-155	150	126.0	204.0	22
-155	155	129.0	203.0	24
-155	160	118.0	203.0	29
-155	165	133.0	203.0	30
-155	170	103.0	202.0	14
-155	175	83.0	206.0	4
-150	-180	9.0	205.0	2
-150	-175	0	206.0	0
-150	-170	0	205.0	0
-150	-165	141.0	205.0	2
-150	-160	53.0	206.0	1
-150	-155	0	206.0	0
-150	-150	0	206.0	0
-150	-145	0	205.0	0
-150	-140	0	0	0
-150	-135	0	0	0
-150	-130	0	0	0
-150	-125	0	0	0
-150	-120	0	0	0
-150	-115	0	0	0
-150	-110	0	0	0
-150	-105	0	0	0
-150	-100	0	0	0
-150	-95	0	0	0
-150	-90	0	205.0	0
-150	-85	0	202.0	0
-150	-80	0	203.0	0
-150	-75	0	203.0	0
-150	-70	131.0	203.0	3
-150	-65	0	202.0	0
-150	-60	0	203.0	0
-150	-55	0	202.0	0
-150	-50	0	200.0	0
-150	-45	0	201.0	0
-150	-40	0	201.0	0
-150	-35	0	199.0	0
-150	-30	0	201.0	0
-150	-25	0	200.0	0
-150	-20	0	199.0	0
-150	-15	0	200.0	0
-150	-10	0	198.0	0
-150	-5	0	199.0	0
-150	0	31.0	201.0	1
-150	5	0	202.0	0
-150	10	0	198.0	0
-150	15	0	199.0	0
-150	20	0	200.0	1
-150	25	87.0	199.0	4
-150	30	0	197.0	0
-150	35	73.0	199.0	1
-150	40	0	200.0	0
-150	45	46.0	200.0	1
-150	50	0	199.0	0
-150	55	43.0	199.0	2
-150	60	67.0	199.0	1
-150	65	73.0	198.0	5
-150	70	166.0	200.0	1
-150	75	40.0	199.0	2
-150	80	0	199.0	0
-150	85	0	200.0	0
-150	90	51.0	198.0	1
-150	95	23.0	200.0	2
-150	100	49.0	200.0	2
-150	105	118.0	199.0	2
-150	110	24.0	200.0	6
-150	115	38.0	201.0	7
-150	120	104.0	200.0	7
-150	125	50.0	200.0	11
-150	130	140.0	201.0	12
-150	135	116.0	201.0	11
-150	140	122.0	202.0	20
-150	145	159.0	204.0	25
-150	150	125.0	204.0	25
-150	155	150.0	202.0	31
-150	160	139.0	202.0	29
-150	165	131.0	203.0	22
-150	170	171.0	205.0	4
-150	175	19.0	207.0	1
-145	-180	104.0	206.0	2
-145	-175	0	205.0	0
-145	-170	7.0	205.0	1
-145	-165	0	206.0	0
-145	-160	0	206.0	0
-145	-155	72.0	206.0	1
-145	-150	0	206.0	0
-145	-145	0	205.0	0
-145	-140	0	205.0	0
-145	-135	0	0	0
-145	-130	0	0	0
-145	-125	0	0	0
-145	-120	0	0	0
-145	-115	0	0	0
-145	-110	0	0	0
-145	-105	0	0	0
-145	-100	0	0	0
-145	-95	0	0	0
-145	-90	0	0	1
-145	-85	0	203.0	0
-145	-80	0	202.0	0
-145	-75	0	203.0	0
-145	-70	0	202.0	0
-145	-65	0	202.0	0
-145	-60	16.0	202.0	1
-145	-55	0	201.0	0
-145	-50	0	201.0	0
-145	-45	0	201.0	0
-145	-40	0	199.0	0
-145	-35	0	202.0	0
-145	-30	0	201.0	1
-145	-25	79.0	200.0	1
-145	-20	0	200.0	0
-145	-15	0	199.0	0
-145	-10	87.0	198.0	1
-145	-5	132.0	200.0	3
-145	0	0	200.0	0
-145	5	9.0	197.0	1
-145	10	65.0	198.0	1
-145	15	142.0	200.0	3
-145	20	111.0	200.0	1
-145	25	123.0	199.0	2
-145	30	98.0	200.0	1
-145	35	72.0	200.0	1
-145	40	65.0	199.0	2
-145	45	0	198.0	0
-145	50	1.0	199.0	1
-145	55	18.0	198.0	2
-145	60	127.0	199.0	4
-145	65	0	200.0	0
-145	70	117.0	200.0	4
-145	75	155.0	199.0	7
-145	80	104.0	201.0	4
-145	85	94.0	199.0	3
-145	90	0	199.0	0
-145	95	0	199.0	0
-145	100	34.0	199.0	4
-145	105	86.0	200.0	2
-145	110	130.0	200.0	4
-145	115	142.0	200.0	8
-145	120	97.0	201.0	10
-145	125	102.0	201.0	12
-145	130	120.0	200.0	14
-145	135	87.0	201.0	17
-145	140	147.0	203.0	25
-145	145	152.0	203.0	27
-145	150	121.0	201.0	21
-145	155	145.0	201.0	33
-145	160	137.0	202.0	28
-145	165	125.0	204.0	17
-145	170	111.0	205.0	13
-145	175	86.0	206.0	5
-140	-180	115.0	206.0	2
-140	-175	0	205.0	0
-140	-170	0	207.0	0
-140	-165	0	206.0	0
-140	-160	18.0	206.0	1
-140	-155	96.0	205.0	2
-140	-150	0	204.0	0
-140	-145	0	205.0	0
-140	-140	0	205.0	0
-140	-135	167.0	206.0	1
-140	-130	0	0	0
-140	-125	0	0	0
-140	-120	0	0	0
-140	-115	0	0	0
-140	-110	0	0	0
-140	-105	0	0	0
-140	-100	0	0	1
-140	-95	0	0	0
-140	-90	0	0	0
-140	-85	0	0	0
-140	-80	0	203.0	0
-140	-75	0	203.0	0
-140	-70	0	202.0	0
-140	-65	0	202.0	0
-140	-60	85.0	202.0	1
-140	-55	0	202.0	0
-140	-50	0	201.0	1
-140	-45	0	198.0	0
-140	-40	0	201.0	0
-140	-35	0	202.0	0
-140	-30	0	201.0	0
-140	-25	0	200.0	0
-140	-20	36.0	200.0	1
-140	-15	134.0	199.0	3
-140	-10	80.0	199.0	1
-140	-5	0	200.0	0
-140	0	73.0	198.0	1
-140	5	19.0	198.0	1
-140	10	0	198.0	0
-140	15	115.0	198.0	1
-140	20	115.0	198.0	3
-140	25	130.0	199.0	2
-140	30	122.0	199.0	5
-140	35	56.0	197.0	4
-140	40	52.0	198.0	2
-140	45	93.0	198.0	5
-140	50	157.0	197.0	9
-140	55	133.0	197.0	5
-140	60	89.0	200.0	8
-140	65	102.0	200.0	4
-140	70	129.0	200.0	10
-140	75	157.0	200.0	5
-140	80	135.0	198.0	8
-140	85	73.0	199.0	3
-140	90	114.0	199.0	7
-140	95	68.0	199.0	3
-140	100	148.0	200.0	3
-140	105	136.0	200.0	6
-140	110	121.0	199.0	11
-140	115	85.0	200.0	17
-140	120	83.0	200.0	11
-140	125	141.0	199.0	15
-140	130	115.0	201.0	22
-140	135	175.0	203.0	27
-140	140	138.0	203.0	29
-140	145	126.0	201.0	35
-140	150	166.0	201.0	39
-140	155	111.0	202.0	35
-140	160	165.0	203.0	26
-140	165	111.0	204.0	11
-140	170	73.0	205.0	8
-140	175	119.0	206.0	3
-135	-180	44.0	204.0	1
-135	-175	36.0	206.0	2
-135	-170	0	206.0	0
-135	-165	0	205.0	0
-135	-160	0	205.0	0
-135	-155	0	204.0	0
-135	-150	0	205.0	0
-135	-145	0	204.0	0
-135	-140	0	205.0	0
-135	-135	0	0	1
-135	-130	0	0	0
-135	-125	0	0	0
-135	-120	0	0	0
-135	-115	0	0	0
-135	-110	0	0	0
-135	-105	0	0	0
-135	-100	0	0	0
-135	-95	0	0	0
-135	-90	0	0	0
-135	-85	0	0	0
-135	-80	0	0	0
-135	-75	0	203.0	0
-135	-70	20.0	202.0	1
-135	-65	0	201.0	0
-135	-60	0	202.0	0
-135	-55	20.0	202.0	1
-135	-50	136.0	199.0	2
-135	-45	0	200.0	0
-135	-40	47.0	200.0	2
-135	-35	171.0	199.0	2
-135	-30	121.0	199.0	1
-135	-25	31.0	198.0	1
-135	-20	119.0	199.0	2
-135	-15	53.0	199.0	2
-135	-10	135.0	199.0	1
-135	-5	77.0	199.0	3
-135	0	98.0	199.0	3
-135	5	149.0	199.0	7
-135	10	61.0	199.0	2
-135	15	113.0	200.0	6
-135	20	0	200.0	0
-135	25	135.0	198.0	3
-135	30	100.0	197.0	3
-135	35	159.0	197.0	6
-135	40	139.0	197.0	4
-135	45	158.0	197.0	1
-135	50	80.0	197.0	3
-135	55	69.0	198.0	6
-135	60	115.0	199.0	18
-135	65	117.0	199.0	14
-135	70	162.0	200.0	13
-135	75	162.0	198.0	13
-135	80	163.0	199.0	7
-135	85	67.0	199.0	3
-135	90	59.0	199.0	4
-135	95	73.0	199.0	2
-135	100	153.0	198.0	8
-135	105	130.0	198.0	7
-135	110	86.0	200.0	12
-135	115	152.0	201.0	11
-135	120	117.0	199.0	25
-135	125	127.0	202.0	17
-135	130	117.0	202.0	25
-135	135	148.0	203.0	34
-135	140	153.0	202.0	27
-135	145	131.0	200.0	30
-135	150	137.0	201.0	30
-135	155	168.0	203.0	28
-135	160	153.0	204.0	19
-135	165	110.0	205.0	18
-135	170	116.0	206.0	4
-135	175	73.0	205.0	7
-130	-180	75.0	206.0	1
-130	-175	96.0	206.0	2
-130	-170	0	204.0	0
-130	-165	0	204.0	0
-130	-160	0	204.0	0
-130	-155	6.0	205.0	1
-130	-150	0	204.0	0
-130	-145	1.0	203.0	1
-130	-140	0	0	0
-130	-135	0	0	0
-130	-130	0	0	0
-130	-125	0	0	1
-130	-120	0	0	0
-130	-115	0	0	0
-130	-110	0	0	0
-130	-105	0	0	0
-130	-100	0	0	0
-130	-95	0	0	0
-130	-90	0	0	0
-130	-85	0	0	0
-130	-80	0	0	0
-130	-75	0	0	0
-130	-70	18.0	201.0	1
-130	-65	0	202.0	0
-130	-60	15.0	201.0	1
-130	-55	0	199.0	0
-130	-50	107.0	200.0	2
-130	-45	52.0	199.0	1
-130	-40	54.0	199.0	1
-130	-35	4.0	198.0	1
-130	-30	0	198.0	0
-130	-25	144.0	198.0	2
-130	-20	31.0	199.0	2
-130	-15	0	199.0	0
-130	-10	138.0	198.0	11
-130	-5	117.0	199.0	7
-130	0	126.0	199.0	6
-130	5	111.0	198.0	1
-130	10	149.0	199.0	7
-130	15	172.0	200.0	6
-130	20	112.0	199.0	4
-130	25	166.0	198.0	7
-130	30	173.0	197.0	6
-130	35	166.0	197.0	7
-130	40	165.0	196.0	6
-130	45	77.0	196.0	2
-130	50	88.0	198.0	3
-130	55	150.0	197.0	6
-130	60	86.0	199.0	5
-130	65	144.0	199.0	7
-130	70	125.0	199.0	6
-130	75	148.0	198.0	8
-130	80	107.0	198.0	6
-130	85	187.0	198.0	9
-130	90	137.0	199.0	4
-130	95	119.0	198.0	4
-130	100	175.0	197.0	5
-130	105	66.0	198.0	7
-130	110	122.0	200.0	10
-130	115	131.0	200.0	22
-130	120	117.0	201.0	28
-130	125	139.0	202.0	30
-130	130	176.0	202.0	25
-130	135	136.0	201.0	35
-130	140	141.0	201.0	24
-130	145	156.0	203.0	31
-130	150	156.0	203.0	28
-130	155	147.0	202.0	26
-130	160	123.0	203.0	20
-130	165	127.0	206.0	9
-130	170	101.0	205.0	5
-130	175	88.0	204.0	2
-125	-180	99.0	207.0	2
-125	-175	0	202.0	0
-125	-170	51.0	203.0	1
-125	-165	0	204.0	0
-125	-160	0	204.0	0
-125	-155	0	204.0	0
-125	-150	68.0	204.0	1
-125	-145	0	0	0
-125	-140	0	0	0
-125	-135	0	0	0
-125	-130	0	0	0
-125	-125	0	0	0
-125	-120	0	0	0
-125	-115	0	0	1
-125	-110	0	0	0
-125	-105	0	0	0
-125	-100	0	0	0
-125	-95	0	0	0
-125	-90	0	0	0
-125	-85	0	0	0
-125	-80	0	203.0	0
-125	-75	0	0	0
-125	-70	0	0	1
-125	-65	0	201.0	0
-125	-60	0	199.0	0
-125	-55	8.0	200.0	1
-125	-50	130.0	201.0	1
-125	-45	49.0	199.0	1
-125	-40	114.0	199.0	3
-125	-35	119.0	198.0	6
-125	-30	92.0	199.0	5
-125	-25	152.0	201.0	7
-125	-20	123.0	200.0	6
-125	-15	146.0	199.0	5
-125	-10	98.0	198.0	8
-125	-5	69.0	199.0	5
-125	0	80.0	197.0	6
-125	5	139.0	201.0	11
-125	10	77.0	201.0	4
-125	15	178.0	199.0	8
-125	20	173.0	197.0	12
-125	25	161.0	197.0	7
-125	30	124.0	197.0	3
-125	35	99.0	196.0	7
-125	40	142.0	196.0	4
-125	45	172.0	198.0	3
-125	50	121.0	198.0	3
-125	55	128.0	198.0	1
-125	60	83.0	200.0	4
-125	65	75.0	198.0	4
-125	70	132.0	199.0	4
-125	75	71.0	198.0	5
-125	80	134.0	198.0	6
-125	85	175.0	199.0	6
-125	90	120.0	198.0	7
-125	95	43.0	199.0	3
-125	100	153.0	200.0	6
-125	105	122.0	199.0	6
-125	110	146.0	199.0	14
-125	115	134.0	200.0	14
-125	120	134.0	203.0	18
-125	125	157.0	202.0	24
-125	130	136.0	201.0	33
-125	135	113.0	201.0	21
-125	140	147.0	203.0	21
-125	145	141.0	203.0	12
-125	150	139.0	202.0	22
-125	155	113.0	204.0	30
-125	160	124.0	204.0	15
-125	165	63.0	204.0	5
-125	170	81.0	202.0	2
-125	175	118.0	207.0	4
-120	-180	67.0	204.0	1
-120	-175	63.0	202.0	2
-120	-170	41.0	205.0	1
-120	-165	69.0	205.0	1
-120	-160	0	204.0	0
-120	-155	0	204.0	0
-120	-150	0	0	0
-120	-145	0	0	0
-120	-140	0	0	0
-120	-135	0	0	0
-120	-130	0	0	0
-120	-125	0	0	0
-120	-120	0	0	1
-120	-115	0	0	0
-120	-110	0	0	0
-120	-105	0	0	0
-120	-100	0	0	0
-120	-95	0	0	0
-120	-90	0	0	0
-120	-85	61.0	204.0	1
-120	-80	0	204.0	0
-120	-75	0	204.0	0
-120	-70	0	202.0	0
-120	-65	0	201.0	0
-120	-60	89.0	201.0	1
-120	-55	0	201.0	0
-120	-50	0	201.0	0
-120	-45	0	200.0	0
-120	-40	55.0	198.0	1
-120	-35	161.0	199.0	5
-120	-30	119.0	202.0	2
-120	-25	128.0	201.0	9
-120	-20	155.0	198.0	9
-120	-15	133.0	199.0	11
-120	-10	91.0	198.0	10
-120	-5	146.0	196.0	14
-120	0	145.0	201.0	11
-120	5	117.0	201.0	8
-120	10	185.0	200.0	17
-120	15	185.0	198.0	7
-120	20	147.0	197.0	10
-120	25	101.0	197.0	4
-120	30	120.0	197.0	4
-120	35	168.0	197.0	8
-120	40	116.0	199.0	2
-120	45	181.0	198.0	2
-120	50	122.0	199.0	1
-120	55	89.0	199.0	3
-120	60	0	199.0	0
-120	65	45.0	200.0	2
-120	70	35.0	199.0	1
-120	75	0	199.0	0
-120	80	42.0	199.0	3
-120	85	0	198.0	1
-120	90	131.0	200.0	8
-120	95	78.0	200.0	3
-120	100	144.0	200.0	5
-120	105	169.0	199.0	11
-120	110	144.0	201.0	26
-120	115	135.0	202.0	23
-120	120	135.0	202.0	18
-120	125	159.0	200.0	30
-120	130	170.0	201.0	34
-120	135	131.0	203.0	27
-120	140	143.0	203.0	18
-120	145	89.0	202.0	21
-120	150	148.0	203.0	17
-120	155	97.0	204.0	18
-120	160	137.0	204.0	7
-120	165	52.0	203.0	9
-120	170	78.0	205.0	3
-120	175	128.0	207.0	3
-115	-180	29.0	203.0	1
-115	-175	56.0	205.0	1
-115	-170	98.0	205.0	2
-115	-165	0	205.0	0
-115	-160	0	204.0	0
-115	-155	0	207.0	0
-115	-150	0	207.0	0
-115	-145	0	0	0
-115	-140	0	0	0
-115	-135	0	0	0
-115	-130	0	0	0
-115	-125	0	0	1
-115	-120	0	0	0
-115	-115	0	0	1
-115	-110	0	0	1
-115	-105	0	0	1
-115	-100	0	0	0
-115	-95	0	0	0
-115	-90	0	204.0	0
-115	-85	0	204.0	0
-115	-80	0	204.0	0
-115	-75	103.0	203.0	1
-115	-70	0	202.0	0
-115	-65	38.0	201.0	1
-115	-60	111.0	203.0	1
-115	-55	163.0	202.0	1
-115	-50	44.0	201.0	1
-115	-45	135.0	199.0	2
-115	-40	147.0	201.0	3
-115	-35	122.0	202.0	7
-115	-30	84.0	202.0	4
-115	-25	141.0	199.0	7
-115	-20	93.0	199.0	7
-115	-15	154.0	199.0	12
-115	-10	127.0	198.0	8
-115	-5	159.0	200.0	9
-115	0	132.0	201.0	12
-115	5	156.0	199.0	22
-115	10	162.0	198.0	21
-115	15	188.0	198.0	18
-115	20	126.0	198.0	8
-115	25	173.0	198.0	14
-115	30	147.0	197.0	6
-115	35	96.0	200.0	2
-115	40	36.0	199.0	1
-115	45	26.0	199.0	1
-115	50	0	199.0	0
-115	55	0	200.0	0
-115	60	0	200.0	0
-115	65	109.0	199.0	1
-115	70	168.0	199.0	2
-115	75	0	200.0	0
-115	80	0	199.0	0
-115	85	121.0	200.0	2
-115	90	114.0	200.0	5
-115	95	135.0	200.0	9
-115	100	102.0	199.0	9
-115	105	157.0	200.0	12
-115	110	133.0	203.0	24
-115	115	123.0	202.0	26
-115	120	109.0	200.0	26
-115	125	112.0	202.0	27
-115	130	139.0	203.0	28
-115	135	157.0	203.0	24
-115	140	113.0	203.0	20
-115	145	105.0	204.0	25
-115	150	134.0	204.0	19
-115	155	120.0	204.0	15
-115	160	167.0	203.0	9
-115	165	150.0	205.0	9
-115	170	155.0	205.0	4
-115	175	86.0	204.0	2
-110	-180	0	206.0	0
-110	-175	113.0	204.0	2
-110	-170	141.0	205.0	1
-110	-165	0	204.0	0
-110	-160	0	207.0	0
-110	-155	0	208.0	0
-110	-150	0	0	0
-110	-145	0	0	0
-110	-140	0	0	1
-110	-135	0	0	0
-110	-130	0	0	0
-110	-125	0	0	0
-110	-120	0	0	1
-110	-115	0	0	0
-110	-110	0	0	0
-110	-105	0	0	0
-110	-100	0	0	0
-110	-95	0	204.0	0
-110	-90	0	205.0	0
-110	-85	0	205.0	0
-110	-80	0	204.0	0
-110	-75	28.0	201.0	1
-110	-70	0	202.0	0
-110	-65	0	203.0	0
-110	-60	85.0	203.0	1
-110	-55	104.0	203.0	1
-110	-50	0	201.0	0
-110	-45	12.0	200.0	2
-110	-40	86.0	201.0	3
-110	-35	159.0	201.0	3
-110	-30	153.0	200.0	5
-110	-25	119.0	199.0	9
-110	-20	104.0	199.0	8
-110	-15	96.0	199.0	10
-110	-10	179.0	200.0	7
-110	-5	174.0	201.0	14
-110	0	165.0	200.0	14
-110	5	170.0	198.0	25
-110	10	149.0	199.0	21
-110	15	167.0	199.0	28
-110	20	157.0	198.0	19
-110	25	136.0	198.0	12
-110	30	175.0	200.0	4
-110	35	98.0	200.0	5
-110	40	0	199.0	0
-110	45	0	199.0	0
-110	50	0	199.0	0
-110	55	1.0	200.0	1
-110	60	0	200.0	0
-110	65	0	198.0	0
-110	70	99.0	201.0	1
-110	75	0	200.0	0
-110	80	18.0	200.0	2
-110	85	37.0	201.0	3
-110	90	181.0	199.0	1
-110	95	147.0	200.0	8
-110	100	140.0	202.0	9
-110	105	132.0	203.0	16
-110	110	119.0	203.0	11
-110	115	150.0	202.0	23
-110	120	113.0	203.0	21
-110	125	124.0	204.0	27
-110	130	107.0	204.0	32
-110	135	153.0	204.0	21
-110	140	128.0	203.0	22
-110	145	100.0	204.0	17
-110	150	92.0	205.0	14
-110	155	123.0	204.0	9
-110	160	69.0	208.0	5
-110	165	111.0	206.0	6
-110	170	83.0	204.0	8
-110	175	45.0	204.0	3
-105	-180	0	206.0	0
-105	-175	0	205.0	0
-105	-170	34.0	204.0	1
-105	-165	0	208.0	0
-105	-160	78.0	207.0	1
-105	-155	0	0	0
-105	-150	0	0	0
-105	-145	0	0	0
-105	-140	0	0	0
-105	-135	0	0	1
-105	-130	0	0	0
-105	-125	0	0	0
-105	-120	0	0	0
-105	-115	0	0	0
-105	-110	0	0	0
-105	-105	0	0	1
-105	-100	0	205.0	0
-105	-95	0	204.0	0
-105	-90	0	205.0	0
-105	-85	0	205.0	0
-105	-80	9.0	203.0	2
-105	-75	0	201.0	0
-105	-70	0	203.0	0
-105	-65	167.0	203.0	3
-105	-60	20.0	203.0	2
-105	-55	0	201.0	0
-105	-50	150.0	200.0	4
-105	-45	177.0	201.0	5
-105	-40	120.0	200.0	4
-105	-35	149.0	201.0	6
-105	-30	180.0	201.0	6
-105	-25	108.0	200.0	8
-105	-20	88.0	200.0	10
-105	-15	165.0	201.0	10
-105	-10	149.0	201.0	16
-105	-5	183.0	201.0	12
-105	0	169.0	199.0	28
-105	5	161.0	199.0	22
-105	10	147.0	201.0	31
-105	15	158.0	200.0	14
-105	20	171.0	197.0	4
-105	25	59.0	200.0	7
-105	30	56.0	199.0	2
-105	35	5.0	199.0	1
-105	40	0	199.0	0
-105	45	150.0	201.0	3
-105	50	0	201.0	0
-105	55	148.0	201.0	1
-105	60	124.0	199.0	3
-105	65	112.0	201.0	2
-105	70	0	201.0	0
-105	75	52.0	200.0	1
-105	80	55.0	201.0	3
-105	85	112.0	201.0	4
-105	90	67.0	200.0	3
-105	95	77.0	202.0	7
-105	100	159.0	203.0	8
-105	105	111.0	204.0	18
-105	110	144.0	202.0	16
-105	115	100.0	203.0	19
-105	120	171.0	204.0	22
-105	125	193.0	204.0	30
-105	130	132.0	203.0	21
-105	135	139.0	203.0	27
-105	140	164.0	205.0	16
-105	145	152.0	204.0	12
-105	150	138.0	205.0	10
-105	155	115.0	207.0	6
-105	160	109.0	207.0	6
-105	165	55.0	204.0	5
-105	170	6.0	205.0	1
-105	175	41.0	206.0	1
-100	-180	21.0	206.0	1
-100	-175	0	205.0	0
-100	-170	0	207.0	0
-100	-165	0	208.0	0
-100	-160	56.0	206.0	1
-100	-155	0	0	0
-100	-150	0	0	0
-100	-145	0	0	0
-100	-140	0	0	0
-100	-135	0	0	1
-100	-130	0	0	0
-100	-125	0	0	0
-100	-120	0	0	0
-100	-115	0	0	0
-100	-110	0	0	0
-100	-105	0	0	0
-100	-100	0	0	0
-100	-95	0	206.0	0
-100	-90	0	204.0	0
-100	-85	0	204.0	0
-100	-80	0	203.0	0
-100	-75	0	204.0	0
-100	-70	15.0	203.0	1
-100	-65	0	202.0	0
-100	-60	105.0	203.0	2
-100	-55	19.0	202.0	1
-100	-50	163.0	203.0	4
-100	-45	100.0	202.0	3
-100	-40	95.0	202.0	4
-100	-35	137.0	202.0	11
-100	-30	105.0	200.0	4
-100	-25	155.0	200.0	12
-100	-20	153.0	201.0	9
-100	-15	134.0	202.0	11
-100	-10	154.0	201.0	24
-100	-5	198.0	200.0	19
-100	0	183.0	199.0	49
-100	5	179.0	201.0	36
-100	10	166.0	202.0	37
-100	15	180.0	198.0	17
-100	20	173.0	200.0	9
-100	25	160.0	201.0	2
-100	30	36.0	199.0	1
-100	35	0	200.0	0
-100	40	198.0	201.0	1
-100	45	0	202.0	0
-100	50	45.0	201.0	1
-100	55	22.0	199.0	2
-100	60	0	201.0	0
-100	65	0	200.0	0
-100	70	0	201.0	0
-100	75	0	202.0	1
-100	80	160.0	201.0	4
-100	85	185.0	201.0	2
-100	90	196.0	201.0	4
-100	95	165.0	203.0	5
-100	100	180.0	204.0	7
-100	105	141.0	203.0	15
-100	110	175.0	205.0	10
-100	115	134.0	205.0	22
-100	120	126.0	205.0	29
-100	125	180.0	204.0	33
-100	130	130.0	204.0	21
-100	135	171.0	205.0	23
-100	140	145.0	204.0	12
-100	145	140.0	206.0	7
-100	150	116.0	206.0	13
-100	155	129.0	207.0	7
-100	160	172.0	205.0	8
-100	165	104.0	206.0	5
-100	170	37.0	207.0	3
-100	175	0	207.0	0
-95	-180	10.0	205.0	1
-95	-175	12.0	208.0	2
-95	-170	0	208.0	0
-95	-165	0	205.0	0
-95	-160	0	207.0	0
-95	-155	0	206.0	0
-95	-150	0	0	1
-95	-145	0	0	0
-95	-140	0	0	0
-95	-135	0	0	0
-95	-130	0	0	0
-95	-125	0	0	0
-95	-120	0	0	0
-95	-115	0	0	0
-95	-110	0	0	0
-95	-105	0	0	1
-95	-100	0	0	0
-95	-95	0	0	0
-95	-90	0	204.0	0
-95	-85	0	204.0	0
-95	-80	0	203.0	0
-95	-75	10.0	204.0	1
-95	-70	63.0	203.0	1
-95	-65	0	203.0	0
-95	-60	69.0	202.0	2
-95	-55	106.0	203.0	2
-95	-50	96.0	204.0	7
-95	-45	108.0	201.0	7
-95	-40	80.0	202.0	5
-95	-35	138.0	201.0	10
-95	-30	158.0	201.0	9
-95	-25	163.0	202.0	5
-95	-20	145.0	202.0	11
-95	-15	145.0	201.0	14
-95	-10	180.0	200.0	17
-95	-5	179.0	201.0	30
-95	0	170.0	201.0	33
-95	5	153.0	201.0	22
-95	10	208.0	199.0	16
-95	15	170.0	201.0	11
-95	20	124.0	199.0	3
-95	25	0	200.0	0
-95	30	0	200.0	0
-95	35	79.0	202.0	1
-95	40	0	202.0	0
-95	45	43.0	200.0	2
-95	50	75.0	199.0	2
-95	55	0	202.0	0
-95	60	36.0	202.0	2
-95	65	151.0	201.0	1
-95	70	0	203.0	1
-95	75	127.0	202.0	4
-95	80	48.0	203.0	2
-95	85	105.0	202.0	2
-95	90	166.0	204.0	7
-95	95	144.0	205.0	5
-95	100	139.0	204.0	9
-95	105	145.0	205.0	17
-95	110	140.0	206.0	15
-95	115	170.0	206.0	18
-95	120	163.0	204.0	10
-95	125	142.0	204.0	25
-95	130	138.0	206.0	14
-95	135	117.0	205.0	20
-95	140	181.0	207.0	14
-95	145	121.0	208.0	17
-95	150	91.0	207.0	7
-95	155	192.0	205.0	9
-95	160	60.0	206.0	4
-95	165	98.0	207.0	5
-95	170	151.0	207.0	1
-95	175	149.0	205.0	3
-90	-180	0	207.0	0
-90	-175	0	208.0	0
-90	-170	0	205.0	0
-90	-165	0	208.0	0
-90	-160	0	208.0	0
-90	-155	0	207.0	0
-90	-150	0	208.0	0
-90	-145	0	0	0
-90	-140	0	0	0
-90	-135	0	0	0
-90	-130	0	0	0
-90	-125	0	0	0
-90	-120	0	0	0
-90	-115	0	0	0
-90	-110	0	0	0
-90	-105	0	0	0
-90	-100	0	0	0
-90	-95	0	0	0
-90	-90	0	0	0
-90	-85	0	206.0	0
-90	-80	0	204.0	0
-90	-75	80.0	203.0	1
-90	-70	3.0	202.0	1
-90	-65	0	203.0	0
-90	-60	85.0	203.0	1
-90	-55	146.0	202.0	1
-90	-50	136.0	202.0	5
-90	-45	153.0	202.0	6
-90	-40	118.0	202.0	10
-90	-35	164.0	203.0	13
-90	-30	169.0	202.0	6
-90	-25	206.0	201.0	9
-90	-20	179.0	202.0	15
-90	-15	163.0	200.0	17
-90	-10	155.0	201.0	27
-90	-5	176.0	202.0	29
-90	0	166.0	201.0	20
-90	5	154.0	200.0	12
-90	10	154.0	201.0	7
-90	15	0	200.0	0
-90	20	128.0	201.0	2
-90	25	0	200.0	0
-90	30	114.0	200.0	2
-90	35	0	201.0	0
-90	40	0	200.0	0
-90	45	187.0	199.0	1
-90	50	0	200.0	0
-90	55	131.0	201.0	1
-90	60	102.0	201.0	6
-90	65	96.0	202.0	10
-90	70	154.0	202.0	5
-90	75	179.0	202.0	10
-90	80	146.0	203.0	4
-90	85	91.0	203.0	1
-90	90	39.0	205.0	3
-90	95	157.0	205.0	5
-90	100	106.0	204.0	8
-90	105	158.0	206.0	12
-90	110	81.0	206.0	13
-90	115	116.0	205.0	15
-90	120	90.0	205.0	13
-90	125	124.0	207.0	15
-90	130	161.0	206.0	23
-90	135	201.0	206.0	17
-90	140	187.0	208.0	18
-90	145	143.0	208.0	13
-90	150	122.0	205.0	13
-90	155	125.0	206.0	8
-90	160	82.0	207.0	5
-90	165	121.0	207.0	7
-90	170	126.0	206.0	2
-90	175	107.0	205.0	2
-85	-180	0	207.0	0
-85	-175	0	206.0	0
-85	-170	69.0	208.0	1
-85	-165	10.0	208.0	2
-85	-160	0	209.0	0
-85	-155	0	208.0	0
-85	-150	0	207.0	0
-85	-145	0	206.0	0
-85	-140	0	0	0
-85	-135	0	0	0
-85	-130	0	0	0
-85	-125	0	0	0
-85	-120	0	0	0
-85	-115	0	0	0
-85	-110	0	0	0
-85	-105	0	0	0
-85	-100	0	0	0
-85	-95	0	0	0
-85	-90	0	0	0
-85	-85	0	0	0
-85	-80	0	204.0	0
-85	-75	0	203.0	0
-85	-70	0	203.0	0
-85	-65	26.0	203.0	1
-85	-60	4.0	202.0	1
-85	-55	9.0	204.0	1
-85	-50	87.0	204.0	7
-85	-45	141.0	202.0	7
-85	-40	182.0	204.0	11
-85	-35	151.0	204.0	11
-85	-30	129.0	202.0	11
-85	-25	158.0	201.0	17
-85	-20	159.0	200.0	15
-85	-15	158.0	201.0	31
-85	-10	181.0	203.0	19
-85	-5	184.0	202.0	29
-85	0	181.0	202.0	23
-85	5	192.0	201.0	9
-85	10	128.0	201.0	4
-85	15	0	201.0	0
-85	20	0	200.0	0
-85	25	91.0	200.0	1
-85	30	0	201.0	0
-85	35	0	202.0	0
-85	40	61.0	199.0	1
-85	45	2.0	201.0	1
-85	50	125.0	201.0	2
-85	55	63.0	201.0	1
-85	60	75.0	202.0	4
-85	65	132.0	202.0	5
-85	70	91.0	202.0	7
-85	75	67.0	202.0	6
-85	80	132.0	204.0	6
-85	85	121.0	204.0	3
-85	90	160.0	204.0	5
-85	95	13.0	204.0	2
-85	100	118.0	205.0	6
-85	105	71.0	205.0	8
-85	110	150.0	205.0	14
-85	115	119.0	206.0	20
-85	120	101.0	207.0	10
-85	125	164.0	206.0	17
-85	130	114.0	207.0	27
-85	135	153.0	208.0	14
-85	140	149.0	207.0	16
-85	145	108.0	206.0	14
-85	150	138.0	206.0	13
-85	155	119.0	207.0	16
-85	160	104.0	207.0	7
-85	165	108.0	207.0	8
-85	170	110.0	206.0	8
-85	175	27.0	208.0	2
-80	-180	2.0	206.0	1
-80	-175	0	209.0	0
-80	-170	0	209.0	0
-80	-165	0	208.0	0
-80	-160	0	208.0	0
-80	-155	0	207.0	0
-80	-150	0	208.0	0
-80	-145	0	0	0
-80	-140	0	0	0
-80	-135	0	0	0
-80	-130	0	0	0
-80	-125	0	0	0
-80	-120	0	0	0
-80	-115	0	0	0
-80	-110	0	0	0
-80	-105	0	0	0
-80	-100	0	0	0
-80	-95	0	0	0
-80	-90	0	0	0
-80	-85	0	0	1
-80	-80	0	203.0	0
-80	-75	0	203.0	0
-80	-70	0	203.0	0
-80	-65	0	202.0	0
-80	-60	92.0	204.0	2
-80	-55	138.0	204.0	6
-80	-50	168.0	203.0	10
-80	-45	151.0	204.0	10
-80	-40	191.0	204.0	21
-80	-35	174.0	203.0	17
-80	-30	171.0	202.0	27
-80	-25	161.0	200.0	17
-80	-20	152.0	201.0	18
-80	-15	175.0	202.0	44
-80	-10	200.0	201.0	35
-80	-5	178.0	201.0	22
-80	0	198.0	201.0	10
-80	5	35.0	200.0	1
-80	10	129.0	202.0	2
-80	15	0	202.0	0
-80	20	0	200.0	0
-80	25	0	201.0	0
-80	30	50.0	201.0	2
-80	35	0	201.0	0
-80	40	0	202.0	0
-80	45	0	202.0	0
-80	50	0	202.0	0
-80	55	0	201.0	0
-80	60	190.0	201.0	3
-80	65	52.0	202.0	1
-80	70	76.0	202.0	2
-80	75	53.0	204.0	4
-80	80	139.0	205.0	4
-80	85	187.0	204.0	3
-80	90	65.0	204.0	3
-80	95	71.0	205.0	2
-80	100	4.0	206.0	1
-80	105	144.0	205.0	8
-80	110	92.0	206.0	8
-80	115	170.0	208.0	14
-80	120	136.0	207.0	14
-80	125	140.0	207.0	18
-80	130	145.0	209.0	29
-80	135	106.0	208.0	23
-80	140	117.0	206.0	17
-80	145	122.0	207.0	12
-80	150	87.0	208.0	18
-80	155	101.0	208.0	8
-80	160	153.0	207.0	10
-80	165	147.0	205.0	8
-80	170	131.0	209.0	7
-80	175	120.0	209.0	3
-75	-180	0	0	1
-75	-175	0	209.0	0
-75	-170	0	206.0	0
-75	-165	0	208.0	0
-75	-160	0	206.0	0
-75	-155	0	207.0	0
-75	-150	0	0	0
-75	-145	0	0	0
-75	-140	0	0	0
-75	-135	0	0	0
-75	-130	0	0	0
-75	-125	0	0	0
-75	-120	0	0	0
-75	-115	0	0	0
-75	-110	0	0	0
-75	-105	0	0	0
-75	-100	0	0	0
-75	-95	0	0	0
-75	-90	0	0	0
-75	-85	0	0	0
-75	-80	0	203.0	0
-75	-75	110.0	203.0	1
-75	-70	115.0	203.0	1
-75	-65	59.0	203.0	1
-75	-60	14.0	204.0	2
-75	-55	186.0	203.0	11
-75	-50	128.0	201.0	13
-75	-45	124.0	204.0	40
-75	-40	151.0	201.0	58
-75	-35	162.0	203.0	54
-75	-30	144.0	201.0	40
-75	-25	203.0	199.0	43
-75	-20	154.0	202.0	31
-75	-15	182.0	202.0	48
-75	-10	185.0	199.0	31
-75	-5	188.0	201.0	22
-75	0	108.0	200.0	6
-75	5	127.0	201.0	1
-75	10	0	202.0	0
-75	15	0	200.0	0
-75	20	0	201.0	0
-75	25	0	201.0	0
-75	30	0	201.0	0
-75	35	0	200.0	0
-75	40	43.0	202.0	1
-75	45	0	202.0	0
-75	50	0	201.0	0
-75	55	131.0	201.0	1
-75	60	0	202.0	0
-75	65	106.0	202.0	1
-75	70	0	201.0	0
-75	75	0	204.0	0
-75	80	41.0	205.0	3
-75	85	0	203.0	0
-75	90	0	203.0	0
-75	95	0	205.0	0
-75	100	100.0	205.0	1
-75	105	74.0	205.0	2
-75	110	65.0	206.0	4
-75	115	90.0	208.0	7
-75	120	175.0	206.0	14
-75	125	145.0	207.0	22
-75	130	169.0	209.0	21
-75	135	161.0	206.0	31
-75	140	158.0	206.0	31
-75	145	112.0	208.0	16
-75	150	143.0	208.0	25
-75	155	141.0	207.0	7
-75	160	103.0	0	11
-75	165	111.0	0	7
-75	170	69.0	0	1
-75	175	128.0	0	2
-70	-180	0	0	0
-70	-175	0	0	1
-70	-170	0	0	0
-70	-165	0	0	0
-70	-160	0	0	0
-70	-155	0	0	0
-70	-150	0	0	0
-70	-145	0	0	0
-70	-140	0	0	0
-70	-135	0	0	0
-70	-130	0	0	0
-70	-125	0	0	0
-70	-120	0	0	0
-70	-115	0	0	0
-70	-110	0	0	0
-70	-105	0	0	0
-70	-100	0	0	0
-70	-95	0	0	0
-70	-90	0	0	0
-70	-85	0	0	0
-70	-80	0	0	0
-70	-75	0	0	0
-70	-70	0	0	0
-70	-65	0	0	0
-70	-60	55.0	0	1
-70	-55	206.0	0	20
-70	-50	152.0	0	52
-70	-45	164.0	0	153
-70	-40	173.0	0	197
-70	-35	200.0	0	126
-70	-30	157.0	0	59
-70	-25	162.0	0	52
-70	-20	139.0	0	52
-70	-15	176.0	0	48
-70	-10	196.0	0	20
-70	-5	48.0	0	7
-70	0	0	0	0
-70	5	0	0	0
-70	10	0	0	0
-70	15	0	0	0
-70	20	0	0	0
-70	25	0	0	0
-70	30	0	0	0
-70	35	0	0	0
-70	40	0	0	0
-70	45	0	0	0
-70	50	0	0	0
-70	55	0	0	0
-70	60	0	0	0
-70	65	0	0	0
-70	70	0	0	0
-70	75	0	0	0
-70	80	0	0	0
-70	85	0	0	0
-70	90	0	0	0
-70	95	13.0	0	1
-70	100	8.0	0	1
-70	105	176.0	0	2
-70	110	119.0	0	3
-70	115	90.0	0	4
-70	120	132.0	0	13
-70	125	100.0	0	14
-70	130	172.0	0	26
-70	135	174.0	0	37
-70	140	100.0	0	24
-70	145	169.0	0	19
-70	150	171.0	0	30
-70	155	186.0	0	22
-70	160	117.0	0	7
-70	165	89.0	0	7
-70	170	26.0	0	2
-70	175	1.0	0	1
-65	-180	0	0	0
-65	-175	0	0	0
-65	-170	0	0	0
-65	-165	0	0	0
-65	-160	0	0	0
-65	-155	0	0	0
-65	-150	0	0	0
-65	-145	0	0	0
-65	-140	0	0	0
-65	-135	0	0	0
-65	-130	0	0	0
-65	-125	0	0	0
-65	-120	0	0	0
-65	-115	0	0	0
-65	-110	0	0	0
-65	-105	0	0	0
-65	-100	0	0	0
-65	-95	0	0	0
-65	-90	0	0	0
-65	-85	0	0	0
-65	-80	0	0	0
-65	-75	0	0	0
-65	-70	0	0	0
-65	-65	0	0	0
-65	-60	125.0	0	7
-65	-55	152.0	0	43
-65	-50	186.0	0	206
-65	-45	173.0	0	415
-65	-40	175.0	0	289
-65	-35	167.0	0	121
-65	-30	178.0	0	70
-65	-25	186.0	0	62
-65	-20	159.0	0	55
-65	-15	179.0	0	19
-65	-10	145.0	0	7
-65	-5	139.0	0	1
-65	0	0	0	0
-65	5	0	0	0
-65	10	0	0	0
-65	15	0	0	0
-65	20	0	0	0
-65	25	0	0	0
-65	30	0	0	0
-65	35	0	0	0
-65	40	0	0	0
-65	45	0	0	0
-65	50	0	0	0
-65	55	146.0	0	1
-65	60	0	0	0
-65	65	0	0	0
-65	70	0	0	0
-65	75	0	0	0
-65	80	0	0	0
-65	85	0	0	0
-65	90	0	0	0
-65	95	0	0	0
-65	100	0	0	0
-65	105	0	0	0
-65	110	0	0	0
-65	115	166.0	0	2
-65	120	174.0	0	9
-65	125	169.0	0	26
-65	130	175.0	0	30
-65	135	153.0	0	30
-65	140	180.0	0	59
-65	145	160.0	0	40
-65	150	129.0	0	19
-65	155	142.0	0	10
-65	160	73.0	0	3
-65	165	92.0	0	4
-65	170	0	0	0
-65	175	0	0	0
-60	-180	0	0	0
-60	-175	0	0	0
-60	-170	0	0	0
-60	-165	0	0	0
-60	-160	0	0	0
-60	-155	0	0	0
-60	-150	0	0	0
-60	-145	0	0	0
-60	-140	0	0	0
-60	-135	0	0	0
-60	-130	0	0	0
-60	-125	0	0	0
-60	-120	0	0	0
-60	-115	0	0	0
-60	-110	0	0	0
-60	-105	0	0	0
-60	-100	0	0	0
-60	-95	0	0	0
-60	-90	0	0	0
-60	-85	0	0	0
-60	-80	0	0	0
-60	-75	0	0	0
-60	-70	0	0	0
-60	-65	0	0	0
-60	-60	62.0	0	3
-60	-55	161.0	0	63
-60	-50	166.0	0	292
-60	-45	181.0	0	345
-60	-40	191.0	0	152
-60	-35	173.0	0	62
-60	-30	164.0	0	44
-60	-25	182.0	0	29
-60	-20	150.0	0	12
-60	-15	79.0	0	3
-60	-10	167.0	0	1
-60	-5	0	0	0
-60	0	0	0	0
-60	5	0	0	0
-60	10	0	0	0
-60	15	0	0	0
-60	20	0	0	0
-60	25	0	0	0
-60	30	0	0	0
-60	35	0	0	0
-60	40	0	0	0
-60	45	0	0	0
-60	50	0	0	0
-60	55	0	0	0
-60	60	0	0	0
-60	65	0	0	0
-60	70	0	0	0
-60	75	0	0	0
-60	80	0	0	0
-60	85	0	0	0
-60	90	0	0	0
-60	95	0	0	0
-60	100	0	0	0
-60	105	0	0	0
-60	110	107.0	0	1
-60	115	19.0	0	2
-60	120	160.0	0	10
-60	125	203.0	0	14
-60	130	201.0	0	38
-60	135	195.0	0	34
-60	140	174.0	0	29
-60	145	87.0	0	8
-60	150	121.0	0	11
-60	155	128.0	0	4
-60	160	52.0	0	3
-60	165	7.0	0	2
-60	170	0	0	0
-60	175	0	0	0
-55	-180	0	0	0
-55	-175	0	0	0
-55	-170	0	0	0
-55	-165	0	0	0
-55	-160	0	0	0
-55	-155	0	0	0
-55	-150	0	0	0
-55	-145	0	0	0
-55	-140	0	0	0
-55	-135	0	0	0
-55	-130	0	0	0
-55	-125	0	0	0
-55	-120	0	0	0
-55	-115	0	0	0
-55	-110	0	0	0
-55	-105	0	0	0
-55	-100	0	0	0
-55	-95	0	0	0
-55	-90	0	0	0
-55	-85	0	0	0
-55	-80	0	0	0
-55	-75	0	0	0
-55	-70	0	0	0
-55	-65	140.0	0	2
-55	-60	130.0	0	4
-55	-55	139.0	0	46
-55	-50	160.0	0	111
-55	-45	178.0	0	85
-55	-40	168.0	0	40
-55	-35	200.0	0	28
-55	-30	161.0	0	22
-55	-25	137.0	0	5
-55	-20	0	0	0
-55	-15	0	0	0
-55	-10	0	0	0
-55	-5	0	0	0
-55	0	0	0	0
-55	5	0	0	0
-55	10	0	0	0
-55	15	0	0	0
-55	20	0	0	0
-55	25	0	0	0
-55	30	0	0	0
-55	35	0	0	0
-55	40	0	0	0
-55	45	0	0	1
-55	50	0	0	0
-55	55	0	0	0
-55	60	0	0	0
-55	65	0	0	0
-55	70	0	0	0
-55	75	0	0	0
-55	80	0	0	0
-55	85	0	0	0
-55	90	0	0	0
-55	95	0	0	0
-55	100	0	0	0
-55	105	0	0	0
-55	110	0	0	0
-55	115	0	0	0
-55	120	155.0	0	3
-55	125	184.0	0	19
-55	130	152.0	0	23
-55	135	147.0	0	22
-55	140	143.0	0	18
-55	145	54.0	0	6
-55	150	92.0	0	5
-55	155	62.0	0	4
-55	160	63.0	0	1
-55	165	0	0	0
-55	170	0	0	0
-55	175	0	0	0
-50	-180	0	0	0
-50	-175	0	0	0
-50	-170	0	0	0
-50	-165	0	0	0
-50	-160	0	0	0
-50	-155	0	0	0
-50	-150	0	0	0
-50	-145	0	0	0
-50	-140	0	0	0
-50	-135	0	0	0
-50	-130	0	0	0
-50	-125	0	0	0
-50	-120	0	0	0
-50	-115	0	0	0
-50	-110	0	0	0
-50	-105	0	0	0
-50	-100	0	0	0
-50	-95	0	0	0
-50	-90	0	0	0
-50	-85	0	0	0
-50	-80	0	0	0
-50	-75	0	0	0
-50	-70	0	0	0
-50	-65	47.0	0	1
-50	-60	139.0	0	6
-50	-55	167.0	0	11
-50	-50	183.0	0	21
-50	-45	150.0	0	15
-50	-40	107.0	0	7
-50	-35	103.0	0	5
-50	-30	0	0	0
-50	-25	38.0	0	1
-50	-20	0	0	0
-50	-15	0	0	0
-50	-10	0	0	0
-50	-5	0	0	0
-50	0	0	0	0
-50	5	0	0	0
-50	10	0	0	0
-50	15	0	0	0
-50	20	0	0	0
-50	25	0	0	0
-50	30	0	0	0
-50	35	0	0	0
-50	40	0	0	0
-50	45	0	0	0
-50	50	0	0	0
-50	55	0	0	0
-50	60	0	0	0
-50	65	0	0	0
-50	70	0	0	0
-50	75	0	0	0
-50	80	0	0	0
-50	85	0	0	0
-50	90	0	0	1
-50	95	0	0	0
-50	100	0	0	0
-50	105	0	0	0
-50	110	0	0	0
-50	115	42.0	0	3
-50	120	64.0	0	3
-50	125	200.0	0	11
-50	130	107.0	0	5
-50	135	175.0	0	7
-50	140	88.0	0	1
-50	145	27.0	0	2
-50	150	58.0	0	2
-50	155	0	0	0
-50	160	0	0	0
-50	165	0	0	0
-50	170	0	0	0
-50	175	0	0	0
-45	-180	0	0	0
-45	-175	0	0	0
-45	-170	0	0	0
-45	-165	0	0	0
-45	-160	0	0	0
-45	-155	0	0	0
-45	-150	0	0	0
-45	-145	0	0	0
-45	-140	0	0	0
-45	-135	0	0	0
-45	-130	0	0	0
-45	-125	0	0	0
-45	-120	0	0	0
-45	-115	0	0	0
-45	-110	0	0	0
-45	-105	0	0	0
-45	-100	0	0	0
-45	-95	0	0	0
-45	-90	0	0	0
-45	-85	0	0	0
-45	-80	0	0	0
-45	-75	0	0	0
-45	-70	0	0	0
-45	-65	55.0	0	1
-45	-60	29.0	0	1
-45	-55	114.0	0	3
-45	-50	89.0	0	3
-45	-45	114.0	0	3
-45	-40	152.0	0	1
-45	-35	103.0	0	1
-45	-30	158.0	0	1
-45	-25	0	0	0
-45	-20	0	0	0
-45	-15	0	0	0
-45	-10	0	0	0
-45	-5	0	0	0
-45	0	0	0	0
-45	5	0	0	0
-45	10	0	0	0
-45	15	0	0	0
-45	20	0	0	0
-45	25	0	0	0
-45	30	0	0	0
-45	35	0	0	0
-45	40	0	0	0
-45	45	0	0	0
-45	50	0	0	0
-45	55	0	0	0
-45	60	0	0	0
-45	65	0	0	0
-45	70	0	0	0
-45	75	0	0	0
-45	80	0	0	0
-45	85	0	0	0
-45	90	0	0	0
-45	95	0	0	0
-45	100	0	0	0
-45	105	0	0	0
-45	110	0	0	0
-45	115	0	0	0
-45	120	57.0	0	1
-45	125	176.0	0	2
-45	130	136.0	0	2
-45	135	144.0	0	4
-45	140	49.0	0	1
-45	145	0	0	0
-45	150	0	0	0
-45	155	0	0	0
-45	160	0	0	0
-45	165	0	0	0
-45	170	0	0	0
-45	175	0	0	0
-40	-180	0	0	0
-40	-175	0	0	0
-40	-170	0	0	0
-40	-165	0	0	0
-40	-160	0	0	0
-40	-155	0	0	0
-40	-150	0	0	0
-40	-145	0	0	0
-40	-140	0	0	0
-40	-135	0	0	0
-40	-130	0	0	0
-40	-125	0	0	0
-40	-120	0	0	0
-40	-115	0	0	0
-40	-110	0	0	0
-40	-105	0	0	0
-40	-100	0	0	0
-40	-95	0	0	0
-40	-90	0	0	0
-40	-85	0	0	0
-40	-80	0	0	0
-40	-75	0	0	0
-40	-70	0	0	0
-40	-65	0	0	0
-40	-60	0	0	0
-40	-55	0	0	0
-40	-50	15.0	0	2
-40	-45	193.0	0	2
-40	-40	14.0	0	1
-40	-35	0	0	0
-40	-30	0	0	0
-40	-25	0	0	0
-40	-20	0	0	0
-40	-15	0	0	0
-40	-10	0	0	0
-40	-5	0	0	0
-40	0	0	0	0
-40	5	0	0	0
-40	10	0	0	0
-40	15	0	0	0
-40	20	0	0	0
-40	25	0	0	0
-40	30	0	0	0
-40	35	0	0	0
-40	40	0	0	0
-40	45	0	0	0
-40	50	0	0	0
-40	55	0	0	0
-40	60	0	0	0
-40	65	0	0	0
-40	70	0	0	0
-40	75	0	0	0
-40	80	0	0	0
-40	85	0	0	0
-40	90	0	0	0
-40	95	0	0	0
-40	100	0	0	0
-40	105	0	0	0
-40	110	0	0	0
-40	115	39.0	0	1
-40	120	0	0	0
-40	125	192.0	0	1
-40	130	0	0	0
-40	135	111.0	0	2
-40	140	0	0	0
-40	145	0	0	0
-40	150	0	0	0
-40	155	0	0	0
-40	160	0	0	0
-40	165	0	0	0
-40	170	0	0	0
-40	175	0	0	0
-35	-180	0	0	0
-35	-175	0	0	0
-35	-170	0	0	0
-35	-165	0	0	0
-35	-160	0	0	0
-35	-155	0	0	0
-35	-150	0	0	0
-35	-145	0	0	0
-35	-140	0	0	0
-35	-135	0	0	0
-35	-130	0	0	0
-35	-125	0	0	0
-35	-120	0	0	0
-35	-115	0	0	0
-35	-110	0	0	0
-35	-105	0	0	0
-35	-100	0	0	0
-35	-95	0	0	0
-35	-90	0	0	0
-35	-85	0	0	0
-35	-80	0	0	0
-35	-75	0	0	0
-35	-70	0	0	0
-35	-65	0	0	0
-35	-60	118.0	0	1
-35	-55	0	0	0
-35	-50	0	0	0
-35	-45	0	0	0
-35	-40	0	0	0
-35	-35	0	0	0
-35	-30	0	0	0
-35	-25	0	0	0
-35	-20	0	0	0
-35	-15	0	0	0
-35	-10	0	0	0
-35	-5	0	0	0
-35	0	0	0	0
-35	5	0	0	0
-35	10	0	0	0
-35	15	0	0	0
-35	20	0	0	0
-35	25	0	0	0
-35	30	0	0	0
-35	35	0	0	0
-35	40	0	0	0
-35	45	0	0	0
-35	50	0	0	0
-35	55	0	0	0
-35	60	0	0	0
-35	65	0	0	0
-35	70	0	0	0
-35	75	0	0	0
-35	80	0	0	0
-35	85	0	0	0
-35	90	0	0	0
-35	95	0	0	0
-35	100	0	0	0
-35	105	0	0	0
-35	110	0	0	0
-35	115	0	0	0
-35	120	0	0	0
-35	125	0	0	0
-35	130	0	0	0
-35	135	0	0	0
-35	140	0	0	0
-35	145	151.0	0	1
-35	150	0	0	0
-35	155	0	0	0
-35	160	0	0	0
-35	165	0	0	0
-35	170	0	0	0
-35	175	0	0	0
-30	-180	0	0	0
-30	-175	0	0	0
-30	-170	0	0	0
-30	-165	0	0	0
-30	-160	0	0	0
-30	-155	0	0	0
-30	-150	0	0	0
-30	-145	0	0	0
-30	-140	0	0	0
-30	-135	0	0	0
-30	-130	0	0	0
-30	-125	0	0	0
-30	-120	0	0	0
-30	-115	0	0	0
-30	-110	0	0	0
-30	-105	0	0	0
-30	-100	0	0	0
-30	-95	0	0	0
-30	-90	0	0	0
-30	-85	0	0	0
-30	-80	0	0	0
-30	-75	0	0	0
-30	-70	0	0	0
-30	-65	0	0	0
-30	-60	0	0	0
-30	-55	0	0	0
-30	-50	0	0	0
-30	-45	0	0	0
-30	-40	0	0	0
-30	-35	0	0	0
-30	-30	0	0	0
-30	-25	0	0	0
-30	-20	0	0	0
-30	-15	0	0	0
-30	-10	0	0	0
-30	-5	0	0	0
-30	0	0	0	0
-30	5	0	0	0
-30	10	0	0	0
-30	15	0	0	0
-30	20	0	0	0
-30	25	0	0	0
-30	30	0	0	0
-30	35	0	0	0
-30	40	0	0	0
-30	45	0	0	0
-30	50	0	0	0
-30	55	0	0	0
-30	60	0	0	0
-30	65	0	0	0
-30	70	0	0	0
-30	75	0	0	0
-30	80	0	0	0
-30	85	0	0	0
-30	90	0	0	0
-30	95	0	0	0
-30	100	0	0	0
-30	105	0	0	0
-30	110	0	0	0
-30	115	0	0	0
-30	120	0	0	0
-30	125	0	0	0
-30	130	0	0	0
-30	135	0	0	0
-30	140	0	0	0
-30	145	0	0	0
-30	150	0	0	0
-30	155	0	0	0
-30	160	0	0	0
-30	165	0	0	0
-30	170	0	0	0
-30	175	0	0	0
-25	-180	0	0	0
-25	-175	0	0	0
-25	-170	0	0	0
-25	-165	0	0	0
-25	-160	0	0	0
-25	-155	0	0	0
-25	-150	0	0	0
-25	-145	0	0	0
-25	-140	0	0	0
-25	-135	0	0	0
-25	-130	0	0	0
-25	-125	0	0	0
-25	-120	0	0	0
-25	-115	0	0	0
-25	-110	0	0	0
-25	-105	0	0	0
-25	-100	0	0	0
-25	-95	0	0	0
-25	-90	0	0	0
-25	-85	0	0	0
-25	-80	0	0	0
-25	-75	0	0	0
-25	-70	0	0	0
-25	-65	0	0	0
-25	-60	0	0	0
-25	-55	0	0	0
-25	-50	0	0	0
-25	-45	80.0	0	1
-25	-40	0	0	0
-25	-35	0	0	0
-25	-30	0	0	0
-25	-25	0	0	0
-25	-20	0	0	0
-25	-15	0	0	0
-25	-10	0	0	0
-25	-5	0	0	0
-25	0	0	0	0
-25	5	0	0	0
-25	10	0	0	0
-25	15	0	0	0
-25	20	0	0	0
-25	25	0	0	0
-25	30	0	0	0
-25	35	0	0	0
-25	40	0	0	0
-25	45	0	0	0
-25	50	0	0	0
-25	55	0	0	0
-25	60	0	0	0
-25	65	0	0	0
-25	70	0	0	0
-25	75	0	0	0
-25	80	0	0	0
-25	85	0	0	0
-25	90	0	0	0
-25	95	0	0	0
-25	100	0	0	0
-25	105	0	0	0
-25	110	0	0	0
-25	115	0	0	0
-25	120	0	0	0
-25	125	0	0	0
-25	130	0	0	0
-25	135	0	0	0
-25	140	0	0	0
-25	145	0	0	0
-25	150	0	0	0
-25	155	0	0	0
-25	160	0	0	0
-25	165	0	0	0
-25	170	0	0	0
-25	175	0	0	0
-20	-180	0	0	0
-20	-175	0	0	0
-20	-170	0	0	0
-20	-165	0	0	0
-20	-160	0	0	0
-20	-155	0	0	0
-20	-150	0	0	0
-20	-145	0	0	0
-20	-140	0	0	0
-20	-135	0	0	0
-20	-130	0	0	0
-20	-125	0	0	0
-20	-120	0	0	0
-20	-115	0	0	0
-20	-110	0	0	0
-20	-105	0	0	0
-20	-100	0	0	0
-20	-95	0	0	0
-20	-90	0	0	0
-20	-85	0	0	0
-20	-80	0	0	0
-20	-75	0	0	0
-20	-70	0	0	0
-20	-65	0	0	0
-20	-60	0	0	0
-20	-55	0	0	0
-20	-50	0	0	0
-20	-45	0	0	0
-20	-40	0	0	0
-20	-35	0	0	0
-20	-30	0	0	0
-20	-25	0	0	0
-20	-20	0	0	0
-20	-15	0	0	0
-20	-10	0	0	0
-20	-5	0	0	0
-20	0	0	0	0
-20	5	0	0	0
-20	10	0	0	0
-20	15	0	0	0
-20	20	0	0	0
-20	25	0	0	0
-20	30	0	0	0
-20	35	0	0	0
-20	40	0	0	0
-20	45	0	0	0
-20	50	0	0	0
-20	55	0	0	0
-20	60	0	0	0
-20	65	0	0	0
-20	70	0	0	0
-20	75	0	0	0
-20	80	0	0	0
-20	85	0	0	0
-20	90	0	0	0
-20	95	0	0	0
-20	100	0	0	0
-20	105	0	0	0
-20	110	0	0	1
-20	115	0	0	0
-20	120	0	0	0
-20	125	0	0	0
-20	130	0	0	0
-20	135	0	0	0
-20	140	0	0	0
-20	145	0	0	0
-20	150	0	0	0
-20	155	0	0	0
-20	160	0	0	0
-20	165	0	0	0
-20	170	0	0	0
-20	175	0	0	0
-15	-180	0	0	0
-15	-175	0	0	0
-15	-170	0	0	0
-15	-165	0	0	0
-15	-160	0	0	0
-15	-155	0	0	0
-15	-150	0	0	0
-15	-145	0	0	0
-15	-140	0	0	0
-15	-135	0	0	0
-15	-130	0	0	0
-15	-125	0	0	0
-15	-120	0	0	0
-15	-115	0	0	0
-15	-110	0	0	0
-15	-105	0	0	0
-15	-100	0	0	0
-15	-95	0	0	0
-15	-90	0	0	0
-15	-85	0	0	0
-15	-80	0	0	0
-15	-75	0	0	0
-15	-70	0	0	0
-15	-65	0	0	0
-15	-60	0	0	0
-15	-55	0	0	0
-15	-50	0	0	0
-15	-45	0	0	0
-15	-40	0	0	0
-15	-35	0	0	0
-15	-30	0	0	0
-15	-25	0	0	0
-15	-20	0	0	0
-15	-15	0	0	0
-15	-10	0	0	0
-15	-5	0	0	0
-15	0	0	0	0
-15	5	0	0	0
-15	10	0	0	0
-15	15	0	0	0
-15	20	0	0	0
-15	25	0	0	0
-15	30	0	0	0
-15	35	0	0	0
-15	40	0	0	0
-15	45	0	0	0
-15	50	0	0	0
-15	55	0	0	0
-15	60	0	0	0
-15	65	0	0	0
-15	70	0	0	0
-15	75	0	0	0
-15	80	0	0	0
-15	85	0	0	0
-15	90	0	0	0
-15	95	0	0	0
-15	100	0	0	0
-15	105	0	0	0
-15	110	0	0	0
-15	115	0	0	0
-15	120	0	0	0
-15	125	0	0	0
-15	130	0	0	0
-15	135	0	0	0
-15	140	0	0	1
-15	145	0	0	0
-15	150	0	0	0
-15	155	0	0	0
-15	160	0	0	0
-15	165	0	0	0
-15	170	0	0	0
-15	175	0	0	0
-10	-180	0	0	0
-10	-175	0	0	0
-10	-170	0	0	0
-10	-165	0	0	0
-10	-160	0	0	0
-10	-155	0	0	0
-10	-150	0	0	0
-10	-145	0	0	0
-10	-140	0	0	0
-10	-135	0	0	0
-10	-130	0	0	0
-10	-125	0	0	0
-10	-120	0	0	0
-10	-115	0	0	0
-10	-110	0	0	0
-10	-105	0	0	0
-10	-100	0	0	0
-10	-95	0	0	0
-10	-90	0	0	0
-10	-85	0	0	0
-10	-80	0	0	0
-10	-75	0	0	0
-10	-70	0	0	0
-10	-65	0	0	0
-10	-60	0	0	0
-10	-55	0	0	0
-10	-50	0	0	0
-10	-45	0	0	0
-10	-40	0	0	0
-10	-35	0	0	0
-10	-30	0	0	0
-10	-25	0	0	0
-10	-20	0	0	0
-10	-15	0	0	0
-10	-10	0	0	0
-10	-5	0	0	0
-10	0	0	0	0
-10	5	0	0	0
-10	10	0	0	0
-10	15	0	0	0
-10	20	0	0	0
-10	25	0	0	0
-10	30	0	0	0
-10	35	0	0	0
-10	40	0	0	0
-10	45	0	0	0
-10	50	0	0	0
-10	55	0	0	0
-10	60	0	0	0
-10	65	0	0	0
-10	70	0	0	0
-10	75	0	0	0
-10	80	0	0	0
-10	85	0	0	0
-10	90	0	0	0
-10	95	0	0	0
-10	100	0	0	0
-10	105	0	0	0
-10	110	0	0	0
-10	115	0	0	0
-10	120	0	0	0
-10	125	0	0	0
-10	130	0	0	0
-10	135	0	0	0
-10	140	0	0	0
-10	145	0	0	0
-10	150	0	0	0
-10	155	0	0	0
-10	160	0	0	0
-10	165	0	0	0
-10	170	0	0	0
-10	175	0	0	0
-5	-180	0	0	0
-5	-175	0	0	0
-5	-170	0	0	0
-5	-165	0	0	0
-5	-160	0	0	0
-5	-155	0	0	0
-5	-150	0	0	0
-5	-145	0	0	0
-5	-140	0	0	0
-5	-135	0	0	0
-5	-130	0	0	0
-5	-125	0	0	0
-5	-120	0	0	0
-5	-115	0	0	0
-5	-110	0	0	0
-5	-105	0	0	0
-5	-100	0	0	0
-5	-95	0	0	0
-5	-90	0	0	0
-5	-85	0	0	0
-5	-80	0	0	0
-5	-75	0	0	0
-5	-70	0	0	0
-5	-65	0	0	0
-5	-60	0	0	0
-5	-55	0	0	0
-5	-50	0	0	0
-5	-45	0	0	0
-5	-40	0	0	0
-5	-35	0	0	0
-5	-30	0	0	0
-5	-25	0	0	0
-5	-20	0	0	0
-5	-15	0	0	0
-5	-10	0	0	0
-5	-5	0	0	0
-5	0	0	0	0
-5	5	0	0	0
-5	10	0	0	0
-5	15	0	0	0
-5	20	0	0	0
-5	25	0	0	0
-5	30	0	0	0
-5	35	0	0	0
-5	40	0	0	0
-5	45	0	0	0
-5	50	0	0	0
-5	55	0	0	0
-5	60	0	0	0
-5	65	0	0	0
-5	70	0	0	0
-5	75	0	0	0
-5	80	0	0	0
-5	85	0	0	0
-5	90	0	0	0
-5	95	0	0	0
-5	100	0	0	0
-5	105	0	0	0
-5	110	0	0	0
-5	115	0	0	0
-5	120	0	0	0
-5	125	0	0	0
-5	130	0	0	0
-5	135	0	0	0
-5	140	0	0	0
-5	145	0	0	0
-5	150	0	0	0
-5	155	0	0	0
-5	160	0	0	0
-5	165	0	0	0
-5	170	0	0	0
-5	175	0	0	0
0	-180	0	0	0
0	-175	0	0	0
0	-170	0	0	0
0	-165	0	0	0
0	-160	0	0	0
0	-155	0	0	0
0	-150	0	0	0
0	-145	0	0	0
0	-140	0	0	0
0	-135	0	0	0
0	-130	0	0	0
0	-125	0	0	0
0	-120	0	0	0
0	-115	0	0	0
0	-110	0	0	0
0	-105	0	0	0
0	-100	0	0	0
0	-95	0	0	0
0	-90	0	0	0
0	-85	0	0	0
0	-80	0	0	0
0	-75	0	0	0
0	-70	0	0	0
0	-65	0	0	0
0	-60	0	0	0
0	-55	0	0	0
0	-50	0	0	0
0	-45	0	0	0
0	-40	0	0	0
0	-35	0	0	0
0	-30	0	0	0
0	-25	0	0	0
0	-20	0	0	0
0	-15	0	0	0
0	-10	0	0	0
0	-5	0	0	0
0	0	0	0	0
0	5	0	0	0
0	10	0	0	0
0	15	0	0	0
0	20	0	0	0
0	25	0	0	0
0	30	0	0	0
0	35	0	0	0
0	40	0	0	0
0	45	0	0	0
0	50	0	0	0
0	55	0	0	0
0	60	0	0	0
0	65	0	0	0
0	70	0	0	0
0	75	0	0	0
0	80	0	0	0
0	85	0	0	0
0	90	0	0	0
0	95	0	0	0
0	100	0	0	0
0	105	0	0	0
0	110	0	0	0
0	115	0	0	0
0	120	0	0	0
0	125	0	0	0
0	130	0	0	0
0	135	0	0	0
0	140	0	0	0
0	145	0	0	0
0	150	0	0	0
0	155	0	0	0
0	160	0	0	0
0	165	0	0	0
0	170	0	0	0
0	175	0	0	0
5	-180	0	0	0
5	-175	0	0	0
5	-170	0	0	0
5	-165	0	0	0
5	-160	0	0	0
5	-155	0	0	0
5	-150	0	0	0
5	-145	0	0	0
5	-140	0	0	0
5	-135	0	0	0
5	-130	0	0	0
5	-125	0	0	0
5	-120	0	0	0
5	-115	0	0	0
5	-110	0	0	0
5	-105	0	0	0
5	-100	0	0	0
5	-95	0	0	0
5	-90	0	0	0
5	-85	0	0	0
5	-80	0	0	0
5	-75	0	0	0
5	-70	0	0	0
5	-65	0	0	0
5	-60	0	0	0
5	-55	0	0	0
5	-50	0	0	0
5	-45	0	0	0
5	-40	0	0	0
5	-35	0	0	0
5	-30	0	0	0
5	-25	0	0	0
5	-20	0	0	0
5	-15	0	0	0
5	-10	0	0	0
5	-5	0	0	0
5	0	0	0	0
5	5	0	0	0
5	10	0	0	0
5	15	0	0	0
5	20	0	0	0
5	25	0	0	0
5	30	0	0	0
5	35	0	0	0
5	40	0	0	0
5	45	0	0	0
5	50	0	0	0
5	55	0	0	0
5	60	0	0	0
5	65	0	0	0
5	70	0	0	0
5	75	0	0	0
5	80	0	0	0
5	85	0	0	0
5	90	0	0	0
5	95	0	0	0
5	100	0	0	0
5	105	0	0	0
5	110	0	0	0
5	115	0	0	0
5	120	0	0	0
5	125	0	0	0
5	130	0	0	0
5	135	0	0	0
5	140	0	0	0
5	145	0	0	0
5	150	0	0	0
5	155	0	0	0
5	160	0	0	0
5	165	0	0	0
5	170	0	0	0
5	175	0	0	0
10	-180	0	0	0
10	-175	0	0	0
10	-170	0	0	0
10	-165	0	0	0
10	-160	0	0	0
10	-155	0	0	0
10	-150	0	0	0
10	-145	0	0	0
10	-140	0	0	0
10	-135	0	0	0
10	-130	0	0	0
10	-125	0	0	0
10	-120	0	0	0
10	-115	0	0	0
10	-110	0	0	0
10	-105	0	0	0
10	-100	0	0	0
10	-95	0	0	0
10	-90	0	0	0
10	-85	0	0	0
10	-80	0	0	0
10	-75	0	0	0
10	-70	0	0	0
10	-65	0	0	0
10	-60	0	0	0
10	-55	0	0	0
10	-50	0	0	0
10	-45	0	0	0
10	-40	0	0	0
10	-35	0	0	0
10	-30	0	0	0
10	-25	0	0	0
10	-20	0	0	0
10	-15	0	0	0
10	-10	0	0	0
10	-5	0	0	0
10	0	0	0	0
10	5	0	0	0
10	10	0	0	0
10	15	0	0	0
10	20	0	0	0
10	25	0	0	0
10	30	0	0	0
10	35	0	0	0
10	40	0	0	0
10	45	0	0	0
10	50	0	0	0
10	55	0	0	0
10	60	0	0	0
10	65	0	0	0
10	70	0	0	0
10	75	0	0	0
10	80	0	0	0
10	85	0	0	0
10	90	0	0	0
10	95	0	0	0
10	100	0	0	0
10	105	0	0	0
10	110	0	0	0
10	115	0	0	0
10	120	0	0	0
10	125	0	0	0
10	130	0	0	0
10	135	0	0	0
10	140	0	0	0
10	145	0	0	0
10	150	0	0	0
10	155	0	0	0
10	160	0	0	0
10	165	0	0	0
10	170	0	0	0
10	175	0	0	0
15	-180	0	0	0
15	-175	0	0	0
15	-170	0	0	0
15	-165	0	0	0
15	-160	0	0	0
15	-155	0	0	0
15	-150	0	0	0
15	-145	0	0	0
15	-140	0	0	0
15	-135	0	0	0
15	-130	0	0	0
15	-125	0	0	0
15	-120	0	0	0
15	-115	0	0	0
15	-110	0	0	0
15	-105	0	0	0
15	-100	0	0	0
15	-95	0	0	0
15	-90	0	0	0
15	-85	0	0	0
15	-80	0	0	0
15	-75	0	0	0
15	-70	0	0	0
15	-65	0	0	0
15	-60	0	0	0
15	-55	0	0	0
15	-50	0	0	0
15	-45	0	0	0
15	-40	0	0	0
15	-35	0	0	0
15	-30	0	0	0
15	-25	0	0	0
15	-20	0	0	0
15	-15	0	0	0
15	-10	0	0	0
15	-5	0	0	0
15	0	0	0	0
15	5	0	0	0
15	10	0	0	0
15	15	0	0	0
15	20	0	0	0
15	25	0	0	0
15	30	0	0	0
15	35	0	0	0
15	40	0	0	0
15	45	0	0	0
15	50	0	0	0
15	55	0	0	0
15	60	0	0	0
15	65	0	0	0
15	70	48.0	0	2
15	75	0	0	0
15	80	0	0	1
15	85	0	0	0
15	90	0	0	0
15	95	0	0	0
15	100	0	0	0
15	105	0	0	0
15	110	0	0	0
15	115	0	0	0
15	120	0	0	0
15	125	0	0	0
15	130	0	0	0
15	135	0	0	0
15	140	0	0	0
15	145	0	0	0
15	150	0	0	0
15	155	0	0	0
15	160	0	0	0
15	165	0	0	0
15	170	0	0	0
15	175	0	0	0
20	-180	0	0	0
20	-175	0	0	0
20	-170	0	0	0
20	-165	0	0	0
20	-160	0	0	0
20	-155	0	0	0
20	-150	0	0	0
20	-145	0	0	0
20	-140	0	0	0
20	-135	0	0	0
20	-130	0	0	0
20	-125	0	0	0
20	-120	0	0	0
20	-115	0	0	0
20	-110	0	0	0
20	-105	0	0	0
20	-100	0	0	0
20	-95	0	0	0
20	-90	0	0	0
20	-85	0	0	0
20	-80	0	0	0
20	-75	0	0	0
20	-70	0	0	0
20	-65	0	0	0
20	-60	0	0	0
20	-55	0	0	0
20	-50	0	0	0
20	-45	0	0	0
20	-40	0	0	0
20	-35	0	0	0
20	-30	0	0	0
20	-25	0	0	0
20	-20	0	0	0
20	-15	0	0	0
20	-10	0	0	0
20	-5	0	0	0
20	0	0	0	0
20	5	0	0	0
20	10	0	0	0
20	15	0	0	0
20	20	0	0	0
20	25	0	0	0
20	30	0	0	0
20	35	0	0	0
20	40	0	0	0
20	45	0	0	0
20	50	0	0	0
20	55	0	0	0
20	60	0	0	0
20	65	0	0	0
20	70	0	0	0
20	75	0	0	0
20	80	0	0	0
20	85	0	0	0
20	90	0	0	0
20	95	0	0	0
20	100	0	0	0
20	105	0	0	0
20	110	0	0	0
20	115	0	0	0
20	120	0	0	0
20	125	0	0	0
20	130	0	0	0
20	135	0	0	0
20	140	0	0	0
20	145	0	0	0
20	150	0	0	0
20	155	0	0	0
20	160	0	0	0
20	165	0	0	0
20	170	0	0	0
20	175	0	0	0
25	-180	0	0	0
25	-175	0	0	0
25	-170	0	0	0
25	-165	0	0	0
25	-160	0	0	0
25	-155	0	0	0
25	-150	0	0	0
25	-145	0	0	0
25	-140	0	0	0
25	-135	0	0	0
25	-130	0	0	0
25	-125	0	0	0
25	-120	0	0	0
25	-115	0	0	0
25	-110	0	0	1
25	-105	0	0	0
25	-100	0	0	0
25	-95	0	0	0
25	-90	0	0	0
25	-85	0	0	0
25	-80	0	0	0
25	-75	0	0	0
25	-70	0	0	0
25	-65	0	0	0
25	-60	0	0	0
25	-55	0	0	0
25	-50	0	0	0
25	-45	0	0	0
25	-40	0	0	0
25	-35	0	0	0
25	-30	0	0	0
25	-25	0	0	0
25	-20	0	0	0
25	-15	0	0	0
25	-10	0	0	0
25	-5	0	0	0
25	0	0	0	0
25	5	0	0	0
25	10	0	0	0
25	15	0	0	0
25	20	0	0	0
25	25	0	0	0
25	30	0	0	0
25	35	0	0	0
25	40	0	0	0
25	45	0	0	0
25	50	0	0	0
25	55	0	0	0
25	60	0	0	0
25	65	0	0	0
25	70	0	0	0
25	75	0	0	0
25	80	0	0	0
25	85	0	0	0
25	90	0	0	0
25	95	0	0	0
25	100	0	0	0
25	105	0	0	0
25	110	0	0	0
25	115	0	0	0
25	120	0	0	0
25	125	0	0	0
25	130	0	0	0
25	135	0	0	0
25	140	0	0	0
25	145	0	0	0
25	150	0	0	0
25	155	0	0	0
25	160	0	0	0
25	165	0	0	0
25	170	0	0	0
25	175	0	0	0
30	-180	0	0	0
30	-175	0	0	0
30	-170	0	0	0
30	-165	0	0	0
30	-160	0	0	0
30	-155	0	0	0
30	-150	0	0	0
30	-145	0	0	0
30	-140	0	0	0
30	-135	0	0	0
30	-130	0	0	0
30	-125	0	0	0
30	-120	0	0	0
30	-115	0	0	0
30	-110	0	0	0
30	-105	0	0	0
30	-100	0	0	0
30	-95	0	0	0
30	-90	0	0	0
30	-85	0	0	0
30	-80	0	0	0
30	-75	0	0	0
30	-70	0	0	0
30	-65	0	0	0
30	-60	0	0	0
30	-55	0	0	0
30	-50	0	0	0
30	-45	0	0	0
30	-40	0	0	0
30	-35	0	0	0
30	-30	0	0	0
30	-25	0	0	0
30	-20	0	0	0
30	-15	0	0	0
30	-10	0	0	0
30	-5	0	0	0
30	0	0	0	0
30	5	0	0	0
30	10	0	0	0
30	15	0	0	0
30	20	0	0	0
30	25	0	0	0
30	30	0	0	0
30	35	0	0	0
30	40	0	0	0
30	45	0	0	0
30	50	0	0	0
30	55	0	0	0
30	60	23.0	0	2
30	65	2.0	0	1
30	70	5.0	0	1
30	75	0	0	0
30	80	0	0	0
30	85	0	0	1
30	90	0	0	0
30	95	0	0	0
30	100	0	0	0
30	105	0	0	0
30	110	0	0	0
30	115	0	0	0
30	120	0	0	0
30	125	0	0	0
30	130	0	0	0
30	135	0	0	0
30	140	0	0	0
30	145	0	0	0
30	150	0	0	0
30	155	0	0	0
30	160	0	0	0
30	165	0	0	0
30	170	0	0	0
30	175	0	0	0
35	-180	0	0	0
35	-175	0	0	0
35	-170	0	0	0
35	-165	0	0	0
35	-160	0	0	0
35	-155	0	0	0
35	-150	0	0	0
35	-145	0	0	0
35	-140	0	0	0
35	-135	0	0	0
35	-130	0	0	0
35	-125	1.0	0	1
35	-120	0	0	0
35	-115	0	0	0
35	-110	0	0	0
35	-105	0	0	0
35	-100	0	0	0
35	-95	0	0	0
35	-90	0	0	0
35	-85	0	0	0
35	-80	0	0	0
35	-75	0	0	0
35	-70	0	0	0
35	-65	0	0	0
35	-60	0	0	0
35	-55	0	0	0
35	-50	0	0	0
35	-45	0	0	0
35	-40	0	0	0
35	-35	0	0	0
35	-30	0	0	0
35	-25	0	0	0
35	-20	0	0	0
35	-15	0	0	0
35	-10	0	0	0
35	-5	0	0	0
35	0	0	0	0
35	5	0	0	0
35	10	0	0	0
35	15	0	0	0
35	20	0	0	0
35	25	0	0	0
35	30	0	0	0
35	35	0	0	0
35	40	93.0	0	1
35	45	150.0	0	2
35	50	0	0	0
35	55	29.0	0	1
35	60	10.0	0	1
35	65	0	0	0
35	70	0	0	0
35	75	0	0	0
35	80	0	0	0
35	85	0	0	0
35	90	0	0	0
35	95	0	0	0
35	100	0	0	0
35	105	0	0	0
35	110	0	0	0
35	115	0	0	0
35	120	0	0	0
35	125	0	0	0
35	130	0	0	0
35	135	0	0	0
35	140	0	0	0
35	145	0	0	0
35	150	0	0	0
35	155	0	0	0
35	160	0	0	0
35	165	0	0	0
35	170	0	0	0
35	175	0	0	0
40	-180	0	0	0
40	-175	0	0	0
40	-170	0	0	0
40	-165	0	0	0
40	-160	0	0	0
40	-155	0	0	0
40	-150	79.0	0	1
40	-145	0	0	0
40	-140	0	0	0
40	-135	0	0	0
40	-130	0	0	0
40	-125	0	0	0
40	-120	4.0	0	1
40	-115	0	0	0
40	-110	0	0	0
40	-105	0	0	0
40	-100	0	0	0
40	-95	0	0	0
40	-90	0	0	0
40	-85	0	0	0
40	-80	0	0	0
40	-75	0	0	0
40	-70	0	0	0
40	-65	0	0	0
40	-60	0	0	0
40	-55	0	0	0
40	-50	0	0	0
40	-45	0	0	0
40	-40	0	0	0
40	-35	0	0	0
40	-30	0	0	0
40	-25	0	0	0
40	-20	0	0	0
40	-15	0	0	1
40	-10	0	0	0
40	-5	0	0	0
40	0	0	0	0
40	5	0	0	0
40	10	0	0	0
40	15	0	0	0
40	20	0	0	0
40	25	0	0	0
40	30	0	0	0
40	35	102.0	0	3
40	40	147.0	0	1
40	45	179.0	0	3
40	50	158.0	0	4
40	55	128.0	0	2
40	60	0	0	0
40	65	101.0	0	1
40	70	0	0	0
40	75	0	0	0
40	80	0	0	0
40	85	0	0	0
40	90	0	0	0
40	95	0	0	0
40	100	0	0	0
40	105	0	0	0
40	110	0	0	0
40	115	0	0	0
40	120	0	0	0
40	125	0	0	0
40	130	0	0	0
40	135	0	0	0
40	140	0	0	0
40	145	0	0	0
40	150	0	0	0
40	155	0	0	0
40	160	0	0	0
40	165	0	0	0
40	170	0	0	0
40	175	0	0	0
45	-180	0	0	0
45	-175	0	0	0
45	-170	0	0	0
45	-165	0	0	0
45	-160	0	0	0
45	-155	0	0	0
45	-150	0	0	0
45	-145	0	0	0
45	-140	0	0	0
45	-135	0	0	0
45	-130	153.0	0	3
45	-125	115.0	0	2
45	-120	0	0	0
45	-115	162.0	0	2
45	-110	0	0	0
45	-105	0	0	0
45	-100	0	0	0
45	-95	0	0	0
45	-90	0	0	0
45	-85	0	0	0
45	-80	0	0	0
45	-75	0	0	0
45	-70	0	0	0
45	-65	0	0	0
45	-60	0	0	0
45	-55	0	0	0
45	-50	0	0	0
45	-45	0	0	0
45	-40	0	0	0
45	-35	0	0	0
45	-30	0	0	0
45	-25	193.0	0	1
45	-20	0	0	0
45	-15	0	0	0
45	-10	0	0	0
45	-5	0	0	0
45	0	0	0	0
45	5	0	0	0
45	10	0	0	0
45	15	0	0	0
45	20	0	0	0
45	25	0	0	0
45	30	0	0	0
45	35	166.0	0	3
45	40	195.0	0	9
45	45	173.0	0	11
45	50	165.0	0	7
45	55	60.0	0	3
45	60	101.0	0	2
45	65	46.0	0	1
45	70	0	0	0
45	75	127.0	0	1
45	80	0	0	0
45	85	0	0	0
45	90	0	0	0
45	95	0	0	0
45	100	0	0	0
45	105	0	0	0
45	110	0	0	0
45	115	0	0	0
45	120	0	0	0
45	125	0	0	0
45	130	0	0	0
45	135	0	0	0
45	140	0	0	0
45	145	0	0	0
45	150	0	0	0
45	155	0	0	0
45	160	0	0	0
45	165	0	0	0
45	170	0	0	0
45	175	0	0	0
50	-180	0	0	0
50	-175	0	0	0
50	-170	0	0	0
50	-165	0	0	0
50	-160	0	0	0
50	-155	0	0	0
50	-150	0	0	0
50	-145	76.0	0	1
50	-140	79.0	0	2
50	-135	59.0	0	2
50	-130	132.0	0	2
50	-125	0	0	1
50	-120	70.0	0	1
50	-115	0	0	0
50	-110	0	0	0
50	-105	0	0	0
50	-100	0	0	0
50	-95	0	0	0
50	-90	0	0	0
50	-85	0	0	0
50	-80	0	0	0
50	-75	0	0	0
50	-70	0	0	0
50	-65	0	0	0
50	-60	0	0	0
50	-55	0	0	0
50	-50	0	0	0
50	-45	0	0	0
50	-40	0	0	0
50	-35	0	0	0
50	-30	0	0	0
50	-25	0	0	0
50	-20	0	0	0
50	-15	0	0	0
50	-10	0	0	0
50	-5	0	0	0
50	0	0	0	0
50	5	0	0	0
50	10	0	0	0
50	15	0	0	0
50	20	136.0	0	1
50	25	122.0	0	4
50	30	216.0	0	11
50	35	173.0	0	18
50	40	175.0	0	33
50	45	203.0	0	18
50	50	178.0	0	15
50	55	96.0	0	5
50	60	99.0	0	3
50	65	0	0	0
50	70	14.0	0	1
50	75	0	0	0
50	80	0	0	0
50	85	0	0	0
50	90	0	0	0
50	95	0	0	0
50	100	0	0	0
50	105	0	0	0
50	110	0	0	0
50	115	0	0	0
50	120	0	0	0
50	125	0	0	0
50	130	0	0	0
50	135	0	0	0
50	140	0	0	0
50	145	0	0	0
50	150	0	0	0
50	155	0	0	0
50	160	0	0	0
50	165	0	0	0
50	170	0	0	0
50	175	0	0	0
55	-180	0	0	0
55	-175	0	0	0
55	-170	0	0	0
55	-165	0	0	0
55	-160	29.0	0	1
55	-155	0	0	0
55	-150	0	0	0
55	-145	0	0	0
55	-140	0	0	0
55	-135	80.0	0	2
55	-130	119.0	0	1
55	-125	0	0	0
55	-120	0	0	0
55	-115	0	0	0
55	-110	0	0	0
55	-105	0	0	0
55	-100	0	0	0
55	-95	0	0	0
55	-90	0	0	0
55	-85	0	0	0
55	-80	0	0	0
55	-75	0	0	0
55	-70	0	0	1
55	-65	0	0	0
55	-60	0	0	0
55	-55	0	0	0
55	-50	0	0	0
55	-45	0	0	0
55	-40	0	0	0
55	-35	0	0	0
55	-30	0	0	0
55	-25	0	0	0
55	-20	0	0	0
55	-15	0	0	0
55	-10	0	0	0
55	-5	0	0	0
55	0	0	0	0
55	5	0	0	0
55	10	0	0	0
55	15	132.0	0	3
55	20	182.0	0	7
55	25	145.0	0	9
55	30	174.0	0	25
55	35	184.0	0	15
55	40	179.0	0	29
55	45	172.0	0	14
55	50	111.0	0	6
55	55	0	0	0
55	60	82.0	0	2
55	65	0	0	0
55	70	0	0	0
55	75	76.0	0	1
55	80	0	0	0
55	85	0	0	1
55	90	0	0	0
55	95	0	0	0
55	100	0	0	0
55	105	0	0	0
55	110	0	0	0
55	115	0	0	0
55	120	0	0	0
55	125	0	0	0
55	130	0	0	0
55	135	0	0	0
55	140	0	0	0
55	145	0	0	0
55	150	0	0	0
55	155	0	0	0
55	160	0	0	0
55	165	0	0	0
55	170	0	0	0
55	175	0	0	0
60	-180	0	0	0
60	-175	0	0	0
60	-170	0	0	0
60	-165	0	0	0
60	-160	122.0	0	2
60	-155	0	0	0
60	-150	77.0	0	2
60	-145	0	0	0
60	-140	0	0	0
60	-135	0	0	0
60	-130	0	0	0
60	-125	0	0	0
60	-120	161.0	0	1
60	-115	168.0	0	1
60	-110	0	0	0
60	-105	0	0	0
60	-100	0	0	0
60	-95	0	0	0
60	-90	0	0	0
60	-85	0	0	0
60	-80	0	0	0
60	-75	0	0	0
60	-70	0	0	0
60	-65	0	0	0
60	-60	0	0	0
60	-55	0	0	0
60	-50	0	0	0
60	-45	5.0	0	1
60	-40	0	0	0
60	-35	0	0	0
60	-30	0	0	0
60	-25	0	0	0
60	-20	0	0	0
60	-15	0	0	0
60	-10	0	0	0
60	-5	0	0	0
60	0	146.0	0	1
60	5	82.0	0	1
60	10	193.0	0	2
60	15	195.0	0	5
60	20	161.0	0	10
60	25	162.0	0	20
60	30	185.0	0	22
60	35	166.0	0	17
60	40	173.0	0	17
60	45	54.0	0	1
60	50	153.0	0	3
60	55	155.0	0	4
60	60	168.0	0	2
60	65	0	0	0
60	70	0	0	0
60	75	0	0	0
60	80	0	0	0
60	85	0	0	0
60	90	0	0	0
60	95	0	0	0
60	100	0	0	0
60	105	0	0	0
60	110	0	0	0
60	115	0	0	0
60	120	0	0	0
60	125	0	0	0
60	130	0	0	0
60	135	0	0	0
60	140	0	0	0
60	145	0	0	0
60	150	0	0	0
60	155	0	0	0
60	160	0	0	0
60	165	0	0	0
60	170	0	0	0
60	175	0	0	0
65	-180	0	0	0
65	-175	0	0	0
65	-170	0	0	0
65	-165	123.0	0	1
65	-160	3.0	0	1
65	-155	0	0	0
65	-150	0	0	0
65	-145	0	0	0
65	-140	0	0	0
65	-135	0	0	0
65	-130	0	0	0
65	-125	39.0	0	1
65	-120	0	0	0
65	-115	0	0	0
65	-110	0	0	0
65	-105	0	0	0
65	-100	0	0	0
65	-95	0	0	0
65	-90	0	0	0
65	-85	0	0	0
65	-80	0	0	0
65	-75	0	0	0
65	-70	0	0	0
65	-65	0	0	0
65	-60	0	0	0
65	-55	0	0	0
65	-50	87.0	0	1
65	-45	0	0	0
65	-40	0	0	0
65	-35	0	0	0
65	-30	1.0	0	1
65	-25	123.0	0	2
65	-20	0	0	0
65	-15	0	0	0
65	-10	0	0	0
65	-5	0	0	0
65	0	0	0	0
65	5	178.0	0	5
65	10	178.0	0	7
65	15	191.0	0	15
65	20	202.0	0	13
65	25	177.0	0	11
65	30	156.0	0	5
65	35	166.0	0	4
65	40	166.0	0	3
65	45	0	0	0
65	50	0	0	1
65	55	101.0	0	1
65	60	12.0	0	1
65	65	41.0	0	2
65	70	108.0	0	1
65	75	0	0	0
65	80	0	0	0
65	85	0	0	0
65	90	0	0	0
65	95	0	0	1
65	100	0	0	0
65	105	0	0	0
65	110	0	0	0
65	115	0	0	0
65	120	0	0	0
65	125	0	0	0
65	130	0	0	0
65	135	0	0	0
65	140	0	0	0
65	145	0	0	0
65	150	0	0	0
65	155	0	0	0
65	160	0	0	0
65	165	0	0	1
65	170	0	0	0
65	175	0	0	1
70	-180	0	0	0
70	-175	0	0	0
70	-170	0	0	0
70	-165	0	0	0
70	-160	0	0	0
70	-155	0	0	0
70	-150	0	0	0
70	-145	0	0	0
70	-140	0	0	0
70	-135	0	0	0
70	-130	0	0	0
70	-125	0	0	0
70	-120	0	0	0
70	-115	0	0	0
70	-110	0	0	0
70	-105	0	0	0
70	-100	0	0	0
70	-95	0	0	0
70	-90	0	0	0
70	-85	0	0	0
70	-80	0	0	0
70	-75	0	0	1
70	-70	0	0	0
70	-65	32.0	0	1
70	-60	0	0	0
70	-55	4.0	0	1
70	-50	25.0	0	2
70	-45	0	0	0
70	-40	144.0	0	2
70	-35	0	0	0
70	-30	0	0	0
70	-25	0	0	0
70	-20	0	0	0
70	-15	28.0	0	1
70	-10	0	0	0
70	-5	132.0	0	2
70	0	172.0	0	5
70	5	207.0	0	11
70	10	200.0	0	8
70	15	166.0	0	8
70	20	111.0	0	2
70	25	114.0	0	2
70	30	93.0	0	3
70	35	110.0	0	1
70	40	25.0	0	1
70	45	0	0	0
70	50	0	0	0
70	55	0	0	0
70	60	0	0	0
70	65	0	0	0
70	70	0	0	0
70	75	0	0	0
70	80	0	0	0
70	85	0	0	1
70	90	0	0	0
70	95	0	0	0
70	100	0	0	0
70	105	0	0	0
70	110	0	0	0
70	115	0	0	0
70	120	0	0	0
70	125	0	0	0
70	130	0	0	0
70	135	0	0	0
70	140	0	0	0
70	145	0	0	0
70	150	0	0	0
70	155	0	0	0
70	160	0	0	0
70	165	0	0	0
70	170	0	0	0
70	175	0	0	0
75	-180	0	0	0
75	-175	0	0	0
75	-170	0	0	0
75	-165	0	0	0
75	-160	0	0	0
75	-155	0	0	0
75	-150	0	0	0
75	-145	0	0	0
75	-140	0	0	0
75	-135	0	0	0
75	-130	0	0	0
75	-125	0	0	0
75	-120	0	0	0
75	-115	0	0	0
75	-110	0	0	0
75	-105	0	0	0
75	-100	0	0	0
75	-95	0	0	0
75	-90	0	0	1
75	-85	0	0	0
75	-80	0	0	0
75	-75	0	0	0
75	-70	0	0	0
75	-65	2.0	0	1
75	-60	0	0	0
75	-55	47.0	0	2
75	-50	0	0	0
75	-45	0	0	0
75	-40	0	0	0
75	-35	0	0	0
75	-30	0	0	0
75	-25	0	0	0
75	-20	0	0	0
75	-15	0	0	0
75	-10	66.0	0	1
75	-5	39.0	0	1
75	0	168.0	0	6
75	5	70.0	0	4
75	10	161.0	0	3
75	15	59.0	0	2
75	20	143.0	0	2
75	25	0	0	0
75	30	0	0	0
75	35	0	0	0
75	40	0	0	0
75	45	0	0	0
75	50	0	0	0
75	55	0	0	0
75	60	0	0	0
75	65	0	0	0
75	70	0	0	0
75	75	0	0	0
75	80	0	0	0
75	85	0	0	0
75	90	0	0	0
75	95	0	0	0
75	100	0	0	0
75	105	0	0	0
75	110	0	0	0
75	115	0	0	0
75	120	0	0	0
75	125	0	0	0
75	130	0	0	1
75	135	0	0	0
75	140	0	0	1
75	145	0	0	0
75	150	0	0	0
75	155	0	0	1
75	160	0	0	0
75	165	0	0	0
75	170	0	0	0
75	175	0	0	0
80	-180	0	0	0
80	-175	0	0	0
80	-170	0	0	0
80	-165	0	0	0
80	-160	0	0	0
80	-155	0	0	0
80	-150	0	0	0
80	-145	0	0	0
80	-140	0	0	0
80	-135	0	0	0
80	-130	0	0	0
80	-125	0	0	0
80	-120	0	0	0
80	-115	0	0	0
80	-110	0	0	0
80	-105	0	0	0
80	-100	0	0	0
80	-95	0	0	0
80	-90	0	0	0
80	-85	0	0	0
80	-80	0	0	1
80	-75	0	0	0
80	-70	0	0	0
80	-65	0	0	0
80	-60	0	0	0
80	-55	0	0	0
80	-50	110.0	0	1
80	-45	0	0	0
80	-40	0	0	0
80	-35	0	0	0
80	-30	0	0	0
80	-25	0	0	0
80	-20	0	0	0
80	-15	0	0	0
80	-10	0	0	0
80	-5	126.0	0	1
80	0	91.0	0	1
80	5	106.0	0	1
80	10	0	0	0
80	15	0	0	0
80	20	80.0	0	1
80	25	0	0	0
80	30	0	0	0
80	35	0	0	0
80	40	0	0	0
80	45	0	0	0
80	50	0	0	0
80	55	0	0	0
80	60	0	0	0
80	65	0	0	0
80	70	0	0	0
80	75	0	0	0
80	80	0	0	0
80	85	0	0	0
80	90	0	0	0
80	95	0	0	0
80	100	0	0	0
80	105	0	0	0
80	110	0	0	0
80	115	0	0	0
80	120	0	0	0
80	125	0	0	0
80	130	0	0	0
80	135	0	0	0
80	140	0	0	0
80	145	0	0	0
80	150	0	0	0
80	155	0	0	0
80	160	0	0	0
80	165	0	0	0
80	170	0	0	1
80	175	0	0	0
85	-180	0	0	0
85	-175	0	0	0
85	-170	0	0	0
85	-165	0	0	0
85	-160	0	0	0
85	-155	0	0	0
85	-150	0	0	0
85	-145	0	0	0
85	-140	0	0	0
85	-135	0	0	0
85	-130	0	0	0
85	-125	0	0	0
85	-120	0	0	0
85	-115	0	0	0
85	-110	0	0	0
85	-105	0	0	0
85	-100	0	0	0
85	-95	0	0	0
85	-90	0	0	0
85	-85	0	0	0
85	-80	0	0	0
85	-75	0	0	0
85	-70	0	0	0
85	-65	0	0	0
85	-60	0	0	0
85	-55	0	0	0
85	-50	0	0	0
85	-45	0	0	0
85	-40	0	0	0
85	-35	0	0	0
85	-30	0	0	0
85	-25	0	0	0
85	-20	0	0	0
85	-15	0	0	0
85	-10	0	0	0
85	-5	0	0	0
85	0	0	0	0
85	5	0	0	0
85	10	167.0	0	1
85	15	0	0	0
85	20	0	0	0
85	25	0	0	0
85	30	0	0	0
85	35	0	0	0
85	40	0	0	0
85	45	0	0	0
85	50	0	0	0
85	55	0	0	0
85	60	0	0	0
85	65	0	0	0
85	70	0	0	0
85	75	0	0	0
85	80	0	0	0
85	85	0	0	0
85	90	0	0	0
85	95	0	0	0
85	100	0	0	0
85	105	0	0	0
85	110	0	0	0
85	115	0	0	0
85	120	0	0	0
85	125	0	0	0
85	130	0	0	0
85	135	0	0	0
85	140	0	0	0
85	145	0	0	0
85	150	0	0	0
85	155	0	0	0
85	160	0	0	0
85	165	0	0	0
85	170	0	0	0
85	175	0	0	0
90	-180	0	0	0
90	-175	0	0	0
90	-170	0	0	0
90	-165	0	0	0
90	-160	0	0	0
90	-155	0	0	0
90	-150	0	0	0
90	-145	0	0	0
90	-140	0	0	0
90	-135	0	0	0
90	-130	0	0	0
90	-125	0	0	0
90	-120	0	0	0
90	-115	0	0	0
90	-110	0	0	0
90	-105	0	0	0
90	-100	0	0	0
90	-95	0	0	0
90	-90	0	0	0
90	-85	0	0	0
90	-80	0	0	0
90	-75	0	0	0
90	-70	0	0	0
90	-65	0	0	0
90	-60	0	0	0
90	-55	0	0	0
90	-50	0	0	0
90	-45	0	0	0
90	-40	0	0	0
90	-35	0	0	0
90	-30	0	0	0
90	-25	0	0	0
90	-20	0	0	0
90	-15	0	0	0
90	-10	0	0	0
90	-5	0	0	0
90	0	0	0	0
90	5	67.0	0	1
90	10	0	0	0
90	15	0	0	0
90	20	0	0	0
90	25	0	0	0
90	30	0	0	0
90	35	0	0	0
90	40	0	0	0
90	45	0	0	0
90	50	0	0	0
90	55	0	0	0
90	60	0	0	0
90	65	0	0	0
90	70	0	0	0
90	75	0	0	0
90	80	0	0	0
90	85	0	0	0
90	90	0	0	0
90	95	0	0	0
90	100	0	0	0
90	105	0	0	0
90	110	0	0	0
90	115	0	0	0
90	120	0	0	0
90	125	0	0	0
90	130	0	0	0
90	135	0	0	0
90	140	0	0	0
90	145	0	0	0
90	150	0	0	0
90	155	0	0	0
90	160	0	0	0
90	165	0	0	0
90	170	0	0	0
90	175	0	0	0
95	-180	0	0	0
95	-175	0	0	0
95	-170	0	0	0
95	-165	0	0	0
95	-160	0	0	0
95	-155	0	0	0
95	-150	0	0	0
95	-145	0	0	0
95	-140	0	0	0
95	-135	0	0	0
95	-130	0	0	0
95	-125	0	0	0
95	-120	0	0	0
95	-115	0	0	0
95	-110	0	0	0
95	-105	0	0	0
95	-100	0	0	0
95	-95	0	0	0
95	-90	0	0	0
95	-85	0	0	0
95	-80	0	0	0
95	-75	0	0	0
95	-70	0	0	0
95	-65	0	0	0
95	-60	0	0	0
95	-55	0	0	0
95	-50	0	0	0
95	-45	0	0	0
95	-40	0	0	0
95	-35	0	0	0
95	-30	0	0	0
95	-25	0	0	0
95	-20	0	0	0
95	-15	0	0	0
95	-10	0	0	0
95	-5	0	0	0
95	0	0	0	0
95	5	0	0	0
95	10	0	0	0
95	15	0	0	0
95	20	0	0	0
95	25	0	0	0
95	30	0	0	0
95	35	0	0	0
95	40	0	0	0
95	45	0	0	0
95	50	0	0	0
95	55	0	0	0
95	60	0	0	0
95	65	0	0	0
95	70	0	0	0
95	75	0	0	0
95	80	0	0	0
95	85	0	0	0
95	90	0	0	0
95	95	0	0	0
95	100	0	0	0
95	105	0	0	0
95	110	0	0	0
95	115	0	0	0
95	120	0	0	0
95	125	0	0	0
95	130	0	0	0
95	135	0	0	0
95	140	0	0	0
95	145	0	0	0
95	150	0	0	0
95	155	0	0	0
95	160	0	0	0
95	165	0	0	0
95	170	0	0	0
95	175	0	0	0
100	-180	0	0	0
100	-175	0	0	0
100	-170	0	0	0
100	-165	0	0	0
100	-160	0	0	0
100	-155	0	0	0
100	-150	0	0	0
100	-145	0	0	0
100	-140	0	0	0
100	-135	0	0	0
100	-130	0	0	0
100	-125	0	0	0
100	-120	0	0	0
100	-115	0	0	0
100	-110	0	0	0
100	-105	0	0	0
100	-100	0	0	0
100	-95	0	0	0
100	-90	0	0	0
100	-85	0	0	0
100	-80	0	0	0
100	-75	0	0	0
100	-70	0	0	0
100	-65	0	0	0
100	-60	0	0	0
100	-55	0	0	0
100	-50	0	0	0
100	-45	0	0	0
100	-40	0	0	0
100	-35	0	0	1
100	-30	0	0	0
100	-25	0	0	0
100	-20	0	0	0
100	-15	0	0	0
100	-10	0	0	0
100	-5	0	0	0
100	0	0	0	0
100	5	0	0	0
100	10	0	0	0
100	15	0	0	0
100	20	0	0	0
100	25	0	0	0
100	30	0	0	0
100	35	0	0	0
100	40	0	0	0
100	45	0	0	0
100	50	0	0	0
100	55	0	0	0
100	60	0	0	0
100	65	0	0	0
100	70	0	0	0
100	75	0	0	0
100	80	0	0	0
100	85	0	0	0
100	90	0	0	0
100	95	0	0	0
100	100	0	0	0
100	105	0	0	0
100	110	0	0	0
100	115	0	0	0
100	120	0	0	0
100	125	0	0	0
100	130	0	0	0
100	135	0	0	0
100	140	0	0	0
100	145	0	0	0
100	150	0	0	0
100	155	0	0	0
100	160	0	0	0
100	165	0	0	0
100	170	0	0	0
100	175	0	0	0
105	-180	0	0	0
105	-175	0	0	0
105	-170	0	0	0
105	-165	0	0	0
105	-160	0	0	0
105	-155	0	0	0
105	-150	0	0	0
105	-145	0	0	0
105	-140	0	0	0
105	-135	0	0	0
105	-130	0	0	0
105	-125	0	0	0
105	-120	0	0	0
105	-115	0	0	0
105	-110	0	0	0
105	-105	0	0	0
105	-100	0	0	0
105	-95	0	0	0
105	-90	0	0	0
105	-85	0	0	0
105	-80	0	0	0
105	-75	0	0	0
105	-70	0	0	0
105	-65	0	0	0
105	-60	0	0	0
105	-55	0	0	0
105	-50	0	0	0
105	-45	0	0	0
105	-40	0	0	0
105	-35	0	0	0
105	-30	0	0	0
105	-25	0	0	0
105	-20	0	0	0
105	-15	0	0	0
105	-10	0	0	0
105	-5	0	0	0
105	0	0	0	0
105	5	0	0	0
105	10	0	0	0
105	15	0	0	0
105	20	0	0	0
105	25	0	0	0
105	30	0	0	0
105	35	0	0	0
105	40	0	0	0
105	45	0	0	0
105	50	0	0	0
105	55	0	0	0
105	60	0	0	0
105	65	0	0	0
105	70	0	0	0
105	75	0	0	0
105	80	0	0	0
105	85	0	0	0
105	90	0	0	0
105	95	0	0	0
105	100	0	0	0
105	105	0	0	0
105	110	0	0	0
105	115	0	0	0
105	120	0	0	0
105	125	0	0	0
105	130	0	0	0
105	135	0	0	0
105	140	0	0	0
105	145	0	0	0
105	150	0	0	0
105	155	0	0	0
105	160	0	0	0
105	165	0	0	0
105	170	0	0	0
105	175	0	0	0
110	-180	0	0	0
110	-175	0	0	0
110	-170	0	0	0
110	-165	0	0	0
110	-160	0	0	0
110	-155	0	0	0
110	-150	0	0	0
110	-145	0	0	0
110	-140	0	0	0
110	-135	0	0	0
110	-130	0	0	0
110	-125	0	0	0
110	-120	0	0	0
110	-115	0	0	0
110	-110	0	0	0
110	-105	0	0	0
110	-100	0	0	0
110	-95	0	0	0
110	-90	0	0	0
110	-85	0	0	0
110	-80	0	0	0
110	-75	0	0	0
110	-70	0	0	0
110	-65	0	0	0
110	-60	0	0	0
110	-55	0	0	0
110	-50	0	0	0
110	-45	0	0	0
110	-40	0	0	0
110	-35	0	0	0
110	-30	0	0	0
110	-25	0	0	0
110	-20	0	0	0
110	-15	0	0	0
110	-10	0	0	0
110	-5	0	0	0
110	0	0	0	0
110	5	0	0	0
110	10	0	0	0
110	15	0	0	0
110	20	0	0	0
110	25	0	0	0
110	30	0	0	0
110	35	0	0	0
110	40	0	0	0
110	45	0	0	0
110	50	0	0	0
110	55	0	0	0
110	60	0	0	0
110	65	0	0	0
110	70	0	0	0
110	75	0	0	0
110	80	0	0	0
110	85	0	0	0
110	90	0	0	0
110	95	0	0	0
110	100	0	0	0
110	105	0	0	0
110	110	0	0	0
110	115	0	0	0
110	120	0	0	0
110	125	0	0	0
110	130	0	0	0
110	135	0	0	0
110	140	0	0	0
110	145	0	0	0
110	150	0	0	0
110	155	0	0	0
110	160	0	0	0
110	165	0	0	0
110	170	0	0	0
110	175	0	0	0
115	-180	0	0	0
115	-175	0	0	0
115	-170	0	0	0
115	-165	0	0	0
115	-160	0	0	0
115	-155	0	0	0
115	-150	0	0	0
115	-145	0	0	0
115	-140	0	0	0
115	-135	0	0	0
115	-130	0	0	0
115	-125	0	0	0
115	-120	0	0	0
115	-115	0	0	0
115	-110	0	0	0
115	-105	0	0	0
115	-100	0	0	0
115	-95	0	0	0
115	-90	0	0	0
115	-85	0	0	0
115	-80	0	0	0
115	-75	0	0	0
115	-70	0	0	0
115	-65	0	0	0
115	-60	0	0	0
115	-55	0	0	0
115	-50	0	0	0
115	-45	0	0	0
115	-40	0	0	0
115	-35	0	0	0
115	-30	0	0	0
115	-25	0	0	0
115	-20	0	0	0
115	-15	0	0	0
115	-10	0	0	0
115	-5	0	0	0
115	0	0	0	0
115	5	0	0	0
115	10	0	0	0
115	15	0	0	0
115	20	0	0	0
115	25	0	0	0
115	30	0	0	0
115	35	0	0	0
115	40	0	0	0
115	45	0	0	0
115	50	0	0	0
115	55	0	0	0
115	60	0	0	0
115	65	0	0	0
115	70	0	0	0
115	75	0	0	0
115	80	0	0	0
115	85	0	0	0
115	90	0	0	0
115	95	0	0	0
115	100	0	0	0
115	105	0	0	0
115	110	0	0	0
115	115	0	0	0
115	120	0	0	0
115	125	0	0	0
115	130	0	0	0
115	135	0	0	0
115	140	0	0	0
115	145	0	0	0
115	150	0	0	0
115	155	0	0	0
115	160	0	0	0
115	165	0	0	0
115	170	0	0	0
115	175	0	0	0
120	-180	0	0	0
120	-175	0	0	0
120	-170	0	0	0
120	-165	0	0	0
120	-160	0	0	0
120	-155	0	0	0
120	-150	0	0	0
120	-145	0	0	0
120	-140	0	0	0
120	-135	0	0	0
120	-130	0	0	0
120	-125	0	0	0
120	-120	0	0	0
120	-115	0	0	0
120	-110	0	0	0
120	-105	0	0	0
120	-100	0	0	0
120	-95	0	0	0
120	-90	0	0	0
120	-85	0	0	0
120	-80	0	0	0
120	-75	0	0	0
120	-70	0	0	0
120	-65	0	0	0
120	-60	0	0	0
120	-55	0	0	0
120	-50	0	0	0
120	-45	0	0	0
120	-40	0	0	0
120	-35	0	0	0
120	-30	0	0	0
120	-25	0	0	0
120	-20	0	0	0
120	-15	0	0	0
120	-10	0	0	0
120	-5	0	0	0
120	0	0	0	0
120	5	0	0	0
120	10	0	0	0
120	15	0	0	0
120	20	0	0	0
120	25	0	0	0
120	30	0	0	0
120	35	0	0	0
120	40	0	0	0
120	45	0	0	0
120	50	0	0	0
120	55	0	0	0
120	60	0	0	0
120	65	0	0	0
120	70	0	0	0
120	75	0	0	0
120	80	0	0	0
120	85	0	0	0
120	90	0	0	0
120	95	0	0	0
120	100	0	0	0
120	105	0	0	0
120	110	0	0	0
120	115	0	0	0
120	120	0	0	0
120	125	0	0	0
120	130	0	0	0
120	135	0	0	0
120	140	0	0	0
120	145	0	0	0
120	150	0	0	0
120	155	0	0	0
120	160	0	0	0
120	165	0	0	0
120	170	0	0	0
120	175	0	0	0
125	-180	0	0	0
125	-175	0	0	0
125	-170	0	0	0
125	-165	0	0	0
125	-160	0	0	0
125	-155	0	0	0
125	-150	0	0	0
125	-145	0	0	0
125	-140	0	0	0
125	-135	0	0	0
125	-130	0	0	0
125	-125	0	0	0
125	-120	0	0	0
125	-115	0	0	0
125	-110	0	0	0
125	-105	0	0	0
125	-100	0	0	0
125	-95	0	0	0
125	-90	0	0	0
125	-85	0	0	0
125	-80	0	0	0
125	-75	0	0	0
125	-70	0	0	0
125	-65	0	0	0
125	-60	0	0	0
125	-55	0	0	0
125	-50	0	0	0
125	-45	0	0	0
125	-40	0	0	0
125	-35	0	0	0
125	-30	0	0	0
125	-25	0	0	0
125	-20	0	0	0
125	-15	0	0	0
125	-10	0	0	0
125	-5	0	0	0
125	0	0	0	0
125	5	0	0	0
125	10	0	0	0
125	15	0	0	0
125	20	0	0	0
125	25	0	0	0
125	30	0	0	0
125	35	0	0	0
125	40	0	0	0
125	45	0	0	0
125	50	0	0	0
125	55	0	0	0
125	60	0	0	0
125	65	0	0	0
125	70	0	0	0
125	75	0	0	0
125	80	0	0	0
125	85	0	0	0
125	90	0	0	0
125	95	0	0	0
125	100	0	0	0
125	105	0	0	0
125	110	0	0	0
125	115	0	0	0
125	120	0	0	0
125	125	0	0	0
125	130	0	0	0
125	135	0	0	0
125	140	0	0	0
125	145	0	0	0
125	150	0	0	0
125	155	0	0	0
125	160	0	0	1
125	165	0	0	0
125	170	0	0	0
125	175	0	0	0
130	-180	0	0	0
130	-175	0	0	0
130	-170	0	0	0
130	-165	0	0	0
130	-160	0	0	0
130	-155	0	0	0
130	-150	0	0	0
130	-145	0	0	0
130	-140	0	0	0
130	-135	0	0	0
130	-130	0	0	0
130	-125	0	0	0
130	-120	0	0	0
130	-115	0	0	0
130	-110	0	0	0
130	-105	0	0	0
130	-100	0	0	0
130	-95	0	0	0
130	-90	0	0	0
130	-85	0	0	0
130	-80	0	0	0
130	-75	0	0	0
130	-70	0	0	0
130	-65	0	0	0
130	-60	0	0	0
130	-55	0	0	0
130	-50	0	0	0
130	-45	0	0	0
130	-40	0	0	0
130	-35	0	0	0
130	-30	0	0	0
130	-25	0	0	0
130	-20	0	0	0
130	-15	0	0	0
130	-10	0	0	0
130	-5	0	0	0
130	0	0	0	0
130	5	0	0	0
130	10	0	0	0
130	15	0	0	0
130	20	0	0	0
130	25	0	0	0
130	30	0	0	0
130	35	0	0	0
130	40	0	0	0
130	45	0	0	0
130	50	0	0	0
130	55	0	0	0
130	60	0	0	0
130	65	0	0	0
130	70	0	0	0
130	75	0	0	0
130	80	0	0	0
130	85	0	0	0
130	90	0	0	0
130	95	0	0	0
130	100	0	0	0
130	105	0	0	0
130	110	0	0	0
130	115	0	0	0
130	120	0	0	0
130	125	0	0	0
130	130	0	0	0
130	135	0	0	0
130	140	0	0	0
130	145	0	0	0
130	150	0	0	0
130	155	0	0	0
130	160	0	0	0
130	165	0	0	0
130	170	0	0	0
130	175	0	0	0
135	-180	0	0	0
135	-175	0	0	0
135	-170	0	0	0
135	-165	0	0	0
135	-160	0	0	0
135	-155	0	0	0
135	-150	0	0	0
135	-145	0	0	0
135	-140	0	0	0
135	-135	0	0	0
135	-130	0	0	0
135	-125	0	0	0
135	-120	0	0	0
135	-115	0	0	0
135	-110	0	0	0
135	-105	0	0	0
135	-100	0	0	0
135	-95	0	0	0
135	-90	0	0	0
135	-85	0	0	0
135	-80	0	0	0
135	-75	0	0	0
135	-70	0	0	0
135	-65	0	0	0
135	-60	0	0	0
135	-55	0	0	0
135	-50	0	0	0
135	-45	0	0	0
135	-40	0	0	0
135	-35	0	0	0
135	-30	0	0	0
135	-25	0	0	0
135	-20	0	0	0
135	-15	0	0	0
135	-10	0	0	0
135	-5	0	0	0
135	0	0	0	0
135	5	0	0	0
135	10	0	0	0
135	15	0	0	0
135	20	0	0	0
135	25	0	0	0
135	30	0	0	0
135	35	0	0	0
135	40	0	0	0
135	45	0	0	0
135	50	0	0	0
135	55	0	0	0
135	60	0	0	0
135	65	0	0	0
135	70	0	0	0
135	75	0	0	0
135	80	0	0	0
135	85	0	0	0
135	90	0	0	0
135	95	0	0	0
135	100	0	0	0
135	105	0	0	0
135	110	0	0	0
135	115	0	0	0
135	120	0	0	0
135	125	0	0	0
135	130	0	0	0
135	135	0	0	0
135	140	0	0	0
135	145	0	0	0
135	150	0	0	0
135	155	0	0	0
135	160	0	0	0
135	165	0	0	0
135	170	0	0	0
135	175	0	0	0
140	-180	0	0	0
140	-175	0	0	0
140	-170	0	0	0
140	-165	0	0	0
140	-160	0	0	0
140	-155	0	0	0
140	-150	0	0	0
140	-145	0	0	0
140	-140	0	0	0
140	-135	0	0	0
140	-130	0	0	0
140	-125	0	0	0
140	-120	0	0	0
140	-115	0	0	0
140	-110	0	0	0
140	-105	0	0	0
140	-100	0	0	0
140	-95	0	0	0
140	-90	0	0	0
140	-85	0	0	0
140	-80	0	0	0
140	-75	0	0	0
140	-70	0	0	0
140	-65	0	0	0
140	-60	0	0	0
140	-55	0	0	0
140	-50	0	0	0
140	-45	0	0	0
140	-40	0	0	0
140	-35	0	0	0
140	-30	0	0	0
140	-25	0	0	0
140	-20	0	0	0
140	-15	0	0	0
140	-10	0	0	0
140	-5	0	0	0
140	0	0	0	0
140	5	0	0	0
140	10	0	0	0
140	15	0	0	0
140	20	0	0	0
140	25	0	0	0
140	30	0	0	0
140	35	0	0	0
140	40	0	0	0
140	45	0	0	0
140	50	0	0	0
140	55	0	0	0
140	60	0	0	0
140	65	0	0	0
140	70	0	0	0
140	75	0	0	0
140	80	0	0	0
140	85	0	0	0
140	90	0	0	0
140	95	0	0	0
140	100	0	0	0
140	105	0	0	0
140	110	0	0	0
140	115	0	0	0
140	120	0	0	0
140	125	0	0	0
140	130	0	0	0
140	135	0	0	0
140	140	0	0	0
140	145	0	0	0
140	150	0	0	0
140	155	0	0	0
140	160	0	0	0
140	165	0	0	0
140	170	0	0	0
140	175	0	0	0
145	-180	0	0	0
145	-175	0	0	0
145	-170	0	0	0
145	-165	0	0	0
145	-160	0	0	0
145	-155	0	0	0
145	-150	0	0	0
145	-145	0	0	0
145	-140	0	0	0
145	-135	0	0	0
145	-130	0	0	0
145	-125	0	0	0
145	-120	0	0	0
145	-115	0	0	0
145	-110	0	0	0
145	-105	0	0	0
145	-100	0	0	0
145	-95	0	0	0
145	-90	0	0	0
145	-85	0	0	0
145	-80	0	0	0
145	-75	0	0	0
145	-70	0	0	0
145	-65	0	0	0
145	-60	0	0	0
145	-55	0	0	0
145	-50	0	0	0
145	-45	0	0	0
145	-40	0	0	0
145	-35	0	0	0
145	-30	0	0	0
145	-25	0	0	0
145	-20	0	0	0
145	-15	0	0	0
145	-10	0	0	0
145	-5	0	0	0
145	0	0	0	0
145	5	0	0	0
145	10	0	0	0
145	15	0	0	0
145	20	0	0	0
145	25	0	0	0
145	30	0	0	0
145	35	0	0	0
145	40	0	0	0
145	45	0	0	0
145	50	0	0	0
145	55	0	0	0
145	60	0	0	0
145	65	0	0	0
145	70	0	0	0
145	75	0	0	0
145	80	0	0	0
145	85	0	0	0
145	90	0	0	0
145	95	0	0	0
145	100	0	0	0
145	105	0	0	0
145	110	0	0	0
145	115	0	0	0
145	120	0	0	0
145	125	0	0	0
145	130	0	0	0
145	135	0	0	0
145	140	0	0	0
145	145	0	0	0
145	150	0	0	0
145	155	0	0	0
145	160	0	0	0
145	165	0	0	0
145	170	0	0	0
145	175	0	0	0
150	-180	0	0	0
150	-175	0	0	0
150	-170	0	0	0
150	-165	0	0	0
150	-160	0	0	0
150	-155	0	0	0
150	-150	0	0	0
150	-145	0	0	0
150	-140	0	0	0
150	-135	0	0	0
150	-130	0	0	0
150	-125	0	0	0
150	-120	0	0	0
150	-115	0	0	0
150	-110	0	0	0
150	-105	0	0	0
150	-100	0	0	0
150	-95	0	0	0
150	-90	0	0	0
150	-85	0	0	0
150	-80	0	0	0
150	-75	0	0	0
150	-70	0	0	0
150	-65	0	0	0
150	-60	0	0	0
150	-55	0	0	0
150	-50	0	0	0
150	-45	0	0	0
150	-40	0	0	0
150	-35	0	0	0
150	-30	0	0	0
150	-25	0	0	0
150	-20	0	0	0
150	-15	0	0	0
150	-10	0	0	0
150	-5	0	0	0
150	0	0	0	0
150	5	0	0	0
150	10	0	0	0
150	15	0	0	0
150	20	0	0	0
150	25	0	0	0
150	30	0	0	0
150	35	0	0	0
150	40	0	0	0
150	45	0	0	0
150	50	0	0	0
150	55	0	0	0
150	60	0	0	0
150	65	0	0	0
150	70	0	0	0
150	75	0	0	0
150	80	0	0	0
150	85	0	0	1
150	90	0	0	0
150	95	0	0	0
150	100	0	0	0
150	105	0	0	0
150	110	0	0	0
150	115	0	0	0
150	120	0	0	0
150	125	0	0	0
150	130	0	0	0
150	135	0	0	0
150	140	0	0	0
150	145	0	0	0
150	150	0	0	0
150	155	0	0	0
150	160	0	0	0
150	165	0	0	0
150	170	0	0	0
150	175	0	0	0
155	-180	0	0	0
155	-175	0	0	0
155	-170	0	0	0
155	-165	0	0	0
155	-160	0	0	0
155	-155	0	0	0
155	-150	0	0	0
155	-145	0	0	0
155	-140	0	0	0
155	-135	0	0	0
155	-130	0	0	0
155	-125	0	0	0
155	-120	0	0	0
155	-115	0	0	0
155	-110	0	0	0
155	-105	0	0	0
155	-100	0	0	0
155	-95	0	0	0
155	-90	0	0	0
155	-85	0	0	0
155	-80	0	0	0
155	-75	0	0	0
155	-70	0	0	0
155	-65	0	0	0
155	-60	0	0	0
155	-55	0	0	0
155	-50	0	0	0
155	-45	0	0	0
155	-40	0	0	0
155	-35	0	0	0
155	-30	0	0	0
155	-25	0	0	0
155	-20	0	0	0
155	-15	0	0	0
155	-10	0	0	0
155	-5	0	0	0
155	0	0	0	0
155	5	0	0	0
155	10	0	0	0
155	15	0	0	0
155	20	0	0	0
155	25	0	0	0
155	30	0	0	0
155	35	0	0	0
155	40	0	0	0
155	45	0	0	0
155	50	0	0	0
155	55	0	0	0
155	60	0	0	0
155	65	0	0	0
155	70	0	0	0
155	75	0	0	0
155	80	0	0	0
155	85	0	0	0
155	90	0	0	0
155	95	0	0	0
155	100	0	0	0
155	105	0	0	0
155	110	0	0	0
155	115	0	0	0
155	120	0	0	0
155	125	0	0	0
155	130	0	0	0
155	135	0	0	0
155	140	0	0	0
155	145	0	0	0
155	150	0	0	0
155	155	0	0	0
155	160	0	0	0
155	165	0	0	0
155	170	0	0	0
155	175	0	0	0
160	-180	0	0	0
160	-175	0	0	0
160	-170	0	0	0
160	-165	0	0	0
160	-160	0	0	0
160	-155	0	0	0
160	-150	0	0	0
160	-145	0	0	0
160	-140	0	0	0
160	-135	0	0	0
160	-130	0	0	0
160	-125	0	0	0
160	-120	0	0	0
160	-115	0	0	0
160	-110	0	0	0
160	-105	0	0	0
160	-100	0	0	0
160	-95	0	0	0
160	-90	0	0	0
160	-85	0	0	0
160	-80	0	0	0
160	-75	0	0	0
160	-70	0	0	0
160	-65	0	0	0
160	-60	0	0	0
160	-55	0	0	0
160	-50	0	0	0
160	-45	0	0	0
160	-40	0	0	0
160	-35	0	0	0
160	-30	0	0	0
160	-25	0	0	0
160	-20	0	0	0
160	-15	0	0	0
160	-10	0	0	0
160	-5	0	0	0
160	0	0	0	0
160	5	0	0	0
160	10	0	0	0
160	15	0	0	0
160	20	0	0	0
160	25	0	0	0
160	30	0	0	0
160	35	0	0	0
160	40	0	0	0
160	45	0	0	0
160	50	0	0	0
160	55	0	0	0
160	60	0	0	0
160	65	0	0	0
160	70	0	0	0
160	75	0	0	0
160	80	0	0	0
160	85	0	0	0
160	90	0	0	0
160	95	0	0	0
160	100	0	0	0
160	105	0	0	0
160	110	0	0	0
160	115	0	0	0
160	120	0	0	0
160	125	0	0	0
160	130	0	0	0
160	135	0	0	0
160	140	0	0	0
160	145	0	0	0
160	150	0	0	0
160	155	0	0	0
160	160	0	0	0
160	165	0	0	0
160	170	0	0	0
160	175	0	0	0
165	-180	0	0	0
165	-175	0	0	0
165	-170	0	0	0
165	-165	0	0	0
165	-160	0	0	0
165	-155	0	0	0
165	-150	0	0	0
165	-145	0	0	0
165	-140	0	0	0
165	-135	0	0	0
165	-130	0	0	0
165	-125	0	0	0
165	-120	0	0	0
165	-115	0	0	0
165	-110	0	0	0
165	-105	0	0	0
165	-100	0	0	0
165	-95	0	0	0
165	-90	0	0	0
165	-85	0	0	0
165	-80	0	0	0
165	-75	0	0	0
165	-70	0	0	0
165	-65	0	0	0
165	-60	0	0	0
165	-55	0	0	0
165	-50	0	0	0
165	-45	0	0	0
165	-40	0	0	0
165	-35	0	0	0
165	-30	0	0	0
165	-25	0	0	0
165	-20	0	0	0
165	-15	0	0	0
165	-10	0	0	0
165	-5	0	0	0
165	0	0	0	0
165	5	0	0	0
165	10	0	0	0
165	15	0	0	0
165	20	0	0	0
165	25	0	0	0
165	30	0	0	0
165	35	0	0	0
165	40	0	0	0
165	45	0	0	0
165	50	0	0	0
165	55	0	0	0
165	60	0	0	0
165	65	0	0	0
165	70	0	0	0
165	75	0	0	0
165	80	0	0	0
165	85	0	0	0
165	90	0	0	0
165	95	0	0	0
165	100	0	0	0
165	105	0	0	0
165	110	0	0	0
165	115	0	0	0
165	120	0	0	0
165	125	0	0	0
165	130	0	0	0
165	135	0	0	0
165	140	0	0	0
165	145	0	0	0
165	150	0	0	0
165	155	0	0	0
165	160	0	0	0
165	165	0	0	0
165	170	0	0	0
165	175	0	0	0
170	-180	0	0	0
170	-175	0	0	1
170	-170	0	0	0
170	-165	0	0	0
170	-160	0	0	0
170	-155	0	0	0
170	-150	0	0	0
170	-145	0	0	0
170	-140	0	0	0
170	-135	0	0	0
170	-130	0	0	0
170	-125	0	0	0
170	-120	0	0	0
170	-115	0	0	0
170	-110	0	0	0
170	-105	0	0	0
170	-100	0	0	0
170	-95	0	0	0
170	-90	0	0	0
170	-85	0	0	0
170	-80	0	0	0
170	-75	0	0	0
170	-70	0	0	0
170	-65	0	0	0
170	-60	0	0	0
170	-55	0	0	0
170	-50	0	0	0
170	-45	0	0	0
170	-40	0	0	0
170	-35	0	0	0
170	-30	0	0	0
170	-25	0	0	0
170	-20	0	0	0
170	-15	0	0	0
170	-10	0	0	0
170	-5	0	0	0
170	0	0	0	0
170	5	0	0	0
170	10	0	0	0
170	15	0	0	0
170	20	0	0	0
170	25	0	0	0
170	30	0	0	0
170	35	0	0	0
170	40	0	0	0
170	45	0	0	0
170	50	0	0	0
170	55	0	0	0
170	60	0	0	0
170	65	0	0	0
170	70	0	0	0
170	75	0	0	0
170	80	0	0	0
170	85	0	0	0
170	90	0	0	0
170	95	0	0	0
170	100	0	0	0
170	105	0	0	0
170	110	0	0	0
170	115	0	0	0
170	120	0	0	0
170	125	0	0	0
170	130	0	0	0
170	135	0	0	0
170	140	0	0	0
170	145	0	0	0
170	150	0	0	0
170	155	0	0	0
170	160	0	0	0
170	165	0	0	0
170	170	0	0	0
170	175	0	0	0
175	-180	0	0	0
175	-175	0	0	0
175	-170	0	0	0
175	-165	0	0	0
175	-160	0	0	0
175	-155	0	0	0
175	-150	0	0	0
175	-145	0	0	0
175	-140	0	0	0
175	-135	0	0	0
175	-130	0	0	0
175	-125	0	0	0
175	-120	0	0	0
175	-115	0	0	0
175	-110	0	0	0
175	-105	0	0	0
175	-100	0	0	0
175	-95	0	0	0
175	-90	0	0	0
175	-85	0	0	0
175	-80	0	0	0
175	-75	0	0	0
175	-70	0	0	0
175	-65	0	0	0
175	-60	0	0	0
175	-55	0	0	0
175	-50	0	0	0
175	-45	0	0	0
175	-40	0	0	0
175	-35	0	0	0
175	-30	0	0	0
175	-25	0	0	0
175	-20	0	0	0
175	-15	0	0	0
175	-10	0	0	0
175	-5	0	0	0
175	0	0	0	0
175	5	0	0	0
175	10	0	0	0
175	15	0	0	0
175	20	0	0	0
175	25	0	0	0
175	30	0	0	0
175	35	0	0	0
175	40	0	0	0
175	45	0	0	0
175	50	0	0	0
175	55	0	0	0
175	60	0	0	0
175	65	0	0	0
175	70	0	0	0
175	75	0	0	0
175	80	0	0	0
175	85	0	0	0
175	90	0	0	0
175	95	0	0	0
175	100	0	0	0
175	105	0	0	0
175	110	0	0	0
175	115	0	0	0
175	120	0	0	0
175	125	0	0	0
175	130	0	0	0
175	135	0	0	0
175	140	0	0	0
175	145	0	0	0
175	150	0	0	0
175	155	0	0	1
175	160	0	0	1
175	165	0	0	0
175	170	0	0	0
175	175	0	0	0
