Phi	Psi	max_obs_SA	max_theo_SA	obs_bin_pop
-180	-180	0	216.0	0
-180	-175	0	218.0	0
-180	115	0	209.0	0
-180	120	0	211.0	0
-180	125	0	207.0	0
-180	130	0	208.0	0
-180	135	0	214.0	0
-180	140	0	212.0	0
-180	145	0	212.0	0
-180	150	0	222.0	0
-180	155	0	215.0	0
-180	160	17.0	217.0	1
-180	165	0	208.0	0
-180	170	91.0	211.0	1
-180	175	0	212.0	0
-175	-180	12.0	214.0	1
-175	-175	0	214.0	0
-175	80	0	207.0	0
-175	90	0	219.0	0
-175	110	0	215.0	0
-175	115	0	211.0	0
-175	120	0	213.0	0
-175	125	0	212.0	0
-175	130	0	216.0	0
-175	135	139.0	214.0	3
-175	140	84.0	212.0	1
-175	145	157.0	215.0	2
-175	150	123.0	215.0	1
-175	155	128.0	216.0	5
-175	160	97.0	207.0	4
-175	165	148.0	215.0	7
-175	170	95.0	214.0	1
-175	175	0	214.0	0
-170	-180	147.0	216.0	2
-170	-175	0	211.0	0
-170	75	0	215.0	0
-170	80	0	209.0	0
-170	85	0	214.0	0
-170	90	0	211.0	0
-170	100	89.0	215.0	1
-170	105	0	210.0	0
-170	110	123.0	207.0	1
-170	115	138.0	210.0	1
-170	120	115.0	209.0	1
-170	125	142.0	213.0	1
-170	130	69.0	214.0	1
-170	135	111.0	213.0	2
-170	140	117.0	216.0	3
-170	145	91.0	210.0	4
-170	150	157.0	211.0	3
-170	155	135.0	213.0	7
-170	160	143.0	217.0	10
-170	165	126.0	214.0	9
-170	170	119.0	214.0	2
-170	175	79.0	214.0	1
-165	-180	124.0	218.0	3
-165	-175	0	212.0	0
-165	-170	0	217.0	0
-165	-165	0	216.0	0
-165	-160	0	216.0	0
-165	70	0	212.0	0
-165	75	0	212.0	0
-165	80	0	210.0	0
-165	85	0	208.0	0
-165	90	47.0	213.0	1
-165	95	173.0	211.0	2
-165	100	0	209.0	0
-165	105	0	218.0	0
-165	110	0	218.0	0
-165	115	78.0	218.0	1
-165	120	85.0	214.0	4
-165	125	168.0	214.0	4
-165	130	72.0	214.0	3
-165	135	141.0	213.0	6
-165	140	108.0	219.0	12
-165	145	180.0	212.0	14
-165	150	131.0	214.0	9
-165	155	142.0	220.0	11
-165	160	175.0	219.0	23
-165	165	131.0	216.0	18
-165	170	154.0	217.0	6
-165	175	163.0	213.0	5
-160	-180	0	214.0	0
-160	-175	122.0	218.0	3
-160	-170	0	216.0	0
-160	-165	0	215.0	0
-160	-160	0	218.0	0
-160	-155	0	213.0	0
-160	5	0	219.0	0
-160	10	0	214.0	0
-160	25	0	208.0	0
-160	30	0	219.0	0
-160	45	0	217.0	0
-160	65	0	218.0	0
-160	70	0	208.0	0
-160	75	0	216.0	0
-160	80	122.0	216.0	2
-160	85	160.0	210.0	1
-160	90	1.0	213.0	1
-160	95	148.0	216.0	2
-160	100	0	209.0	0
-160	105	138.0	216.0	1
-160	110	93.0	214.0	2
-160	115	121.0	212.0	2
-160	120	176.0	210.0	8
-160	125	84.0	215.0	1
-160	130	130.0	216.0	10
-160	135	143.0	218.0	17
-160	140	171.0	210.0	19
-160	145	125.0	216.0	13
-160	150	145.0	213.0	23
-160	155	141.0	215.0	20
-160	160	138.0	209.0	26
-160	165	156.0	216.0	18
-160	170	122.0	217.0	8
-160	175	126.0	214.0	3
-155	-180	0	214.0	0
-155	-175	144.0	213.0	1
-155	-170	41.0	217.0	1
-155	-165	0	217.0	0
-155	-160	0	216.0	0
-155	-60	0	221.0	0
-155	-40	0	220.0	0
-155	-30	0	220.0	0
-155	-20	0	214.0	0
-155	-10	0	220.0	0
-155	0	0	217.0	0
-155	5	76.0	217.0	1
-155	10	0	216.0	0
-155	15	0	217.0	0
-155	20	0	220.0	0
-155	25	0	212.0	0
-155	30	0	209.0	0
-155	35	0	213.0	0
-155	40	0	211.0	0
-155	45	0	216.0	0
-155	50	0	216.0	0
-155	55	2.0	219.0	1
-155	60	0	211.0	0
-155	65	123.0	216.0	1
-155	70	133.0	216.0	2
-155	75	0	217.0	0
-155	80	87.0	213.0	3
-155	85	88.0	215.0	1
-155	90	162.0	211.0	3
-155	95	81.0	210.0	1
-155	100	38.0	208.0	1
-155	105	7.0	209.0	1
-155	110	76.0	204.0	1
-155	115	130.0	212.0	3
-155	120	79.0	215.0	5
-155	125	167.0	213.0	9
-155	130	165.0	219.0	22
-155	135	165.0	213.0	32
-155	140	169.0	217.0	31
-155	145	166.0	211.0	30
-155	150	183.0	214.0	28
-155	155	154.0	211.0	36
-155	160	166.0	213.0	39
-155	165	151.0	216.0	19
-155	170	134.0	219.0	9
-155	175	117.0	216.0	1
-150	-180	102.0	212.0	1
-150	-175	92.0	218.0	1
-150	-170	0	216.0	0
-150	-165	0	215.0	0
-150	-65	0	220.0	0
-150	-60	0	220.0	0
-150	-45	0	214.0	0
-150	-40	0	217.0	0
-150	-35	0	219.0	0
-150	-30	0	217.0	0
-150	-25	42.0	222.0	1
-150	-20	0	217.0	0
-150	-15	0	213.0	0
-150	-10	0	220.0	0
-150	-5	0	219.0	0
-150	0	0	215.0	0
-150	5	0	216.0	0
-150	10	175.0	213.0	1
-150	15	105.0	216.0	2
-150	20	0	214.0	0
-150	25	123.0	218.0	1
-150	30	0	213.0	0
-150	35	93.0	214.0	1
-150	40	102.0	213.0	1
-150	45	144.0	219.0	1
-150	50	0	215.0	0
-150	55	0	211.0	0
-150	60	47.0	208.0	1
-150	65	0	216.0	0
-150	70	154.0	214.0	1
-150	75	57.0	210.0	1
-150	80	0	216.0	0
-150	85	117.0	215.0	5
-150	90	171.0	211.0	1
-150	95	0	217.0	0
-150	100	156.0	219.0	6
-150	105	179.0	217.0	2
-150	110	170.0	216.0	4
-150	115	146.0	213.0	10
-150	120	143.0	213.0	22
-150	125	189.0	217.0	15
-150	130	183.0	213.0	24
-150	135	152.0	216.0	25
-150	140	174.0	216.0	39
-150	145	168.0	211.0	30
-150	150	148.0	213.0	33
-150	155	172.0	218.0	29
-150	160	170.0	215.0	30
-150	165	175.0	215.0	21
-150	170	124.0	219.0	8
-150	175	0	216.0	0
-145	-180	0	204.0	0
-145	-175	0	217.0	0
-145	-170	0	202.0	0
-145	-70	0	222.0	0
-145	-65	0	225.0	0
-145	-60	0	224.0	0
-145	-50	0	219.0	0
-145	-45	0	221.0	0
-145	-40	0	219.0	0
-145	-35	104.0	215.0	1
-145	-30	0	219.0	0
-145	-25	117.0	208.0	1
-145	-20	0	209.0	0
-145	-15	180.0	224.0	1
-145	-10	0	220.0	0
-145	-5	0	218.0	0
-145	0	110.0	216.0	1
-145	5	0	217.0	0
-145	10	0	215.0	0
-145	15	92.0	215.0	1
-145	20	175.0	214.0	1
-145	25	84.0	214.0	1
-145	30	88.0	216.0	1
-145	35	0	224.0	0
-145	40	0	212.0	0
-145	45	0	216.0	0
-145	50	0	215.0	0
-145	55	114.0	210.0	1
-145	60	0	210.0	0
-145	65	0	215.0	0
-145	70	184.0	222.0	4
-145	75	38.0	216.0	1
-145	80	140.0	217.0	1
-145	85	0	212.0	0
-145	90	149.0	213.0	4
-145	95	78.0	215.0	3
-145	100	65.0	211.0	1
-145	105	168.0	208.0	5
-145	110	140.0	215.0	8
-145	115	184.0	208.0	21
-145	120	114.0	222.0	7
-145	125	135.0	213.0	32
-145	130	156.0	212.0	37
-145	135	166.0	215.0	41
-145	140	160.0	215.0	40
-145	145	171.0	209.0	53
-145	150	162.0	215.0	51
-145	155	145.0	208.0	45
-145	160	160.0	213.0	31
-145	165	155.0	213.0	21
-145	170	160.0	212.0	10
-145	175	83.0	218.0	2
-140	-180	123.0	217.0	1
-140	-175	117.0	214.0	3
-140	-170	0	208.0	0
-140	-165	0	215.0	0
-140	-160	0	217.0	0
-140	-155	0	218.0	0
-140	-75	0	218.0	0
-140	-70	0	226.0	0
-140	-65	0	221.0	0
-140	-60	0	223.0	0
-140	-55	129.0	221.0	1
-140	-50	0	219.0	0
-140	-45	135.0	224.0	1
-140	-40	69.0	223.0	1
-140	-35	0	219.0	0
-140	-30	161.0	216.0	2
-140	-25	0	214.0	0
-140	-20	175.0	220.0	1
-140	-15	125.0	220.0	1
-140	-10	138.0	220.0	1
-140	-5	174.0	219.0	1
-140	0	118.0	213.0	1
-140	5	171.0	214.0	3
-140	10	209.0	215.0	4
-140	15	53.0	218.0	1
-140	20	161.0	213.0	1
-140	25	147.0	219.0	3
-140	30	169.0	220.0	3
-140	35	0	214.0	0
-140	40	0	213.0	0
-140	45	142.0	214.0	5
-140	50	0	216.0	0
-140	55	123.0	213.0	1
-140	60	18.0	218.0	1
-140	65	181.0	216.0	5
-140	70	131.0	218.0	2
-140	75	167.0	217.0	6
-140	80	176.0	211.0	2
-140	85	158.0	214.0	4
-140	90	130.0	213.0	3
-140	95	141.0	205.0	4
-140	100	172.0	201.0	5
-140	105	51.0	216.0	3
-140	110	183.0	218.0	9
-140	115	206.0	215.0	10
-140	120	156.0	213.0	15
-140	125	142.0	209.0	23
-140	130	180.0	214.0	61
-140	135	187.0	212.0	43
-140	140	162.0	219.0	46
-140	145	165.0	210.0	71
-140	150	167.0	215.0	63
-140	155	171.0	218.0	46
-140	160	155.0	215.0	32
-140	165	188.0	216.0	13
-140	170	162.0	218.0	5
-140	175	61.0	213.0	3
-135	-180	0	213.0	0
-135	-175	0	215.0	0
-135	-170	129.0	210.0	1
-135	-165	108.0	211.0	2
-135	-160	0	221.0	0
-135	-80	142.0	218.0	2
-135	-75	0	213.0	0
-135	-70	0	219.0	0
-135	-65	120.0	219.0	1
-135	-60	148.0	219.0	3
-135	-55	0	224.0	0
-135	-50	176.0	221.0	1
-135	-45	137.0	220.0	2
-135	-40	133.0	218.0	3
-135	-35	170.0	217.0	2
-135	-30	162.0	219.0	3
-135	-25	123.0	221.0	2
-135	-20	142.0	219.0	3
-135	-15	0	220.0	0
-135	-10	174.0	215.0	8
-135	-5	102.0	216.0	1
-135	0	182.0	219.0	4
-135	5	193.0	218.0	2
-135	10	163.0	214.0	4
-135	15	172.0	217.0	3
-135	20	141.0	212.0	2
-135	25	146.0	216.0	2
-135	30	141.0	213.0	5
-135	35	194.0	216.0	5
-135	40	0	207.0	1
-135	45	176.0	212.0	4
-135	50	162.0	211.0	4
-135	55	163.0	222.0	3
-135	60	102.0	209.0	2
-135	65	148.0	214.0	7
-135	70	122.0	206.0	4
-135	75	167.0	213.0	2
-135	80	150.0	221.0	6
-135	85	184.0	219.0	6
-135	90	148.0	212.0	3
-135	95	2.0	203.0	1
-135	100	125.0	216.0	2
-135	105	143.0	219.0	6
-135	110	139.0	208.0	13
-135	115	142.0	211.0	15
-135	120	164.0	203.0	34
-135	125	186.0	217.0	52
-135	130	186.0	218.0	53
-135	135	183.0	211.0	67
-135	140	186.0	213.0	59
-135	145	185.0	220.0	79
-135	150	178.0	212.0	66
-135	155	157.0	211.0	43
-135	160	168.0	204.0	29
-135	165	189.0	211.0	25
-135	170	137.0	209.0	7
-135	175	156.0	219.0	7
-130	-180	0	216.0	0
-130	-175	0	217.0	0
-130	-170	46.0	214.0	1
-130	-165	21.0	216.0	1
-130	-85	0	223.0	0
-130	-80	95.0	219.0	1
-130	-75	170.0	223.0	1
-130	-70	0	224.0	0
-130	-65	140.0	217.0	3
-130	-60	159.0	209.0	3
-130	-55	152.0	223.0	1
-130	-50	178.0	218.0	1
-130	-45	179.0	220.0	1
-130	-40	156.0	217.0	5
-130	-35	171.0	214.0	6
-130	-30	158.0	217.0	4
-130	-25	165.0	224.0	4
-130	-20	125.0	212.0	1
-130	-15	172.0	218.0	3
-130	-10	197.0	220.0	3
-130	-5	108.0	213.0	4
-130	0	172.0	223.0	4
-130	5	192.0	217.0	7
-130	10	135.0	223.0	4
-130	15	85.0	219.0	1
-130	20	184.0	219.0	5
-130	25	186.0	214.0	7
-130	30	189.0	214.0	5
-130	35	34.0	222.0	2
-130	40	154.0	217.0	1
-130	45	113.0	219.0	1
-130	50	53.0	216.0	3
-130	55	152.0	213.0	3
-130	60	165.0	214.0	4
-130	65	164.0	217.0	8
-130	70	123.0	219.0	5
-130	75	196.0	215.0	15
-130	80	176.0	216.0	7
-130	85	196.0	211.0	9
-130	90	144.0	215.0	8
-130	95	138.0	215.0	8
-130	100	135.0	219.0	7
-130	105	125.0	201.0	9
-130	110	163.0	208.0	12
-130	115	156.0	201.0	27
-130	120	163.0	213.0	41
-130	125	197.0	213.0	49
-130	130	159.0	209.0	60
-130	135	198.0	206.0	63
-130	140	186.0	208.0	77
-130	145	197.0	209.0	61
-130	150	201.0	215.0	65
-130	155	171.0	212.0	65
-130	160	179.0	201.0	28
-130	165	145.0	209.0	11
-130	170	101.0	214.0	5
-130	175	104.0	207.0	3
-125	-180	76.0	221.0	2
-125	-175	142.0	215.0	2
-125	-170	135.0	217.0	3
-125	-165	148.0	210.0	1
-125	-160	0	216.0	0
-125	-155	0	214.0	0
-125	-150	0	220.0	0
-125	-80	128.0	221.0	1
-125	-75	0	225.0	0
-125	-70	154.0	221.0	2
-125	-65	0	221.0	0
-125	-60	0	217.0	0
-125	-55	168.0	220.0	2
-125	-50	159.0	219.0	4
-125	-45	202.0	220.0	3
-125	-40	159.0	224.0	1
-125	-35	150.0	216.0	2
-125	-30	170.0	220.0	2
-125	-25	190.0	216.0	8
-125	-20	173.0	224.0	10
-125	-15	206.0	206.0	10
-125	-10	178.0	214.0	10
-125	-5	179.0	221.0	7
-125	0	180.0	218.0	10
-125	5	189.0	220.0	9
-125	10	138.0	215.0	5
-125	15	152.0	217.0	10
-125	20	162.0	219.0	3
-125	25	197.0	220.0	9
-125	30	87.0	216.0	3
-125	35	155.0	215.0	5
-125	40	76.0	215.0	2
-125	45	171.0	222.0	1
-125	50	0	216.0	0
-125	55	151.0	216.0	4
-125	60	197.0	218.0	3
-125	65	165.0	219.0	9
-125	70	149.0	217.0	3
-125	75	143.0	225.0	3
-125	80	137.0	225.0	7
-125	85	166.0	219.0	8
-125	90	174.0	219.0	5
-125	95	161.0	215.0	5
-125	100	180.0	218.0	5
-125	105	200.0	216.0	16
-125	110	161.0	215.0	25
-125	115	190.0	216.0	25
-125	120	160.0	214.0	48
-125	125	209.0	214.0	53
-125	130	180.0	212.0	51
-125	135	171.0	215.0	75
-125	140	197.0	213.0	71
-125	145	177.0	213.0	60
-125	150	184.0	213.0	64
-125	155	177.0	208.0	46
-125	160	172.0	213.0	43
-125	165	179.0	211.0	15
-125	170	139.0	220.0	7
-125	175	166.0	203.0	6
-120	-180	0	217.0	0
-120	-175	142.0	208.0	1
-120	-170	134.0	218.0	2
-120	-165	0	220.0	0
-120	-160	0	213.0	0
-120	-155	0	219.0	0
-120	-85	0	217.0	0
-120	-80	0	219.0	0
-120	-75	0	215.0	0
-120	-70	5.0	221.0	1
-120	-65	137.0	219.0	3
-120	-60	147.0	214.0	4
-120	-55	170.0	219.0	1
-120	-50	157.0	216.0	3
-120	-45	151.0	214.0	2
-120	-40	137.0	217.0	5
-120	-35	167.0	210.0	8
-120	-30	186.0	220.0	16
-120	-25	205.0	221.0	9
-120	-20	172.0	220.0	10
-120	-15	194.0	225.0	13
-120	-10	151.0	220.0	14
-120	-5	182.0	220.0	9
-120	0	187.0	214.0	27
-120	5	168.0	215.0	6
-120	10	210.0	215.0	19
-120	15	191.0	223.0	13
-120	20	192.0	221.0	14
-120	25	179.0	212.0	6
-120	30	138.0	218.0	4
-120	35	190.0	222.0	2
-120	40	186.0	220.0	1
-120	45	209.0	218.0	2
-120	50	0	215.0	0
-120	55	187.0	218.0	2
-120	60	107.0	221.0	3
-120	65	88.0	220.0	1
-120	70	96.0	220.0	2
-120	75	0	219.0	0
-120	80	116.0	209.0	3
-120	85	191.0	216.0	6
-120	90	197.0	220.0	6
-120	95	150.0	219.0	6
-120	100	183.0	218.0	5
-120	105	173.0	217.0	10
-120	110	146.0	216.0	17
-120	115	187.0	216.0	29
-120	120	164.0	216.0	49
-120	125	160.0	210.0	71
-120	130	192.0	216.0	53
-120	135	201.0	219.0	61
-120	140	179.0	220.0	55
-120	145	179.0	208.0	57
-120	150	184.0	219.0	47
-120	155	153.0	215.0	45
-120	160	136.0	215.0	19
-120	165	172.0	215.0	17
-120	170	150.0	212.0	9
-120	175	164.0	214.0	5
-115	-180	122.0	221.0	4
-115	-175	90.0	221.0	1
-115	-170	0	214.0	0
-115	-165	0	218.0	0
-115	-160	0	214.0	0
-115	-85	111.0	219.0	1
-115	-80	0	212.0	0
-115	-70	0	223.0	0
-115	-65	91.0	222.0	2
-115	-60	156.0	219.0	2
-115	-55	137.0	221.0	2
-115	-50	167.0	221.0	5
-115	-45	84.0	221.0	2
-115	-40	181.0	219.0	11
-115	-35	199.0	220.0	13
-115	-30	164.0	221.0	12
-115	-25	185.0	219.0	13
-115	-20	168.0	218.0	14
-115	-15	204.0	220.0	19
-115	-10	212.0	222.0	19
-115	-5	158.0	216.0	18
-115	0	202.0	218.0	30
-115	5	149.0	217.0	13
-115	10	193.0	217.0	18
-115	15	194.0	223.0	15
-115	20	189.0	216.0	15
-115	25	135.0	220.0	6
-115	30	133.0	225.0	3
-115	35	139.0	210.0	2
-115	40	0	221.0	0
-115	45	162.0	213.0	2
-115	50	0	223.0	0
-115	55	70.0	217.0	1
-115	60	171.0	216.0	1
-115	65	0	213.0	0
-115	70	0	221.0	0
-115	75	169.0	218.0	2
-115	80	202.0	217.0	3
-115	85	95.0	214.0	4
-115	90	135.0	214.0	2
-115	95	186.0	219.0	7
-115	100	154.0	210.0	11
-115	105	127.0	209.0	10
-115	110	164.0	212.0	18
-115	115	160.0	214.0	30
-115	120	179.0	208.0	50
-115	125	201.0	216.0	49
-115	130	185.0	207.0	63
-115	135	184.0	214.0	64
-115	140	169.0	212.0	57
-115	145	154.0	207.0	59
-115	150	173.0	213.0	45
-115	155	176.0	219.0	37
-115	160	140.0	218.0	21
-115	165	137.0	217.0	12
-115	170	135.0	218.0	6
-115	175	132.0	216.0	3
-110	-180	160.0	220.0	5
-110	-175	28.0	209.0	1
-110	-170	12.0	214.0	1
-110	-165	0	216.0	0
-110	-160	139.0	212.0	1
-110	-90	0	215.0	0
-110	-85	0	219.0	0
-110	-80	196.0	219.0	1
-110	-75	131.0	224.0	1
-110	-70	0	222.0	0
-110	-65	0	223.0	0
-110	-60	87.0	222.0	1
-110	-55	161.0	224.0	4
-110	-50	188.0	219.0	5
-110	-45	187.0	219.0	8
-110	-40	181.0	225.0	14
-110	-35	185.0	222.0	13
-110	-30	187.0	222.0	16
-110	-25	190.0	222.0	13
-110	-20	178.0	214.0	17
-110	-15	173.0	224.0	17
-110	-10	193.0	220.0	13
-110	-5	194.0	210.0	13
-110	0	194.0	222.0	28
-110	5	201.0	220.0	36
-110	10	196.0	227.0	28
-110	15	154.0	225.0	11
-110	20	201.0	212.0	12
-110	25	135.0	221.0	5
-110	30	212.0	225.0	6
-110	35	169.0	223.0	1
-110	40	100.0	216.0	1
-110	45	142.0	216.0	2
-110	50	148.0	221.0	1
-110	55	0	221.0	0
-110	60	0	218.0	0
-110	65	0	225.0	0
-110	70	79.0	209.0	1
-110	75	0	224.0	0
-110	80	96.0	215.0	1
-110	85	70.0	217.0	1
-110	90	144.0	220.0	2
-110	95	125.0	217.0	5
-110	100	187.0	222.0	11
-110	105	209.0	215.0	18
-110	110	174.0	220.0	16
-110	115	166.0	217.0	33
-110	120	155.0	214.0	54
-110	125	191.0	214.0	60
-110	130	179.0	217.0	63
-110	135	173.0	213.0	48
-110	140	168.0	214.0	40
-110	145	196.0	214.0	51
-110	150	203.0	215.0	39
-110	155	162.0	212.0	35
-110	160	151.0	215.0	26
-110	165	198.0	215.0	12
-110	170	97.0	215.0	6
-110	175	135.0	212.0	2
-105	-180	94.0	223.0	1
-105	-175	101.0	217.0	2
-105	-170	0	219.0	0
-105	-165	0	221.0	0
-105	-95	119.0	216.0	2
-105	-90	139.0	217.0	1
-105	-85	0	227.0	0
-105	-80	0	217.0	0
-105	-75	0	218.0	0
-105	-70	62.0	221.0	1
-105	-65	76.0	221.0	1
-105	-60	166.0	211.0	2
-105	-55	131.0	216.0	3
-105	-50	186.0	220.0	8
-105	-45	179.0	220.0	9
-105	-40	165.0	221.0	10
-105	-35	199.0	218.0	22
-105	-30	171.0	222.0	21
-105	-25	201.0	228.0	21
-105	-20	196.0	222.0	17
-105	-15	186.0	213.0	26
-105	-10	191.0	217.0	29
-105	-5	199.0	230.0	27
-105	0	202.0	225.0	62
-105	5	203.0	218.0	32
-105	10	204.0	227.0	27
-105	15	214.0	214.0	16
-105	20	191.0	225.0	8
-105	25	134.0	224.0	5
-105	30	85.0	231.0	2
-105	35	110.0	217.0	1
-105	40	0	216.0	0
-105	45	0	215.0	0
-105	50	0	223.0	0
-105	55	83.0	221.0	1
-105	60	0	226.0	0
-105	65	0	225.0	0
-105	70	188.0	221.0	2
-105	75	93.0	225.0	2
-105	80	56.0	211.0	1
-105	85	117.0	223.0	3
-105	90	183.0	215.0	3
-105	95	85.0	226.0	4
-105	100	178.0	214.0	8
-105	105	157.0	211.0	15
-105	110	182.0	220.0	27
-105	115	170.0	214.0	31
-105	120	181.0	220.0	42
-105	125	152.0	216.0	50
-105	130	164.0	218.0	64
-105	135	185.0	219.0	47
-105	140	173.0	223.0	45
-105	145	172.0	219.0	39
-105	150	200.0	218.0	43
-105	155	191.0	212.0	28
-105	160	166.0	211.0	19
-105	165	153.0	207.0	10
-105	170	151.0	213.0	2
-105	175	134.0	217.0	4
-100	-180	114.0	219.0	2
-100	-175	34.0	218.0	1
-100	-170	59.0	217.0	1
-100	-100	0	213.0	0
-100	-95	0	216.0	0
-100	-90	65.0	213.0	1
-100	-85	172.0	220.0	1
-100	-80	138.0	212.0	3
-100	-75	0	216.0	0
-100	-70	0	219.0	0
-100	-65	0	212.0	0
-100	-60	79.0	222.0	1
-100	-55	202.0	216.0	4
-100	-50	181.0	221.0	8
-100	-45	192.0	210.0	12
-100	-40	179.0	221.0	13
-100	-35	210.0	221.0	21
-100	-30	171.0	223.0	21
-100	-25	212.0	224.0	17
-100	-20	195.0	218.0	22
-100	-15	185.0	214.0	28
-100	-10	198.0	219.0	40
-100	-5	194.0	219.0	50
-100	0	188.0	221.0	68
-100	5	184.0	219.0	43
-100	10	213.0	226.0	32
-100	15	158.0	224.0	13
-100	20	147.0	225.0	3
-100	25	128.0	219.0	5
-100	30	120.0	231.0	1
-100	35	59.0	226.0	1
-100	40	217.0	222.0	1
-100	45	224.0	225.0	2
-100	50	105.0	221.0	3
-100	55	0	218.0	0
-100	60	0	214.0	0
-100	65	187.0	223.0	2
-100	70	0	213.0	0
-100	75	127.0	220.0	2
-100	80	193.0	217.0	3
-100	85	168.0	225.0	3
-100	90	166.0	220.0	6
-100	95	119.0	221.0	4
-100	100	142.0	219.0	8
-100	105	183.0	218.0	24
-100	110	199.0	214.0	26
-100	115	180.0	217.0	31
-100	120	167.0	218.0	45
-100	125	185.0	214.0	59
-100	130	202.0	201.0	53
-100	135	207.0	201.0	51
-100	140	183.0	214.0	34
-100	145	189.0	218.0	37
-100	150	160.0	213.0	29
-100	155	190.0	222.0	29
-100	160	160.0	216.0	14
-100	165	129.0	217.0	7
-100	170	125.0	222.0	5
-100	175	63.0	214.0	2
-95	-180	164.0	220.0	1
-95	-175	0	218.0	0
-95	-170	0	211.0	0
-95	-80	0	219.0	0
-95	-75	71.0	214.0	1
-95	-70	55.0	216.0	1
-95	-65	0	212.0	0
-95	-60	170.0	218.0	10
-95	-55	156.0	223.0	4
-95	-50	210.0	221.0	12
-95	-45	187.0	220.0	13
-95	-40	197.0	214.0	19
-95	-35	191.0	216.0	21
-95	-30	196.0	216.0	18
-95	-25	183.0	221.0	28
-95	-20	208.0	226.0	30
-95	-15	192.0	220.0	35
-95	-10	204.0	219.0	58
-95	-5	209.0	225.0	64
-95	0	222.0	225.0	78
-95	5	203.0	217.0	49
-95	10	208.0	226.0	14
-95	15	198.0	218.0	7
-95	20	93.0	225.0	2
-95	25	0	216.0	0
-95	30	0	220.0	0
-95	35	0	220.0	0
-95	40	69.0	216.0	1
-95	45	107.0	221.0	3
-95	50	0	219.0	0
-95	55	29.0	225.0	2
-95	60	47.0	223.0	2
-95	65	172.0	225.0	6
-95	70	171.0	219.0	6
-95	75	160.0	225.0	3
-95	80	142.0	218.0	3
-95	85	208.0	213.0	6
-95	90	196.0	216.0	8
-95	95	153.0	220.0	8
-95	100	167.0	216.0	6
-95	105	181.0	222.0	15
-95	110	187.0	215.0	29
-95	115	188.0	220.0	40
-95	120	210.0	221.0	46
-95	125	162.0	208.0	49
-95	130	198.0	212.0	55
-95	135	195.0	218.0	48
-95	140	189.0	219.0	32
-95	145	166.0	218.0	34
-95	150	184.0	208.0	27
-95	155	144.0	216.0	25
-95	160	167.0	217.0	18
-95	165	159.0	212.0	14
-95	170	145.0	219.0	15
-95	175	122.0	211.0	3
-90	-180	164.0	211.0	3
-90	-175	136.0	214.0	2
-90	-170	185.0	220.0	3
-90	-165	0	215.0	0
-90	-160	182.0	217.0	1
-90	-155	0	219.0	0
-90	-150	0	216.0	0
-90	-80	0	222.0	0
-90	-75	0	218.0	0
-90	-70	147.0	222.0	1
-90	-65	112.0	221.0	2
-90	-60	104.0	223.0	4
-90	-55	178.0	224.0	10
-90	-50	187.0	214.0	11
-90	-45	201.0	226.0	26
-90	-40	173.0	224.0	24
-90	-35	187.0	224.0	29
-90	-30	208.0	226.0	37
-90	-25	210.0	226.0	39
-90	-20	218.0	229.0	30
-90	-15	213.0	226.0	58
-90	-10	208.0	222.0	80
-90	-5	207.0	217.0	84
-90	0	208.0	226.0	68
-90	5	218.0	222.0	28
-90	10	134.0	224.0	6
-90	15	202.0	226.0	5
-90	20	129.0	226.0	2
-90	25	93.0	228.0	2
-90	30	0	213.0	0
-90	35	157.0	226.0	2
-90	40	151.0	229.0	1
-90	45	127.0	224.0	2
-90	50	126.0	220.0	1
-90	55	0	225.0	0
-90	60	189.0	222.0	8
-90	65	171.0	223.0	12
-90	70	194.0	218.0	3
-90	75	196.0	225.0	8
-90	80	214.0	228.0	6
-90	85	176.0	222.0	7
-90	90	187.0	211.0	7
-90	95	174.0	220.0	5
-90	100	164.0	224.0	6
-90	105	203.0	225.0	21
-90	110	185.0	218.0	23
-90	115	174.0	217.0	25
-90	120	219.0	224.0	41
-90	125	207.0	212.0	59
-90	130	190.0	220.0	47
-90	135	213.0	217.0	48
-90	140	205.0	210.0	46
-90	145	163.0	222.0	28
-90	150	178.0	213.0	40
-90	155	166.0	216.0	19
-90	160	141.0	210.0	12
-90	165	137.0	222.0	12
-90	170	188.0	219.0	8
-90	175	147.0	218.0	3
-85	-180	0	220.0	0
-85	-175	99.0	219.0	3
-85	-170	0	212.0	0
-85	-165	17.0	213.0	1
-85	-160	129.0	217.0	1
-85	-155	0	218.0	0
-85	-80	0	223.0	0
-85	-75	0	217.0	0
-85	-70	117.0	209.0	1
-85	-65	125.0	222.0	1
-85	-60	72.0	226.0	2
-85	-55	195.0	220.0	9
-85	-50	192.0	223.0	15
-85	-45	185.0	223.0	27
-85	-40	194.0	223.0	33
-85	-35	221.0	216.0	33
-85	-30	182.0	224.0	40
-85	-25	207.0	224.0	43
-85	-20	201.0	224.0	54
-85	-15	202.0	224.0	70
-85	-10	212.0	224.0	69
-85	-5	208.0	220.0	68
-85	0	212.0	226.0	41
-85	5	184.0	225.0	17
-85	10	166.0	223.0	3
-85	15	0	226.0	0
-85	20	215.0	231.0	1
-85	25	0	226.0	0
-85	30	81.0	225.0	1
-85	35	95.0	221.0	1
-85	40	35.0	227.0	1
-85	45	102.0	223.0	1
-85	50	116.0	225.0	1
-85	55	136.0	226.0	5
-85	60	174.0	224.0	4
-85	65	137.0	227.0	7
-85	70	180.0	219.0	3
-85	75	144.0	217.0	3
-85	80	163.0	219.0	4
-85	85	115.0	227.0	4
-85	90	93.0	225.0	4
-85	95	151.0	221.0	3
-85	100	224.0	211.0	9
-85	105	200.0	215.0	13
-85	110	194.0	215.0	24
-85	115	201.0	221.0	27
-85	120	183.0	216.0	41
-85	125	219.0	211.0	50
-85	130	169.0	214.0	45
-85	135	181.0	211.0	50
-85	140	182.0	212.0	52
-85	145	194.0	210.0	45
-85	150	191.0	216.0	38
-85	155	189.0	216.0	33
-85	160	181.0	213.0	19
-85	165	144.0	217.0	15
-85	170	123.0	211.0	6
-85	175	89.0	213.0	2
-80	-180	189.0	214.0	1
-80	-175	0	211.0	0
-80	-170	0	216.0	0
-80	-165	0	216.0	0
-80	-160	0	215.0	0
-80	-80	0	219.0	0
-80	-75	0	219.0	0
-80	-70	0	222.0	0
-80	-65	57.0	220.0	1
-80	-60	162.0	223.0	3
-80	-55	151.0	225.0	7
-80	-50	199.0	224.0	35
-80	-45	209.0	219.0	53
-80	-40	200.0	222.0	54
-80	-35	208.0	225.0	80
-80	-30	208.0	225.0	62
-80	-25	219.0	222.0	59
-80	-20	213.0	228.0	68
-80	-15	212.0	225.0	79
-80	-10	206.0	228.0	69
-80	-5	201.0	221.0	54
-80	0	198.0	228.0	19
-80	5	99.0	223.0	2
-80	10	155.0	217.0	2
-80	15	94.0	226.0	2
-80	20	0	229.0	0
-80	25	0	225.0	0
-80	30	0	223.0	0
-80	35	0	227.0	0
-80	40	0	222.0	0
-80	45	181.0	223.0	3
-80	50	35.0	223.0	1
-80	55	0	223.0	0
-80	60	141.0	223.0	2
-80	65	145.0	225.0	5
-80	70	86.0	219.0	1
-80	75	175.0	226.0	4
-80	80	135.0	226.0	2
-80	85	205.0	224.0	2
-80	90	178.0	222.0	2
-80	95	167.0	215.0	5
-80	100	138.0	214.0	4
-80	105	179.0	218.0	10
-80	110	196.0	223.0	17
-80	115	203.0	217.0	25
-80	120	195.0	216.0	37
-80	125	212.0	204.0	53
-80	130	193.0	219.0	60
-80	135	203.0	216.0	63
-80	140	201.0	216.0	54
-80	145	206.0	216.0	59
-80	150	181.0	218.0	42
-80	155	182.0	209.0	40
-80	160	191.0	209.0	26
-80	165	166.0	215.0	12
-80	170	161.0	214.0	7
-80	175	93.0	215.0	1
-75	-180	132.0	218.0	1
-75	-175	0	214.0	0
-75	-170	0	216.0	0
-75	-165	0	216.0	0
-75	-80	0	221.0	0
-75	-75	161.0	220.0	1
-75	-70	0	227.0	0
-75	-65	74.0	221.0	1
-75	-60	171.0	216.0	5
-75	-55	174.0	226.0	16
-75	-50	205.0	222.0	58
-75	-45	199.0	224.0	135
-75	-40	205.0	230.0	188
-75	-35	212.0	231.0	162
-75	-30	205.0	231.0	108
-75	-25	199.0	220.0	85
-75	-20	212.0	232.0	90
-75	-15	222.0	227.0	99
-75	-10	196.0	229.0	55
-75	-5	206.0	229.0	26
-75	0	210.0	231.0	8
-75	5	0	226.0	0
-75	10	0	226.0	0
-75	15	116.0	230.0	2
-75	20	0	228.0	0
-75	45	0	229.0	0
-75	50	191.0	229.0	1
-75	55	0	233.0	0
-75	60	0	226.0	0
-75	65	92.0	226.0	1
-75	70	0	225.0	0
-75	75	90.0	225.0	1
-75	80	0	227.0	0
-75	85	0	226.0	0
-75	90	130.0	219.0	2
-75	95	168.0	221.0	3
-75	100	190.0	214.0	2
-75	105	136.0	221.0	3
-75	110	188.0	215.0	7
-75	115	142.0	222.0	12
-75	120	167.0	221.0	34
-75	125	182.0	220.0	47
-75	130	204.0	225.0	66
-75	135	212.0	219.0	74
-75	140	186.0	215.0	65
-75	145	213.0	218.0	60
-75	150	187.0	219.0	51
-75	155	197.0	218.0	36
-75	160	186.0	217.0	28
-75	165	192.0	213.0	12
-75	170	106.0	218.0	4
-75	175	0	208.0	0
-70	-180	0	215.0	0
-70	-175	0	216.0	0
-70	-170	32.0	223.0	1
-70	-80	0	227.0	0
-70	-75	0	224.0	0
-70	-70	0	223.0	0
-70	-65	157.0	225.0	2
-70	-60	144.0	225.0	5
-70	-55	186.0	224.0	35
-70	-50	188.0	223.0	126
-70	-45	216.0	0	512
-70	-40	207.0	0	701
-70	-35	213.0	0	358
-70	-30	212.0	226.0	206
-70	-25	212.0	229.0	171
-70	-20	210.0	228.0	175
-70	-15	207.0	221.0	127
-70	-10	204.0	235.0	42
-70	-5	171.0	226.0	10
-70	0	120.0	221.0	2
-70	5	90.0	230.0	1
-70	10	0	236.0	0
-70	15	214.0	231.0	1
-70	45	0	236.0	0
-70	50	0	236.0	0
-70	55	0	225.0	0
-70	60	0	214.0	0
-70	65	0	225.0	0
-70	70	0	223.0	0
-70	75	0	227.0	0
-70	80	0	229.0	0
-70	85	0	228.0	0
-70	90	0	217.0	0
-70	95	135.0	227.0	1
-70	100	144.0	225.0	2
-70	105	118.0	225.0	1
-70	110	192.0	217.0	4
-70	115	177.0	228.0	9
-70	120	186.0	223.0	25
-70	125	195.0	226.0	53
-70	130	204.0	221.0	84
-70	135	215.0	221.0	85
-70	140	214.0	220.0	85
-70	145	214.0	213.0	67
-70	150	195.0	214.0	46
-70	155	202.0	218.0	38
-70	160	141.0	224.0	15
-70	165	177.0	220.0	15
-70	170	81.0	211.0	3
-70	175	35.0	217.0	1
-65	-175	0	215.0	0
-65	-80	0	217.0	0
-65	-75	0	223.0	0
-65	-70	101.0	222.0	1
-65	-65	119.0	223.0	1
-65	-60	196.0	224.0	10
-65	-55	191.0	221.0	71
-65	-50	183.0	0	485
-65	-45	218.0	0	1622
-65	-40	220.0	0	1242
-65	-35	218.0	0	524
-65	-30	219.0	0	282
-65	-25	222.0	220.0	219
-65	-20	220.0	224.0	153
-65	-15	215.0	231.0	59
-65	-10	176.0	228.0	6
-65	-5	177.0	229.0	3
-65	0	0	225.0	0
-65	5	64.0	223.0	1
-65	10	0	230.0	0
-65	15	0	231.0	0
-65	45	0	228.0	0
-65	50	0	223.0	0
-65	55	0	225.0	0
-65	60	0	222.0	0
-65	65	153.0	229.0	1
-65	70	0	225.0	0
-65	75	0	230.0	0
-65	80	162.0	219.0	1
-65	85	0	230.0	0
-65	90	182.0	230.0	1
-65	95	0	223.0	0
-65	100	0	217.0	0
-65	105	151.0	222.0	1
-65	110	154.0	227.0	2
-65	115	179.0	214.0	9
-65	120	186.0	221.0	22
-65	125	217.0	220.0	52
-65	130	210.0	225.0	77
-65	135	206.0	216.0	87
-65	140	203.0	217.0	76
-65	145	195.0	217.0	73
-65	150	190.0	216.0	43
-65	155	199.0	217.0	21
-65	160	198.0	208.0	13
-65	165	179.0	215.0	4
-65	170	172.0	219.0	4
-65	175	0	218.0	0
-60	-80	0	225.0	0
-60	-75	0	219.0	0
-60	-70	0	224.0	0
-60	-65	148.0	222.0	1
-60	-60	218.0	218.0	15
-60	-55	213.0	224.0	98
-60	-50	215.0	0	643
-60	-45	204.0	0	1249
-60	-40	221.0	0	688
-60	-35	220.0	0	309
-60	-30	215.0	221.0	202
-60	-25	221.0	230.0	121
-60	-20	192.0	227.0	45
-60	-15	148.0	233.0	3
-60	-10	188.0	230.0	3
-60	-5	132.0	231.0	1
-60	0	0	228.0	0
-60	5	0	230.0	0
-60	10	0	223.0	0
-60	45	0	228.0	0
-60	65	0	227.0	0
-60	75	0	223.0	0
-60	90	0	223.0	0
-60	95	0	225.0	0
-60	100	0	228.0	0
-60	105	0	222.0	0
-60	110	136.0	216.0	3
-60	115	175.0	220.0	7
-60	120	197.0	217.0	17
-60	125	217.0	215.0	60
-60	130	209.0	206.0	79
-60	135	195.0	212.0	80
-60	140	216.0	217.0	57
-60	145	206.0	221.0	47
-60	150	178.0	218.0	21
-60	155	141.0	211.0	9
-60	160	110.0	216.0	6
-60	165	0	203.0	0
-60	170	115.0	216.0	1
-60	175	0	215.0	0
-55	-80	0	221.0	0
-55	-75	0	224.0	0
-55	-70	150.0	222.0	1
-55	-65	0	226.0	0
-55	-60	157.0	227.0	12
-55	-55	189.0	228.0	69
-55	-50	202.0	0	281
-55	-45	229.0	0	298
-55	-40	215.0	233.0	184
-55	-35	225.0	228.0	102
-55	-30	199.0	228.0	61
-55	-25	186.0	234.0	14
-55	-20	165.0	223.0	4
-55	-15	142.0	232.0	1
-55	-10	0	231.0	0
-55	-5	0	231.0	0
-55	0	0	227.0	0
-55	5	0	233.0	0
-55	95	0	229.0	0
-55	100	0	218.0	0
-55	105	159.0	219.0	2
-55	110	0	224.0	0
-55	115	143.0	227.0	6
-55	120	215.0	224.0	11
-55	125	216.0	223.0	54
-55	130	212.0	220.0	56
-55	135	211.0	222.0	46
-55	140	199.0	220.0	29
-55	145	158.0	217.0	9
-55	150	151.0	213.0	5
-55	155	27.0	210.0	1
-55	160	111.0	217.0	2
-55	165	141.0	216.0	1
-55	170	0	216.0	0
-55	175	0	217.0	0
-50	-85	0	225.0	0
-50	-80	0	228.0	0
-50	-75	179.0	224.0	1
-50	-70	0	223.0	0
-50	-65	99.0	226.0	3
-50	-60	143.0	231.0	5
-50	-55	175.0	229.0	25
-50	-50	196.0	228.0	61
-50	-45	189.0	230.0	63
-50	-40	211.0	228.0	25
-50	-35	210.0	230.0	22
-50	-30	199.0	222.0	6
-50	-25	0	230.0	0
-50	-20	0	228.0	0
-50	-15	0	232.0	0
-50	-10	0	228.0	0
-50	-5	0	225.0	0
-50	0	0	233.0	0
-50	100	0	227.0	0
-50	105	0	221.0	0
-50	110	0	224.0	0
-50	115	177.0	221.0	2
-50	120	204.0	220.0	7
-50	125	197.0	223.0	27
-50	130	198.0	222.0	21
-50	135	183.0	218.0	13
-50	140	208.0	218.0	12
-50	145	0	220.0	0
-50	150	0	218.0	0
-50	155	0	213.0	0
-50	160	0	215.0	0
-50	165	0	217.0	0
-50	170	0	218.0	0
-50	175	0	212.0	0
-45	-85	0	223.0	0
-45	-80	201.0	224.0	1
-45	-75	0	230.0	0
-45	-70	0	224.0	0
-45	-65	158.0	220.0	3
-45	-60	152.0	227.0	4
-45	-55	215.0	231.0	10
-45	-50	172.0	227.0	15
-45	-45	182.0	229.0	16
-45	-40	172.0	231.0	10
-45	-35	131.0	224.0	1
-45	-30	172.0	231.0	2
-45	-25	108.0	238.0	1
-45	-20	0	234.0	0
-45	-15	0	238.0	0
-45	-10	0	233.0	0
-45	-5	0	233.0	0
-45	100	0	228.0	0
-45	105	0	223.0	0
-45	110	0	222.0	0
-45	115	145.0	225.0	2
-45	120	156.0	216.0	5
-45	125	177.0	220.0	11
-45	130	172.0	215.0	8
-45	135	205.0	215.0	5
-45	140	150.0	219.0	2
-45	145	0	219.0	0
-45	150	0	215.0	0
-45	155	0	215.0	0
-45	160	88.0	219.0	1
-45	165	0	216.0	0
-45	170	0	207.0	0
-40	-75	0	227.0	0
-40	-70	0	231.0	0
-40	-65	147.0	226.0	1
-40	-60	0	231.0	0
-40	-55	99.0	228.0	3
-40	-50	182.0	229.0	2
-40	-45	185.0	233.0	2
-40	-40	158.0	232.0	1
-40	-35	155.0	232.0	1
-40	-30	106.0	231.0	1
-40	-25	0	222.0	0
-40	-20	0	235.0	0
-40	-15	195.0	233.0	1
-40	-10	0	230.0	0
-40	110	0	226.0	0
-40	115	192.0	215.0	1
-40	120	125.0	222.0	1
-40	125	0	223.0	0
-40	130	103.0	219.0	2
-40	135	0	222.0	0
-40	140	0	217.0	0
-40	145	184.0	216.0	1
-40	150	0	220.0	0
-40	155	0	214.0	0
-40	160	0	215.0	0
-35	-65	0	232.0	0
-35	-60	0	230.0	0
-35	-55	54.0	230.0	1
-35	-50	101.0	229.0	1
-35	-45	0	230.0	0
-35	-40	0	231.0	0
-35	-35	0	232.0	0
-35	-30	0	225.0	0
-35	-25	0	238.0	0
-35	-20	0	233.0	0
-35	115	0	217.0	0
-35	120	0	221.0	0
-35	125	0	219.0	0
-35	130	0	220.0	0
-35	135	89.0	220.0	1
-35	140	0	217.0	0
-35	145	0	218.0	0
-35	150	0	216.0	0
-30	-65	167.0	231.0	2
-30	-60	0	231.0	0
-30	-55	0	232.0	0
-30	-50	0	232.0	0
-30	-45	0	231.0	0
-30	-40	0	234.0	0
-30	-35	0	240.0	0
-30	-30	0	238.0	0
-30	120	0	223.0	0
-30	125	0	221.0	0
-30	130	0	216.0	0
-30	135	0	218.0	0
-30	140	0	223.0	0
-25	-65	0	232.0	0
-25	-60	0	234.0	0
-25	-55	0	231.0	0
-25	-50	0	234.0	0
-25	-45	0	233.0	0
-25	-40	0	235.0	0
-25	120	0	215.0	0
-25	125	0	220.0	0
-25	130	0	213.0	0
-25	135	0	221.0	0
-20	-55	0	233.0	0
20	35	0	230.0	0
20	40	0	230.0	0
20	45	0	222.0	0
20	50	0	228.0	0
20	55	0	221.0	0
25	30	0	225.0	0
25	35	0	230.0	0
25	40	0	221.0	0
25	45	0	221.0	0
25	50	0	226.0	0
25	55	0	220.0	0
25	60	0	229.0	0
30	-130	0	226.0	0
30	-125	0	227.0	0
30	25	0	228.0	0
30	30	0	230.0	0
30	35	0	229.0	0
30	40	0	233.0	0
30	45	0	232.0	0
30	50	0	223.0	0
30	55	0	225.0	0
30	60	133.0	220.0	1
35	-135	0	225.0	0
35	-130	0	229.0	0
35	-125	0	228.0	0
35	15	0	233.0	0
35	20	0	234.0	0
35	25	0	230.0	0
35	30	0	228.0	0
35	35	0	225.0	0
35	40	0	222.0	0
35	45	0	225.0	0
35	50	128.0	224.0	1
35	55	119.0	221.0	1
35	60	80.0	222.0	1
40	-140	0	222.0	0
40	-135	0	225.0	0
40	-130	0	227.0	0
40	-125	0	228.0	0
40	5	0	237.0	0
40	10	0	228.0	0
40	15	0	230.0	0
40	20	0	215.0	0
40	25	0	223.0	0
40	30	147.0	228.0	1
40	35	212.0	230.0	3
40	40	161.0	225.0	3
40	45	218.0	219.0	4
40	50	166.0	224.0	6
40	55	178.0	225.0	9
40	60	172.0	222.0	1
40	65	0	221.0	0
40	70	163.0	214.0	1
40	75	0	219.0	0
45	-145	0	220.0	0
45	-140	0	217.0	0
45	-135	63.0	224.0	1
45	-130	119.0	227.0	2
45	-125	110.0	228.0	1
45	-55	0	231.0	0
45	0	0	232.0	0
45	5	0	225.0	0
45	10	0	233.0	0
45	15	0	232.0	0
45	20	0	228.0	0
45	25	0	227.0	0
45	30	143.0	227.0	3
45	35	203.0	223.0	6
45	40	223.0	224.0	22
45	45	219.0	223.0	24
45	50	192.0	223.0	19
45	55	178.0	223.0	17
45	60	194.0	217.0	8
45	65	0	215.0	0
45	70	155.0	220.0	2
45	75	99.0	218.0	1
45	80	0	219.0	0
50	-150	39.0	216.0	1
50	-145	0	220.0	0
50	-140	91.0	226.0	1
50	-135	99.0	226.0	2
50	-130	154.0	230.0	5
50	-125	134.0	228.0	3
50	-120	177.0	230.0	2
50	-115	186.0	230.0	1
50	-110	176.0	231.0	1
50	-105	0	232.0	0
50	-60	0	235.0	0
50	-55	0	238.0	0
50	-5	0	227.0	0
50	0	0	232.0	0
50	5	0	227.0	0
50	10	141.0	231.0	1
50	15	0	229.0	0
50	20	178.0	227.0	2
50	25	204.0	228.0	7
50	30	168.0	224.0	14
50	35	218.0	229.0	20
50	40	213.0	221.0	42
50	45	189.0	218.0	34
50	50	188.0	225.0	33
50	55	188.0	221.0	12
50	60	158.0	218.0	11
50	65	119.0	217.0	1
50	70	90.0	221.0	1
50	75	0	217.0	0
50	80	0	221.0	0
55	-155	0	224.0	0
55	-150	161.0	218.0	2
55	-145	0	220.0	0
55	-140	106.0	222.0	1
55	-135	133.0	225.0	3
55	-130	166.0	226.0	3
55	-125	181.0	223.0	2
55	-120	55.0	233.0	1
55	-115	160.0	226.0	2
55	-110	0	231.0	0
55	-65	0	237.0	0
55	-60	0	235.0	0
55	-55	0	232.0	0
55	-15	0	225.0	0
55	-10	0	235.0	0
55	-5	0	233.0	0
55	0	0	230.0	0
55	5	0	231.0	0
55	10	27.0	228.0	1
55	15	188.0	230.0	4
55	20	153.0	222.0	7
55	25	194.0	227.0	16
55	30	211.0	220.0	32
55	35	204.0	224.0	54
55	40	200.0	223.0	38
55	45	204.0	222.0	35
55	50	178.0	220.0	19
55	55	193.0	214.0	9
55	60	166.0	219.0	5
55	65	0	214.0	0
55	70	115.0	212.0	1
55	75	0	219.0	0
55	80	109.0	212.0	1
60	-135	0	222.0	0
60	-130	0	224.0	0
60	-125	0	226.0	0
60	-120	96.0	226.0	2
60	-115	0	221.0	0
60	-70	0	230.0	0
60	-65	0	221.0	0
60	-60	0	233.0	0
60	-55	0	236.0	0
60	-20	0	228.0	0
60	-15	0	229.0	0
60	-10	44.0	223.0	1
60	-5	0	231.0	0
60	0	159.0	229.0	2
60	5	207.0	230.0	5
60	10	159.0	228.0	2
60	15	208.0	228.0	19
60	20	230.0	228.0	27
60	25	202.0	226.0	16
60	30	203.0	215.0	37
60	35	192.0	223.0	18
60	40	198.0	222.0	20
60	45	191.0	221.0	13
60	50	169.0	217.0	5
60	55	172.0	215.0	4
60	60	0	220.0	0
60	65	185.0	216.0	1
60	70	0	211.0	0
60	75	0	209.0	0
65	-135	87.0	224.0	1
65	-130	0	229.0	0
65	-125	0	229.0	0
65	-120	135.0	226.0	1
65	-75	0	232.0	0
65	-70	0	232.0	0
65	-65	0	235.0	0
65	-60	144.0	234.0	1
65	-55	152.0	236.0	3
65	-50	0	229.0	0
65	-45	109.0	233.0	1
65	-40	0	231.0	0
65	-35	0	231.0	0
65	-25	0	235.0	0
65	-20	0	233.0	0
65	-15	0	231.0	0
65	-10	0	230.0	0
65	-5	0	222.0	0
65	0	0	224.0	0
65	5	219.0	220.0	8
65	10	185.0	224.0	11
65	15	211.0	225.0	13
65	20	188.0	224.0	13
65	25	199.0	221.0	26
65	30	174.0	227.0	4
65	35	183.0	212.0	5
65	40	179.0	221.0	4
65	45	110.0	219.0	1
65	50	0	218.0	0
65	55	0	211.0	0
65	60	0	217.0	0
65	65	44.0	215.0	1
65	70	0	215.0	0
70	-135	0	227.0	0
70	-130	0	228.0	0
70	-125	0	225.0	0
70	-55	119.0	233.0	1
70	-50	119.0	238.0	2
70	-45	120.0	227.0	1
70	-40	83.0	229.0	1
70	-30	90.0	235.0	1
70	-25	0	228.0	0
70	-20	2.0	224.0	1
70	-15	0	234.0	0
70	-10	203.0	232.0	2
70	-5	206.0	220.0	3
70	0	166.0	225.0	6
70	5	202.0	230.0	10
70	10	206.0	226.0	6
70	15	175.0	229.0	10
70	20	173.0	214.0	6
70	25	0	223.0	0
70	30	176.0	222.0	4
70	35	0	217.0	0
70	40	0	219.0	0
70	45	0	212.0	0
70	50	0	220.0	0
70	55	0	214.0	0
70	60	0	217.0	0
70	65	0	214.0	0
75	-135	0	228.0	0
75	-130	0	222.0	0
75	-55	131.0	237.0	1
75	-50	17.0	227.0	1
75	-45	0	237.0	0
75	-35	0	237.0	0
75	-30	0	237.0	0
75	-25	0	230.0	0
75	-20	177.0	233.0	1
75	-15	126.0	234.0	3
75	-10	73.0	234.0	2
75	-5	124.0	234.0	1
75	0	197.0	229.0	4
75	5	189.0	226.0	3
75	10	184.0	225.0	4
75	15	167.0	226.0	2
75	20	172.0	228.0	2
75	25	158.0	225.0	1
75	30	0	226.0	0
75	35	0	221.0	0
75	40	0	222.0	0
75	45	0	221.0	0
75	50	0	210.0	0
75	55	0	220.0	0
75	60	0	215.0	0
80	-55	0	230.0	0
80	-50	0	232.0	0
80	-30	0	232.0	0
80	-25	137.0	229.0	1
80	-20	0	228.0	0
80	-15	187.0	235.0	2
80	-10	188.0	234.0	3
80	-5	173.0	222.0	4
80	0	152.0	232.0	3
80	5	0	230.0	0
80	10	0	228.0	0
80	15	0	221.0	0
80	20	0	220.0	0
80	25	0	226.0	0
80	30	0	217.0	0
80	35	0	210.0	0
80	40	0	213.0	0
80	45	0	219.0	0
80	50	0	221.0	0
80	55	0	214.0	0
85	-55	0	229.0	0
85	-15	0	227.0	0
85	-10	133.0	229.0	1
85	-5	0	227.0	0
85	0	187.0	229.0	1
85	5	0	227.0	0
85	10	0	227.0	0
85	15	0	221.0	0
85	20	0	219.0	0
85	25	0	222.0	0
85	30	0	226.0	0
85	35	0	220.0	0
85	40	0	218.0	0
90	-15	0	234.0	0
90	-10	151.0	227.0	1
90	-5	0	220.0	0
90	0	0	216.0	0
90	5	0	228.0	0
90	10	0	227.0	0
90	15	0	217.0	0
90	20	0	220.0	0
90	30	0	228.0	0
95	-15	0	227.0	0
95	-10	0	224.0	0
95	-5	0	225.0	0
95	0	0	225.0	0
95	5	0	210.0	0
95	10	0	222.0	0
100	-10	0	227.0	0
100	-5	0	214.0	0
100	0	0	218.0	0
