Phi	Psi	max_obs_SA	max_theo_SA	obs_bin_pop
-180	-180	0	203.0	0
-180	65	0	204.0	0
-180	70	0	203.0	0
-180	80	0	203.0	0
-180	85	0	201.0	0
-180	90	0	203.0	0
-180	95	0	203.0	0
-180	100	0	202.0	0
-180	105	0	201.0	0
-180	110	0	202.0	0
-180	115	0	202.0	0
-180	120	0	202.0	0
-180	125	0	202.0	0
-180	130	0	201.0	0
-180	135	0	202.0	0
-180	140	28.0	202.0	1
-180	145	0	202.0	0
-180	150	3.0	202.0	1
-180	155	0	201.0	0
-180	160	0	202.0	0
-180	165	6.0	203.0	1
-180	170	0	202.0	0
-180	175	0	202.0	0
-175	-180	0	202.0	0
-175	-160	0	202.0	0
-175	30	0	202.0	0
-175	60	0	200.0	0
-175	65	0	200.0	0
-175	70	0	200.0	0
-175	75	0	200.0	0
-175	80	0	200.0	0
-175	85	0	200.0	0
-175	90	0	201.0	0
-175	95	0	200.0	0
-175	100	0	201.0	0
-175	105	0	201.0	0
-175	110	0	199.0	0
-175	115	0	198.0	0
-175	120	0	199.0	0
-175	125	8.0	199.0	1
-175	130	0	200.0	0
-175	135	0	201.0	0
-175	140	0	201.0	0
-175	145	0	201.0	0
-175	150	103.0	202.0	1
-175	155	30.0	202.0	1
-175	160	15.0	201.0	1
-175	165	0	202.0	0
-175	170	0	201.0	0
-175	175	0	202.0	0
-170	-180	0	204.0	0
-170	-165	0	201.0	0
-170	-160	0	204.0	0
-170	25	0	203.0	0
-170	30	0	203.0	0
-170	55	0	201.0	0
-170	60	0	200.0	0
-170	65	0	201.0	0
-170	70	0	201.0	0
-170	75	0	201.0	0
-170	80	0	201.0	0
-170	85	0	200.0	0
-170	90	0	200.0	0
-170	95	5.0	202.0	1
-170	100	1.0	202.0	1
-170	105	0	201.0	0
-170	110	6.0	201.0	1
-170	115	0	201.0	0
-170	120	0	201.0	0
-170	125	0	201.0	0
-170	130	0	201.0	0
-170	135	177.0	201.0	3
-170	140	20.0	201.0	2
-170	145	45.0	201.0	2
-170	150	101.0	200.0	2
-170	155	70.0	202.0	3
-170	160	33.0	201.0	2
-170	165	23.0	202.0	3
-170	170	96.0	202.0	4
-170	175	0	203.0	0
-165	-180	0	204.0	0
-165	-170	0	203.0	0
-165	-165	0	204.0	0
-165	-160	0	204.0	0
-165	-135	0	206.0	0
-165	-50	0	206.0	0
-165	-5	0	205.0	0
-165	0	0	204.0	0
-165	15	0	204.0	0
-165	20	0	203.0	0
-165	25	0	204.0	0
-165	30	0	203.0	0
-165	35	0	203.0	0
-165	50	0	202.0	0
-165	55	0	202.0	0
-165	60	0	201.0	0
-165	65	0	200.0	0
-165	70	22.0	201.0	1
-165	75	0	201.0	0
-165	80	0	200.0	0
-165	85	0	198.0	0
-165	90	68.0	200.0	2
-165	95	0	200.0	0
-165	100	0	199.0	0
-165	105	0	200.0	0
-165	110	0	200.0	0
-165	115	0	201.0	0
-165	120	0	201.0	0
-165	125	0	200.0	0
-165	130	49.0	200.0	1
-165	135	106.0	201.0	5
-165	140	102.0	201.0	5
-165	145	193.0	202.0	4
-165	150	105.0	202.0	4
-165	155	51.0	203.0	5
-165	160	54.0	203.0	11
-165	165	22.0	202.0	6
-165	170	91.0	202.0	2
-165	175	81.0	202.0	1
-160	-180	11.0	203.0	1
-160	-175	0	202.0	0
-160	-170	0	203.0	0
-160	-165	0	203.0	0
-160	-160	0	203.0	0
-160	-140	0	207.0	0
-160	-135	0	208.0	0
-160	-70	0	207.0	0
-160	-65	0	208.0	0
-160	-55	0	207.0	0
-160	-50	0	206.0	0
-160	-45	0	206.0	0
-160	-20	0	205.0	0
-160	-10	0	204.0	0
-160	-5	0	204.0	0
-160	0	0	205.0	0
-160	5	0	204.0	0
-160	10	0	204.0	0
-160	15	0	203.0	0
-160	20	0	203.0	0
-160	25	0	203.0	0
-160	30	0	202.0	0
-160	35	0	204.0	0
-160	45	0	203.0	0
-160	50	0	202.0	0
-160	55	0	202.0	0
-160	60	0	202.0	0
-160	65	0	203.0	0
-160	70	0	202.0	0
-160	75	0	202.0	0
-160	80	79.0	202.0	1
-160	85	0	201.0	0
-160	90	0	202.0	0
-160	95	0	200.0	0
-160	100	2.0	201.0	1
-160	105	0	202.0	0
-160	110	0	201.0	1
-160	115	0	202.0	0
-160	120	0	201.0	0
-160	125	47.0	202.0	2
-160	130	2.0	203.0	2
-160	135	85.0	203.0	10
-160	140	51.0	202.0	6
-160	145	86.0	202.0	9
-160	150	48.0	202.0	8
-160	155	73.0	201.0	6
-160	160	50.0	202.0	9
-160	165	35.0	201.0	8
-160	170	9.0	201.0	1
-160	175	103.0	202.0	1
-155	-180	0	200.0	0
-155	-175	0	201.0	0
-155	-170	0	200.0	0
-155	-165	0	203.0	0
-155	-160	43.0	201.0	1
-155	-155	0	203.0	0
-155	-150	0	203.0	0
-155	-145	0	204.0	0
-155	-140	0	205.0	0
-155	-135	0	205.0	0
-155	-75	0	207.0	0
-155	-70	0	207.0	0
-155	-65	0	207.0	0
-155	-60	0	207.0	0
-155	-55	0	207.0	0
-155	-50	0	208.0	0
-155	-45	0	208.0	0
-155	-40	0	206.0	0
-155	-25	0	204.0	0
-155	-20	0	205.0	0
-155	-15	0	204.0	0
-155	-10	0	205.0	0
-155	-5	0	204.0	0
-155	0	0	203.0	0
-155	5	0	201.0	0
-155	10	0	202.0	0
-155	15	0	202.0	0
-155	20	0	202.0	0
-155	25	0	202.0	0
-155	30	0	201.0	1
-155	35	0	201.0	0
-155	40	0	200.0	0
-155	45	0	201.0	0
-155	50	0	200.0	0
-155	55	0	202.0	0
-155	60	0	201.0	0
-155	65	0	201.0	0
-155	70	0	200.0	0
-155	75	0	201.0	0
-155	80	0	199.0	0
-155	85	0	198.0	0
-155	90	0	200.0	0
-155	95	82.0	199.0	1
-155	100	0	200.0	0
-155	105	0	200.0	0
-155	110	34.0	199.0	1
-155	115	48.0	199.0	3
-155	120	93.0	200.0	4
-155	125	44.0	199.0	7
-155	130	62.0	201.0	9
-155	135	53.0	201.0	7
-155	140	89.0	201.0	12
-155	145	74.0	201.0	15
-155	150	46.0	201.0	8
-155	155	101.0	200.0	13
-155	160	88.0	201.0	16
-155	165	78.0	201.0	12
-155	170	50.0	201.0	6
-155	175	2.0	202.0	2
-150	-180	0	203.0	0
-150	-175	0	202.0	0
-150	-170	0	202.0	0
-150	-160	0	203.0	0
-150	-155	0	203.0	0
-150	-150	0	204.0	0
-150	-145	0	205.0	0
-150	-140	0	205.0	0
-150	-135	0	205.0	0
-150	-80	0	209.0	0
-150	-75	0	209.0	0
-150	-70	0	208.0	0
-150	-65	0	208.0	0
-150	-60	0	207.0	0
-150	-55	0	208.0	0
-150	-50	0	207.0	0
-150	-45	0	206.0	0
-150	-40	0	206.0	0
-150	-30	0	207.0	0
-150	-25	0	207.0	0
-150	-20	0	206.0	0
-150	-15	0	206.0	0
-150	-10	0	205.0	0
-150	-5	0	204.0	0
-150	0	0	205.0	0
-150	5	0	203.0	0
-150	10	0	203.0	0
-150	15	0	204.0	0
-150	20	0	204.0	0
-150	25	0	204.0	0
-150	30	0	203.0	0
-150	35	0	204.0	0
-150	40	0	203.0	0
-150	45	0	202.0	0
-150	50	0	200.0	0
-150	55	0	202.0	0
-150	60	9.0	201.0	1
-150	65	0	201.0	0
-150	70	0	202.0	0
-150	75	0	202.0	0
-150	80	0	202.0	0
-150	85	1.0	202.0	1
-150	90	0	202.0	0
-150	95	0	202.0	0
-150	100	16.0	202.0	1
-150	105	0	202.0	0
-150	110	12.0	201.0	1
-150	115	30.0	200.0	2
-150	120	5.0	201.0	1
-150	125	24.0	201.0	7
-150	130	79.0	201.0	4
-150	135	75.0	200.0	10
-150	140	61.0	202.0	13
-150	145	81.0	202.0	17
-150	150	69.0	202.0	15
-150	155	76.0	202.0	21
-150	160	53.0	201.0	9
-150	165	45.0	202.0	6
-150	170	32.0	203.0	1
-150	175	42.0	203.0	2
-145	-180	26.0	202.0	1
-145	-175	0	201.0	0
-145	-170	0	201.0	0
-145	-165	0	201.0	0
-145	-160	0	202.0	0
-145	-155	0	202.0	0
-145	-150	0	204.0	0
-145	-145	0	205.0	0
-145	-140	0	205.0	0
-145	-135	5.0	207.0	1
-145	-130	0	207.0	0
-145	-125	0	208.0	0
-145	-120	0	208.0	0
-145	-115	0	208.0	0
-145	-85	0	208.0	0
-145	-80	0	209.0	0
-145	-75	0	208.0	0
-145	-70	0	207.0	0
-145	-65	0	208.0	0
-145	-60	0	205.0	0
-145	-55	0	207.0	0
-145	-50	32.0	206.0	1
-145	-45	0	206.0	0
-145	-40	0	206.0	0
-145	-35	0	206.0	0
-145	-30	0	206.0	0
-145	-25	0	205.0	0
-145	-20	0	205.0	0
-145	-15	0	205.0	0
-145	-10	0	205.0	0
-145	-5	1.0	204.0	1
-145	0	0	203.0	1
-145	5	0	203.0	0
-145	10	0	203.0	0
-145	15	0	203.0	1
-145	20	38.0	203.0	1
-145	25	0	202.0	0
-145	30	0	201.0	0
-145	35	63.0	202.0	1
-145	40	0	202.0	0
-145	45	0	202.0	0
-145	50	127.0	202.0	1
-145	55	30.0	202.0	1
-145	60	59.0	202.0	2
-145	65	6.0	202.0	2
-145	70	0	200.0	2
-145	75	0	200.0	0
-145	80	0	200.0	0
-145	85	0	201.0	0
-145	90	0	200.0	0
-145	95	68.0	200.0	2
-145	100	0	200.0	0
-145	105	34.0	201.0	1
-145	110	0	199.0	0
-145	115	0	200.0	0
-145	120	115.0	200.0	5
-145	125	116.0	200.0	9
-145	130	145.0	199.0	8
-145	135	116.0	198.0	15
-145	140	114.0	200.0	20
-145	145	85.0	199.0	16
-145	150	106.0	200.0	23
-145	155	92.0	201.0	21
-145	160	120.0	199.0	9
-145	165	16.0	201.0	4
-145	170	32.0	201.0	5
-145	175	0	201.0	0
-140	-180	0	202.0	0
-140	-175	1.0	203.0	1
-140	-170	90.0	202.0	1
-140	-165	0	202.0	0
-140	-160	0	202.0	0
-140	-155	0	204.0	0
-140	-150	0	204.0	0
-140	-135	0	207.0	0
-140	-130	0	208.0	0
-140	-125	0	208.0	0
-140	-120	0	208.0	0
-140	-90	0	208.0	0
-140	-85	0	208.0	0
-140	-80	0	207.0	0
-140	-75	0	206.0	0
-140	-70	78.0	206.0	1
-140	-65	43.0	207.0	1
-140	-60	0	207.0	0
-140	-55	0	208.0	0
-140	-50	137.0	207.0	1
-140	-45	54.0	206.0	1
-140	-40	0	206.0	0
-140	-35	0	206.0	0
-140	-30	0	206.0	0
-140	-25	0	206.0	0
-140	-20	69.0	207.0	1
-140	-15	0	205.0	0
-140	-10	36.0	205.0	1
-140	-5	0	204.0	0
-140	0	0	205.0	0
-140	5	32.0	205.0	1
-140	10	0	204.0	0
-140	15	0	204.0	0
-140	20	51.0	204.0	2
-140	25	30.0	204.0	2
-140	30	29.0	204.0	1
-140	35	0	204.0	1
-140	40	0	204.0	0
-140	45	0	203.0	0
-140	50	3.0	203.0	1
-140	55	0	203.0	0
-140	60	4.0	203.0	1
-140	65	41.0	203.0	2
-140	70	24.0	202.0	3
-140	75	19.0	203.0	1
-140	80	9.0	202.0	1
-140	85	12.0	202.0	2
-140	90	0	202.0	0
-140	95	0	200.0	0
-140	100	8.0	201.0	2
-140	105	73.0	200.0	1
-140	110	41.0	200.0	5
-140	115	0	200.0	1
-140	120	27.0	200.0	10
-140	125	53.0	201.0	12
-140	130	115.0	201.0	14
-140	135	69.0	202.0	23
-140	140	123.0	202.0	25
-140	145	81.0	201.0	21
-140	150	170.0	201.0	21
-140	155	149.0	201.0	16
-140	160	144.0	203.0	12
-140	165	53.0	202.0	6
-140	170	60.0	202.0	5
-140	175	3.0	202.0	2
-135	-180	0	201.0	0
-135	-175	0	203.0	0
-135	-170	0	203.0	0
-135	-165	0	203.0	0
-135	-160	0	205.0	0
-135	-155	0	206.0	0
-135	-135	0	207.0	0
-135	-130	0	208.0	0
-135	-125	0	208.0	0
-135	-120	0	208.0	0
-135	-90	0	207.0	0
-135	-85	0	207.0	0
-135	-80	0	208.0	0
-135	-75	0	207.0	0
-135	-70	0	208.0	0
-135	-65	0	208.0	0
-135	-60	92.0	208.0	1
-135	-55	0	208.0	0
-135	-50	0	207.0	0
-135	-45	4.0	207.0	1
-135	-40	31.0	206.0	1
-135	-35	0	206.0	0
-135	-30	0	206.0	0
-135	-25	0	206.0	0
-135	-20	0	205.0	0
-135	-15	0	205.0	0
-135	-10	3.0	206.0	1
-135	-5	0	205.0	0
-135	0	0	206.0	1
-135	5	67.0	206.0	1
-135	10	0	207.0	1
-135	15	55.0	206.0	1
-135	20	92.0	206.0	1
-135	25	156.0	207.0	2
-135	30	8.0	207.0	1
-135	35	161.0	206.0	3
-135	40	39.0	206.0	1
-135	45	0	206.0	1
-135	50	0	205.0	0
-135	55	129.0	205.0	2
-135	60	85.0	204.0	4
-135	65	5.0	203.0	1
-135	70	21.0	205.0	2
-135	75	39.0	204.0	4
-135	80	104.0	204.0	1
-135	85	0	205.0	0
-135	90	134.0	204.0	2
-135	95	0	203.0	0
-135	100	3.0	203.0	2
-135	105	72.0	203.0	5
-135	110	0	204.0	1
-135	115	51.0	203.0	7
-135	120	68.0	202.0	4
-135	125	122.0	202.0	15
-135	130	119.0	201.0	26
-135	135	67.0	203.0	25
-135	140	92.0	202.0	24
-135	145	115.0	203.0	34
-135	150	92.0	203.0	20
-135	155	146.0	203.0	29
-135	160	43.0	203.0	11
-135	165	113.0	202.0	10
-135	170	55.0	204.0	5
-135	175	4.0	202.0	1
-130	-180	3.0	202.0	2
-130	-175	0	202.0	1
-130	-170	0	202.0	0
-130	-165	0	203.0	0
-130	-160	0	203.0	0
-130	-155	0	204.0	0
-130	-135	0	206.0	0
-130	-130	0	206.0	0
-130	-125	0	207.0	0
-130	-120	0	206.0	0
-130	-100	0	207.0	0
-130	-95	0	207.0	0
-130	-90	0	207.0	0
-130	-85	0	206.0	0
-130	-80	0	206.0	0
-130	-75	0	207.0	0
-130	-70	0	205.0	0
-130	-65	0	205.0	0
-130	-60	0	205.0	0
-130	-55	0	206.0	0
-130	-50	2.0	206.0	1
-130	-45	0	206.0	0
-130	-40	0	206.0	0
-130	-35	0	205.0	0
-130	-30	109.0	206.0	1
-130	-25	66.0	204.0	1
-130	-20	0	205.0	0
-130	-15	27.0	206.0	1
-130	-10	0	206.0	0
-130	-5	1.0	206.0	1
-130	0	163.0	206.0	1
-130	5	53.0	206.0	2
-130	10	114.0	207.0	1
-130	15	33.0	207.0	3
-130	20	0	207.0	1
-130	25	40.0	204.0	1
-130	30	46.0	205.0	1
-130	35	59.0	204.0	1
-130	40	12.0	205.0	1
-130	45	16.0	205.0	1
-130	50	0	205.0	0
-130	55	0	204.0	0
-130	60	33.0	203.0	2
-130	65	67.0	203.0	2
-130	70	0	204.0	3
-130	75	0	203.0	0
-130	80	0	202.0	0
-130	85	162.0	203.0	1
-130	90	10.0	202.0	1
-130	95	52.0	202.0	2
-130	100	41.0	202.0	2
-130	105	75.0	202.0	6
-130	110	57.0	202.0	5
-130	115	20.0	201.0	7
-130	120	50.0	202.0	10
-130	125	131.0	200.0	25
-130	130	98.0	201.0	25
-130	135	88.0	201.0	27
-130	140	71.0	202.0	28
-130	145	142.0	202.0	15
-130	150	100.0	202.0	13
-130	155	44.0	202.0	14
-130	160	109.0	201.0	14
-130	165	50.0	202.0	6
-130	170	95.0	201.0	2
-130	175	72.0	202.0	2
-125	-180	23.0	202.0	2
-125	-175	0	201.0	0
-125	-170	5.0	203.0	1
-125	-165	0	204.0	0
-125	-160	0	203.0	0
-125	-155	0	203.0	0
-125	-150	0	204.0	0
-125	-135	0	205.0	0
-125	-130	0	206.0	0
-125	-125	0	207.0	0
-125	-120	0	207.0	0
-125	-105	0	207.0	0
-125	-100	0	206.0	0
-125	-95	0	208.0	0
-125	-90	0	207.0	0
-125	-85	0	207.0	0
-125	-80	0	206.0	0
-125	-75	0	206.0	0
-125	-70	0	207.0	0
-125	-65	0	206.0	0
-125	-60	0	205.0	0
-125	-55	0	207.0	0
-125	-50	0	206.0	0
-125	-45	27.0	205.0	1
-125	-40	0	207.0	0
-125	-35	0	206.0	0
-125	-30	0	206.0	0
-125	-25	117.0	206.0	1
-125	-20	87.0	206.0	1
-125	-15	38.0	206.0	3
-125	-10	0	206.0	0
-125	-5	36.0	206.0	2
-125	0	169.0	207.0	5
-125	5	21.0	206.0	3
-125	10	7.0	206.0	2
-125	15	71.0	206.0	1
-125	20	18.0	206.0	1
-125	25	46.0	206.0	3
-125	30	30.0	206.0	1
-125	35	60.0	206.0	2
-125	40	103.0	206.0	2
-125	45	0	207.0	0
-125	50	0	206.0	0
-125	55	58.0	206.0	1
-125	60	99.0	206.0	3
-125	65	0	205.0	1
-125	70	20.0	205.0	2
-125	75	0	205.0	1
-125	80	0	205.0	0
-125	85	59.0	205.0	1
-125	90	54.0	204.0	1
-125	95	54.0	204.0	2
-125	100	10.0	203.0	2
-125	105	136.0	202.0	8
-125	110	160.0	201.0	7
-125	115	53.0	202.0	12
-125	120	59.0	202.0	13
-125	125	74.0	201.0	17
-125	130	108.0	202.0	21
-125	135	191.0	202.0	31
-125	140	115.0	201.0	21
-125	145	104.0	201.0	18
-125	150	121.0	202.0	18
-125	155	93.0	201.0	16
-125	160	105.0	201.0	8
-125	165	54.0	201.0	4
-125	170	91.0	201.0	1
-125	175	11.0	203.0	1
-120	-180	0	203.0	0
-120	-175	0	203.0	0
-120	-170	0	205.0	0
-120	-165	0	204.0	0
-120	-160	0	204.0	0
-120	-155	0	204.0	0
-120	-150	0	204.0	0
-120	-135	0	207.0	0
-120	-130	0	206.0	0
-120	-125	0	206.0	0
-120	-120	0	208.0	0
-120	-110	0	208.0	0
-120	-105	0	208.0	0
-120	-100	0	207.0	0
-120	-95	0	207.0	0
-120	-90	0	207.0	0
-120	-85	0	207.0	0
-120	-80	0	207.0	0
-120	-75	0	207.0	0
-120	-70	0	206.0	0
-120	-65	95.0	206.0	1
-120	-60	0	206.0	0
-120	-55	0	205.0	0
-120	-50	0	207.0	0
-120	-45	0	206.0	0
-120	-40	0	206.0	0
-120	-35	13.0	205.0	2
-120	-30	36.0	208.0	1
-120	-25	127.0	206.0	3
-120	-20	0	207.0	0
-120	-15	22.0	207.0	2
-120	-10	129.0	208.0	1
-120	-5	153.0	207.0	3
-120	0	132.0	208.0	4
-120	5	82.0	205.0	5
-120	10	149.0	207.0	3
-120	15	85.0	207.0	6
-120	20	45.0	206.0	3
-120	25	1.0	209.0	1
-120	30	141.0	206.0	4
-120	35	0	207.0	0
-120	40	0	207.0	0
-120	45	34.0	209.0	2
-120	50	0	207.0	0
-120	55	0	207.0	0
-120	60	0	206.0	0
-120	65	0	205.0	0
-120	70	111.0	208.0	1
-120	75	87.0	206.0	2
-120	80	3.0	206.0	2
-120	85	7.0	206.0	1
-120	90	100.0	204.0	4
-120	95	24.0	205.0	2
-120	100	34.0	205.0	6
-120	105	102.0	205.0	7
-120	110	63.0	204.0	8
-120	115	14.0	202.0	9
-120	120	83.0	201.0	17
-120	125	107.0	202.0	23
-120	130	81.0	202.0	26
-120	135	101.0	202.0	21
-120	140	140.0	201.0	21
-120	145	86.0	200.0	17
-120	150	109.0	202.0	17
-120	155	64.0	202.0	8
-120	160	117.0	202.0	4
-120	165	29.0	203.0	4
-120	170	1.0	202.0	1
-120	175	19.0	203.0	3
-115	-180	96.0	204.0	2
-115	-175	0	204.0	0
-115	-170	0	205.0	0
-115	-165	0	205.0	0
-115	-160	0	205.0	0
-115	-155	0	206.0	0
-115	-150	0	205.0	0
-115	-140	0	207.0	0
-115	-135	0	208.0	0
-115	-130	0	207.0	0
-115	-125	0	207.0	0
-115	-120	141.0	207.0	1
-115	-115	0	207.0	0
-115	-110	0	208.0	0
-115	-105	0	207.0	0
-115	-100	0	208.0	0
-115	-95	0	208.0	0
-115	-90	1.0	208.0	1
-115	-85	13.0	207.0	1
-115	-80	0	207.0	0
-115	-75	0	207.0	0
-115	-70	0	208.0	0
-115	-65	3.0	208.0	1
-115	-60	0	207.0	0
-115	-55	0	208.0	0
-115	-50	0	207.0	0
-115	-45	0	208.0	0
-115	-40	26.0	208.0	1
-115	-35	5.0	208.0	1
-115	-30	172.0	208.0	2
-115	-25	143.0	208.0	4
-115	-20	142.0	208.0	3
-115	-15	148.0	210.0	2
-115	-10	28.0	209.0	2
-115	-5	101.0	209.0	3
-115	0	143.0	209.0	5
-115	5	11.0	208.0	1
-115	10	32.0	208.0	3
-115	15	135.0	208.0	6
-115	20	105.0	210.0	3
-115	25	113.0	210.0	3
-115	30	50.0	209.0	1
-115	35	66.0	210.0	2
-115	40	0	208.0	0
-115	45	0	209.0	0
-115	50	34.0	208.0	1
-115	55	0	208.0	0
-115	60	0	208.0	0
-115	65	0	208.0	0
-115	70	0	208.0	1
-115	75	0	207.0	0
-115	80	7.0	206.0	1
-115	85	41.0	206.0	2
-115	90	6.0	206.0	1
-115	95	7.0	206.0	1
-115	100	16.0	204.0	5
-115	105	60.0	204.0	6
-115	110	64.0	204.0	13
-115	115	142.0	205.0	9
-115	120	155.0	205.0	12
-115	125	119.0	204.0	19
-115	130	181.0	203.0	16
-115	135	173.0	202.0	21
-115	140	100.0	204.0	14
-115	145	174.0	203.0	16
-115	150	86.0	202.0	12
-115	155	93.0	203.0	11
-115	160	66.0	204.0	5
-115	165	124.0	203.0	2
-115	170	51.0	203.0	3
-115	175	0	204.0	0
-110	-180	25.0	203.0	1
-110	-175	72.0	204.0	1
-110	-170	0	205.0	0
-110	-165	0	204.0	0
-110	-160	0	206.0	0
-110	-155	0	207.0	0
-110	-150	0	205.0	0
-110	-120	0	208.0	0
-110	-115	0	208.0	0
-110	-110	0	208.0	0
-110	-105	0	208.0	0
-110	-100	124.0	208.0	1
-110	-95	0	207.0	0
-110	-90	0	208.0	0
-110	-85	0	208.0	0
-110	-80	13.0	206.0	1
-110	-75	0	208.0	0
-110	-70	0	208.0	1
-110	-65	16.0	207.0	1
-110	-60	0	207.0	0
-110	-55	0	207.0	0
-110	-50	0	207.0	0
-110	-45	92.0	208.0	1
-110	-40	75.0	207.0	2
-110	-35	34.0	209.0	2
-110	-30	99.0	209.0	4
-110	-25	6.0	207.0	1
-110	-20	103.0	208.0	1
-110	-15	43.0	208.0	2
-110	-10	114.0	209.0	2
-110	-5	53.0	209.0	1
-110	0	82.0	209.0	7
-110	5	174.0	209.0	8
-110	10	120.0	209.0	6
-110	15	47.0	209.0	4
-110	20	78.0	209.0	4
-110	25	31.0	210.0	1
-110	30	119.0	210.0	3
-110	35	0	210.0	0
-110	40	0	209.0	0
-110	45	0	209.0	0
-110	50	0	209.0	0
-110	55	7.0	209.0	1
-110	60	0	209.0	0
-110	65	0	208.0	0
-110	70	0	208.0	0
-110	75	0	208.0	0
-110	80	0	207.0	0
-110	85	3.0	206.0	2
-110	90	0	206.0	1
-110	95	0	205.0	1
-110	100	1.0	204.0	2
-110	105	148.0	204.0	7
-110	110	98.0	204.0	16
-110	115	93.0	205.0	8
-110	120	81.0	203.0	19
-110	125	161.0	203.0	18
-110	130	106.0	203.0	25
-110	135	186.0	203.0	23
-110	140	145.0	202.0	20
-110	145	179.0	202.0	12
-110	150	187.0	202.0	11
-110	155	130.0	203.0	11
-110	160	109.0	204.0	4
-110	165	61.0	203.0	3
-110	170	32.0	204.0	2
-110	175	0	202.0	0
-105	-180	0	204.0	0
-105	-175	0	204.0	1
-105	-170	0	204.0	0
-105	-165	0	206.0	0
-105	-160	0	204.0	0
-105	-155	0	205.0	0
-105	-150	0	205.0	1
-105	-145	0	207.0	0
-105	-140	0	207.0	0
-105	-135	0	207.0	0
-105	-130	0	208.0	0
-105	-120	0	208.0	0
-105	-115	0	209.0	0
-105	-110	0	208.0	0
-105	-105	0	208.0	0
-105	-100	0	207.0	0
-105	-95	0	208.0	0
-105	-90	0	208.0	0
-105	-85	0	207.0	0
-105	-80	0	208.0	0
-105	-75	0	207.0	0
-105	-70	7.0	208.0	1
-105	-65	1.0	208.0	1
-105	-60	0	207.0	0
-105	-55	75.0	206.0	1
-105	-50	0	207.0	0
-105	-45	0	207.0	0
-105	-40	164.0	208.0	2
-105	-35	120.0	207.0	2
-105	-30	23.0	208.0	2
-105	-25	1.0	208.0	1
-105	-20	25.0	208.0	3
-105	-15	50.0	209.0	2
-105	-10	114.0	209.0	7
-105	-5	148.0	209.0	9
-105	0	88.0	210.0	14
-105	5	155.0	210.0	8
-105	10	79.0	211.0	10
-105	15	124.0	210.0	10
-105	20	75.0	210.0	4
-105	25	0	210.0	2
-105	30	0	211.0	0
-105	35	0	211.0	0
-105	40	0	211.0	0
-105	45	0	210.0	0
-105	50	0	209.0	0
-105	55	0	210.0	0
-105	60	0	209.0	0
-105	65	0	209.0	0
-105	70	68.0	207.0	1
-105	75	0	208.0	1
-105	80	0	207.0	0
-105	85	2.0	207.0	1
-105	90	31.0	206.0	1
-105	95	27.0	206.0	3
-105	100	182.0	206.0	8
-105	105	155.0	206.0	14
-105	110	132.0	205.0	8
-105	115	17.0	204.0	8
-105	120	179.0	203.0	16
-105	125	111.0	203.0	15
-105	130	101.0	205.0	23
-105	135	149.0	203.0	16
-105	140	63.0	203.0	13
-105	145	48.0	202.0	9
-105	150	62.0	202.0	10
-105	155	90.0	202.0	7
-105	160	126.0	202.0	8
-105	165	0	203.0	0
-105	170	0	203.0	0
-105	175	0	205.0	0
-100	-180	86.0	204.0	3
-100	-175	0	204.0	0
-100	-170	0	204.0	0
-100	-165	0	204.0	0
-100	-160	0	204.0	0
-100	-150	0	204.0	0
-100	-145	0	206.0	0
-100	-140	0	206.0	0
-100	-135	0	208.0	0
-100	-125	0	207.0	0
-100	-120	0	208.0	0
-100	-115	0	208.0	0
-100	-110	0	209.0	0
-100	-105	1.0	208.0	1
-100	-100	0	207.0	0
-100	-95	0	207.0	0
-100	-90	38.0	205.0	1
-100	-85	0	206.0	0
-100	-80	0	207.0	0
-100	-75	0	206.0	1
-100	-70	6.0	205.0	1
-100	-65	0	206.0	0
-100	-60	0	206.0	0
-100	-55	83.0	206.0	1
-100	-50	2.0	206.0	2
-100	-45	10.0	208.0	1
-100	-40	131.0	207.0	7
-100	-35	45.0	208.0	3
-100	-30	144.0	207.0	11
-100	-25	94.0	209.0	4
-100	-20	33.0	209.0	4
-100	-15	90.0	208.0	8
-100	-10	149.0	208.0	9
-100	-5	157.0	209.0	11
-100	0	128.0	209.0	15
-100	5	178.0	210.0	10
-100	10	128.0	210.0	7
-100	15	189.0	211.0	8
-100	20	173.0	211.0	5
-100	25	3.0	210.0	3
-100	30	0	211.0	0
-100	35	0	211.0	0
-100	40	2.0	210.0	1
-100	45	0	210.0	0
-100	50	0	210.0	0
-100	55	178.0	209.0	1
-100	60	3.0	210.0	1
-100	65	8.0	210.0	1
-100	70	0	208.0	0
-100	75	0	208.0	0
-100	80	0	207.0	0
-100	85	0	207.0	0
-100	90	6.0	206.0	2
-100	95	16.0	205.0	3
-100	100	27.0	205.0	8
-100	105	13.0	204.0	2
-100	110	101.0	204.0	5
-100	115	90.0	203.0	13
-100	120	99.0	204.0	12
-100	125	121.0	203.0	10
-100	130	72.0	204.0	16
-100	135	116.0	203.0	9
-100	140	168.0	202.0	15
-100	145	138.0	202.0	14
-100	150	127.0	202.0	8
-100	155	185.0	202.0	9
-100	160	55.0	202.0	1
-100	165	22.0	201.0	2
-100	170	0	202.0	0
-100	175	0	203.0	0
-95	-180	12.0	204.0	1
-95	-175	0	204.0	0
-95	-170	0	205.0	0
-95	-165	0	203.0	0
-95	-160	0	205.0	0
-95	-150	0	206.0	0
-95	-145	0	205.0	0
-95	-140	0	206.0	0
-95	-120	0	208.0	0
-95	-115	0	207.0	0
-95	-110	0	207.0	0
-95	-105	0	206.0	0
-95	-100	0	207.0	0
-95	-95	69.0	208.0	1
-95	-90	0	207.0	0
-95	-85	0	207.0	0
-95	-80	0	207.0	0
-95	-75	0	206.0	0
-95	-70	0	206.0	0
-95	-65	0	207.0	0
-95	-60	0	208.0	0
-95	-55	54.0	208.0	2
-95	-50	41.0	208.0	2
-95	-45	74.0	209.0	5
-95	-40	119.0	208.0	5
-95	-35	157.0	209.0	5
-95	-30	75.0	210.0	2
-95	-25	97.0	210.0	7
-95	-20	89.0	210.0	5
-95	-15	122.0	209.0	6
-95	-10	173.0	210.0	18
-95	-5	166.0	210.0	13
-95	0	188.0	210.0	23
-95	5	164.0	212.0	10
-95	10	49.0	211.0	8
-95	15	12.0	211.0	3
-95	20	76.0	212.0	3
-95	25	16.0	211.0	1
-95	30	0	211.0	0
-95	35	0	210.0	0
-95	40	159.0	211.0	1
-95	45	0	211.0	0
-95	50	0	211.0	0
-95	55	93.0	211.0	1
-95	60	30.0	210.0	1
-95	65	0	210.0	0
-95	70	77.0	209.0	2
-95	75	58.0	209.0	1
-95	80	0	208.0	1
-95	85	70.0	208.0	4
-95	90	1.0	208.0	1
-95	95	111.0	207.0	4
-95	100	83.0	206.0	3
-95	105	6.0	208.0	2
-95	110	112.0	205.0	10
-95	115	115.0	205.0	9
-95	120	176.0	206.0	7
-95	125	127.0	204.0	16
-95	130	147.0	203.0	16
-95	135	113.0	204.0	16
-95	140	87.0	203.0	13
-95	145	141.0	203.0	9
-95	150	128.0	203.0	11
-95	155	61.0	204.0	4
-95	160	50.0	203.0	5
-95	165	3.0	203.0	1
-95	170	37.0	202.0	2
-95	175	118.0	202.0	3
-90	-180	131.0	204.0	3
-90	-175	0	204.0	0
-90	-170	2.0	206.0	1
-90	-165	0	206.0	0
-90	-160	0	206.0	0
-90	-155	0	206.0	0
-90	-150	0	208.0	0
-90	-145	0	208.0	0
-90	-120	0	208.0	0
-90	-115	0	208.0	0
-90	-110	0	208.0	0
-90	-105	0	209.0	0
-90	-100	0	207.0	0
-90	-95	0	208.0	0
-90	-90	0	208.0	0
-90	-85	0	209.0	0
-90	-80	0	208.0	0
-90	-75	0	208.0	0
-90	-70	0	209.0	0
-90	-65	0	210.0	0
-90	-60	0	209.0	0
-90	-55	0	209.0	0
-90	-50	113.0	210.0	3
-90	-45	10.0	210.0	3
-90	-40	120.0	212.0	4
-90	-35	159.0	210.0	9
-90	-30	83.0	211.0	6
-90	-25	186.0	212.0	7
-90	-20	162.0	213.0	10
-90	-15	162.0	213.0	11
-90	-10	166.0	214.0	20
-90	-5	176.0	213.0	31
-90	0	171.0	213.0	31
-90	5	200.0	214.0	11
-90	10	94.0	215.0	3
-90	15	55.0	215.0	3
-90	20	113.0	214.0	1
-90	25	36.0	214.0	1
-90	30	4.0	214.0	1
-90	35	0	215.0	0
-90	40	17.0	214.0	2
-90	45	0	215.0	0
-90	50	69.0	214.0	2
-90	55	6.0	214.0	1
-90	60	50.0	214.0	2
-90	65	39.0	213.0	3
-90	70	87.0	213.0	4
-90	75	4.0	212.0	4
-90	80	11.0	212.0	2
-90	85	82.0	211.0	3
-90	90	82.0	211.0	4
-90	95	91.0	211.0	3
-90	100	0	211.0	1
-90	105	172.0	209.0	8
-90	110	154.0	209.0	11
-90	115	127.0	208.0	5
-90	120	119.0	207.0	13
-90	125	96.0	207.0	26
-90	130	143.0	206.0	17
-90	135	52.0	206.0	10
-90	140	158.0	207.0	17
-90	145	139.0	206.0	17
-90	150	150.0	204.0	14
-90	155	98.0	205.0	11
-90	160	115.0	203.0	10
-90	165	62.0	205.0	4
-90	170	43.0	205.0	5
-90	175	1.0	205.0	1
-85	-180	29.0	204.0	1
-85	-175	0	203.0	0
-85	-170	0	205.0	0
-85	-165	0	205.0	0
-85	-160	0	205.0	0
-85	-155	0	205.0	0
-85	-150	0	204.0	0
-85	-125	0	207.0	0
-85	-120	0	207.0	0
-85	-115	0	208.0	0
-85	-110	0	207.0	0
-85	-105	6.0	207.0	1
-85	-100	0	207.0	0
-85	-95	0	207.0	0
-85	-90	0	207.0	0
-85	-85	0	207.0	0
-85	-80	0	207.0	0
-85	-75	0	207.0	1
-85	-70	0	208.0	0
-85	-65	0	208.0	0
-85	-60	3.0	208.0	1
-85	-55	0	209.0	1
-85	-50	0	209.0	0
-85	-45	55.0	209.0	5
-85	-40	160.0	211.0	9
-85	-35	64.0	211.0	9
-85	-30	136.0	210.0	13
-85	-25	155.0	210.0	11
-85	-20	174.0	211.0	12
-85	-15	138.0	211.0	20
-85	-10	187.0	212.0	20
-85	-5	161.0	213.0	14
-85	0	153.0	213.0	16
-85	5	84.0	214.0	3
-85	10	133.0	213.0	3
-85	15	0	214.0	0
-85	20	1.0	213.0	1
-85	25	0	214.0	0
-85	30	2.0	213.0	1
-85	35	0	214.0	0
-85	40	0	213.0	0
-85	45	77.0	214.0	2
-85	50	168.0	213.0	3
-85	55	23.0	212.0	1
-85	60	119.0	213.0	3
-85	65	30.0	212.0	4
-85	70	21.0	211.0	3
-85	75	28.0	210.0	1
-85	80	1.0	212.0	1
-85	85	0	209.0	1
-85	90	0	210.0	1
-85	95	4.0	210.0	3
-85	100	161.0	208.0	3
-85	105	87.0	207.0	4
-85	110	168.0	207.0	9
-85	115	117.0	206.0	9
-85	120	164.0	206.0	13
-85	125	98.0	206.0	6
-85	130	172.0	205.0	23
-85	135	177.0	204.0	17
-85	140	161.0	204.0	23
-85	145	186.0	204.0	17
-85	150	95.0	203.0	11
-85	155	105.0	203.0	13
-85	160	53.0	203.0	5
-85	165	40.0	204.0	4
-85	170	14.0	204.0	3
-85	175	0	204.0	0
-80	-180	0	203.0	0
-80	-175	0	203.0	0
-80	-170	0	202.0	0
-80	-165	0	202.0	0
-80	-160	0	203.0	0
-80	-105	0	208.0	0
-80	-100	0	208.0	0
-80	-95	0	208.0	0
-80	-90	0	207.0	0
-80	-80	0	207.0	0
-80	-75	0	207.0	0
-80	-70	0	209.0	0
-80	-65	0	209.0	0
-80	-60	0	209.0	1
-80	-55	0	210.0	0
-80	-50	159.0	209.0	7
-80	-45	134.0	212.0	8
-80	-40	170.0	212.0	18
-80	-35	124.0	212.0	12
-80	-30	134.0	212.0	16
-80	-25	164.0	212.0	16
-80	-20	87.0	212.0	9
-80	-15	152.0	213.0	24
-80	-10	159.0	213.0	25
-80	-5	150.0	212.0	13
-80	0	99.0	212.0	7
-80	5	0	212.0	0
-80	10	0	213.0	0
-80	15	0	213.0	0
-80	20	0	213.0	0
-80	25	0	214.0	0
-80	30	0	213.0	0
-80	35	0	213.0	0
-80	40	3.0	212.0	1
-80	45	0	214.0	0
-80	50	0	214.0	0
-80	55	86.0	214.0	1
-80	60	61.0	214.0	4
-80	65	93.0	212.0	2
-80	70	1.0	210.0	1
-80	75	21.0	210.0	1
-80	80	0	211.0	0
-80	85	0	211.0	0
-80	90	54.0	208.0	4
-80	95	0	208.0	0
-80	100	0	208.0	1
-80	105	0	208.0	1
-80	110	22.0	206.0	5
-80	115	97.0	206.0	7
-80	120	121.0	204.0	13
-80	125	109.0	205.0	14
-80	130	99.0	205.0	16
-80	135	163.0	204.0	10
-80	140	139.0	203.0	24
-80	145	123.0	203.0	15
-80	150	163.0	203.0	19
-80	155	60.0	202.0	10
-80	160	50.0	201.0	5
-80	165	122.0	201.0	8
-80	170	91.0	201.0	2
-80	175	95.0	202.0	2
-75	-180	0	205.0	0
-75	-175	0	203.0	0
-75	-170	74.0	205.0	1
-75	-165	0	205.0	0
-75	-160	0	207.0	0
-75	-155	0	207.0	0
-75	-150	0	205.0	0
-75	-105	0	208.0	0
-75	-100	0	207.0	0
-75	-95	0	207.0	0
-75	-85	0	209.0	0
-75	-80	0	209.0	0
-75	-75	0	208.0	0
-75	-70	0	208.0	0
-75	-65	54.0	209.0	1
-75	-60	73.0	209.0	3
-75	-55	3.0	211.0	2
-75	-50	57.0	211.0	17
-75	-45	119.0	212.0	40
-75	-40	151.0	212.0	69
-75	-35	130.0	212.0	68
-75	-30	144.0	213.0	49
-75	-25	153.0	213.0	39
-75	-20	197.0	215.0	29
-75	-15	136.0	215.0	25
-75	-10	139.0	215.0	24
-75	-5	45.0	215.0	5
-75	0	70.0	215.0	3
-75	5	0	216.0	0
-75	10	0	217.0	0
-75	15	0	217.0	0
-75	20	0	217.0	0
-75	25	0	217.0	0
-75	30	0	218.0	0
-75	35	0	217.0	0
-75	40	0	216.0	0
-75	45	0	217.0	0
-75	50	0	216.0	0
-75	55	0	216.0	0
-75	60	0	215.0	0
-75	65	0	214.0	0
-75	70	0	214.0	0
-75	75	0	213.0	0
-75	80	0	213.0	0
-75	85	0	213.0	0
-75	90	82.0	211.0	1
-75	95	0	210.0	0
-75	100	18.0	210.0	1
-75	105	10.0	209.0	4
-75	110	35.0	209.0	2
-75	115	67.0	208.0	4
-75	120	135.0	208.0	10
-75	125	153.0	207.0	11
-75	130	116.0	208.0	16
-75	135	180.0	205.0	19
-75	140	178.0	205.0	27
-75	145	154.0	204.0	13
-75	150	91.0	204.0	14
-75	155	100.0	205.0	6
-75	160	105.0	204.0	10
-75	165	79.0	205.0	4
-75	170	0	203.0	0
-75	175	0	204.0	0
-70	-180	0	204.0	0
-70	-175	0	205.0	0
-70	-170	0	205.0	0
-70	-165	0	204.0	0
-70	-160	0	205.0	0
-70	-155	0	206.0	0
-70	-105	0	208.0	0
-70	-100	0	208.0	0
-70	-90	0	208.0	0
-70	-85	0	209.0	0
-70	-80	0	209.0	0
-70	-75	0	210.0	0
-70	-70	10.0	211.0	1
-70	-65	0	210.0	0
-70	-60	0	211.0	1
-70	-55	66.0	211.0	8
-70	-50	128.0	213.0	34
-70	-45	141.0	213.0	175
-70	-40	162.0	214.0	240
-70	-35	152.0	214.0	166
-70	-30	203.0	215.0	75
-70	-25	137.0	215.0	53
-70	-20	175.0	215.0	39
-70	-15	147.0	215.0	26
-70	-10	180.0	216.0	12
-70	-5	43.0	217.0	3
-70	0	121.0	217.0	2
-70	5	0	218.0	0
-70	10	0	218.0	0
-70	15	0	217.0	0
-70	20	162.0	217.0	1
-70	25	0	218.0	0
-70	30	0	218.0	0
-70	35	0	218.0	0
-70	40	0	218.0	0
-70	45	0	217.0	0
-70	50	0	217.0	0
-70	55	0	217.0	0
-70	60	0	216.0	0
-70	65	0	214.0	0
-70	70	0	215.0	0
-70	75	0	216.0	0
-70	80	0	214.0	0
-70	85	0	214.0	0
-70	90	0	214.0	0
-70	95	0	214.0	0
-70	100	0	213.0	0
-70	105	0	212.0	0
-70	110	5.0	211.0	2
-70	115	180.0	209.0	4
-70	120	75.0	209.0	7
-70	125	180.0	209.0	23
-70	130	117.0	208.0	18
-70	135	96.0	208.0	23
-70	140	135.0	207.0	33
-70	145	98.0	206.0	23
-70	150	143.0	206.0	13
-70	155	166.0	206.0	14
-70	160	139.0	205.0	7
-70	165	41.0	205.0	3
-70	170	0	204.0	0
-70	175	0	204.0	0
-65	-180	0	204.0	0
-65	-170	0	203.0	0
-65	-165	0	204.0	0
-65	-160	0	204.0	0
-65	-105	0	208.0	0
-65	-90	0	209.0	0
-65	-85	0	209.0	0
-65	-80	0	209.0	0
-65	-75	0	210.0	0
-65	-70	42.0	211.0	1
-65	-65	0	210.0	0
-65	-60	174.0	210.0	1
-65	-55	171.0	211.0	26
-65	-50	144.0	210.0	136
-65	-45	159.0	212.0	506
-65	-40	143.0	212.0	434
-65	-35	159.0	212.0	167
-65	-30	152.0	213.0	77
-65	-25	159.0	213.0	38
-65	-20	99.0	215.0	26
-65	-15	193.0	214.0	12
-65	-10	79.0	215.0	2
-65	-5	0	215.0	0
-65	0	0	214.0	0
-65	5	0	216.0	0
-65	10	0	216.0	0
-65	15	0	217.0	0
-65	20	0	217.0	0
-65	25	0	216.0	0
-65	30	0	216.0	0
-65	35	0	216.0	0
-65	40	0	216.0	0
-65	45	0	216.0	0
-65	50	0	216.0	0
-65	55	0	215.0	0
-65	60	0	214.0	0
-65	65	0	214.0	0
-65	70	0	214.0	0
-65	75	0	214.0	0
-65	80	0	212.0	0
-65	85	0	212.0	0
-65	90	0	212.0	0
-65	95	0	211.0	0
-65	100	0	211.0	0
-65	105	0	210.0	0
-65	110	0	209.0	0
-65	115	109.0	209.0	3
-65	120	79.0	208.0	8
-65	125	185.0	207.0	15
-65	130	171.0	206.0	20
-65	135	112.0	205.0	32
-65	140	187.0	205.0	29
-65	145	144.0	204.0	13
-65	150	46.0	204.0	15
-65	155	119.0	203.0	7
-65	160	66.0	203.0	5
-65	165	43.0	203.0	1
-65	170	0	203.0	0
-65	175	0	202.0	0
-60	-170	0	203.0	0
-60	-165	0	205.0	0
-60	-85	0	212.0	0
-60	-80	0	211.0	0
-60	-75	0	211.0	0
-60	-70	0	211.0	0
-60	-65	0	212.0	1
-60	-60	48.0	213.0	2
-60	-55	139.0	213.0	33
-60	-50	181.0	213.0	197
-60	-45	165.0	213.0	336
-60	-40	143.0	214.0	171
-60	-35	187.0	215.0	83
-60	-30	149.0	215.0	41
-60	-25	111.0	216.0	21
-60	-20	173.0	218.0	7
-60	-15	0	218.0	0
-60	-10	0	218.0	0
-60	-5	0	217.0	0
-60	0	0	218.0	0
-60	5	0	218.0	0
-60	10	0	219.0	0
-60	20	0	218.0	0
-60	25	0	219.0	0
-60	30	0	219.0	0
-60	40	0	218.0	0
-60	55	0	217.0	0
-60	60	0	217.0	0
-60	65	0	215.0	0
-60	70	0	215.0	0
-60	75	0	216.0	0
-60	90	0	213.0	0
-60	95	0	212.0	0
-60	100	0	212.0	0
-60	105	0	213.0	0
-60	110	0	212.0	0
-60	115	181.0	210.0	4
-60	120	101.0	209.0	5
-60	125	126.0	208.0	9
-60	130	102.0	208.0	14
-60	135	111.0	207.0	24
-60	140	78.0	208.0	7
-60	145	153.0	206.0	7
-60	150	52.0	206.0	6
-60	155	23.0	205.0	5
-60	160	0	205.0	0
-60	165	0	205.0	0
-60	170	0	204.0	0
-60	175	0	204.0	0
-55	-170	0	206.0	0
-55	-80	0	211.0	0
-55	-75	0	213.0	0
-55	-70	0	213.0	0
-55	-65	0	215.0	0
-55	-60	81.0	214.0	1
-55	-55	163.0	216.0	20
-55	-50	160.0	216.0	62
-55	-45	155.0	217.0	62
-55	-40	174.0	217.0	38
-55	-35	124.0	216.0	15
-55	-30	127.0	218.0	11
-55	-25	54.0	219.0	2
-55	-20	36.0	219.0	1
-55	-15	0	220.0	0
-55	-10	0	221.0	0
-55	-5	0	221.0	0
-55	0	0	221.0	0
-55	5	0	221.0	0
-55	20	0	223.0	0
-55	25	0	222.0	0
-55	90	0	215.0	0
-55	95	0	214.0	0
-55	100	0	214.0	0
-55	105	0	212.0	0
-55	110	0	212.0	0
-55	115	38.0	211.0	1
-55	120	72.0	212.0	1
-55	125	89.0	211.0	4
-55	130	143.0	209.0	14
-55	135	106.0	209.0	16
-55	140	79.0	208.0	14
-55	145	166.0	208.0	6
-55	150	0	207.0	0
-55	155	0	206.0	0
-55	160	0	205.0	0
-55	165	0	205.0	0
-55	170	0	205.0	0
-55	175	0	206.0	0
-50	-85	0	209.0	0
-50	-80	0	211.0	0
-50	-75	0	211.0	0
-50	-70	0	212.0	0
-50	-65	123.0	213.0	2
-50	-60	0	213.0	0
-50	-55	116.0	214.0	6
-50	-50	95.0	214.0	8
-50	-45	111.0	215.0	10
-50	-40	148.0	216.0	10
-50	-35	64.0	215.0	1
-50	-30	62.0	216.0	2
-50	-25	151.0	216.0	1
-50	-20	0	217.0	0
-50	-15	0	218.0	0
-50	-10	0	219.0	0
-50	-5	0	219.0	0
-50	0	0	220.0	0
-50	20	0	219.0	0
-50	100	0	211.0	0
-50	105	0	211.0	0
-50	110	0	210.0	0
-50	115	0	210.0	0
-50	120	0	209.0	1
-50	125	20.0	209.0	2
-50	130	106.0	209.0	4
-50	135	33.0	207.0	3
-50	140	99.0	207.0	2
-50	145	0	206.0	0
-50	150	0	204.0	0
-50	155	0	203.0	0
-50	160	0	202.0	0
-50	165	0	203.0	0
-50	170	0	204.0	0
-45	-80	0	211.0	0
-45	-75	0	211.0	0
-45	-70	0	212.0	0
-45	-65	0	212.0	0
-45	-60	10.0	214.0	2
-45	-55	24.0	214.0	2
-45	-50	19.0	215.0	2
-45	-45	17.0	216.0	1
-45	-40	0	217.0	0
-45	-35	0	218.0	0
-45	-30	0	218.0	0
-45	-25	0	217.0	0
-45	-20	0	218.0	0
-45	-15	0	220.0	0
-45	-10	0	219.0	0
-45	95	0	212.0	0
-45	100	0	211.0	0
-45	105	0	211.0	0
-45	110	0	209.0	0
-45	115	2.0	209.0	1
-45	120	0	209.0	0
-45	125	132.0	210.0	2
-45	130	42.0	209.0	1
-45	135	105.0	206.0	1
-45	140	0	206.0	0
-45	145	0	205.0	0
-45	150	0	205.0	0
-45	155	0	204.0	0
-45	160	0	204.0	0
-45	165	0	203.0	0
-40	-75	0	215.0	0
-40	-70	0	216.0	0
-40	-65	0	216.0	0
-40	-60	0	215.0	0
-40	-55	11.0	216.0	1
-40	-50	38.0	217.0	1
-40	-45	0	217.0	0
-40	-40	0	218.0	0
-40	-35	0	218.0	0
-40	-30	0	218.0	0
-40	-25	0	220.0	0
-40	-20	0	220.0	0
-40	-15	0	221.0	0
-40	95	0	213.0	0
-40	100	0	212.0	0
-40	105	0	212.0	0
-40	110	0	211.0	0
-40	115	1.0	210.0	1
-40	120	111.0	208.0	1
-40	125	0	208.0	0
-40	130	0	208.0	0
-40	135	0	207.0	0
-40	140	0	207.0	0
-40	145	0	207.0	0
-40	150	0	208.0	0
-40	155	0	206.0	0
-35	-65	0	215.0	0
-35	-60	0	217.0	0
-35	-55	0	219.0	0
-35	-50	0	219.0	0
-35	-45	0	220.0	0
-35	-40	0	220.0	0
-35	-35	0	220.0	0
-35	-30	0	222.0	0
-35	-25	0	222.0	0
-35	-20	0	221.0	0
-35	100	0	212.0	0
-35	105	0	211.0	0
-35	110	0	210.0	0
-35	115	0	209.0	0
-35	120	87.0	208.0	1
-35	125	0	208.0	0
-35	130	0	207.0	0
-35	135	0	207.0	0
-35	140	0	207.0	0
-35	145	0	206.0	0
-30	-65	0	215.0	0
-30	-60	0	217.0	0
-30	-55	0	219.0	0
-30	-50	0	219.0	0
-30	-45	0	219.0	0
-30	-40	0	220.0	0
-30	-35	0	221.0	0
-30	-30	0	221.0	0
-30	-25	0	222.0	0
-30	115	0	210.0	0
-30	120	0	209.0	0
-30	125	0	209.0	0
-30	130	0	208.0	0
-30	135	0	206.0	0
-30	140	0	206.0	0
-25	-60	0	219.0	0
-25	-55	0	219.0	0
-25	-50	0	220.0	0
-25	-45	0	220.0	0
-25	115	0	209.0	0
-25	120	0	208.0	0
-25	125	0	208.0	0
-25	130	0	205.0	0
-25	135	0	204.0	0
-20	-55	0	221.0	0
-20	-50	0	221.0	0
-20	115	0	209.0	0
-20	120	0	209.0	0
-20	125	0	208.0	0
-15	120	0	209.0	0
10	55	0	215.0	0
15	-120	0	214.0	0
15	50	0	216.0	0
15	55	0	214.0	0
20	-125	0	214.0	0
20	-120	0	215.0	0
20	45	0	217.0	0
20	50	0	217.0	0
20	55	0	215.0	0
20	60	0	215.0	0
20	65	0	212.0	0
25	-140	0	211.0	0
25	-130	0	213.0	0
25	-125	0	214.0	0
25	-120	0	215.0	0
25	30	0	218.0	0
25	40	0	215.0	0
25	45	0	215.0	0
25	50	0	213.0	0
25	55	0	212.0	0
25	60	0	212.0	0
25	65	0	211.0	0
30	-145	0	209.0	0
30	-140	0	211.0	0
30	-135	0	212.0	0
30	-130	0	213.0	0
30	-125	0	214.0	0
30	-120	0	216.0	0
30	-85	0	221.0	0
30	-40	0	224.0	0
30	20	0	218.0	0
30	25	0	217.0	0
30	30	0	217.0	0
30	35	0	216.0	0
30	40	0	214.0	0
30	45	0	213.0	0
30	50	0	213.0	0
30	55	97.0	213.0	1
30	60	0	212.0	0
30	65	0	211.0	0
30	70	0	209.0	0
30	75	0	207.0	0
35	-150	0	208.0	0
35	-145	0	209.0	0
35	-140	0	212.0	0
35	-135	0	212.0	0
35	-130	0	213.0	0
35	-125	0	216.0	0
35	-120	143.0	217.0	1
35	-115	0	217.0	0
35	-110	0	217.0	0
35	-105	0	219.0	0
35	-100	0	219.0	0
35	-90	0	221.0	0
35	-85	0	222.0	0
35	-45	0	224.0	0
35	-40	0	224.0	0
35	15	0	219.0	0
35	20	0	217.0	0
35	25	0	217.0	0
35	30	0	216.0	0
35	35	0	214.0	0
35	40	0	213.0	0
35	45	0	213.0	0
35	50	0	211.0	0
35	55	0	210.0	0
35	60	0	210.0	0
35	65	0	208.0	0
35	70	0	208.0	0
40	-155	0	208.0	0
40	-150	0	209.0	0
40	-145	0	211.0	0
40	-140	0	212.0	0
40	-135	0	213.0	0
40	-130	0	214.0	0
40	-125	0	215.0	0
40	-120	11.0	217.0	1
40	-115	0	218.0	0
40	-110	0	219.0	0
40	-105	0	219.0	0
40	-100	0	219.0	0
40	-95	0	220.0	0
40	-90	0	221.0	0
40	-85	0	222.0	0
40	-50	0	225.0	0
40	-45	0	225.0	0
40	-40	0	225.0	0
40	5	0	221.0	0
40	10	0	221.0	0
40	15	0	220.0	0
40	20	0	218.0	0
40	25	0	218.0	0
40	30	0	216.0	0
40	35	0	215.0	0
40	40	0	214.0	0
40	45	86.0	212.0	1
40	50	64.0	212.0	3
40	55	184.0	212.0	1
40	60	127.0	210.0	1
40	65	0	209.0	1
40	70	0	208.0	0
40	75	0	208.0	0
40	80	0	207.0	0
40	85	0	205.0	0
45	-160	0	207.0	0
45	-155	0	206.0	0
45	-150	0	209.0	0
45	-145	0	212.0	0
45	-140	30.0	212.0	1
45	-135	0	212.0	0
45	-130	0	215.0	0
45	-125	57.0	216.0	1
45	-120	0	217.0	0
45	-115	0	217.0	0
45	-110	0	219.0	0
45	-105	0	219.0	0
45	-100	0	219.0	0
45	-95	0	220.0	0
45	-90	0	221.0	0
45	-85	0	221.0	0
45	-55	0	224.0	0
45	-50	0	224.0	0
45	-45	0	225.0	0
45	-40	0	224.0	0
45	-35	0	224.0	0
45	0	0	220.0	0
45	5	0	220.0	0
45	10	0	218.0	0
45	15	0	218.0	0
45	20	0	216.0	0
45	25	0	216.0	0
45	30	0	216.0	1
45	35	0	213.0	0
45	40	153.0	212.0	4
45	45	12.0	212.0	2
45	50	0	211.0	0
45	55	0	209.0	0
45	60	0	209.0	0
45	65	0	208.0	0
45	70	0	207.0	0
45	75	0	207.0	0
45	80	0	207.0	0
45	160	0	202.0	0
50	-160	0	207.0	0
50	-155	0	209.0	0
50	-150	0	209.0	0
50	-145	0	210.0	0
50	-140	25.0	212.0	1
50	-135	0	212.0	0
50	-130	0	214.0	0
50	-125	0	215.0	0
50	-120	22.0	215.0	1
50	-115	0	216.0	0
50	-110	0	216.0	0
50	-105	0	218.0	0
50	-100	0	218.0	0
50	-95	0	218.0	0
50	-90	0	219.0	0
50	-85	173.0	220.0	1
50	-80	0	221.0	0
50	-75	0	223.0	0
50	-70	0	223.0	0
50	-65	0	223.0	0
50	-60	0	223.0	0
50	-55	0	223.0	0
50	-50	0	224.0	0
50	-45	0	225.0	0
50	-40	104.0	224.0	1
50	-35	0	226.0	0
50	-30	0	226.0	0
50	-25	0	223.0	0
50	-20	0	224.0	0
50	-5	0	221.0	0
50	0	0	220.0	0
50	5	0	218.0	0
50	10	0	218.0	0
50	15	0	218.0	0
50	20	80.0	214.0	3
50	25	143.0	215.0	3
50	30	94.0	215.0	3
50	35	165.0	213.0	5
50	40	67.0	212.0	2
50	45	162.0	210.0	3
50	50	109.0	210.0	4
50	55	1.0	209.0	1
50	60	0	209.0	0
50	65	0	208.0	0
50	70	0	206.0	0
50	75	0	205.0	0
50	155	0	204.0	0
50	160	0	204.0	0
55	-155	0	210.0	0
55	-150	0	209.0	0
55	-145	0	210.0	0
55	-140	0	212.0	0
55	-135	12.0	213.0	1
55	-130	0	214.0	0
55	-125	0	214.0	0
55	-120	0	216.0	0
55	-115	0	216.0	0
55	-110	0	217.0	0
55	-105	0	218.0	0
55	-85	0	221.0	0
55	-80	0	221.0	0
55	-75	0	222.0	0
55	-70	0	222.0	0
55	-65	0	223.0	0
55	-60	0	224.0	0
55	-55	0	223.0	0
55	-50	0	224.0	0
55	-45	0	224.0	0
55	-40	0	224.0	0
55	-35	0	223.0	0
55	-30	0	224.0	0
55	-25	0	224.0	0
55	-10	0	221.0	0
55	-5	0	222.0	0
55	0	0	220.0	0
55	5	0	219.0	0
55	10	0	217.0	0
55	15	166.0	217.0	1
55	20	181.0	215.0	5
55	25	196.0	215.0	4
55	30	89.0	213.0	7
55	35	149.0	212.0	6
55	40	94.0	209.0	6
55	45	168.0	209.0	4
55	50	50.0	209.0	2
55	55	0	209.0	0
55	60	0	208.0	0
55	65	0	208.0	0
55	70	1.0	207.0	1
55	75	0	206.0	0
55	80	0	205.0	0
55	85	0	205.0	0
55	90	0	204.0	0
55	150	0	206.0	0
55	155	0	205.0	0
55	160	0	205.0	0
60	-140	0	212.0	0
60	-135	0	212.0	0
60	-130	0	215.0	0
60	-125	0	214.0	0
60	-120	0	215.0	0
60	-115	0	216.0	0
60	-110	0	217.0	0
60	-85	0	220.0	0
60	-80	0	222.0	0
60	-75	0	222.0	0
60	-70	0	222.0	0
60	-65	0	223.0	0
60	-60	0	224.0	0
60	-55	0	224.0	0
60	-50	0	224.0	0
60	-45	0	225.0	0
60	-40	0	223.0	0
60	-35	0	223.0	0
60	-30	0	224.0	0
60	-20	0	222.0	0
60	-15	0	222.0	0
60	-10	0	220.0	0
60	-5	0	222.0	0
60	0	0	219.0	0
60	5	37.0	219.0	1
60	10	194.0	218.0	1
60	15	179.0	217.0	5
60	20	133.0	216.0	4
60	25	43.0	215.0	2
60	30	82.0	213.0	4
60	35	0	213.0	0
60	40	86.0	211.0	1
60	45	0	209.0	0
60	50	41.0	210.0	1
60	55	0	209.0	0
60	60	0	209.0	0
60	65	0	208.0	0
60	70	0	205.0	0
60	75	0	206.0	0
60	80	0	204.0	0
60	85	0	206.0	0
60	105	0	205.0	0
60	145	0	205.0	0
60	150	0	206.0	0
60	155	0	206.0	0
60	160	0	205.0	0
65	-140	0	210.0	0
65	-135	0	210.0	0
65	-130	0	212.0	0
65	-125	0	212.0	0
65	-120	0	212.0	0
65	-115	0	213.0	0
65	-90	0	218.0	0
65	-85	0	219.0	0
65	-80	0	219.0	0
65	-75	0	221.0	0
65	-70	0	221.0	0
65	-65	0	221.0	0
65	-60	0	221.0	0
65	-55	201.0	221.0	1
65	-50	0	221.0	0
65	-45	0	220.0	0
65	-40	0	221.0	0
65	-35	36.0	221.0	1
65	-30	0	220.0	0
65	-25	0	219.0	0
65	-20	0	219.0	0
65	-15	0	219.0	0
65	-10	0	218.0	0
65	-5	0	217.0	0
65	0	0	216.0	0
65	5	2.0	216.0	1
65	10	131.0	215.0	2
65	15	148.0	213.0	4
65	20	75.0	212.0	2
65	25	78.0	210.0	2
65	30	2.0	210.0	1
65	35	0	209.0	0
65	40	25.0	208.0	2
65	45	0	208.0	0
65	50	154.0	206.0	1
65	55	0	206.0	0
65	60	5.0	205.0	1
65	65	0	204.0	0
65	70	0	204.0	0
65	75	0	203.0	0
65	80	0	203.0	0
65	100	0	203.0	0
65	105	0	204.0	0
65	140	0	203.0	0
65	145	0	203.0	0
65	150	0	202.0	0
65	155	0	204.0	0
65	160	9.0	204.0	1
65	165	0	203.0	0
65	170	0	204.0	0
65	175	0	205.0	0
70	-140	0	209.0	0
70	-135	0	210.0	0
70	-130	0	211.0	0
70	-120	0	214.0	0
70	-95	0	217.0	0
70	-90	0	217.0	0
70	-85	0	218.0	0
70	-80	0	218.0	0
70	-75	5.0	220.0	1
70	-70	0	220.0	0
70	-65	0	218.0	0
70	-60	0	220.0	0
70	-55	0	220.0	0
70	-50	151.0	220.0	1
70	-45	0	220.0	0
70	-40	0	220.0	0
70	-35	0	219.0	0
70	-30	0	220.0	0
70	-25	0	219.0	0
70	-20	0	217.0	0
70	-15	0	218.0	0
70	-10	0	217.0	0
70	-5	2.0	217.0	1
70	0	0	215.0	0
70	5	92.0	215.0	1
70	10	18.0	213.0	2
70	15	146.0	213.0	2
70	20	0	212.0	0
70	25	0	209.0	0
70	30	0	210.0	0
70	35	0	208.0	0
70	40	0	208.0	0
70	45	0	207.0	0
70	50	0	205.0	0
70	55	0	206.0	0
70	60	0	205.0	0
70	65	0	205.0	0
70	70	0	203.0	0
70	75	0	203.0	0
70	95	0	204.0	0
70	100	0	202.0	0
70	105	0	203.0	0
70	160	0	203.0	0
70	165	0	203.0	0
70	170	0	203.0	0
70	175	0	205.0	0
75	-135	0	209.0	0
75	-80	0	218.0	0
75	-75	0	217.0	0
75	-70	0	218.0	0
75	-65	0	219.0	0
75	-60	21.0	219.0	1
75	-55	0	219.0	0
75	-50	0	219.0	0
75	-45	0	220.0	0
75	-40	0	220.0	0
75	-35	0	219.0	0
75	-30	0	220.0	0
75	-25	0	219.0	0
75	-20	0	217.0	0
75	-15	0	218.0	0
75	-10	0	216.0	0
75	-5	141.0	216.0	2
75	0	0	215.0	0
75	5	62.0	213.0	1
75	10	0	212.0	0
75	15	0	212.0	0
75	20	0	212.0	0
75	25	0	209.0	0
75	30	0	209.0	0
75	35	0	208.0	0
75	40	0	207.0	0
75	45	0	206.0	0
75	50	0	205.0	0
75	55	0	206.0	0
75	60	0	205.0	0
75	65	0	205.0	0
75	70	0	204.0	0
75	90	0	202.0	0
75	95	0	203.0	0
75	100	0	202.0	0
75	105	0	203.0	0
75	160	0	204.0	0
75	165	0	204.0	0
75	170	0	204.0	0
80	-75	0	217.0	0
80	-70	0	218.0	0
80	-65	0	218.0	0
80	-60	0	218.0	0
80	-55	0	219.0	0
80	-50	0	218.0	0
80	-45	0	218.0	0
80	-40	0	218.0	0
80	-35	0	217.0	0
80	-30	0	217.0	0
80	-25	0	218.0	0
80	-20	11.0	217.0	1
80	-15	57.0	216.0	1
80	-10	86.0	216.0	1
80	-5	0	215.0	0
80	0	0	214.0	0
80	5	0	214.0	0
80	10	0	213.0	0
80	15	0	211.0	0
80	20	0	212.0	0
80	25	0	210.0	0
80	30	0	209.0	0
80	35	0	209.0	0
80	40	0	208.0	0
80	45	0	207.0	0
80	50	0	206.0	0
80	55	0	205.0	0
80	60	0	205.0	0
80	65	0	204.0	0
80	85	0	204.0	0
80	90	0	204.0	0
80	95	0	204.0	0
80	100	0	203.0	0
80	105	7.0	203.0	1
80	110	0	202.0	0
80	115	0	203.0	0
80	120	0	204.0	0
80	125	0	205.0	0
80	160	0	204.0	0
80	165	0	204.0	0
85	-75	0	215.0	0
85	-70	0	216.0	0
85	-60	0	218.0	0
85	-55	0	217.0	0
85	-50	0	218.0	0
85	-45	0	219.0	0
85	-35	0	217.0	0
85	-30	0	218.0	0
85	-25	0	216.0	0
85	-20	0	216.0	0
85	-15	0	216.0	0
85	-10	74.0	216.0	1
85	-5	0	214.0	0
85	0	0	213.0	0
85	5	36.0	213.0	1
85	10	52.0	213.0	1
85	15	0	212.0	0
85	20	0	210.0	0
85	25	0	210.0	0
85	30	0	209.0	0
85	40	0	207.0	0
85	50	0	206.0	0
85	60	0	205.0	0
85	105	0	204.0	0
85	110	0	203.0	0
85	115	0	203.0	0
85	120	0	203.0	0
85	160	0	204.0	0
90	-75	0	217.0	0
90	-60	0	218.0	0
90	-55	0	217.0	0
90	-50	0	217.0	0
90	-20	0	216.0	0
90	-15	0	216.0	0
90	-10	0	215.0	0
90	-5	0	214.0	0
90	0	0	214.0	0
90	5	0	213.0	0
90	10	0	213.0	0
90	15	0	211.0	0
90	20	0	210.0	0
90	25	0	209.0	0
90	105	0	204.0	0
90	110	0	205.0	0
90	115	0	205.0	0
95	-60	0	218.0	0
95	-20	0	217.0	0
95	-15	0	217.0	0
95	-10	0	216.0	0
95	-5	0	215.0	0
95	0	0	215.0	0
95	5	0	213.0	0
95	10	0	213.0	0
95	15	0	212.0	0
95	20	0	210.0	0
95	105	0	204.0	0
95	110	0	206.0	0
100	-20	0	213.0	0
100	-15	0	212.0	0
100	-10	0	212.0	0
100	-5	0	212.0	0
100	5	0	211.0	0
100	10	0	209.0	0
100	15	0	209.0	0
100	105	0	202.0	0
100	135	0	205.0	0
105	-10	0	212.0	0
105	5	0	212.0	0
105	10	0	210.0	0
105	130	0	206.0	0
105	135	0	206.0	0
110	125	0	206.0	0
110	130	0	206.0	0
110	135	0	205.0	0
115	120	0	206.0	0
115	125	0	207.0	0
115	130	0	206.0	0
115	135	0	205.0	0
120	115	0	205.0	0
120	120	0	206.0	0
120	125	0	206.0	0
120	130	0	206.0	0
120	135	27.0	206.0	1
120	140	0	207.0	0
120	145	0	206.0	0
120	150	0	205.0	0
120	155	0	207.0	0
125	135	0	206.0	0
125	140	0	206.0	0
125	145	0	206.0	0
125	150	0	207.0	0
130	135	0	206.0	0
130	140	0	206.0	0
130	145	0	206.0	0
135	135	0	208.0	0
135	140	0	206.0	0
140	135	0	206.0	0
150	-180	0	207.0	0
155	-180	0	206.0	0
160	-180	0	205.0	0
165	-180	0	205.0	0
170	-180	8.0	204.0	1
170	-175	0	204.0	0
170	-170	0	204.0	0
170	-165	0	204.0	0
170	-160	0	206.0	0
175	-180	0	202.0	0
175	-175	0	202.0	0
175	-170	0	203.0	0
175	-165	0	203.0	0
