Phi	Psi	max_obs_SA	max_theo_SA	obs_bin_pop
-125	0	0	143.0	0
-120	-5	0	146.0	0
-120	0	0	146.0	0
-120	5	0	146.0	0
-120	10	0	146.0	0
-120	15	0	145.0	0
-120	25	0	143.0	0
-115	-10	0	147.0	0
-115	-5	0	146.0	0
-115	0	111.0	148.0	3
-115	5	17.0	147.0	1
-115	10	0	146.0	0
-115	15	0	147.0	0
-115	20	0	146.0	0
-115	25	0	144.0	0
-115	140	0	137.0	0
-115	145	0	137.0	0
-115	150	37.0	137.0	1
-115	155	0	139.0	0
-115	160	0	139.0	0
-115	165	0	139.0	0
-115	170	0	139.0	0
-110	-180	0	139.0	0
-110	-20	0	145.0	0
-110	-15	0	146.0	0
-110	-10	0	147.0	0
-110	-5	0	147.0	2
-110	0	0	148.0	0
-110	5	96.0	146.0	4
-110	10	0	148.0	0
-110	15	35.0	145.0	1
-110	20	0	146.0	0
-110	25	0	146.0	0
-110	50	0	146.0	1
-110	60	0	145.0	0
-110	125	0	138.0	0
-110	135	0	136.0	0
-110	140	53.0	136.0	1
-110	145	1.0	137.0	1
-110	150	0	136.0	0
-110	155	23.0	137.0	1
-110	160	0	137.0	0
-110	165	6.0	138.0	1
-110	170	0	139.0	0
-110	175	36.0	138.0	1
-105	-180	37.0	141.0	2
-105	-30	0	147.0	0
-105	-25	0	148.0	0
-105	-20	1.0	148.0	1
-105	-15	91.0	147.0	1
-105	-10	64.0	148.0	2
-105	-5	100.0	147.0	3
-105	0	80.0	147.0	7
-105	5	6.0	147.0	3
-105	10	76.0	149.0	5
-105	15	52.0	148.0	3
-105	20	32.0	148.0	2
-105	25	29.0	148.0	1
-105	40	69.0	145.0	2
-105	45	0	145.0	0
-105	50	33.0	146.0	2
-105	55	0	144.0	0
-105	60	0	145.0	0
-105	65	0	144.0	0
-105	70	0	143.0	0
-105	75	0	144.0	0
-105	80	0	142.0	0
-105	115	0	140.0	0
-105	120	0	138.0	0
-105	125	0	138.0	0
-105	130	0	138.0	0
-105	135	7.0	137.0	1
-105	140	0	138.0	1
-105	145	0	139.0	0
-105	150	1.0	137.0	1
-105	155	0	138.0	0
-105	160	7.0	137.0	1
-105	165	75.0	137.0	1
-105	170	40.0	140.0	2
-105	175	0	139.0	1
-100	-180	86.0	142.0	1
-100	-175	86.0	141.0	2
-100	-35	0	150.0	0
-100	-30	0	150.0	0
-100	-25	0	149.0	0
-100	-20	25.0	150.0	1
-100	-15	65.0	150.0	2
-100	-10	93.0	150.0	5
-100	-5	120.0	149.0	14
-100	0	109.0	149.0	15
-100	5	86.0	150.0	9
-100	10	108.0	150.0	9
-100	15	127.0	149.0	10
-100	20	82.0	150.0	5
-100	25	124.0	149.0	9
-100	30	81.0	151.0	3
-100	35	71.0	150.0	2
-100	40	0	150.0	0
-100	45	0	149.0	0
-100	50	0	149.0	1
-100	55	39.0	146.0	2
-100	60	0	147.0	0
-100	65	0	147.0	0
-100	70	0	147.0	0
-100	75	0	146.0	0
-100	80	0	145.0	0
-100	85	0	145.0	0
-100	100	0	142.0	0
-100	105	0	141.0	0
-100	110	0	140.0	0
-100	115	0	141.0	0
-100	120	0	140.0	0
-100	125	0	140.0	1
-100	130	76.0	140.0	2
-100	135	9.0	139.0	1
-100	140	72.0	139.0	2
-100	145	66.0	140.0	1
-100	150	14.0	140.0	5
-100	155	4.0	140.0	1
-100	160	4.0	140.0	2
-100	165	2.0	140.0	3
-100	170	47.0	140.0	3
-100	175	0	141.0	1
-95	-180	39.0	141.0	4
-95	-175	24.0	142.0	1
-95	-40	0	150.0	0
-95	-35	0	150.0	0
-95	-30	0	149.0	0
-95	-25	127.0	151.0	1
-95	-20	69.0	151.0	4
-95	-15	134.0	151.0	5
-95	-10	118.0	151.0	12
-95	-5	125.0	152.0	12
-95	0	141.0	152.0	36
-95	5	123.0	151.0	31
-95	10	134.0	151.0	13
-95	15	137.0	150.0	15
-95	20	121.0	151.0	11
-95	25	128.0	151.0	11
-95	30	83.0	150.0	4
-95	35	23.0	150.0	2
-95	40	1.0	149.0	1
-95	45	0	149.0	0
-95	50	0	149.0	0
-95	55	0	148.0	0
-95	60	79.0	150.0	2
-95	65	0	149.0	0
-95	70	0	147.0	0
-95	75	0	146.0	0
-95	80	0	147.0	0
-95	85	0	146.0	0
-95	95	0	144.0	0
-95	100	98.0	144.0	1
-95	105	1.0	143.0	1
-95	110	54.0	142.0	2
-95	115	0	141.0	0
-95	120	54.0	141.0	3
-95	125	80.0	140.0	3
-95	130	108.0	141.0	4
-95	135	121.0	140.0	4
-95	140	86.0	139.0	12
-95	145	82.0	140.0	12
-95	150	92.0	139.0	13
-95	155	43.0	139.0	7
-95	160	117.0	141.0	10
-95	165	104.0	141.0	15
-95	170	103.0	142.0	7
-95	175	90.0	141.0	5
-90	-180	80.0	141.0	10
-90	-175	60.0	142.0	2
-90	-170	0	143.0	1
-90	-165	0	142.0	0
-90	-160	0	143.0	0
-90	-45	0	151.0	0
-90	-40	0	151.0	0
-90	-35	0	151.0	0
-90	-30	111.0	151.0	1
-90	-25	96.0	151.0	4
-90	-20	118.0	152.0	16
-90	-15	131.0	152.0	18
-90	-10	133.0	152.0	29
-90	-5	131.0	153.0	41
-90	0	131.0	152.0	49
-90	5	120.0	152.0	42
-90	10	135.0	150.0	25
-90	15	113.0	152.0	11
-90	20	121.0	152.0	11
-90	25	94.0	152.0	2
-90	30	115.0	151.0	5
-90	35	57.0	153.0	2
-90	40	90.0	151.0	5
-90	45	41.0	150.0	2
-90	50	133.0	149.0	7
-90	55	91.0	149.0	5
-90	60	90.0	148.0	7
-90	65	0	149.0	1
-90	70	37.0	148.0	3
-90	75	59.0	148.0	2
-90	80	1.0	147.0	2
-90	85	79.0	145.0	2
-90	90	0	145.0	1
-90	95	0	145.0	0
-90	100	84.0	144.0	2
-90	105	105.0	144.0	1
-90	110	97.0	144.0	3
-90	115	6.0	142.0	4
-90	120	83.0	141.0	3
-90	125	103.0	141.0	7
-90	130	81.0	141.0	5
-90	135	89.0	139.0	14
-90	140	99.0	140.0	27
-90	145	105.0	139.0	23
-90	150	103.0	140.0	20
-90	155	87.0	141.0	26
-90	160	125.0	139.0	20
-90	165	97.0	140.0	26
-90	170	84.0	140.0	19
-90	175	67.0	141.0	8
-85	-180	114.0	142.0	17
-85	-175	35.0	142.0	5
-85	-170	74.0	142.0	6
-85	-165	33.0	143.0	2
-85	-160	29.0	143.0	3
-85	-50	0	151.0	0
-85	-45	6.0	152.0	1
-85	-40	0	153.0	0
-85	-35	82.0	153.0	1
-85	-30	120.0	153.0	8
-85	-25	112.0	152.0	17
-85	-20	128.0	153.0	19
-85	-15	125.0	153.0	37
-85	-10	136.0	154.0	58
-85	-5	133.0	153.0	70
-85	0	135.0	154.0	61
-85	5	136.0	153.0	25
-85	10	133.0	154.0	21
-85	15	127.0	153.0	12
-85	20	22.0	153.0	1
-85	25	98.0	154.0	5
-85	30	83.0	153.0	5
-85	35	63.0	154.0	4
-85	40	120.0	153.0	11
-85	45	105.0	153.0	10
-85	50	143.0	152.0	16
-85	55	125.0	151.0	26
-85	60	122.0	149.0	32
-85	65	134.0	152.0	40
-85	70	108.0	149.0	29
-85	75	52.0	147.0	13
-85	80	77.0	148.0	8
-85	85	86.0	146.0	5
-85	90	103.0	146.0	3
-85	95	34.0	146.0	5
-85	100	108.0	144.0	4
-85	105	47.0	144.0	2
-85	110	35.0	144.0	3
-85	115	86.0	143.0	13
-85	120	96.0	142.0	15
-85	125	73.0	143.0	16
-85	130	121.0	142.0	25
-85	135	109.0	142.0	35
-85	140	90.0	141.0	44
-85	145	121.0	142.0	58
-85	150	140.0	141.0	55
-85	155	126.0	141.0	69
-85	160	127.0	140.0	75
-85	165	123.0	140.0	76
-85	170	110.0	141.0	46
-85	175	82.0	141.0	32
-80	-180	126.0	141.0	15
-80	-175	129.0	141.0	12
-80	-170	70.0	140.0	3
-80	-165	36.0	141.0	3
-80	-160	10.0	142.0	1
-80	-155	0	141.0	0
-80	-55	0	148.0	0
-80	-50	0	149.0	0
-80	-45	81.0	149.0	1
-80	-40	16.0	150.0	1
-80	-35	99.0	150.0	4
-80	-30	133.0	151.0	9
-80	-25	129.0	151.0	45
-80	-20	140.0	151.0	56
-80	-15	136.0	153.0	106
-80	-10	148.0	153.0	87
-80	-5	118.0	153.0	73
-80	0	133.0	154.0	46
-80	5	128.0	154.0	15
-80	10	132.0	153.0	11
-80	15	73.0	153.0	2
-80	20	85.0	153.0	3
-80	25	128.0	152.0	3
-80	30	83.0	153.0	2
-80	35	132.0	151.0	3
-80	40	133.0	152.0	4
-80	45	93.0	151.0	6
-80	50	107.0	151.0	11
-80	55	98.0	149.0	23
-80	60	136.0	149.0	38
-80	65	134.0	150.0	33
-80	70	120.0	148.0	34
-80	75	111.0	146.0	15
-80	80	133.0	145.0	15
-80	85	137.0	144.0	9
-80	90	44.0	145.0	6
-80	95	23.0	145.0	4
-80	100	81.0	144.0	11
-80	105	122.0	143.0	13
-80	110	91.0	143.0	13
-80	115	116.0	141.0	18
-80	120	118.0	141.0	27
-80	125	94.0	142.0	27
-80	130	106.0	140.0	54
-80	135	108.0	141.0	85
-80	140	129.0	141.0	82
-80	145	121.0	141.0	110
-80	150	114.0	0	142
-80	155	127.0	0	178
-80	160	131.0	0	165
-80	165	119.0	140.0	136
-80	170	128.0	140.0	83
-80	175	103.0	141.0	43
-75	-180	52.0	140.0	12
-75	-175	90.0	141.0	5
-75	-170	83.0	141.0	5
-75	-165	21.0	141.0	1
-75	-160	0	141.0	0
-75	-60	0	149.0	0
-75	-55	0	149.0	0
-75	-50	19.0	149.0	1
-75	-45	22.0	150.0	1
-75	-40	122.0	151.0	5
-75	-35	124.0	151.0	24
-75	-30	134.0	152.0	54
-75	-25	142.0	153.0	85
-75	-20	142.0	154.0	115
-75	-15	145.0	153.0	121
-75	-10	134.0	153.0	125
-75	-5	139.0	153.0	68
-75	0	112.0	154.0	25
-75	5	130.0	154.0	4
-75	10	53.0	153.0	3
-75	15	81.0	154.0	2
-75	20	112.0	153.0	2
-75	25	108.0	152.0	4
-75	30	59.0	153.0	2
-75	35	74.0	153.0	2
-75	40	0	152.0	0
-75	45	51.0	152.0	2
-75	50	117.0	151.0	7
-75	55	75.0	149.0	7
-75	60	101.0	149.0	6
-75	65	122.0	148.0	7
-75	70	126.0	148.0	8
-75	75	122.0	147.0	5
-75	80	79.0	148.0	4
-75	85	74.0	146.0	6
-75	90	45.0	145.0	3
-75	95	62.0	144.0	2
-75	100	51.0	143.0	6
-75	105	131.0	143.0	14
-75	110	115.0	142.0	11
-75	115	124.0	142.0	17
-75	120	84.0	141.0	34
-75	125	101.0	141.0	52
-75	130	122.0	140.0	67
-75	135	123.0	0	142
-75	140	128.0	0	222
-75	145	130.0	0	225
-75	150	133.0	0	299
-75	155	129.0	0	304
-75	160	126.0	0	266
-75	165	125.0	0	178
-75	170	121.0	139.0	81
-75	175	107.0	139.0	34
-70	-180	107.0	141.0	4
-70	-175	3.0	141.0	2
-70	-170	0	142.0	0
-70	-165	0	142.0	1
-70	-65	0	148.0	0
-70	-60	139.0	150.0	1
-70	-55	107.0	150.0	4
-70	-50	105.0	151.0	6
-70	-45	66.0	152.0	3
-70	-40	144.0	153.0	34
-70	-35	138.0	153.0	92
-70	-30	137.0	0	173
-70	-25	140.0	0	213
-70	-20	152.0	0	243
-70	-15	145.0	0	246
-70	-10	132.0	156.0	141
-70	-5	144.0	155.0	27
-70	0	129.0	157.0	8
-70	5	131.0	155.0	2
-70	10	117.0	156.0	2
-70	15	102.0	155.0	1
-70	20	124.0	155.0	1
-70	40	0	154.0	0
-70	45	145.0	153.0	1
-70	50	25.0	154.0	1
-70	55	113.0	154.0	3
-70	60	31.0	151.0	1
-70	65	86.0	152.0	3
-70	70	105.0	151.0	1
-70	75	81.0	149.0	1
-70	80	81.0	149.0	1
-70	85	0	148.0	0
-70	90	0	146.0	1
-70	95	84.0	147.0	2
-70	100	92.0	146.0	5
-70	105	113.0	145.0	3
-70	110	130.0	144.0	12
-70	115	140.0	143.0	21
-70	120	136.0	142.0	32
-70	125	136.0	141.0	63
-70	130	133.0	142.0	124
-70	135	137.0	0	207
-70	140	133.0	0	328
-70	145	129.0	0	427
-70	150	132.0	0	486
-70	155	132.0	0	397
-70	160	126.0	0	279
-70	165	135.0	141.0	117
-70	170	120.0	141.0	52
-70	175	81.0	141.0	17
-65	-180	0	140.0	0
-65	-175	31.0	141.0	1
-65	-170	0	140.0	0
-65	-70	102.0	148.0	1
-65	-65	0	150.0	0
-65	-60	97.0	150.0	1
-65	-55	66.0	151.0	4
-65	-50	132.0	152.0	11
-65	-45	135.0	153.0	65
-65	-40	130.0	0	217
-65	-35	138.0	0	397
-65	-30	146.0	0	443
-65	-25	154.0	0	416
-65	-20	145.0	0	446
-65	-15	148.0	0	213
-65	-10	136.0	155.0	57
-65	-5	126.0	157.0	14
-65	0	112.0	157.0	2
-65	5	50.0	157.0	2
-65	10	0	156.0	0
-65	15	0	156.0	0
-65	40	0	154.0	0
-65	45	0	152.0	0
-65	50	0	152.0	0
-65	55	0	152.0	0
-65	60	0	150.0	0
-65	65	44.0	151.0	1
-65	70	0	150.0	0
-65	75	0	149.0	0
-65	80	0	148.0	0
-65	85	0	149.0	0
-65	90	0	146.0	0
-65	95	2.0	146.0	1
-65	100	70.0	145.0	1
-65	105	69.0	144.0	3
-65	110	96.0	144.0	3
-65	115	131.0	145.0	12
-65	120	142.0	143.0	50
-65	125	138.0	143.0	104
-65	130	139.0	0	191
-65	135	133.0	0	323
-65	140	134.0	0	482
-65	145	140.0	0	597
-65	150	135.0	0	524
-65	155	132.0	0	320
-65	160	133.0	0	165
-65	165	120.0	141.0	70
-65	170	125.0	140.0	18
-65	175	60.0	140.0	5
-60	-180	0	139.0	0
-60	-175	0	140.0	0
-60	-75	38.0	149.0	1
-60	-70	0	150.0	0
-60	-65	0	150.0	0
-60	-60	127.0	151.0	3
-60	-55	112.0	152.0	14
-60	-50	128.0	153.0	63
-60	-45	133.0	0	265
-60	-40	141.0	0	536
-60	-35	148.0	0	573
-60	-30	149.0	0	481
-60	-25	149.0	0	365
-60	-20	141.0	0	200
-60	-15	138.0	157.0	56
-60	-10	112.0	155.0	13
-60	-5	124.0	154.0	3
-60	0	103.0	156.0	1
-60	5	0	156.0	0
-60	10	0	158.0	0
-60	50	0	156.0	0
-60	55	0	154.0	0
-60	60	8.0	154.0	1
-60	65	0	153.0	0
-60	70	102.0	152.0	1
-60	75	0	150.0	0
-60	80	32.0	151.0	1
-60	85	0	150.0	0
-60	95	0	149.0	0
-60	100	0	147.0	0
-60	105	116.0	145.0	3
-60	110	138.0	145.0	2
-60	115	132.0	144.0	8
-60	120	133.0	143.0	38
-60	125	138.0	142.0	123
-60	130	136.0	0	275
-60	135	145.0	0	456
-60	140	139.0	0	613
-60	145	139.0	0	585
-60	150	135.0	0	348
-60	155	132.0	0	166
-60	160	117.0	140.0	73
-60	165	80.0	139.0	20
-60	170	3.0	139.0	1
-60	175	67.0	140.0	1
-55	-180	0	143.0	0
-55	-75	0	152.0	0
-55	-70	0	152.0	0
-55	-65	144.0	153.0	1
-55	-60	51.0	154.0	4
-55	-55	132.0	154.0	23
-55	-50	134.0	156.0	103
-55	-45	146.0	0	322
-55	-40	145.0	0	453
-55	-35	148.0	0	348
-55	-30	149.0	0	245
-55	-25	141.0	156.0	115
-55	-20	141.0	159.0	35
-55	-15	146.0	158.0	5
-55	-10	49.0	160.0	1
-55	-5	0	158.0	0
-55	0	0	157.0	0
-55	5	0	158.0	0
-55	50	0	156.0	0
-55	55	0	155.0	0
-55	65	0	154.0	0
-55	70	0	153.0	0
-55	95	0	150.0	0
-55	100	0	149.0	0
-55	105	80.0	148.0	1
-55	110	126.0	147.0	4
-55	115	138.0	147.0	12
-55	120	134.0	145.0	44
-55	125	136.0	144.0	138
-55	130	140.0	0	295
-55	135	140.0	0	394
-55	140	143.0	0	370
-55	145	132.0	0	222
-55	150	125.0	141.0	108
-55	155	125.0	141.0	32
-55	160	109.0	141.0	9
-55	165	74.0	142.0	2
-55	170	67.0	143.0	1
-55	175	0	142.0	0
-50	-75	0	150.0	0
-50	-70	115.0	153.0	1
-50	-65	0	153.0	0
-50	-60	106.0	153.0	4
-50	-55	139.0	155.0	18
-50	-50	146.0	154.0	61
-50	-45	138.0	0	173
-50	-40	146.0	0	164
-50	-35	144.0	156.0	86
-50	-30	147.0	156.0	34
-50	-25	104.0	157.0	9
-50	-20	0	158.0	0
-50	-15	37.0	157.0	2
-50	-10	129.0	158.0	1
-50	-5	0	157.0	0
-50	0	0	157.0	0
-50	100	0	148.0	0
-50	105	74.0	147.0	1
-50	110	88.0	146.0	2
-50	115	143.0	144.0	6
-50	120	131.0	143.0	29
-50	125	134.0	142.0	70
-50	130	127.0	141.0	120
-50	135	127.0	141.0	103
-50	140	122.0	142.0	72
-50	145	112.0	142.0	24
-50	150	114.0	140.0	10
-50	155	43.0	140.0	2
-50	160	80.0	139.0	1
-50	165	118.0	139.0	1
-50	170	0	140.0	0
-50	175	0	140.0	0
-45	-75	0	153.0	0
-45	-70	0	154.0	0
-45	-65	18.0	155.0	2
-45	-60	30.0	156.0	1
-45	-55	128.0	157.0	14
-45	-50	130.0	157.0	33
-45	-45	141.0	157.0	40
-45	-40	126.0	158.0	18
-45	-35	126.0	158.0	4
-45	-30	114.0	158.0	3
-45	-25	105.0	159.0	3
-45	-20	49.0	160.0	1
-45	-15	0	160.0	0
-45	-10	0	160.0	0
-45	-5	0	161.0	0
-45	100	0	148.0	0
-45	105	21.0	147.0	1
-45	110	80.0	146.0	2
-45	115	123.0	146.0	4
-45	120	127.0	145.0	8
-45	125	127.0	144.0	13
-45	130	135.0	144.0	21
-45	135	135.0	144.0	11
-45	140	106.0	143.0	6
-45	145	80.0	142.0	4
-45	150	0	142.0	0
-45	155	0	140.0	0
-45	160	0	140.0	0
-45	165	0	141.0	0
-45	170	57.0	140.0	1
-40	-55	53.0	157.0	2
-40	-50	120.0	157.0	6
-40	-45	67.0	157.0	2
-40	-40	137.0	159.0	2
-40	-35	115.0	158.0	2
-40	-30	6.0	159.0	1
-40	-25	0	159.0	0
-40	-20	0	160.0	0
-40	-15	0	160.0	0
-40	-10	0	161.0	0
-40	115	0	145.0	0
-40	120	117.0	144.0	4
-40	125	119.0	144.0	4
-40	130	124.0	142.0	3
-40	135	111.0	143.0	1
-40	140	73.0	141.0	1
-40	145	0	140.0	0
-40	150	0	141.0	0
-40	155	0	140.0	0
-40	160	0	140.0	0
-40	165	0	139.0	0
-35	-55	87.0	156.0	2
-35	-50	79.0	157.0	1
-35	-45	115.0	157.0	1
-35	-40	0	158.0	0
-35	-35	140.0	159.0	1
-35	-30	0	159.0	0
-35	-25	0	160.0	0
-35	-20	0	160.0	0
-35	115	100.0	144.0	2
-35	120	48.0	143.0	1
-35	125	0	143.0	0
-35	130	7.0	143.0	1
-35	135	40.0	142.0	1
-35	140	58.0	140.0	2
-35	145	0	141.0	0
-35	150	0	140.0	0
-35	155	0	140.0	0
-35	160	0	139.0	0
-30	-55	0	159.0	0
-30	-50	0	160.0	0
-30	-45	0	161.0	0
-30	-40	0	162.0	0
-30	-35	0	162.0	0
-30	-30	0	163.0	0
-30	-25	0	163.0	0
-30	120	0	147.0	0
-30	125	0	145.0	0
-30	130	0	144.0	0
-30	135	0	144.0	0
-30	140	0	144.0	0
-30	145	0	142.0	0
-30	150	0	142.0	0
-25	-55	0	159.0	0
-25	-50	0	159.0	0
-25	-45	0	161.0	0
-25	-40	0	161.0	0
-25	120	0	145.0	0
-25	125	0	143.0	0
-25	130	0	142.0	0
-25	135	0	142.0	0
