Phi	Psi	max_obs_SA	max_theo_SA	obs_bin_pop
-180	-180	60.0	135.0	1
-180	-175	1.0	135.0	1
-180	-170	71.0	135.0	1
-180	-165	0	134.0	0
-180	-160	0	135.0	0
-180	-155	0	136.0	0
-180	-150	0	136.0	0
-180	-65	0	138.0	0
-180	-60	0	139.0	0
-180	-55	0	140.0	0
-180	15	0	135.0	0
-180	60	0	134.0	0
-180	65	0	134.0	0
-180	70	0	132.0	0
-180	85	0	134.0	0
-180	90	0	134.0	0
-180	95	0	134.0	0
-180	105	0	132.0	0
-180	110	0	132.0	0
-180	115	0	133.0	0
-180	120	0	134.0	0
-180	125	18.0	133.0	1
-180	130	0	133.0	0
-180	135	48.0	133.0	1
-180	140	9.0	135.0	1
-180	145	16.0	134.0	1
-180	150	59.0	136.0	2
-180	155	31.0	134.0	3
-180	160	0	134.0	0
-180	165	23.0	135.0	3
-180	170	65.0	135.0	7
-180	175	0	135.0	0
-175	-180	5.0	135.0	2
-175	-175	0	133.0	0
-175	-170	85.0	136.0	3
-175	-165	0	134.0	0
-175	-160	0	137.0	0
-175	-155	0	136.0	0
-175	-150	0	137.0	0
-175	-120	0	138.0	0
-175	-70	0	139.0	0
-175	-65	0	138.0	0
-175	-60	0	137.0	0
-175	-55	0	138.0	0
-175	0	2.0	135.0	1
-175	10	0	135.0	0
-175	15	0	134.0	0
-175	20	0	136.0	0
-175	55	0	132.0	0
-175	60	0	132.0	0
-175	65	0	134.0	0
-175	70	0	133.0	0
-175	80	0	132.0	0
-175	85	0	131.0	0
-175	90	0	133.0	0
-175	95	0	132.0	0
-175	100	0	133.0	0
-175	105	103.0	133.0	1
-175	110	0	132.0	0
-175	115	102.0	132.0	1
-175	120	0	133.0	1
-175	125	0	134.0	0
-175	130	0	133.0	0
-175	135	0	133.0	0
-175	140	44.0	133.0	4
-175	145	0	133.0	2
-175	150	58.0	135.0	8
-175	155	56.0	133.0	4
-175	160	64.0	133.0	10
-175	165	56.0	134.0	18
-175	170	59.0	134.0	16
-175	175	62.0	134.0	10
-170	-180	22.0	134.0	2
-170	-175	112.0	135.0	3
-170	-170	53.0	135.0	4
-170	-165	34.0	138.0	1
-170	-160	14.0	137.0	1
-170	-155	0	138.0	0
-170	-150	0	138.0	0
-170	-145	0	138.0	0
-170	-125	0	140.0	0
-170	-120	0	140.0	0
-170	-75	0	138.0	0
-170	-70	0	140.0	0
-170	-65	0	138.0	0
-170	-60	0	139.0	0
-170	-55	0	139.0	0
-170	-20	0	136.0	0
-170	-5	0	135.0	0
-170	0	0	137.0	0
-170	5	0	137.0	0
-170	10	0	137.0	0
-170	15	0	136.0	0
-170	20	0	135.0	0
-170	35	0	134.0	0
-170	50	0	136.0	0
-170	55	0	133.0	0
-170	60	0	133.0	0
-170	65	0	133.0	0
-170	70	27.0	133.0	2
-170	75	0	133.0	0
-170	80	0	133.0	0
-170	85	0	132.0	0
-170	90	78.0	135.0	1
-170	95	0	134.0	0
-170	100	0	133.0	0
-170	105	0	134.0	0
-170	110	59.0	134.0	1
-170	115	25.0	133.0	1
-170	120	6.0	133.0	1
-170	125	20.0	133.0	1
-170	130	24.0	134.0	2
-170	135	33.0	134.0	4
-170	140	75.0	134.0	9
-170	145	44.0	133.0	5
-170	150	50.0	132.0	13
-170	155	69.0	134.0	27
-170	160	90.0	133.0	52
-170	165	69.0	134.0	49
-170	170	68.0	134.0	34
-170	175	54.0	134.0	14
-165	-180	62.0	137.0	13
-165	-175	72.0	135.0	12
-165	-170	50.0	137.0	2
-165	-165	49.0	136.0	2
-165	-160	1.0	136.0	1
-165	-155	0	137.0	0
-165	-150	97.0	138.0	2
-165	-145	0	140.0	0
-165	-140	0	138.0	0
-165	-135	0	141.0	0
-165	-130	0	140.0	0
-165	-125	0	141.0	0
-165	-120	0	140.0	0
-165	-80	0	140.0	0
-165	-75	0	139.0	0
-165	-70	0	139.0	0
-165	-65	0	140.0	0
-165	-60	45.0	139.0	2
-165	-55	94.0	139.0	2
-165	-50	0	139.0	0
-165	-45	0	138.0	0
-165	-40	0	139.0	0
-165	-35	0	139.0	0
-165	-25	0	138.0	0
-165	-20	0	137.0	0
-165	-10	0	137.0	0
-165	-5	0	137.0	0
-165	0	43.0	136.0	1
-165	5	0	137.0	0
-165	10	0	136.0	0
-165	15	0	137.0	0
-165	20	0	136.0	0
-165	25	0	135.0	0
-165	30	0	136.0	0
-165	35	0	134.0	0
-165	45	0	133.0	0
-165	50	0	136.0	0
-165	55	0	135.0	0
-165	60	0	135.0	0
-165	65	0	133.0	0
-165	70	0	133.0	0
-165	75	53.0	133.0	1
-165	80	0	133.0	0
-165	85	1.0	132.0	1
-165	90	49.0	133.0	2
-165	95	85.0	132.0	3
-165	100	0	133.0	0
-165	105	0	133.0	0
-165	110	31.0	132.0	1
-165	115	20.0	133.0	3
-165	120	80.0	133.0	3
-165	125	45.0	133.0	6
-165	130	83.0	133.0	5
-165	135	76.0	132.0	10
-165	140	121.0	134.0	19
-165	145	68.0	134.0	28
-165	150	73.0	134.0	41
-165	155	89.0	135.0	58
-165	160	82.0	135.0	83
-165	165	101.0	135.0	68
-165	170	64.0	135.0	35
-165	175	57.0	133.0	22
-160	-180	76.0	134.0	24
-160	-175	65.0	135.0	19
-160	-170	41.0	135.0	3
-160	-165	29.0	134.0	4
-160	-160	54.0	135.0	4
-160	-155	55.0	137.0	1
-160	-150	0	138.0	0
-160	-145	0	138.0	0
-160	-140	0	140.0	0
-160	-135	0	139.0	0
-160	-130	0	140.0	0
-160	-125	0	139.0	0
-160	-120	0	139.0	0
-160	-100	0	139.0	0
-160	-80	0	141.0	0
-160	-75	0	139.0	0
-160	-65	0	139.0	0
-160	-60	0	139.0	0
-160	-55	0	138.0	0
-160	-50	0	139.0	0
-160	-45	0	139.0	0
-160	-40	105.0	136.0	1
-160	-30	0	137.0	0
-160	-25	0	138.0	0
-160	-20	0	138.0	0
-160	-15	107.0	137.0	1
-160	-10	48.0	135.0	1
-160	-5	0	134.0	0
-160	0	0	135.0	0
-160	5	0	133.0	0
-160	10	0	135.0	0
-160	15	8.0	134.0	2
-160	20	0	133.0	0
-160	25	20.0	133.0	1
-160	30	80.0	134.0	1
-160	35	0	133.0	0
-160	40	0	132.0	0
-160	45	56.0	133.0	1
-160	50	0	133.0	0
-160	55	0	132.0	0
-160	60	1.0	132.0	1
-160	65	7.0	131.0	1
-160	70	0	132.0	0
-160	75	66.0	132.0	1
-160	80	5.0	131.0	1
-160	85	22.0	132.0	2
-160	90	15.0	132.0	2
-160	95	72.0	132.0	2
-160	100	52.0	132.0	1
-160	105	78.0	132.0	6
-160	110	82.0	133.0	6
-160	115	77.0	132.0	7
-160	120	72.0	133.0	8
-160	125	81.0	132.0	6
-160	130	75.0	133.0	18
-160	135	96.0	134.0	21
-160	140	109.0	133.0	31
-160	145	84.0	133.0	49
-160	150	66.0	132.0	65
-160	155	102.0	132.0	99
-160	160	105.0	131.0	120
-160	165	122.0	133.0	100
-160	170	90.0	133.0	49
-160	175	73.0	133.0	46
-155	-180	77.0	135.0	23
-155	-175	61.0	135.0	9
-155	-170	60.0	135.0	7
-155	-165	58.0	137.0	8
-155	-160	9.0	135.0	2
-155	-155	23.0	137.0	2
-155	-150	53.0	137.0	2
-155	-145	9.0	137.0	1
-155	-140	0	139.0	0
-155	-135	0	138.0	0
-155	-130	21.0	140.0	1
-155	-125	0	139.0	0
-155	-120	80.0	140.0	2
-155	-115	0	140.0	0
-155	-110	0	140.0	0
-155	-105	0	140.0	0
-155	-100	58.0	140.0	1
-155	-90	24.0	139.0	1
-155	-85	0	138.0	0
-155	-80	0	139.0	0
-155	-75	0	139.0	0
-155	-70	0	140.0	0
-155	-65	0	141.0	0
-155	-60	2.0	139.0	1
-155	-55	15.0	140.0	1
-155	-50	28.0	139.0	1
-155	-45	0	139.0	0
-155	-35	0	139.0	0
-155	-30	21.0	138.0	1
-155	-25	0	139.0	0
-155	-20	0	138.0	0
-155	-15	0	138.0	0
-155	-10	0	137.0	0
-155	-5	0	135.0	0
-155	0	99.0	135.0	2
-155	5	24.0	135.0	1
-155	10	0	135.0	0
-155	15	0	135.0	0
-155	20	5.0	137.0	2
-155	25	3.0	136.0	1
-155	30	0	135.0	0
-155	35	117.0	136.0	1
-155	40	0	135.0	0
-155	45	0	134.0	0
-155	50	0	133.0	0
-155	55	0	136.0	0
-155	60	110.0	134.0	2
-155	65	0	134.0	0
-155	70	0	134.0	0
-155	75	30.0	135.0	1
-155	80	51.0	133.0	3
-155	85	5.0	133.0	1
-155	90	91.0	134.0	2
-155	95	39.0	133.0	3
-155	100	70.0	132.0	2
-155	105	91.0	134.0	3
-155	110	66.0	133.0	5
-155	115	78.0	134.0	6
-155	120	97.0	133.0	7
-155	125	119.0	133.0	10
-155	130	76.0	135.0	20
-155	135	90.0	134.0	30
-155	140	115.0	135.0	36
-155	145	77.0	134.0	50
-155	150	100.0	135.0	89
-155	155	96.0	133.0	120
-155	160	88.0	136.0	109
-155	165	118.0	134.0	88
-155	170	84.0	136.0	44
-155	175	64.0	134.0	41
-150	-180	86.0	136.0	21
-150	-175	62.0	135.0	7
-150	-170	90.0	136.0	8
-150	-165	54.0	137.0	5
-150	-160	59.0	137.0	7
-150	-155	68.0	137.0	1
-150	-150	0	138.0	0
-150	-145	81.0	138.0	2
-150	-140	0	139.0	0
-150	-135	0	140.0	0
-150	-130	0	141.0	0
-150	-125	1.0	140.0	1
-150	-120	0	140.0	0
-150	-115	0	140.0	0
-150	-110	0	139.0	1
-150	-105	0	141.0	0
-150	-100	0	140.0	0
-150	-95	0	139.0	0
-150	-90	0	140.0	0
-150	-85	0	140.0	0
-150	-80	0	140.0	0
-150	-75	0	139.0	0
-150	-70	14.0	140.0	1
-150	-65	64.0	139.0	1
-150	-60	0	140.0	0
-150	-55	90.0	140.0	2
-150	-50	0	138.0	0
-150	-45	77.0	139.0	1
-150	-40	0	138.0	0
-150	-35	0	139.0	0
-150	-30	0	140.0	0
-150	-25	0	138.0	0
-150	-20	66.0	139.0	2
-150	-15	4.0	138.0	1
-150	-10	0	137.0	0
-150	-5	0	137.0	0
-150	0	102.0	138.0	2
-150	5	1.0	136.0	1
-150	10	37.0	137.0	2
-150	15	0	137.0	0
-150	20	71.0	136.0	1
-150	25	0	136.0	0
-150	30	101.0	136.0	1
-150	35	36.0	136.0	4
-150	40	117.0	136.0	1
-150	45	0	135.0	0
-150	50	8.0	135.0	2
-150	55	96.0	135.0	1
-150	60	0	133.0	0
-150	65	83.0	135.0	2
-150	70	59.0	133.0	3
-150	75	91.0	135.0	3
-150	80	19.0	133.0	1
-150	85	118.0	135.0	2
-150	90	9.0	134.0	1
-150	95	16.0	135.0	2
-150	100	54.0	136.0	6
-150	105	80.0	133.0	7
-150	110	57.0	132.0	9
-150	115	64.0	132.0	12
-150	120	52.0	134.0	17
-150	125	68.0	134.0	21
-150	130	81.0	135.0	23
-150	135	105.0	134.0	42
-150	140	96.0	135.0	42
-150	145	95.0	133.0	70
-150	150	121.0	136.0	97
-150	155	102.0	134.0	125
-150	160	125.0	133.0	110
-150	165	123.0	135.0	82
-150	170	85.0	135.0	47
-150	175	95.0	135.0	36
-145	-180	86.0	136.0	12
-145	-175	90.0	135.0	8
-145	-170	86.0	135.0	7
-145	-165	58.0	136.0	5
-145	-160	0	136.0	2
-145	-155	43.0	136.0	2
-145	-150	11.0	137.0	2
-145	-145	0	138.0	0
-145	-140	0	138.0	0
-145	-135	0	141.0	0
-145	-130	35.0	140.0	1
-145	-125	0	140.0	0
-145	-120	0	140.0	0
-145	-115	0	141.0	0
-145	-110	3.0	140.0	1
-145	-105	0	139.0	0
-145	-100	6.0	139.0	1
-145	-95	0	140.0	0
-145	-90	0	139.0	0
-145	-85	13.0	139.0	1
-145	-80	0	140.0	0
-145	-75	58.0	139.0	3
-145	-70	49.0	140.0	1
-145	-65	0	140.0	1
-145	-60	0	137.0	0
-145	-55	0	140.0	0
-145	-50	0	138.0	0
-145	-45	85.0	140.0	2
-145	-40	0	139.0	1
-145	-35	7.0	139.0	1
-145	-30	0	139.0	1
-145	-25	0	139.0	0
-145	-20	83.0	139.0	3
-145	-15	97.0	137.0	1
-145	-10	23.0	137.0	3
-145	-5	79.0	137.0	1
-145	0	78.0	138.0	2
-145	5	82.0	136.0	3
-145	10	85.0	138.0	2
-145	15	103.0	137.0	2
-145	20	77.0	138.0	3
-145	25	93.0	136.0	2
-145	30	93.0	136.0	3
-145	35	115.0	137.0	4
-145	40	0	136.0	0
-145	45	62.0	136.0	1
-145	50	33.0	137.0	3
-145	55	27.0	137.0	2
-145	60	45.0	137.0	1
-145	65	82.0	138.0	3
-145	70	94.0	135.0	9
-145	75	89.0	135.0	7
-145	80	31.0	135.0	3
-145	85	41.0	135.0	3
-145	90	117.0	135.0	9
-145	95	65.0	134.0	1
-145	100	78.0	134.0	4
-145	105	82.0	134.0	7
-145	110	92.0	133.0	13
-145	115	89.0	135.0	15
-145	120	113.0	135.0	14
-145	125	98.0	135.0	25
-145	130	89.0	134.0	39
-145	135	77.0	134.0	36
-145	140	105.0	135.0	47
-145	145	121.0	134.0	82
-145	150	91.0	135.0	93
-145	155	82.0	134.0	104
-145	160	104.0	135.0	85
-145	165	80.0	134.0	58
-145	170	88.0	135.0	35
-145	175	90.0	136.0	30
-140	-180	64.0	134.0	16
-140	-175	63.0	135.0	5
-140	-170	57.0	134.0	6
-140	-165	5.0	135.0	1
-140	-160	27.0	136.0	2
-140	-155	0	137.0	1
-140	-150	0	138.0	0
-140	-145	0	138.0	0
-140	-140	51.0	139.0	1
-140	-135	0	139.0	0
-140	-130	0	139.0	0
-140	-125	0	140.0	0
-140	-120	0	140.0	0
-140	-115	22.0	140.0	1
-140	-110	17.0	140.0	1
-140	-105	0	139.0	0
-140	-100	36.0	140.0	2
-140	-95	0	140.0	0
-140	-90	0	140.0	0
-140	-85	64.0	140.0	1
-140	-80	63.0	140.0	1
-140	-75	86.0	138.0	2
-140	-70	0	141.0	1
-140	-65	0	141.0	1
-140	-60	11.0	138.0	2
-140	-55	96.0	140.0	2
-140	-50	8.0	139.0	1
-140	-45	61.0	139.0	2
-140	-40	0	138.0	0
-140	-35	78.0	139.0	1
-140	-30	49.0	138.0	1
-140	-25	98.0	138.0	4
-140	-20	87.0	137.0	2
-140	-15	98.0	137.0	3
-140	-10	89.0	137.0	7
-140	-5	89.0	137.0	5
-140	0	108.0	136.0	9
-140	5	92.0	138.0	7
-140	10	60.0	136.0	4
-140	15	100.0	137.0	9
-140	20	111.0	137.0	7
-140	25	75.0	137.0	3
-140	30	110.0	137.0	3
-140	35	82.0	136.0	4
-140	40	51.0	135.0	2
-140	45	93.0	137.0	5
-140	50	18.0	135.0	2
-140	55	70.0	136.0	4
-140	60	96.0	136.0	5
-140	65	77.0	135.0	6
-140	70	117.0	134.0	2
-140	75	41.0	135.0	5
-140	80	51.0	136.0	2
-140	85	64.0	135.0	2
-140	90	94.0	133.0	5
-140	95	30.0	132.0	3
-140	100	98.0	133.0	10
-140	105	111.0	133.0	8
-140	110	41.0	134.0	10
-140	115	91.0	133.0	19
-140	120	69.0	132.0	21
-140	125	113.0	133.0	38
-140	130	102.0	133.0	36
-140	135	107.0	135.0	61
-140	140	110.0	134.0	55
-140	145	97.0	134.0	85
-140	150	106.0	132.0	89
-140	155	108.0	134.0	96
-140	160	90.0	133.0	85
-140	165	78.0	134.0	60
-140	170	107.0	136.0	23
-140	175	117.0	133.0	24
-135	-180	78.0	132.0	7
-135	-175	60.0	133.0	6
-135	-170	47.0	134.0	5
-135	-165	84.0	134.0	4
-135	-160	23.0	137.0	2
-135	-155	2.0	136.0	1
-135	-150	0	137.0	0
-135	-145	0	138.0	0
-135	-140	0	138.0	1
-135	-135	3.0	139.0	1
-135	-130	2.0	139.0	1
-135	-125	0	139.0	0
-135	-120	79.0	139.0	2
-135	-115	0	139.0	0
-135	-110	21.0	139.0	1
-135	-105	0	139.0	0
-135	-100	0	140.0	0
-135	-95	0	139.0	0
-135	-90	3.0	139.0	2
-135	-85	0	139.0	0
-135	-80	0	138.0	1
-135	-75	21.0	139.0	1
-135	-70	37.0	138.0	2
-135	-65	0	138.0	0
-135	-60	88.0	139.0	2
-135	-55	26.0	139.0	1
-135	-50	14.0	137.0	1
-135	-45	5.0	138.0	1
-135	-40	0	137.0	0
-135	-35	68.0	135.0	4
-135	-30	95.0	136.0	4
-135	-25	0	136.0	1
-135	-20	97.0	137.0	5
-135	-15	28.0	136.0	1
-135	-10	64.0	137.0	3
-135	-5	71.0	136.0	6
-135	0	80.0	136.0	4
-135	5	118.0	138.0	10
-135	10	106.0	137.0	5
-135	15	70.0	137.0	4
-135	20	63.0	137.0	4
-135	25	85.0	136.0	6
-135	30	57.0	137.0	6
-135	35	0	136.0	1
-135	40	43.0	137.0	1
-135	45	3.0	137.0	2
-135	50	64.0	137.0	5
-135	55	60.0	137.0	4
-135	60	98.0	135.0	7
-135	65	27.0	135.0	2
-135	70	105.0	136.0	6
-135	75	100.0	135.0	2
-135	80	98.0	136.0	2
-135	85	80.0	136.0	3
-135	90	111.0	135.0	2
-135	95	43.0	136.0	5
-135	100	81.0	135.0	3
-135	105	49.0	134.0	9
-135	110	100.0	133.0	14
-135	115	109.0	132.0	17
-135	120	107.0	133.0	21
-135	125	109.0	132.0	26
-135	130	102.0	133.0	39
-135	135	107.0	133.0	42
-135	140	104.0	133.0	64
-135	145	82.0	135.0	71
-135	150	71.0	133.0	77
-135	155	77.0	134.0	68
-135	160	111.0	133.0	55
-135	165	87.0	134.0	40
-135	170	82.0	133.0	29
-135	175	106.0	133.0	10
-130	-180	112.0	134.0	5
-130	-175	63.0	134.0	5
-130	-170	47.0	134.0	3
-130	-165	51.0	135.0	5
-130	-160	50.0	135.0	2
-130	-155	0	136.0	0
-130	-150	0	137.0	0
-130	-145	0	137.0	0
-130	-140	0	138.0	0
-130	-120	0	138.0	0
-130	-115	0	139.0	0
-130	-110	0	138.0	0
-130	-105	0	139.0	0
-130	-100	50.0	139.0	1
-130	-95	9.0	139.0	1
-130	-90	0	138.0	0
-130	-85	1.0	138.0	1
-130	-80	30.0	138.0	1
-130	-75	0	138.0	0
-130	-70	1.0	138.0	1
-130	-65	0	138.0	0
-130	-60	18.0	137.0	1
-130	-55	73.0	139.0	2
-130	-50	0	138.0	0
-130	-45	0	138.0	0
-130	-40	0	137.0	0
-130	-35	104.0	138.0	4
-130	-30	102.0	137.0	5
-130	-25	112.0	138.0	3
-130	-20	95.0	137.0	5
-130	-15	110.0	138.0	8
-130	-10	64.0	139.0	3
-130	-5	115.0	138.0	7
-130	0	125.0	138.0	11
-130	5	115.0	137.0	9
-130	10	118.0	138.0	12
-130	15	108.0	139.0	7
-130	20	122.0	138.0	6
-130	25	79.0	136.0	7
-130	30	44.0	137.0	3
-130	35	57.0	137.0	3
-130	40	93.0	137.0	4
-130	45	107.0	138.0	5
-130	50	109.0	136.0	2
-130	55	84.0	136.0	2
-130	60	71.0	137.0	2
-130	65	30.0	136.0	2
-130	70	88.0	138.0	4
-130	75	70.0	135.0	3
-130	80	45.0	136.0	2
-130	85	62.0	135.0	6
-130	90	69.0	134.0	6
-130	95	94.0	134.0	7
-130	100	58.0	135.0	6
-130	105	74.0	134.0	10
-130	110	73.0	133.0	10
-130	115	82.0	134.0	18
-130	120	114.0	133.0	20
-130	125	109.0	133.0	26
-130	130	96.0	134.0	40
-130	135	122.0	133.0	62
-130	140	105.0	132.0	55
-130	145	98.0	133.0	83
-130	150	104.0	134.0	71
-130	155	81.0	133.0	53
-130	160	114.0	134.0	57
-130	165	76.0	132.0	32
-130	170	92.0	133.0	23
-130	175	76.0	134.0	12
-125	-180	66.0	137.0	6
-125	-175	56.0	138.0	4
-125	-170	56.0	137.0	3
-125	-165	33.0	138.0	3
-125	-160	67.0	138.0	2
-125	-155	60.0	138.0	1
-125	-150	0	140.0	0
-125	-145	75.0	140.0	1
-125	-140	0	140.0	0
-125	-120	0	141.0	0
-125	-115	0	141.0	0
-125	-110	78.0	143.0	1
-125	-100	0	142.0	0
-125	-95	0	143.0	0
-125	-90	0	141.0	0
-125	-85	68.0	142.0	1
-125	-80	0	141.0	0
-125	-75	8.0	141.0	1
-125	-70	0	141.0	0
-125	-65	0	141.0	0
-125	-60	6.0	141.0	1
-125	-55	0	139.0	0
-125	-50	5.0	139.0	1
-125	-45	104.0	141.0	4
-125	-40	88.0	140.0	2
-125	-35	20.0	139.0	1
-125	-30	14.0	140.0	4
-125	-25	115.0	140.0	8
-125	-20	66.0	141.0	4
-125	-15	113.0	140.0	11
-125	-10	97.0	139.0	13
-125	-5	105.0	141.0	5
-125	0	119.0	140.0	13
-125	5	90.0	141.0	12
-125	10	109.0	140.0	11
-125	15	123.0	140.0	11
-125	20	121.0	142.0	9
-125	25	103.0	142.0	9
-125	30	83.0	140.0	6
-125	35	123.0	141.0	6
-125	40	57.0	142.0	4
-125	45	103.0	143.0	1
-125	50	15.0	142.0	2
-125	55	52.0	141.0	1
-125	60	122.0	140.0	2
-125	65	2.0	139.0	1
-125	70	97.0	140.0	5
-125	75	63.0	141.0	2
-125	80	112.0	141.0	3
-125	85	20.0	141.0	2
-125	90	36.0	139.0	3
-125	95	113.0	138.0	11
-125	100	106.0	137.0	10
-125	105	79.0	137.0	8
-125	110	102.0	136.0	16
-125	115	124.0	137.0	16
-125	120	80.0	136.0	39
-125	125	97.0	135.0	43
-125	130	113.0	135.0	45
-125	135	100.0	135.0	52
-125	140	117.0	135.0	56
-125	145	99.0	135.0	66
-125	150	86.0	135.0	63
-125	155	97.0	135.0	43
-125	160	104.0	134.0	24
-125	165	51.0	135.0	27
-125	170	55.0	136.0	14
-125	175	67.0	136.0	6
-120	-180	60.0	135.0	4
-120	-175	99.0	135.0	7
-120	-170	22.0	136.0	3
-120	-165	4.0	135.0	1
-120	-160	51.0	135.0	2
-120	-155	41.0	137.0	2
-120	-150	0	137.0	1
-120	-145	0	138.0	0
-120	-140	0	140.0	0
-120	-135	0	140.0	0
-120	-120	0	139.0	0
-120	-115	51.0	141.0	1
-120	-100	0	139.0	0
-120	-95	0	140.0	0
-120	-90	0	140.0	0
-120	-85	77.0	139.0	1
-120	-80	86.0	139.0	1
-120	-75	35.0	138.0	2
-120	-70	56.0	139.0	1
-120	-65	0	139.0	0
-120	-60	113.0	139.0	1
-120	-55	101.0	138.0	5
-120	-50	104.0	139.0	5
-120	-45	0	138.0	0
-120	-40	69.0	138.0	1
-120	-35	72.0	138.0	2
-120	-30	78.0	138.0	7
-120	-25	66.0	139.0	4
-120	-20	93.0	140.0	10
-120	-15	95.0	141.0	11
-120	-10	115.0	140.0	10
-120	-5	99.0	139.0	5
-120	0	103.0	139.0	15
-120	5	111.0	139.0	18
-120	10	110.0	140.0	14
-120	15	97.0	140.0	17
-120	20	116.0	141.0	16
-120	25	76.0	138.0	3
-120	30	135.0	140.0	4
-120	35	61.0	140.0	1
-120	40	0	139.0	0
-120	45	119.0	141.0	1
-120	50	113.0	140.0	3
-120	55	0	139.0	1
-120	60	2.0	139.0	1
-120	65	41.0	139.0	1
-120	70	116.0	140.0	2
-120	75	1.0	138.0	1
-120	80	34.0	138.0	2
-120	85	71.0	136.0	3
-120	90	87.0	137.0	5
-120	95	117.0	137.0	4
-120	100	78.0	137.0	3
-120	105	80.0	136.0	9
-120	110	79.0	135.0	10
-120	115	75.0	136.0	23
-120	120	121.0	134.0	40
-120	125	99.0	134.0	48
-120	130	114.0	133.0	38
-120	135	88.0	134.0	56
-120	140	113.0	134.0	42
-120	145	117.0	133.0	55
-120	150	103.0	134.0	50
-120	155	94.0	133.0	46
-120	160	119.0	133.0	38
-120	165	106.0	135.0	14
-120	170	61.0	134.0	7
-120	175	57.0	136.0	9
-115	-180	93.0	137.0	5
-115	-175	45.0	137.0	3
-115	-170	57.0	138.0	3
-115	-165	75.0	138.0	2
-115	-160	43.0	139.0	4
-115	-155	0	139.0	0
-115	-150	18.0	139.0	3
-115	-145	2.0	138.0	1
-115	-140	0	139.0	0
-115	-135	0	139.0	0
-115	-130	0	140.0	0
-115	-120	16.0	139.0	1
-115	-95	0	140.0	0
-115	-90	4.0	141.0	1
-115	-80	0	140.0	0
-115	-75	0	140.0	0
-115	-70	0	140.0	0
-115	-65	0	141.0	0
-115	-60	0	139.0	0
-115	-55	33.0	141.0	1
-115	-50	4.0	140.0	1
-115	-45	94.0	140.0	4
-115	-40	116.0	141.0	3
-115	-35	89.0	140.0	6
-115	-30	83.0	141.0	5
-115	-25	109.0	141.0	6
-115	-20	98.0	141.0	10
-115	-15	108.0	141.0	18
-115	-10	116.0	142.0	13
-115	-5	113.0	141.0	19
-115	0	125.0	142.0	12
-115	5	118.0	142.0	13
-115	10	124.0	142.0	19
-115	15	121.0	142.0	16
-115	20	85.0	143.0	10
-115	25	98.0	142.0	3
-115	30	80.0	143.0	3
-115	35	110.0	142.0	2
-115	40	0	141.0	1
-115	45	66.0	141.0	1
-115	50	0	142.0	0
-115	55	120.0	141.0	1
-115	60	0	140.0	0
-115	65	44.0	140.0	1
-115	70	0	141.0	0
-115	75	0	140.0	0
-115	80	64.0	140.0	1
-115	85	0	138.0	0
-115	90	33.0	138.0	2
-115	95	78.0	137.0	5
-115	100	100.0	137.0	15
-115	105	93.0	136.0	13
-115	110	92.0	136.0	18
-115	115	104.0	137.0	19
-115	120	105.0	136.0	31
-115	125	113.0	136.0	39
-115	130	110.0	134.0	36
-115	135	87.0	136.0	39
-115	140	91.0	136.0	53
-115	145	113.0	135.0	42
-115	150	90.0	135.0	38
-115	155	71.0	136.0	31
-115	160	63.0	138.0	24
-115	165	91.0	137.0	29
-115	170	74.0	137.0	12
-115	175	35.0	136.0	6
-110	-180	26.0	135.0	2
-110	-175	77.0	135.0	4
-110	-170	31.0	136.0	2
-110	-165	5.0	136.0	1
-110	-160	25.0	137.0	4
-110	-155	56.0	139.0	1
-110	-150	0	138.0	0
-110	-145	0	140.0	0
-110	-140	0	139.0	0
-110	-135	0	139.0	0
-110	-100	0	140.0	0
-110	-95	69.0	139.0	1
-110	-90	18.0	141.0	1
-110	-85	0	140.0	0
-110	-80	0	139.0	0
-110	-75	0	140.0	0
-110	-70	0	139.0	0
-110	-65	54.0	140.0	2
-110	-60	11.0	137.0	1
-110	-55	36.0	139.0	2
-110	-50	80.0	139.0	2
-110	-45	93.0	138.0	3
-110	-40	71.0	139.0	2
-110	-35	77.0	140.0	5
-110	-30	83.0	139.0	4
-110	-25	88.0	139.0	10
-110	-20	110.0	139.0	21
-110	-15	117.0	140.0	21
-110	-10	117.0	139.0	20
-110	-5	133.0	140.0	32
-110	0	125.0	141.0	26
-110	5	119.0	140.0	33
-110	10	127.0	142.0	28
-110	15	122.0	139.0	24
-110	20	110.0	141.0	9
-110	25	103.0	140.0	6
-110	30	26.0	142.0	1
-110	35	59.0	141.0	1
-110	40	18.0	142.0	2
-110	45	0	140.0	0
-110	50	0	140.0	0
-110	55	0	140.0	0
-110	60	0	139.0	0
-110	65	0	140.0	0
-110	70	121.0	138.0	2
-110	75	0	139.0	0
-110	80	123.0	137.0	5
-110	85	0	137.0	0
-110	90	116.0	138.0	2
-110	95	0	137.0	1
-110	100	119.0	137.0	11
-110	105	58.0	135.0	12
-110	110	102.0	136.0	17
-110	115	134.0	134.0	20
-110	120	99.0	135.0	27
-110	125	98.0	135.0	37
-110	130	90.0	135.0	47
-110	135	109.0	134.0	44
-110	140	94.0	134.0	45
-110	145	123.0	134.0	46
-110	150	121.0	134.0	40
-110	155	93.0	135.0	42
-110	160	103.0	133.0	21
-110	165	101.0	133.0	17
-110	170	94.0	133.0	16
-110	175	68.0	133.0	12
-105	-180	69.0	136.0	3
-105	-175	20.0	135.0	2
-105	-170	6.0	136.0	3
-105	-165	0	137.0	0
-105	-160	61.0	136.0	3
-105	-155	0	137.0	0
-105	-150	0	137.0	0
-105	-145	0	139.0	0
-105	-140	0	139.0	0
-105	-105	0	138.0	0
-105	-100	0	138.0	0
-105	-95	10.0	138.0	1
-105	-90	0	138.0	1
-105	-85	11.0	139.0	1
-105	-80	18.0	138.0	1
-105	-75	11.0	137.0	1
-105	-70	53.0	137.0	1
-105	-65	100.0	138.0	2
-105	-60	74.0	138.0	2
-105	-55	121.0	138.0	2
-105	-50	124.0	139.0	2
-105	-45	62.0	140.0	3
-105	-40	117.0	140.0	5
-105	-35	99.0	140.0	5
-105	-30	98.0	141.0	11
-105	-25	129.0	140.0	25
-105	-20	95.0	141.0	22
-105	-15	119.0	141.0	32
-105	-10	108.0	142.0	15
-105	-5	116.0	142.0	36
-105	0	143.0	142.0	65
-105	5	118.0	142.0	54
-105	10	121.0	144.0	32
-105	15	124.0	143.0	18
-105	20	104.0	142.0	5
-105	25	74.0	143.0	4
-105	30	69.0	143.0	2
-105	35	0	143.0	0
-105	40	24.0	142.0	1
-105	45	0	142.0	0
-105	50	0	142.0	0
-105	55	118.0	141.0	1
-105	60	0	142.0	0
-105	65	0	141.0	0
-105	70	104.0	139.0	3
-105	75	0	141.0	0
-105	80	54.0	139.0	2
-105	85	61.0	139.0	1
-105	90	48.0	138.0	2
-105	95	117.0	138.0	3
-105	100	54.0	137.0	7
-105	105	87.0	137.0	13
-105	110	90.0	136.0	24
-105	115	126.0	137.0	32
-105	120	78.0	136.0	29
-105	125	102.0	136.0	35
-105	130	93.0	137.0	31
-105	135	102.0	135.0	50
-105	140	89.0	135.0	36
-105	145	118.0	135.0	31
-105	150	91.0	134.0	41
-105	155	104.0	135.0	25
-105	160	92.0	134.0	20
-105	165	56.0	133.0	15
-105	170	90.0	136.0	18
-105	175	67.0	136.0	8
-100	-180	87.0	137.0	3
-100	-175	79.0	136.0	6
-100	-170	0	137.0	0
-100	-165	29.0	136.0	5
-100	-160	0	137.0	0
-100	-155	75.0	137.0	1
-100	-150	0	138.0	0
-100	-145	0	137.0	0
-100	-110	0	139.0	0
-100	-105	0	139.0	0
-100	-100	0	138.0	1
-100	-95	0	138.0	0
-100	-90	30.0	138.0	2
-100	-85	0	137.0	0
-100	-80	0	137.0	0
-100	-75	95.0	137.0	1
-100	-70	22.0	137.0	1
-100	-65	37.0	138.0	1
-100	-60	20.0	139.0	2
-100	-55	103.0	138.0	3
-100	-50	99.0	139.0	5
-100	-45	97.0	140.0	5
-100	-40	67.0	140.0	7
-100	-35	105.0	141.0	10
-100	-30	81.0	142.0	9
-100	-25	124.0	142.0	33
-100	-20	124.0	141.0	24
-100	-15	126.0	141.0	28
-100	-10	123.0	142.0	37
-100	-5	134.0	141.0	66
-100	0	133.0	143.0	80
-100	5	131.0	143.0	51
-100	10	129.0	143.0	28
-100	15	127.0	143.0	13
-100	20	99.0	144.0	12
-100	25	50.0	144.0	1
-100	30	1.0	144.0	2
-100	35	131.0	143.0	1
-100	40	109.0	144.0	2
-100	45	0	143.0	0
-100	50	0	143.0	0
-100	55	72.0	142.0	2
-100	60	0	142.0	0
-100	65	0	140.0	0
-100	70	0	141.0	0
-100	75	134.0	141.0	1
-100	80	1.0	139.0	1
-100	85	70.0	138.0	4
-100	90	64.0	138.0	1
-100	95	118.0	138.0	8
-100	100	126.0	136.0	11
-100	105	111.0	137.0	11
-100	110	88.0	135.0	16
-100	115	97.0	136.0	23
-100	120	89.0	136.0	30
-100	125	103.0	136.0	30
-100	130	74.0	135.0	31
-100	135	116.0	135.0	41
-100	140	123.0	135.0	39
-100	145	105.0	136.0	39
-100	150	88.0	135.0	27
-100	155	124.0	134.0	29
-100	160	89.0	136.0	32
-100	165	87.0	133.0	27
-100	170	93.0	135.0	13
-100	175	52.0	135.0	12
-95	-180	40.0	136.0	6
-95	-175	23.0	136.0	7
-95	-170	46.0	136.0	2
-95	-165	4.0	136.0	1
-95	-160	8.0	136.0	2
-95	-155	0	138.0	0
-95	-150	0	138.0	0
-95	-145	15.0	139.0	2
-95	-140	0	139.0	0
-95	-135	0	140.0	0
-95	-130	0	139.0	0
-95	-125	0	139.0	0
-95	-100	0	138.0	0
-95	-95	0	139.0	0
-95	-90	0	138.0	0
-95	-85	0	137.0	0
-95	-80	70.0	139.0	1
-95	-75	47.0	138.0	1
-95	-70	0	139.0	0
-95	-65	104.0	139.0	1
-95	-60	20.0	139.0	1
-95	-55	78.0	140.0	2
-95	-50	127.0	140.0	6
-95	-45	72.0	140.0	6
-95	-40	77.0	141.0	12
-95	-35	109.0	141.0	15
-95	-30	94.0	140.0	14
-95	-25	124.0	141.0	29
-95	-20	133.0	142.0	44
-95	-15	139.0	141.0	56
-95	-10	114.0	142.0	50
-95	-5	127.0	143.0	84
-95	0	126.0	143.0	78
-95	5	134.0	143.0	63
-95	10	112.0	144.0	29
-95	15	135.0	145.0	4
-95	20	99.0	144.0	8
-95	25	112.0	145.0	3
-95	30	79.0	143.0	4
-95	35	0	143.0	1
-95	40	11.0	143.0	1
-95	45	12.0	144.0	1
-95	50	0	143.0	1
-95	55	10.0	142.0	2
-95	60	17.0	142.0	3
-95	65	72.0	143.0	1
-95	70	76.0	141.0	3
-95	75	92.0	141.0	2
-95	80	109.0	142.0	3
-95	85	5.0	140.0	2
-95	90	50.0	140.0	3
-95	95	93.0	139.0	3
-95	100	70.0	139.0	5
-95	105	19.0	139.0	4
-95	110	118.0	136.0	15
-95	115	110.0	137.0	22
-95	120	90.0	137.0	25
-95	125	119.0	136.0	39
-95	130	104.0	136.0	35
-95	135	100.0	135.0	40
-95	140	87.0	135.0	33
-95	145	107.0	135.0	33
-95	150	113.0	135.0	30
-95	155	118.0	133.0	33
-95	160	95.0	134.0	32
-95	165	95.0	135.0	43
-95	170	106.0	135.0	28
-95	175	104.0	135.0	26
-90	-180	52.0	136.0	6
-90	-175	51.0	136.0	3
-90	-170	42.0	137.0	5
-90	-165	0	138.0	0
-90	-160	0	138.0	0
-90	-155	48.0	136.0	1
-90	-150	0	138.0	0
-90	-145	0	138.0	0
-90	-140	0	140.0	0
-90	-135	0	139.0	0
-90	-130	0	140.0	0
-90	-105	0	139.0	0
-90	-100	0	138.0	0
-90	-95	0	137.0	0
-90	-90	12.0	139.0	1
-90	-85	57.0	140.0	2
-90	-80	0	139.0	0
-90	-75	0	139.0	0
-90	-70	0	140.0	0
-90	-65	110.0	141.0	4
-90	-60	69.0	140.0	4
-90	-55	114.0	141.0	4
-90	-50	122.0	142.0	4
-90	-45	103.0	143.0	10
-90	-40	119.0	141.0	12
-90	-35	122.0	141.0	22
-90	-30	137.0	142.0	39
-90	-25	105.0	143.0	48
-90	-20	113.0	143.0	50
-90	-15	131.0	143.0	63
-90	-10	127.0	144.0	98
-90	-5	137.0	144.0	116
-90	0	138.0	143.0	92
-90	5	128.0	146.0	47
-90	10	118.0	145.0	14
-90	15	99.0	145.0	3
-90	20	18.0	146.0	1
-90	25	66.0	146.0	1
-90	30	92.0	145.0	1
-90	35	0	146.0	0
-90	40	0	145.0	0
-90	45	30.0	145.0	1
-90	50	44.0	145.0	1
-90	55	31.0	146.0	4
-90	60	48.0	144.0	1
-90	65	4.0	144.0	3
-90	70	108.0	143.0	3
-90	75	113.0	143.0	5
-90	80	28.0	142.0	3
-90	85	97.0	141.0	5
-90	90	0	142.0	0
-90	95	88.0	142.0	5
-90	100	73.0	141.0	7
-90	105	104.0	139.0	11
-90	110	72.0	139.0	15
-90	115	119.0	138.0	25
-90	120	128.0	139.0	27
-90	125	108.0	137.0	39
-90	130	86.0	137.0	28
-90	135	113.0	137.0	35
-90	140	109.0	138.0	35
-90	145	121.0	136.0	38
-90	150	117.0	136.0	38
-90	155	103.0	136.0	38
-90	160	109.0	136.0	47
-90	165	113.0	137.0	50
-90	170	99.0	136.0	23
-90	175	59.0	135.0	17
-85	-180	24.0	135.0	12
-85	-175	61.0	137.0	5
-85	-170	0	134.0	0
-85	-165	56.0	135.0	2
-85	-160	3.0	135.0	2
-85	-155	0	137.0	0
-85	-150	70.0	136.0	3
-85	-145	0	137.0	0
-85	-140	0	137.0	0
-85	-135	0	138.0	0
-85	-130	0	138.0	0
-85	-90	0	138.0	0
-85	-85	0	138.0	0
-85	-80	0	138.0	0
-85	-75	0	139.0	0
-85	-70	13.0	141.0	1
-85	-65	0	139.0	0
-85	-60	72.0	140.0	3
-85	-55	81.0	141.0	5
-85	-50	124.0	140.0	7
-85	-45	90.0	141.0	12
-85	-40	119.0	142.0	12
-85	-35	108.0	142.0	15
-85	-30	132.0	142.0	45
-85	-25	135.0	142.0	56
-85	-20	137.0	143.0	71
-85	-15	116.0	142.0	118
-85	-10	139.0	0	149
-85	-5	132.0	144.0	122
-85	0	119.0	144.0	60
-85	5	115.0	145.0	14
-85	10	100.0	146.0	7
-85	15	0	145.0	0
-85	20	0	146.0	0
-85	25	101.0	147.0	3
-85	30	0	144.0	0
-85	35	101.0	145.0	2
-85	40	135.0	144.0	2
-85	45	84.0	145.0	2
-85	50	34.0	145.0	1
-85	55	62.0	146.0	4
-85	60	85.0	144.0	5
-85	65	115.0	144.0	7
-85	70	30.0	143.0	3
-85	75	99.0	142.0	5
-85	80	63.0	144.0	3
-85	85	127.0	143.0	5
-85	90	100.0	142.0	1
-85	95	78.0	140.0	4
-85	100	46.0	137.0	7
-85	105	89.0	139.0	7
-85	110	100.0	138.0	6
-85	115	106.0	136.0	25
-85	120	110.0	136.0	34
-85	125	96.0	137.0	39
-85	130	112.0	135.0	35
-85	135	124.0	136.0	37
-85	140	120.0	134.0	39
-85	145	116.0	135.0	40
-85	150	99.0	136.0	35
-85	155	118.0	136.0	61
-85	160	118.0	134.0	72
-85	165	126.0	135.0	77
-85	170	130.0	133.0	59
-85	175	73.0	135.0	18
-80	-180	92.0	134.0	11
-80	-175	94.0	135.0	6
-80	-170	74.0	135.0	2
-80	-165	8.0	136.0	1
-80	-160	0	136.0	0
-80	-155	0	137.0	0
-80	-150	0	138.0	0
-80	-145	0	139.0	0
-80	-140	0	138.0	0
-80	-135	0	139.0	0
-80	-95	0	138.0	0
-80	-90	0	138.0	0
-80	-85	109.0	139.0	1
-80	-80	0	140.0	0
-80	-75	121.0	141.0	2
-80	-70	49.0	142.0	1
-80	-65	0	141.0	1
-80	-60	81.0	140.0	2
-80	-55	93.0	141.0	7
-80	-50	118.0	142.0	14
-80	-45	123.0	144.0	23
-80	-40	124.0	143.0	26
-80	-35	129.0	143.0	42
-80	-30	135.0	143.0	65
-80	-25	133.0	144.0	93
-80	-20	129.0	144.0	118
-80	-15	134.0	0	162
-80	-10	133.0	0	153
-80	-5	122.0	144.0	66
-80	0	133.0	146.0	37
-80	5	119.0	145.0	7
-80	10	124.0	145.0	1
-80	15	113.0	147.0	1
-80	20	0	147.0	0
-80	25	0	146.0	0
-80	30	0	146.0	0
-80	35	0	146.0	0
-80	40	0	147.0	1
-80	45	0	147.0	0
-80	50	82.0	147.0	2
-80	55	104.0	147.0	2
-80	60	25.0	145.0	4
-80	65	20.0	146.0	3
-80	70	82.0	143.0	1
-80	75	58.0	144.0	3
-80	80	30.0	144.0	2
-80	85	91.0	142.0	1
-80	90	16.0	141.0	1
-80	95	16.0	140.0	2
-80	100	50.0	141.0	4
-80	105	76.0	139.0	5
-80	110	98.0	140.0	10
-80	115	122.0	138.0	14
-80	120	124.0	137.0	26
-80	125	123.0	137.0	37
-80	130	124.0	137.0	40
-80	135	82.0	137.0	44
-80	140	109.0	136.0	57
-80	145	116.0	136.0	58
-80	150	113.0	135.0	64
-80	155	117.0	134.0	78
-80	160	115.0	134.0	98
-80	165	96.0	134.0	93
-80	170	124.0	134.0	68
-80	175	62.0	135.0	27
-75	-180	56.0	134.0	5
-75	-175	90.0	135.0	3
-75	-170	0	136.0	0
-75	-165	0	136.0	0
-75	-160	0	137.0	0
-75	-155	0	138.0	0
-75	-150	0	136.0	0
-75	-145	0	138.0	0
-75	-140	0	140.0	0
-75	-85	0	139.0	0
-75	-80	0	139.0	0
-75	-75	0	140.0	0
-75	-70	110.0	140.0	1
-75	-65	0	141.0	0
-75	-60	29.0	143.0	4
-75	-55	136.0	142.0	15
-75	-50	109.0	142.0	21
-75	-45	120.0	145.0	56
-75	-40	129.0	144.0	98
-75	-35	141.0	144.0	102
-75	-30	135.0	145.0	99
-75	-25	133.0	146.0	133
-75	-20	137.0	0	150
-75	-15	136.0	0	227
-75	-10	139.0	146.0	143
-75	-5	131.0	146.0	52
-75	0	121.0	146.0	10
-75	5	75.0	148.0	2
-75	10	88.0	147.0	1
-75	15	0	148.0	0
-75	20	61.0	147.0	1
-75	25	0	147.0	0
-75	30	0	148.0	0
-75	35	0	148.0	0
-75	40	0	147.0	0
-75	45	123.0	147.0	2
-75	50	0	147.0	0
-75	55	46.0	146.0	1
-75	60	0	145.0	0
-75	65	89.0	144.0	2
-75	70	0	145.0	0
-75	75	0	143.0	0
-75	80	123.0	144.0	1
-75	85	0	143.0	0
-75	90	137.0	140.0	4
-75	95	54.0	142.0	3
-75	100	0	140.0	0
-75	105	81.0	140.0	4
-75	110	78.0	140.0	3
-75	115	111.0	139.0	15
-75	120	109.0	139.0	31
-75	125	81.0	138.0	26
-75	130	120.0	138.0	38
-75	135	125.0	137.0	64
-75	140	100.0	136.0	90
-75	145	110.0	136.0	81
-75	150	116.0	136.0	127
-75	155	106.0	136.0	135
-75	160	122.0	0	170
-75	165	85.0	134.0	117
-75	170	95.0	135.0	48
-75	175	77.0	135.0	21
-70	-180	50.0	135.0	3
-70	-175	34.0	136.0	1
-70	-170	0	136.0	0
-70	-165	26.0	136.0	1
-70	-160	0	136.0	0
-70	-155	0	137.0	0
-70	-150	0	138.0	0
-70	-145	0	138.0	0
-70	-90	0	138.0	0
-70	-85	0	140.0	0
-70	-80	0	140.0	0
-70	-75	0	141.0	0
-70	-70	49.0	142.0	2
-70	-65	0	141.0	0
-70	-60	30.0	143.0	1
-70	-55	134.0	144.0	22
-70	-50	133.0	144.0	80
-70	-45	128.0	0	283
-70	-40	116.0	0	449
-70	-35	131.0	0	316
-70	-30	139.0	0	205
-70	-25	137.0	0	224
-70	-20	138.0	0	327
-70	-15	140.0	0	235
-70	-10	128.0	147.0	113
-70	-5	124.0	146.0	16
-70	0	56.0	149.0	4
-70	5	0	148.0	0
-70	10	0	148.0	0
-70	15	0	148.0	0
-70	20	110.0	149.0	1
-70	25	0	149.0	0
-70	30	0	149.0	0
-70	35	0	149.0	0
-70	40	0	148.0	0
-70	45	0	148.0	0
-70	50	0	147.0	0
-70	55	0	148.0	0
-70	60	0	147.0	0
-70	65	0	146.0	0
-70	70	0	146.0	0
-70	75	0	144.0	0
-70	80	0	145.0	0
-70	85	0	145.0	0
-70	90	0	144.0	1
-70	95	136.0	144.0	1
-70	100	0	143.0	0
-70	105	16.0	142.0	1
-70	110	83.0	141.0	3
-70	115	131.0	140.0	9
-70	120	91.0	140.0	21
-70	125	117.0	139.0	35
-70	130	97.0	138.0	67
-70	135	116.0	138.0	102
-70	140	115.0	138.0	109
-70	145	121.0	137.0	129
-70	150	120.0	0	149
-70	155	110.0	0	173
-70	160	113.0	0	171
-70	165	125.0	135.0	106
-70	170	53.0	134.0	23
-70	175	71.0	135.0	13
-65	-180	0	135.0	0
-65	-175	0	135.0	0
-65	-170	0	135.0	0
-65	-165	0	136.0	0
-65	-160	0	137.0	0
-65	-150	0	137.0	0
-65	-85	0	140.0	0
-65	-80	0	141.0	0
-65	-75	0	142.0	0
-65	-70	0	142.0	0
-65	-65	86.0	143.0	2
-65	-60	88.0	144.0	6
-65	-55	110.0	143.0	40
-65	-50	125.0	0	279
-65	-45	131.0	0	886
-65	-40	133.0	0	768
-65	-35	139.0	0	440
-65	-30	140.0	0	328
-65	-25	139.0	0	370
-65	-20	138.0	0	351
-65	-15	131.0	148.0	139
-65	-10	129.0	148.0	25
-65	-5	59.0	148.0	2
-65	0	0	149.0	0
-65	5	0	149.0	0
-65	10	0	150.0	0
-65	15	0	150.0	0
-65	25	110.0	150.0	1
-65	35	0	149.0	0
-65	40	0	148.0	0
-65	45	0	148.0	0
-65	50	0	148.0	0
-65	55	0	148.0	0
-65	60	105.0	147.0	1
-65	65	0	146.0	0
-65	70	0	147.0	0
-65	75	0	146.0	0
-65	80	0	145.0	0
-65	85	0	146.0	0
-65	90	91.0	145.0	1
-65	95	0	144.0	0
-65	100	0	143.0	0
-65	105	125.0	142.0	2
-65	110	56.0	140.0	2
-65	115	51.0	141.0	7
-65	120	120.0	141.0	14
-65	125	77.0	140.0	26
-65	130	134.0	140.0	69
-65	135	136.0	139.0	100
-65	140	136.0	137.0	108
-65	145	122.0	137.0	132
-65	150	119.0	137.0	118
-65	155	108.0	136.0	111
-65	160	77.0	135.0	72
-65	165	72.0	136.0	40
-65	170	67.0	135.0	9
-65	175	10.0	136.0	1
-60	-180	0	137.0	0
-60	-175	0	136.0	0
-60	-170	0	136.0	0
-60	-85	0	141.0	0
-60	-80	0	142.0	0
-60	-75	0	143.0	0
-60	-70	125.0	143.0	1
-60	-65	52.0	145.0	2
-60	-60	97.0	144.0	7
-60	-55	95.0	145.0	48
-60	-50	107.0	0	338
-60	-45	124.0	0	624
-60	-40	137.0	0	369
-60	-35	139.0	0	256
-60	-30	143.0	0	218
-60	-25	137.0	0	170
-60	-20	115.0	150.0	63
-60	-15	102.0	151.0	16
-60	-10	132.0	149.0	4
-60	-5	55.0	149.0	1
-60	0	0	150.0	0
-60	5	0	150.0	0
-60	10	0	152.0	0
-60	45	0	150.0	0
-60	50	0	151.0	0
-60	55	91.0	150.0	1
-60	60	0	150.0	0
-60	65	0	149.0	0
-60	70	0	149.0	0
-60	75	0	147.0	0
-60	80	0	147.0	0
-60	90	29.0	145.0	1
-60	95	0	144.0	0
-60	100	0	144.0	0
-60	105	0	143.0	0
-60	110	0	142.0	0
-60	115	102.0	142.0	4
-60	120	116.0	140.0	18
-60	125	133.0	140.0	38
-60	130	129.0	140.0	64
-60	135	118.0	139.0	112
-60	140	131.0	140.0	102
-60	145	99.0	138.0	71
-60	150	115.0	137.0	58
-60	155	110.0	137.0	59
-60	160	100.0	137.0	16
-60	165	58.0	135.0	9
-60	170	52.0	136.0	2
-60	175	0	137.0	0
-55	-180	0	137.0	0
-55	-175	79.0	138.0	1
-55	-85	0	142.0	0
-55	-80	106.0	143.0	1
-55	-75	0	144.0	0
-55	-70	0	145.0	0
-55	-65	85.0	146.0	3
-55	-60	117.0	146.0	7
-55	-55	99.0	147.0	39
-55	-50	126.0	148.0	117
-55	-45	132.0	0	166
-55	-40	139.0	150.0	116
-55	-35	140.0	149.0	97
-55	-30	140.0	149.0	46
-55	-25	136.0	151.0	20
-55	-20	90.0	151.0	12
-55	-15	0	151.0	0
-55	-10	113.0	153.0	1
-55	-5	0	153.0	0
-55	0	0	152.0	0
-55	5	0	151.0	0
-55	45	0	151.0	0
-55	65	0	150.0	0
-55	90	0	145.0	0
-55	95	0	145.0	0
-55	100	82.0	146.0	1
-55	105	0	143.0	0
-55	110	0	143.0	0
-55	115	87.0	144.0	6
-55	120	97.0	143.0	9
-55	125	128.0	142.0	34
-55	130	140.0	141.0	42
-55	135	133.0	141.0	52
-55	140	129.0	139.0	55
-55	145	94.0	140.0	29
-55	150	132.0	137.0	14
-55	155	61.0	136.0	5
-55	160	98.0	136.0	2
-55	165	26.0	136.0	1
-55	170	0	136.0	0
-55	175	0	137.0	0
-50	-180	0	135.0	0
-50	-80	0	144.0	0
-50	-75	0	144.0	0
-50	-70	0	145.0	0
-50	-65	32.0	145.0	1
-50	-60	101.0	147.0	8
-50	-55	102.0	148.0	12
-50	-50	107.0	148.0	35
-50	-45	141.0	149.0	39
-50	-40	101.0	150.0	27
-50	-35	134.0	150.0	11
-50	-30	99.0	149.0	2
-50	-25	57.0	150.0	4
-50	-20	110.0	150.0	2
-50	-15	0	151.0	0
-50	-10	132.0	152.0	3
-50	-5	0	152.0	0
-50	0	0	152.0	0
-50	5	0	153.0	0
-50	10	0	151.0	0
-50	90	0	145.0	0
-50	95	0	144.0	0
-50	100	0	143.0	0
-50	105	0	143.0	0
-50	110	122.0	143.0	2
-50	115	0	142.0	1
-50	120	72.0	142.0	5
-50	125	131.0	142.0	24
-50	130	114.0	141.0	27
-50	135	97.0	139.0	22
-50	140	118.0	138.0	20
-50	145	116.0	138.0	11
-50	150	35.0	138.0	2
-50	155	0	137.0	0
-50	160	0	136.0	0
-50	165	0	135.0	0
-50	170	0	136.0	0
-50	175	0	135.0	0
-45	-85	0	142.0	0
-45	-80	21.0	144.0	1
-45	-75	0	144.0	0
-45	-70	72.0	144.0	1
-45	-65	28.0	145.0	2
-45	-60	18.0	146.0	1
-45	-55	102.0	146.0	6
-45	-50	83.0	148.0	7
-45	-45	121.0	149.0	14
-45	-40	58.0	149.0	2
-45	-35	110.0	149.0	3
-45	-30	0	150.0	0
-45	-25	54.0	152.0	1
-45	-20	104.0	152.0	2
-45	-15	74.0	153.0	1
-45	-10	0	152.0	0
-45	-5	0	153.0	0
-45	0	0	153.0	0
-45	5	0	154.0	0
-45	100	0	143.0	0
-45	105	0	142.0	0
-45	110	0	142.0	0
-45	115	6.0	142.0	1
-45	120	70.0	142.0	4
-45	125	85.0	139.0	6
-45	130	51.0	138.0	7
-45	135	75.0	138.0	6
-45	140	55.0	138.0	4
-45	145	0	138.0	0
-45	150	0	137.0	0
-45	155	0	138.0	0
-45	160	0	136.0	0
-45	165	57.0	135.0	1
-45	170	0	135.0	0
-45	175	0	135.0	0
-40	-75	0	147.0	0
-40	-70	0	148.0	0
-40	-65	0	148.0	0
-40	-60	2.0	148.0	1
-40	-55	85.0	148.0	1
-40	-50	80.0	149.0	2
-40	-45	142.0	150.0	2
-40	-40	133.0	150.0	2
-40	-35	0	149.0	0
-40	-30	0	151.0	0
-40	-25	0	151.0	0
-40	-20	0	151.0	0
-40	-15	0	153.0	0
-40	-10	0	152.0	0
-40	-5	0	154.0	0
-40	0	0	153.0	0
-40	105	0	143.0	0
-40	110	0	142.0	0
-40	115	0	141.0	0
-40	120	0	140.0	1
-40	125	29.0	140.0	1
-40	130	23.0	139.0	2
-40	135	13.0	139.0	1
-40	140	0	138.0	0
-40	145	20.0	137.0	1
-40	150	27.0	137.0	1
-40	155	0	136.0	0
-40	160	0	136.0	0
-40	165	0	136.0	0
-40	170	0	134.0	0
-35	-80	0	148.0	0
-35	-75	0	147.0	0
-35	-70	0	148.0	0
-35	-65	0	149.0	0
-35	-60	0	150.0	0
-35	-55	89.0	151.0	4
-35	-50	0	150.0	0
-35	-45	0	151.0	0
-35	-40	0	151.0	0
-35	-35	75.0	153.0	1
-35	-30	0	153.0	0
-35	-25	0	154.0	0
-35	-20	0	154.0	0
-35	-15	0	154.0	0
-35	-10	0	154.0	0
-35	-5	0	156.0	0
-35	100	0	144.0	0
-35	105	0	143.0	0
-35	110	4.0	143.0	1
-35	115	16.0	142.0	1
-35	120	83.0	141.0	2
-35	125	101.0	141.0	2
-35	130	0	140.0	0
-35	135	0	140.0	0
-35	140	0	139.0	0
-35	145	0	138.0	0
-35	150	0	137.0	0
-35	155	0	137.0	0
-35	160	0	136.0	0
-30	-85	0	147.0	0
-30	-80	0	146.0	0
-30	-75	0	147.0	0
-30	-70	0	150.0	0
-30	-65	45.0	150.0	2
-30	-60	0	151.0	0
-30	-55	0	151.0	0
-30	-50	0	151.0	0
-30	-45	0	151.0	0
-30	-40	0	153.0	0
-30	-35	0	154.0	0
-30	-30	0	155.0	0
-30	-25	0	156.0	0
-30	-20	0	155.0	0
-30	-15	0	155.0	0
-30	-10	0	155.0	0
-30	110	0	142.0	0
-30	120	0	141.0	0
-30	125	0	141.0	0
-30	130	0	140.0	0
-30	135	0	139.0	0
-30	140	0	137.0	0
-30	145	0	137.0	0
-30	150	0	136.0	0
-25	-65	0	150.0	0
-25	-60	0	151.0	0
-25	-55	0	152.0	0
-25	-50	0	152.0	0
-25	-45	0	153.0	0
-25	-40	0	153.0	0
-25	-35	0	153.0	0
-25	-20	0	155.0	0
-25	120	0	139.0	0
-25	125	1.0	138.0	1
-25	130	0	137.0	0
-25	135	0	137.0	0
-25	140	0	136.0	0
-20	-65	0	151.0	0
-20	-60	110.0	152.0	1
-20	-55	0	152.0	0
-20	-50	0	152.0	0
-20	-45	0	152.0	0
-20	-40	0	153.0	0
-20	120	0	139.0	0
-20	125	0	138.0	0
-20	130	0	138.0	0
-15	-65	0	151.0	0
-15	-60	0	153.0	0
-15	-55	0	153.0	0
-15	120	0	139.0	0
-15	125	0	139.0	0
-10	-65	0	154.0	0
10	60	0	146.0	0
15	50	0	148.0	0
15	55	0	146.0	0
15	60	0	147.0	0
20	40	0	147.0	0
20	45	0	148.0	0
20	50	0	146.0	0
20	55	0	145.0	0
20	60	0	143.0	0
25	15	0	151.0	0
25	30	0	149.0	0
25	35	0	148.0	0
25	40	0	147.0	0
25	45	0	146.0	0
25	50	61.0	145.0	1
25	55	125.0	145.0	1
25	60	0	143.0	0
30	-145	0	144.0	0
30	-140	0	146.0	0
30	-135	0	146.0	0
30	-130	0	148.0	0
30	-125	0	149.0	0
30	-120	54.0	151.0	1
30	10	0	154.0	0
30	15	0	153.0	0
30	20	0	152.0	0
30	25	0	150.0	0
30	30	0	150.0	0
30	35	0	149.0	0
30	40	0	148.0	0
30	45	0	147.0	0
30	50	0	147.0	0
30	55	0	145.0	0
30	60	50.0	144.0	2
30	65	0	143.0	0
30	70	0	142.0	0
30	75	0	141.0	0
30	80	0	139.0	0
35	-150	0	141.0	0
35	-145	0	142.0	0
35	-140	0	145.0	0
35	-135	0	146.0	0
35	-130	0	147.0	0
35	-125	0	148.0	0
35	-120	0	149.0	0
35	-115	47.0	149.0	1
35	5	0	150.0	0
35	10	0	152.0	0
35	15	0	149.0	0
35	20	0	149.0	0
35	25	0	148.0	0
35	30	0	146.0	0
35	35	0	145.0	0
35	40	134.0	145.0	1
35	45	0	143.0	0
35	50	114.0	143.0	3
35	55	104.0	141.0	1
35	60	8.0	140.0	2
35	65	0	140.0	1
35	70	0	139.0	0
35	75	0	138.0	0
35	80	0	138.0	0
40	-155	93.0	142.0	1
40	-150	0	142.0	0
40	-145	0	143.0	0
40	-140	0	145.0	0
40	-135	0	147.0	0
40	-130	0	148.0	1
40	-125	0	149.0	0
40	-120	21.0	149.0	1
40	-115	0	152.0	0
40	0	0	155.0	0
40	5	0	153.0	0
40	10	0	153.0	0
40	15	0	151.0	0
40	20	104.0	150.0	1
40	25	0	149.0	0
40	30	96.0	148.0	1
40	35	124.0	147.0	1
40	40	124.0	145.0	3
40	45	116.0	145.0	3
40	50	99.0	144.0	2
40	55	89.0	142.0	4
40	60	5.0	142.0	1
40	65	0	141.0	0
40	70	0	140.0	0
40	75	0	139.0	0
40	165	0	138.0	0
45	-175	57.0	137.0	1
45	-160	0	138.0	0
45	-155	0	139.0	0
45	-150	0	141.0	0
45	-145	0	144.0	0
45	-140	0	145.0	0
45	-135	0	145.0	0
45	-130	83.0	148.0	1
45	-125	0	148.0	0
45	-120	94.0	148.0	1
45	-115	37.0	149.0	1
45	-45	0	156.0	0
45	-5	0	152.0	0
45	0	0	152.0	0
45	5	0	150.0	0
45	10	0	149.0	0
45	15	102.0	149.0	2
45	20	0	148.0	0
45	25	0	148.0	0
45	30	94.0	146.0	3
45	35	73.0	144.0	4
45	40	119.0	144.0	10
45	45	133.0	143.0	23
45	50	116.0	143.0	11
45	55	115.0	142.0	12
45	60	109.0	142.0	1
45	65	0	140.0	0
45	70	0	138.0	0
45	75	0	138.0	0
45	160	0	135.0	0
45	165	0	136.0	0
50	-180	0	136.0	0
50	-175	0	139.0	0
50	-165	0	140.0	0
50	-160	26.0	140.0	1
50	-155	4.0	142.0	1
50	-150	0	144.0	1
50	-145	85.0	145.0	3
50	-140	81.0	146.0	4
50	-135	30.0	146.0	5
50	-130	50.0	148.0	3
50	-125	125.0	147.0	6
50	-120	62.0	149.0	2
50	-115	52.0	149.0	1
50	-110	0	151.0	0
50	-105	84.0	152.0	1
50	-100	0	151.0	0
50	-50	0	155.0	0
50	-45	0	155.0	0
50	-5	0	152.0	0
50	0	0	152.0	0
50	5	0	150.0	0
50	10	0	150.0	0
50	15	0	148.0	0
50	20	84.0	147.0	3
50	25	95.0	148.0	7
50	30	109.0	146.0	6
50	35	128.0	145.0	29
50	40	126.0	143.0	19
50	45	113.0	143.0	15
50	50	115.0	142.0	15
50	55	100.0	141.0	5
50	60	67.0	142.0	3
50	65	30.0	140.0	1
50	70	72.0	138.0	2
50	75	0	137.0	0
50	80	111.0	137.0	1
50	85	0	137.0	0
50	90	0	137.0	0
50	155	0	136.0	0
50	160	0	135.0	0
50	165	0	137.0	0
55	-180	0	135.0	0
55	-175	5.0	137.0	1
55	-160	0	141.0	0
55	-155	72.0	143.0	1
55	-150	0	143.0	0
55	-145	3.0	143.0	1
55	-140	93.0	144.0	3
55	-135	12.0	146.0	3
55	-130	0	146.0	0
55	-125	18.0	148.0	2
55	-120	9.0	149.0	1
55	-115	14.0	149.0	2
55	-110	0	150.0	0
55	-105	0	151.0	0
55	-100	13.0	151.0	1
55	-95	0	151.0	0
55	-90	0	153.0	0
55	-55	114.0	154.0	1
55	-50	0	155.0	0
55	-45	0	155.0	0
55	-10	0	153.0	0
55	-5	0	150.0	0
55	0	0	150.0	0
55	5	0	148.0	0
55	10	7.0	147.0	1
55	15	101.0	148.0	2
55	20	90.0	146.0	2
55	25	126.0	144.0	13
55	30	134.0	144.0	16
55	35	136.0	144.0	25
55	40	117.0	140.0	20
55	45	106.0	140.0	9
55	50	128.0	140.0	4
55	55	56.0	138.0	2
55	60	112.0	138.0	1
55	65	46.0	138.0	1
55	70	0	136.0	0
55	75	76.0	136.0	1
55	80	0	136.0	0
55	85	0	136.0	0
55	150	0	136.0	0
55	155	0	137.0	0
55	160	0	135.0	0
55	165	0	136.0	0
60	-180	0	134.0	0
60	-175	0	135.0	0
60	-150	0	141.0	0
60	-145	0	141.0	0
60	-140	16.0	143.0	1
60	-135	0	144.0	0
60	-130	10.0	145.0	4
60	-125	0	147.0	0
60	-120	14.0	147.0	2
60	-115	0	147.0	0
60	-110	0	147.0	0
60	-105	0	149.0	0
60	-100	0	150.0	0
60	-95	0	149.0	0
60	-90	0	149.0	0
60	-60	0	152.0	0
60	-55	0	153.0	0
60	-50	0	154.0	0
60	-45	0	153.0	0
60	-15	0	149.0	0
60	-10	0	148.0	0
60	-5	0	147.0	0
60	0	136.0	148.0	1
60	5	115.0	149.0	4
60	10	117.0	147.0	5
60	15	116.0	146.0	6
60	20	133.0	144.0	20
60	25	127.0	143.0	12
60	30	117.0	143.0	16
60	35	100.0	141.0	8
60	40	90.0	141.0	4
60	45	110.0	141.0	4
60	50	44.0	139.0	2
60	55	0	139.0	0
60	60	0	138.0	0
60	65	0	136.0	0
60	70	0	136.0	0
60	75	0	135.0	0
60	80	0	137.0	0
60	145	0	135.0	0
60	150	0	134.0	0
60	155	0	136.0	0
60	160	0	134.0	0
60	165	77.0	136.0	2
60	170	0	136.0	0
60	175	0	136.0	1
65	-180	0	137.0	1
65	-175	63.0	138.0	2
65	-170	15.0	137.0	1
65	-165	52.0	139.0	1
65	-160	0	138.0	0
65	-155	0	139.0	0
65	-145	0	142.0	0
65	-140	0	144.0	0
65	-135	0	144.0	0
65	-130	0	146.0	0
65	-125	18.0	146.0	1
65	-120	20.0	146.0	1
65	-115	0	147.0	0
65	-110	0	146.0	0
65	-105	0	148.0	0
65	-100	0	149.0	0
65	-95	0	149.0	0
65	-90	0	151.0	0
65	-65	0	151.0	0
65	-60	70.0	152.0	1
65	-55	0	152.0	0
65	-50	0	151.0	0
65	-45	95.0	153.0	3
65	-40	2.0	153.0	1
65	-35	0	151.0	0
65	-30	0	152.0	0
65	-25	0	151.0	0
65	-20	0	151.0	0
65	-15	0	151.0	0
65	-10	0	150.0	0
65	-5	0	148.0	0
65	0	119.0	148.0	4
65	5	76.0	147.0	3
65	10	121.0	145.0	10
65	15	121.0	145.0	11
65	20	105.0	143.0	6
65	25	102.0	142.0	10
65	30	100.0	142.0	6
65	35	104.0	141.0	1
65	40	70.0	140.0	1
65	45	70.0	139.0	1
65	50	0	138.0	0
65	55	17.0	137.0	1
65	60	0	137.0	0
65	65	0	137.0	0
65	70	57.0	136.0	1
65	75	0	134.0	0
65	140	0	135.0	0
65	145	0	134.0	0
65	150	0	135.0	0
65	155	0	135.0	0
65	160	62.0	135.0	2
65	165	0	135.0	0
65	170	0	136.0	0
65	175	0	137.0	0
70	-175	0	137.0	0
70	-170	0	138.0	0
70	-165	100.0	137.0	1
70	-160	0	139.0	0
70	-145	0	142.0	0
70	-140	0	143.0	0
70	-135	0	144.0	0
70	-130	0	145.0	0
70	-125	0	146.0	1
70	-120	0	148.0	0
70	-115	0	147.0	0
70	-110	0	149.0	0
70	-105	0	150.0	0
70	-100	0	151.0	0
70	-95	0	151.0	0
70	-90	0	150.0	0
70	-70	0	152.0	0
70	-65	12.0	152.0	1
70	-60	76.0	151.0	1
70	-55	0	152.0	0
70	-50	48.0	153.0	2
70	-45	0	153.0	0
70	-40	73.0	153.0	1
70	-35	0	151.0	0
70	-30	0	153.0	0
70	-25	0	151.0	0
70	-20	0	150.0	0
70	-15	0	150.0	0
70	-10	0	148.0	0
70	-5	121.0	149.0	4
70	0	85.0	146.0	6
70	5	129.0	146.0	10
70	10	100.0	145.0	5
70	15	70.0	145.0	1
70	20	77.0	144.0	4
70	25	58.0	142.0	2
70	30	0	141.0	0
70	35	0	141.0	0
70	40	0	141.0	0
70	45	0	140.0	0
70	50	0	139.0	0
70	55	0	139.0	0
70	60	0	138.0	0
70	70	0	136.0	0
70	140	0	136.0	0
70	145	0	137.0	0
70	150	0	137.0	0
70	155	21.0	137.0	1
70	160	39.0	137.0	2
70	165	0	136.0	0
70	170	24.0	137.0	1
70	175	7.0	137.0	1
75	-175	0	139.0	0
75	-170	0	138.0	0
75	-165	0	139.0	0
75	-140	0	143.0	0
75	-135	0	143.0	0
75	-130	0	143.0	0
75	-125	0	145.0	0
75	-120	0	146.0	0
75	-115	0	146.0	0
75	-110	0	147.0	0
75	-105	0	147.0	0
75	-100	0	148.0	0
75	-95	0	149.0	0
75	-90	103.0	149.0	2
75	-85	0	150.0	0
75	-80	0	150.0	0
75	-75	0	151.0	0
75	-70	0	151.0	0
75	-50	115.0	151.0	1
75	-45	0	152.0	0
75	-40	0	153.0	0
75	-35	0	152.0	0
75	-30	18.0	152.0	1
75	-25	0	150.0	0
75	-20	0	151.0	0
75	-15	123.0	149.0	1
75	-10	124.0	148.0	5
75	-5	89.0	149.0	6
75	0	95.0	147.0	3
75	5	88.0	147.0	2
75	10	107.0	146.0	1
75	15	59.0	144.0	1
75	20	124.0	144.0	1
75	25	0	143.0	0
75	30	0	142.0	0
75	35	0	141.0	0
75	40	0	140.0	0
75	45	0	139.0	0
75	50	0	139.0	0
75	55	0	138.0	0
75	145	26.0	137.0	1
75	150	0	138.0	0
75	155	0	139.0	1
75	160	0	137.0	0
75	165	0	139.0	0
75	170	2.0	137.0	1
75	175	0	138.0	0
80	-175	0	138.0	0
80	-170	0	139.0	0
80	-130	0	142.0	0
80	-120	0	144.0	0
80	-90	0	148.0	0
80	-85	0	148.0	0
80	-80	0	149.0	0
80	-75	0	150.0	0
80	-50	0	151.0	0
80	-45	0	150.0	0
80	-40	0	149.0	0
80	-30	0	150.0	0
80	-25	0	150.0	0
80	-20	0	148.0	0
80	-15	0	149.0	0
80	-10	95.0	148.0	4
80	-5	0	146.0	0
80	0	0	146.0	0
80	5	39.0	145.0	2
80	10	18.0	143.0	1
80	15	0	143.0	0
80	20	0	142.0	0
80	25	0	143.0	0
80	30	0	141.0	1
80	35	0	141.0	0
80	40	0	139.0	0
80	45	0	138.0	0
80	50	0	138.0	0
80	140	0	137.0	0
80	145	0	137.0	0
80	150	0	138.0	0
80	155	0	136.0	0
80	160	10.0	137.0	2
80	165	0	137.0	0
80	170	46.0	136.0	1
80	175	5.0	137.0	1
85	-175	0	137.0	0
85	-90	0	146.0	0
85	-85	0	146.0	0
85	-80	0	147.0	0
85	-50	0	148.0	0
85	-45	0	148.0	0
85	-30	0	147.0	0
85	-25	0	146.0	0
85	-20	13.0	146.0	1
85	-15	0	147.0	0
85	-10	120.0	145.0	2
85	-5	0	146.0	0
85	0	11.0	144.0	1
85	5	0	144.0	0
85	10	0	144.0	0
85	15	0	141.0	0
85	20	0	141.0	0
85	25	0	140.0	0
85	30	0	140.0	0
85	160	0	135.0	0
85	165	0	135.0	0
85	170	0	137.0	0
85	175	0	137.0	0
90	-90	0	148.0	0
90	-85	0	150.0	0
90	-50	0	150.0	0
90	-10	0	148.0	0
90	-5	54.0	147.0	1
90	0	0	146.0	0
90	5	0	146.0	0
90	10	0	145.0	0
90	15	0	145.0	0
90	20	0	143.0	0
90	25	0	143.0	0
90	160	26.0	139.0	1
90	165	0	139.0	0
90	170	0	140.0	0
95	-90	0	145.0	0
95	-10	0	145.0	0
95	-5	0	145.0	0
95	0	0	143.0	0
95	5	0	143.0	0
95	10	0	142.0	0
95	160	0	138.0	0
95	165	0	138.0	0
100	-10	0	145.0	0
100	-5	0	143.0	0
100	5	0	142.0	0
100	160	0	138.0	0
105	-10	0	144.0	0
155	140	0	135.0	0
155	160	73.0	136.0	1
155	175	0	135.0	0
160	135	0	137.0	0
160	140	0	136.0	0
160	155	0	137.0	0
160	160	0	136.0	0
160	170	0	137.0	0
160	175	0	137.0	1
165	130	30.0	136.0	1
165	135	0	136.0	0
165	140	0	136.0	0
165	150	0	137.0	0
165	155	49.0	137.0	1
165	160	0	135.0	0
165	165	0	137.0	0
165	170	0	136.0	0
165	175	0	138.0	0
170	125	0	136.0	0
170	130	0	136.0	0
170	135	0	136.0	0
170	140	0	136.0	0
170	145	0	136.0	0
170	150	0	135.0	0
170	155	0	136.0	0
170	160	31.0	136.0	1
170	165	0	135.0	0
170	170	1.0	137.0	1
170	175	0	136.0	0
175	120	0	133.0	0
175	125	0	134.0	0
175	130	0	134.0	0
175	135	0	134.0	0
175	140	26.0	134.0	2
175	145	0	134.0	0
175	150	0	133.0	0
175	155	0	133.0	0
175	160	27.0	134.0	2
175	165	0	133.0	0
175	170	32.0	133.0	1
175	175	32.0	135.0	2
