Phi	Psi	max_obs_SA	max_theo_SA	obs_bin_pop
-180	-180	0	154.0	0
-180	-175	59.0	153.0	1
-180	-170	0	155.0	0
-180	-165	0	0	0
-180	-160	0	0	0
-180	-155	0	0	0
-180	-150	0	0	0
-180	-145	0	0	0
-180	-140	0	0	0
-180	-135	0	0	0
-180	-130	0	0	0
-180	-125	0	0	0
-180	-120	0	0	0
-180	-115	0	0	0
-180	-110	0	0	0
-180	-105	0	0	0
-180	-100	0	0	0
-180	-95	0	0	0
-180	-90	0	0	0
-180	-85	0	0	0
-180	-80	0	0	0
-180	-75	0	0	0
-180	-70	0	0	0
-180	-65	0	0	0
-180	-60	0	0	0
-180	-55	0	0	0
-180	-50	0	0	0
-180	-45	0	0	0
-180	-40	0	0	0
-180	-35	0	0	0
-180	-30	0	0	0
-180	-25	0	0	0
-180	-20	0	0	0
-180	-15	0	0	0
-180	-10	0	0	0
-180	-5	0	0	0
-180	0	0	0	0
-180	5	0	0	0
-180	10	0	0	0
-180	15	0	0	0
-180	20	0	0	0
-180	25	0	0	0
-180	30	0	0	0
-180	35	0	0	0
-180	40	0	0	0
-180	45	0	0	0
-180	50	0	0	0
-180	55	0	0	0
-180	60	0	0	0
-180	65	0	0	0
-180	70	0	0	0
-180	75	0	0	0
-180	80	0	0	0
-180	85	0	0	0
-180	90	0	0	0
-180	95	0	0	0
-180	100	0	0	0
-180	105	0	0	0
-180	110	0	0	0
-180	115	0	0	0
-180	120	0	0	0
-180	125	0	0	0
-180	130	0	151.0	0
-180	135	19.0	152.0	1
-180	140	0	152.0	0
-180	145	49.0	152.0	1
-180	150	0	152.0	0
-180	155	23.0	151.0	2
-180	160	13.0	153.0	2
-180	165	15.0	152.0	1
-180	170	0	154.0	0
-180	175	0	155.0	0
-175	-180	58.0	153.0	2
-175	-175	59.0	152.0	1
-175	-170	5.0	155.0	1
-175	-165	0	154.0	0
-175	-160	0	0	0
-175	-155	0	0	0
-175	-150	0	0	0
-175	-145	0	0	0
-175	-140	0	0	0
-175	-135	0	0	0
-175	-130	0	0	0
-175	-125	0	0	0
-175	-120	0	0	0
-175	-115	0	0	0
-175	-110	0	0	0
-175	-105	0	0	0
-175	-100	0	0	0
-175	-95	0	0	0
-175	-90	0	0	0
-175	-85	0	0	0
-175	-80	0	0	0
-175	-75	0	0	0
-175	-70	0	0	0
-175	-65	0	0	0
-175	-60	0	0	0
-175	-55	0	0	0
-175	-50	0	0	0
-175	-45	0	0	0
-175	-40	0	0	0
-175	-35	0	0	0
-175	-30	0	0	0
-175	-25	0	0	0
-175	-20	0	0	0
-175	-15	0	0	0
-175	-10	0	0	0
-175	-5	0	0	0
-175	0	0	0	0
-175	5	0	0	0
-175	10	0	0	0
-175	15	0	0	0
-175	20	0	0	0
-175	25	0	0	0
-175	30	0	0	0
-175	35	0	0	0
-175	40	0	0	0
-175	45	0	0	0
-175	50	0	0	0
-175	55	0	0	0
-175	60	0	0	0
-175	65	0	0	0
-175	70	0	0	0
-175	75	0	0	0
-175	80	0	0	0
-175	85	0	0	0
-175	90	0	0	0
-175	95	0	0	0
-175	100	0	0	0
-175	105	0	0	0
-175	110	0	0	0
-175	115	0	0	0
-175	120	0	0	0
-175	125	0	150.0	0
-175	130	0	150.0	0
-175	135	6.0	150.0	1
-175	140	47.0	151.0	1
-175	145	33.0	152.0	4
-175	150	8.0	152.0	1
-175	155	33.0	152.0	2
-175	160	58.0	152.0	4
-175	165	80.0	153.0	3
-175	170	26.0	153.0	1
-175	175	90.0	152.0	2
-170	-180	57.0	154.0	3
-170	-175	0	156.0	0
-170	-170	2.0	156.0	1
-170	-165	0	156.0	0
-170	-160	0	157.0	0
-170	-155	0	0	0
-170	-150	0	0	0
-170	-145	0	0	0
-170	-140	0	0	0
-170	-135	0	0	0
-170	-130	0	0	0
-170	-125	0	0	0
-170	-120	0	0	0
-170	-115	0	0	0
-170	-110	0	0	0
-170	-105	0	0	0
-170	-100	0	0	0
-170	-95	0	0	0
-170	-90	0	0	0
-170	-85	0	0	0
-170	-80	0	0	0
-170	-75	0	0	0
-170	-70	0	0	0
-170	-65	0	0	0
-170	-60	0	0	0
-170	-55	0	0	0
-170	-50	0	0	0
-170	-45	0	0	0
-170	-40	0	0	0
-170	-35	0	0	0
-170	-30	0	0	0
-170	-25	0	0	0
-170	-20	0	0	0
-170	-15	0	0	0
-170	-10	0	0	0
-170	-5	0	0	0
-170	0	0	0	0
-170	5	0	0	1
-170	10	0	0	0
-170	15	0	0	0
-170	20	0	0	0
-170	25	0	0	0
-170	30	0	0	0
-170	35	0	0	0
-170	40	0	0	0
-170	45	0	0	0
-170	50	0	0	0
-170	55	0	0	0
-170	60	0	0	0
-170	65	0	0	0
-170	70	0	0	0
-170	75	0	0	0
-170	80	0	0	0
-170	85	0	0	0
-170	90	0	0	0
-170	95	0	0	0
-170	100	0	0	0
-170	105	0	0	0
-170	110	0	0	0
-170	115	0	0	0
-170	120	0	0	0
-170	125	0	151.0	0
-170	130	0	152.0	0
-170	135	0	151.0	0
-170	140	16.0	152.0	3
-170	145	18.0	152.0	1
-170	150	21.0	152.0	3
-170	155	67.0	153.0	10
-170	160	83.0	153.0	11
-170	165	92.0	154.0	5
-170	170	7.0	153.0	1
-170	175	84.0	154.0	4
-165	-180	48.0	155.0	5
-165	-175	61.0	155.0	7
-165	-170	0	156.0	0
-165	-165	47.0	156.0	1
-165	-160	0	156.0	0
-165	-155	0	157.0	0
-165	-150	0	0	0
-165	-145	0	0	0
-165	-140	0	0	0
-165	-135	0	0	0
-165	-130	0	0	0
-165	-125	0	0	0
-165	-120	0	0	0
-165	-115	0	0	0
-165	-110	0	0	0
-165	-105	0	0	0
-165	-100	0	0	0
-165	-95	0	0	0
-165	-90	0	0	0
-165	-85	0	0	0
-165	-80	0	0	0
-165	-75	0	0	0
-165	-70	0	0	0
-165	-65	0	0	0
-165	-60	0	0	0
-165	-55	0	0	0
-165	-50	0	0	0
-165	-45	0	0	0
-165	-40	0	0	0
-165	-35	0	0	0
-165	-30	0	0	0
-165	-25	0	0	0
-165	-20	0	0	0
-165	-15	0	0	0
-165	-10	0	0	0
-165	-5	0	0	0
-165	0	0	0	0
-165	5	0	0	0
-165	10	0	0	0
-165	15	0	0	0
-165	20	0	0	1
-165	25	0	0	0
-165	30	0	0	0
-165	35	0	0	0
-165	40	0	0	0
-165	45	0	0	0
-165	50	0	0	0
-165	55	0	0	0
-165	60	0	0	0
-165	65	0	0	0
-165	70	0	0	0
-165	75	0	0	0
-165	80	0	0	0
-165	85	0	0	0
-165	90	0	0	0
-165	95	0	0	0
-165	100	0	0	0
-165	105	0	150.0	0
-165	110	0	0	0
-165	115	0	150.0	0
-165	120	0	151.0	0
-165	125	45.0	151.0	2
-165	130	12.0	151.0	1
-165	135	64.0	151.0	2
-165	140	48.0	153.0	5
-165	145	77.0	153.0	15
-165	150	81.0	152.0	19
-165	155	97.0	153.0	25
-165	160	115.0	153.0	12
-165	165	90.0	152.0	9
-165	170	56.0	153.0	13
-165	175	76.0	154.0	8
-160	-180	89.0	155.0	16
-160	-175	59.0	154.0	15
-160	-170	92.0	156.0	5
-160	-165	48.0	155.0	3
-160	-160	0	157.0	1
-160	-155	0	157.0	0
-160	-150	0	158.0	0
-160	-145	0	0	0
-160	-140	0	0	0
-160	-135	0	0	0
-160	-130	0	0	0
-160	-125	0	0	0
-160	-120	0	0	0
-160	-115	0	0	0
-160	-110	0	0	0
-160	-105	0	0	0
-160	-100	0	0	0
-160	-95	0	0	0
-160	-90	0	0	0
-160	-85	0	0	0
-160	-80	0	0	0
-160	-75	0	0	0
-160	-70	0	0	0
-160	-65	0	0	0
-160	-60	0	0	0
-160	-55	0	0	0
-160	-50	0	0	0
-160	-45	0	0	0
-160	-40	0	0	0
-160	-35	0	0	0
-160	-30	0	160.0	0
-160	-25	0	160.0	0
-160	-20	0	0	0
-160	-15	0	160.0	0
-160	-10	0	0	0
-160	-5	0	158.0	0
-160	0	0	0	0
-160	5	0	157.0	0
-160	10	0	157.0	0
-160	15	0	156.0	0
-160	20	0	0	0
-160	25	0	0	0
-160	30	0	0	0
-160	35	0	0	0
-160	40	0	0	0
-160	45	0	0	0
-160	50	0	0	0
-160	55	0	0	0
-160	60	0	0	0
-160	65	0	151.0	0
-160	70	0	150.0	0
-160	75	0	0	0
-160	80	0	150.0	0
-160	85	0	150.0	0
-160	90	0	0	0
-160	95	0	0	0
-160	100	0	150.0	0
-160	105	63.0	150.0	1
-160	110	18.0	149.0	1
-160	115	0	149.0	1
-160	120	0	150.0	0
-160	125	0	151.0	0
-160	130	8.0	151.0	2
-160	135	63.0	152.0	5
-160	140	94.0	152.0	13
-160	145	50.0	151.0	15
-160	150	71.0	152.0	36
-160	155	92.0	152.0	28
-160	160	96.0	153.0	22
-160	165	65.0	152.0	17
-160	170	91.0	154.0	16
-160	175	80.0	153.0	26
-155	-180	55.0	154.0	17
-155	-175	61.0	155.0	21
-155	-170	62.0	155.0	11
-155	-165	42.0	156.0	4
-155	-160	76.0	155.0	2
-155	-155	37.0	156.0	3
-155	-150	0	157.0	0
-155	-145	0	157.0	0
-155	-140	0	0	0
-155	-135	0	0	0
-155	-130	0	0	0
-155	-125	0	0	0
-155	-120	0	0	0
-155	-115	0	0	0
-155	-110	0	0	0
-155	-105	0	0	0
-155	-100	0	0	0
-155	-95	0	0	0
-155	-90	0	0	1
-155	-85	0	0	0
-155	-80	0	0	0
-155	-75	0	0	0
-155	-70	0	0	0
-155	-65	0	0	0
-155	-60	0	0	0
-155	-55	0	0	0
-155	-50	0	0	0
-155	-45	0	0	0
-155	-40	0	0	0
-155	-35	125.0	160.0	1
-155	-30	0	160.0	0
-155	-25	98.0	159.0	1
-155	-20	0	160.0	0
-155	-15	0	159.0	0
-155	-10	75.0	159.0	1
-155	-5	0	159.0	0
-155	0	0	157.0	0
-155	5	0	156.0	0
-155	10	0	156.0	0
-155	15	0	155.0	0
-155	20	0	154.0	0
-155	25	0	154.0	0
-155	30	7.0	153.0	1
-155	35	0	0	0
-155	40	59.0	153.0	1
-155	45	0	0	0
-155	50	0	0	0
-155	55	0	0	0
-155	60	45.0	151.0	1
-155	65	0	151.0	0
-155	70	0	150.0	0
-155	75	0	150.0	0
-155	80	72.0	150.0	1
-155	85	0	149.0	0
-155	90	0	149.0	0
-155	95	0	150.0	0
-155	100	0	150.0	0
-155	105	0	150.0	0
-155	110	0	151.0	0
-155	115	89.0	151.0	1
-155	120	0	151.0	0
-155	125	63.0	151.0	3
-155	130	44.0	152.0	4
-155	135	71.0	152.0	7
-155	140	90.0	152.0	21
-155	145	76.0	152.0	29
-155	150	89.0	152.0	48
-155	155	95.0	153.0	39
-155	160	133.0	153.0	36
-155	165	90.0	154.0	27
-155	170	75.0	154.0	17
-155	175	65.0	154.0	17
-150	-180	59.0	154.0	11
-150	-175	24.0	154.0	11
-150	-170	64.0	155.0	16
-150	-165	66.0	155.0	2
-150	-160	67.0	156.0	4
-150	-155	0	157.0	0
-150	-150	0	156.0	0
-150	-145	0	156.0	0
-150	-140	0	157.0	0
-150	-135	0	0	0
-150	-130	0	0	0
-150	-125	0	0	0
-150	-120	0	0	0
-150	-115	0	0	0
-150	-110	0	0	0
-150	-105	0	0	0
-150	-100	0	0	0
-150	-95	0	0	0
-150	-90	0	0	0
-150	-85	0	0	0
-150	-80	0	0	0
-150	-75	0	0	1
-150	-70	0	0	0
-150	-65	0	0	0
-150	-60	0	0	0
-150	-55	0	0	0
-150	-50	0	0	0
-150	-45	0	161.0	0
-150	-40	0	160.0	0
-150	-35	0	161.0	0
-150	-30	0	160.0	0
-150	-25	93.0	160.0	1
-150	-20	0	160.0	0
-150	-15	0	159.0	0
-150	-10	64.0	159.0	1
-150	-5	0	158.0	0
-150	0	0	157.0	1
-150	5	93.0	157.0	1
-150	10	0	155.0	0
-150	15	0	155.0	0
-150	20	0	155.0	0
-150	25	0	154.0	0
-150	30	0	153.0	1
-150	35	0	154.0	0
-150	40	0	153.0	0
-150	45	0	0	0
-150	50	0	0	0
-150	55	0	152.0	0
-150	60	19.0	151.0	1
-150	65	0	150.0	0
-150	70	29.0	150.0	2
-150	75	0	151.0	0
-150	80	117.0	150.0	1
-150	85	42.0	150.0	1
-150	90	0	149.0	0
-150	95	0	150.0	0
-150	100	45.0	149.0	2
-150	105	117.0	150.0	3
-150	110	65.0	150.0	1
-150	115	115.0	150.0	2
-150	120	26.0	150.0	2
-150	125	126.0	150.0	6
-150	130	110.0	151.0	14
-150	135	74.0	152.0	20
-150	140	106.0	152.0	32
-150	145	112.0	151.0	47
-150	150	112.0	151.0	51
-150	155	84.0	151.0	38
-150	160	106.0	153.0	44
-150	165	130.0	153.0	43
-150	170	92.0	154.0	25
-150	175	88.0	153.0	24
-145	-180	100.0	155.0	27
-145	-175	105.0	155.0	18
-145	-170	48.0	155.0	11
-145	-165	68.0	157.0	6
-145	-160	31.0	157.0	1
-145	-155	13.0	158.0	1
-145	-150	102.0	158.0	2
-145	-145	0	158.0	0
-145	-140	0	0	0
-145	-135	0	0	0
-145	-130	0	0	0
-145	-125	0	0	0
-145	-120	0	0	0
-145	-115	0	0	0
-145	-110	0	0	0
-145	-105	0	0	0
-145	-100	0	0	0
-145	-95	0	0	0
-145	-90	0	0	0
-145	-85	0	0	0
-145	-80	0	0	0
-145	-75	0	0	0
-145	-70	0	0	0
-145	-65	0	0	0
-145	-60	0	161.0	0
-145	-55	0	0	0
-145	-50	0	161.0	0
-145	-45	0	161.0	0
-145	-40	0	160.0	0
-145	-35	0	161.0	0
-145	-30	114.0	161.0	2
-145	-25	0	160.0	0
-145	-20	110.0	160.0	2
-145	-15	0	160.0	0
-145	-10	0	160.0	0
-145	-5	89.0	159.0	2
-145	0	0	158.0	1
-145	5	0	158.0	0
-145	10	68.0	157.0	2
-145	15	95.0	157.0	1
-145	20	92.0	157.0	1
-145	25	76.0	156.0	2
-145	30	0	155.0	0
-145	35	0	156.0	0
-145	40	75.0	155.0	2
-145	45	0	0	0
-145	50	0	154.0	0
-145	55	109.0	154.0	1
-145	60	0	154.0	0
-145	65	0	154.0	0
-145	70	9.0	152.0	1
-145	75	91.0	152.0	1
-145	80	0	151.0	0
-145	85	50.0	152.0	1
-145	90	51.0	151.0	1
-145	95	100.0	150.0	2
-145	100	103.0	151.0	2
-145	105	54.0	150.0	4
-145	110	99.0	150.0	3
-145	115	98.0	150.0	4
-145	120	85.0	151.0	10
-145	125	128.0	151.0	19
-145	130	100.0	151.0	28
-145	135	102.0	151.0	47
-145	140	87.0	152.0	47
-145	145	112.0	152.0	56
-145	150	117.0	152.0	64
-145	155	119.0	153.0	70
-145	160	133.0	154.0	90
-145	165	105.0	154.0	55
-145	170	99.0	153.0	50
-145	175	109.0	154.0	31
-140	-180	72.0	154.0	21
-140	-175	74.0	155.0	10
-140	-170	107.0	155.0	8
-140	-165	73.0	155.0	5
-140	-160	25.0	155.0	2
-140	-155	0	157.0	0
-140	-150	0	158.0	0
-140	-145	0	158.0	0
-140	-140	0	0	0
-140	-135	0	0	0
-140	-130	0	0	0
-140	-125	0	0	0
-140	-120	0	0	0
-140	-115	0	0	0
-140	-110	0	0	1
-140	-105	0	0	1
-140	-100	0	0	0
-140	-95	0	0	0
-140	-90	0	0	0
-140	-85	0	161.0	0
-140	-80	0	161.0	0
-140	-75	0	0	0
-140	-70	0	0	0
-140	-65	105.0	162.0	1
-140	-60	127.0	161.0	1
-140	-55	0	162.0	0
-140	-50	54.0	162.0	1
-140	-45	0	161.0	1
-140	-40	0	161.0	0
-140	-35	0	160.0	0
-140	-30	118.0	161.0	4
-140	-25	115.0	160.0	4
-140	-20	0	161.0	0
-140	-15	112.0	159.0	6
-140	-10	122.0	159.0	3
-140	-5	132.0	159.0	8
-140	0	43.0	159.0	2
-140	5	94.0	159.0	4
-140	10	125.0	157.0	5
-140	15	104.0	157.0	5
-140	20	61.0	157.0	3
-140	25	106.0	156.0	2
-140	30	140.0	156.0	3
-140	35	0	157.0	0
-140	40	0	155.0	1
-140	45	86.0	155.0	2
-140	50	97.0	154.0	1
-140	55	69.0	153.0	2
-140	60	86.0	153.0	1
-140	65	133.0	152.0	4
-140	70	90.0	152.0	6
-140	75	50.0	152.0	3
-140	80	149.0	151.0	5
-140	85	66.0	151.0	4
-140	90	35.0	150.0	2
-140	95	101.0	151.0	3
-140	100	76.0	150.0	5
-140	105	72.0	149.0	3
-140	110	139.0	149.0	8
-140	115	82.0	149.0	22
-140	120	110.0	149.0	24
-140	125	123.0	151.0	48
-140	130	120.0	151.0	78
-140	135	117.0	151.0	67
-140	140	124.0	151.0	75
-140	145	111.0	151.0	79
-140	150	118.0	151.0	85
-140	155	125.0	151.0	108
-140	160	116.0	153.0	144
-140	165	114.0	153.0	115
-140	170	117.0	154.0	65
-140	175	105.0	154.0	40
-135	-180	79.0	152.0	22
-135	-175	118.0	153.0	21
-135	-170	81.0	153.0	8
-135	-165	72.0	154.0	5
-135	-160	34.0	155.0	1
-135	-155	0	156.0	0
-135	-150	0	155.0	0
-135	-145	0	156.0	0
-135	-140	0	0	1
-135	-135	0	0	0
-135	-130	0	0	1
-135	-125	0	0	1
-135	-120	0	0	0
-135	-115	0	0	0
-135	-110	0	0	2
-135	-105	0	0	0
-135	-100	0	0	1
-135	-95	45.0	161.0	3
-135	-90	0	160.0	1
-135	-85	84.0	161.0	2
-135	-80	3.0	161.0	1
-135	-75	0	0	1
-135	-70	0	162.0	0
-135	-65	103.0	161.0	1
-135	-60	110.0	161.0	1
-135	-55	46.0	162.0	1
-135	-50	52.0	162.0	3
-135	-45	40.0	161.0	2
-135	-40	113.0	160.0	1
-135	-35	71.0	160.0	2
-135	-30	96.0	160.0	2
-135	-25	108.0	159.0	7
-135	-20	103.0	159.0	8
-135	-15	123.0	159.0	9
-135	-10	101.0	158.0	10
-135	-5	102.0	158.0	10
-135	0	145.0	158.0	12
-135	5	59.0	159.0	4
-135	10	133.0	159.0	5
-135	15	139.0	157.0	10
-135	20	67.0	157.0	6
-135	25	124.0	157.0	6
-135	30	113.0	156.0	6
-135	35	0	157.0	0
-135	40	76.0	156.0	4
-135	45	44.0	155.0	2
-135	50	0	155.0	0
-135	55	17.0	155.0	3
-135	60	95.0	154.0	7
-135	65	70.0	152.0	7
-135	70	136.0	153.0	11
-135	75	117.0	152.0	4
-135	80	58.0	151.0	4
-135	85	117.0	153.0	7
-135	90	106.0	151.0	8
-135	95	77.0	150.0	4
-135	100	76.0	149.0	8
-135	105	112.0	150.0	8
-135	110	84.0	151.0	14
-135	115	115.0	150.0	23
-135	120	124.0	149.0	54
-135	125	109.0	150.0	85
-135	130	134.0	150.0	116
-135	135	123.0	151.0	117
-135	140	101.0	151.0	71
-135	145	123.0	152.0	100
-135	150	118.0	151.0	125
-135	155	122.0	152.0	176
-135	160	139.0	152.0	155
-135	165	126.0	153.0	96
-135	170	130.0	154.0	98
-135	175	118.0	152.0	60
-130	-180	84.0	152.0	18
-130	-175	75.0	153.0	16
-130	-170	70.0	153.0	7
-130	-165	43.0	153.0	1
-130	-160	0	155.0	0
-130	-155	97.0	156.0	2
-130	-150	55.0	156.0	1
-130	-145	0	0	0
-130	-140	0	0	0
-130	-135	0	0	0
-130	-130	0	0	0
-130	-125	0	0	0
-130	-120	0	0	0
-130	-115	0	0	1
-130	-110	0	0	0
-130	-105	0	0	0
-130	-100	95.0	159.0	3
-130	-95	105.0	159.0	1
-130	-90	77.0	159.0	2
-130	-85	2.0	160.0	1
-130	-80	64.0	160.0	1
-130	-75	82.0	160.0	2
-130	-70	97.0	160.0	2
-130	-65	107.0	160.0	2
-130	-60	76.0	159.0	2
-130	-55	70.0	160.0	3
-130	-50	7.0	160.0	1
-130	-45	118.0	160.0	7
-130	-40	125.0	160.0	2
-130	-35	120.0	159.0	5
-130	-30	109.0	159.0	9
-130	-25	120.0	158.0	21
-130	-20	129.0	159.0	29
-130	-15	97.0	159.0	15
-130	-10	92.0	159.0	21
-130	-5	140.0	159.0	16
-130	0	136.0	158.0	27
-130	5	139.0	158.0	28
-130	10	133.0	158.0	19
-130	15	121.0	157.0	18
-130	20	122.0	156.0	11
-130	25	139.0	155.0	4
-130	30	112.0	155.0	4
-130	35	125.0	155.0	7
-130	40	39.0	154.0	3
-130	45	54.0	154.0	2
-130	50	0	154.0	0
-130	55	45.0	153.0	4
-130	60	117.0	153.0	5
-130	65	102.0	153.0	7
-130	70	62.0	153.0	5
-130	75	108.0	153.0	7
-130	80	116.0	151.0	7
-130	85	97.0	152.0	7
-130	90	99.0	151.0	6
-130	95	62.0	150.0	3
-130	100	111.0	150.0	10
-130	105	92.0	150.0	14
-130	110	134.0	150.0	12
-130	115	121.0	150.0	40
-130	120	108.0	151.0	66
-130	125	126.0	149.0	120
-130	130	120.0	149.0	163
-130	135	110.0	149.0	122
-130	140	135.0	150.0	85
-130	145	125.0	151.0	96
-130	150	117.0	151.0	122
-130	155	145.0	151.0	164
-130	160	134.0	152.0	136
-130	165	125.0	151.0	98
-130	170	117.0	152.0	60
-130	175	88.0	152.0	59
-125	-180	95.0	153.0	19
-125	-175	37.0	154.0	8
-125	-170	90.0	155.0	4
-125	-165	56.0	155.0	2
-125	-160	0	155.0	0
-125	-155	0	154.0	0
-125	-150	0	156.0	0
-125	-145	0	0	0
-125	-140	0	0	1
-125	-135	0	0	1
-125	-130	0	0	0
-125	-125	0	0	2
-125	-120	0	0	0
-125	-115	0	0	3
-125	-110	0	0	0
-125	-105	29.0	161.0	2
-125	-100	101.0	161.0	2
-125	-95	16.0	162.0	2
-125	-90	37.0	161.0	2
-125	-85	121.0	162.0	3
-125	-80	118.0	161.0	3
-125	-75	32.0	162.0	3
-125	-70	50.0	162.0	2
-125	-65	62.0	163.0	2
-125	-60	58.0	163.0	6
-125	-55	57.0	163.0	2
-125	-50	141.0	161.0	4
-125	-45	110.0	160.0	5
-125	-40	116.0	162.0	9
-125	-35	109.0	160.0	12
-125	-30	117.0	161.0	18
-125	-25	142.0	162.0	11
-125	-20	132.0	161.0	38
-125	-15	121.0	160.0	29
-125	-10	132.0	160.0	36
-125	-5	132.0	162.0	32
-125	0	150.0	161.0	36
-125	5	144.0	160.0	39
-125	10	123.0	159.0	26
-125	15	130.0	159.0	18
-125	20	113.0	158.0	17
-125	25	117.0	158.0	12
-125	30	139.0	157.0	12
-125	35	108.0	157.0	10
-125	40	78.0	158.0	3
-125	45	37.0	158.0	1
-125	50	145.0	157.0	4
-125	55	115.0	157.0	2
-125	60	93.0	156.0	3
-125	65	142.0	155.0	6
-125	70	123.0	155.0	8
-125	75	117.0	155.0	4
-125	80	83.0	155.0	4
-125	85	4.0	154.0	1
-125	90	16.0	153.0	2
-125	95	78.0	153.0	5
-125	100	128.0	153.0	4
-125	105	109.0	152.0	12
-125	110	144.0	152.0	31
-125	115	109.0	151.0	48
-125	120	116.0	152.0	89
-125	125	126.0	151.0	145
-125	130	140.0	151.0	153
-125	135	119.0	151.0	119
-125	140	136.0	151.0	94
-125	145	135.0	151.0	75
-125	150	128.0	152.0	89
-125	155	131.0	151.0	141
-125	160	131.0	152.0	92
-125	165	125.0	153.0	75
-125	170	101.0	152.0	50
-125	175	84.0	154.0	30
-120	-180	80.0	153.0	7
-120	-175	77.0	154.0	18
-120	-170	84.0	155.0	7
-120	-165	65.0	154.0	2
-120	-160	1.0	155.0	2
-120	-155	0	155.0	0
-120	-150	39.0	156.0	2
-120	-145	0	0	0
-120	-140	0	0	1
-120	-135	0	0	1
-120	-130	0	0	0
-120	-125	0	0	2
-120	-120	0	0	0
-120	-115	0	0	1
-120	-110	49.0	161.0	3
-120	-105	56.0	161.0	1
-120	-100	72.0	161.0	2
-120	-95	1.0	161.0	1
-120	-90	73.0	161.0	1
-120	-85	66.0	160.0	5
-120	-80	134.0	160.0	5
-120	-75	0	161.0	1
-120	-70	85.0	160.0	2
-120	-65	39.0	160.0	4
-120	-60	123.0	160.0	1
-120	-55	98.0	161.0	5
-120	-50	128.0	160.0	7
-120	-45	111.0	161.0	6
-120	-40	94.0	160.0	5
-120	-35	131.0	160.0	10
-120	-30	119.0	161.0	18
-120	-25	129.0	160.0	30
-120	-20	132.0	160.0	43
-120	-15	134.0	161.0	46
-120	-10	135.0	160.0	40
-120	-5	142.0	160.0	43
-120	0	145.0	160.0	51
-120	5	146.0	159.0	33
-120	10	151.0	159.0	38
-120	15	131.0	159.0	43
-120	20	147.0	159.0	23
-120	25	148.0	159.0	14
-120	30	144.0	157.0	10
-120	35	55.0	158.0	2
-120	40	29.0	158.0	2
-120	45	0	158.0	0
-120	50	0	157.0	0
-120	55	20.0	157.0	1
-120	60	0	156.0	0
-120	65	0	156.0	0
-120	70	0	155.0	0
-120	75	122.0	155.0	2
-120	80	57.0	154.0	4
-120	85	85.0	154.0	6
-120	90	69.0	153.0	4
-120	95	74.0	153.0	7
-120	100	82.0	152.0	8
-120	105	87.0	151.0	16
-120	110	122.0	151.0	27
-120	115	146.0	151.0	60
-120	120	137.0	151.0	122
-120	125	143.0	152.0	145
-120	130	128.0	151.0	163
-120	135	111.0	151.0	106
-120	140	102.0	151.0	63
-120	145	131.0	151.0	78
-120	150	129.0	151.0	63
-120	155	141.0	151.0	71
-120	160	120.0	151.0	68
-120	165	116.0	152.0	62
-120	170	83.0	152.0	26
-120	175	95.0	152.0	25
-115	-180	32.0	154.0	7
-115	-175	101.0	154.0	7
-115	-170	67.0	155.0	3
-115	-165	53.0	155.0	2
-115	-160	2.0	155.0	1
-115	-155	0	157.0	0
-115	-150	0	0	1
-115	-145	0	0	1
-115	-140	0	0	1
-115	-135	0	0	0
-115	-130	0	0	0
-115	-125	0	0	1
-115	-120	0	0	1
-115	-115	0	158.0	0
-115	-110	0	158.0	0
-115	-105	0	158.0	0
-115	-100	0	160.0	0
-115	-95	105.0	160.0	4
-115	-90	21.0	160.0	3
-115	-85	92.0	161.0	5
-115	-80	145.0	161.0	4
-115	-75	3.0	162.0	1
-115	-70	3.0	162.0	1
-115	-65	0	161.0	0
-115	-60	108.0	161.0	8
-115	-55	95.0	162.0	6
-115	-50	89.0	161.0	7
-115	-45	129.0	162.0	10
-115	-40	87.0	162.0	7
-115	-35	102.0	162.0	11
-115	-30	98.0	161.0	16
-115	-25	137.0	162.0	34
-115	-20	156.0	162.0	44
-115	-15	145.0	163.0	50
-115	-10	144.0	162.0	39
-115	-5	161.0	161.0	48
-115	0	136.0	161.0	60
-115	5	139.0	160.0	33
-115	10	138.0	160.0	39
-115	15	116.0	159.0	29
-115	20	151.0	160.0	17
-115	25	108.0	160.0	10
-115	30	122.0	160.0	5
-115	35	1.0	160.0	1
-115	40	0	158.0	0
-115	45	0	158.0	0
-115	50	0	159.0	0
-115	55	0	158.0	0
-115	60	8.0	157.0	1
-115	65	0	156.0	0
-115	70	156.0	156.0	2
-115	75	0	155.0	0
-115	80	0	155.0	0
-115	85	0	154.0	0
-115	90	90.0	154.0	9
-115	95	97.0	153.0	2
-115	100	134.0	153.0	17
-115	105	83.0	152.0	22
-115	110	91.0	152.0	30
-115	115	141.0	153.0	62
-115	120	132.0	153.0	105
-115	125	122.0	152.0	150
-115	130	125.0	151.0	124
-115	135	135.0	151.0	90
-115	140	101.0	152.0	54
-115	145	100.0	152.0	43
-115	150	120.0	152.0	60
-115	155	114.0	152.0	58
-115	160	137.0	153.0	54
-115	165	124.0	153.0	55
-115	170	81.0	153.0	39
-115	175	97.0	154.0	24
-110	-180	58.0	154.0	8
-110	-175	67.0	154.0	5
-110	-170	17.0	155.0	6
-110	-165	65.0	155.0	2
-110	-160	3.0	156.0	1
-110	-155	42.0	157.0	1
-110	-150	0	157.0	0
-110	-145	0	0	0
-110	-140	0	0	0
-110	-135	0	0	0
-110	-130	0	0	0
-110	-125	0	0	0
-110	-120	0	0	0
-110	-115	0	0	2
-110	-110	0	0	1
-110	-105	0	0	0
-110	-100	0	0	1
-110	-95	0	160.0	0
-110	-90	69.0	161.0	1
-110	-85	103.0	161.0	3
-110	-80	0	161.0	0
-110	-75	0	162.0	0
-110	-70	73.0	162.0	4
-110	-65	118.0	161.0	6
-110	-60	114.0	161.0	5
-110	-55	116.0	162.0	3
-110	-50	100.0	162.0	7
-110	-45	119.0	161.0	3
-110	-40	130.0	162.0	8
-110	-35	134.0	162.0	5
-110	-30	129.0	163.0	16
-110	-25	117.0	163.0	44
-110	-20	127.0	162.0	60
-110	-15	133.0	162.0	47
-110	-10	146.0	163.0	40
-110	-5	144.0	162.0	47
-110	0	147.0	163.0	65
-110	5	138.0	162.0	52
-110	10	130.0	162.0	38
-110	15	152.0	162.0	31
-110	20	137.0	161.0	16
-110	25	145.0	162.0	5
-110	30	79.0	161.0	6
-110	35	4.0	160.0	1
-110	40	0	159.0	0
-110	45	0	160.0	0
-110	50	141.0	159.0	1
-110	55	47.0	159.0	1
-110	60	0	159.0	0
-110	65	0	157.0	0
-110	70	0	157.0	0
-110	75	47.0	156.0	1
-110	80	75.0	156.0	1
-110	85	0	155.0	0
-110	90	0	155.0	0
-110	95	125.0	155.0	5
-110	100	37.0	153.0	8
-110	105	88.0	153.0	14
-110	110	123.0	153.0	38
-110	115	143.0	153.0	53
-110	120	126.0	152.0	114
-110	125	147.0	152.0	112
-110	130	131.0	153.0	106
-110	135	135.0	152.0	88
-110	140	122.0	153.0	45
-110	145	132.0	153.0	36
-110	150	98.0	153.0	37
-110	155	101.0	154.0	47
-110	160	109.0	154.0	45
-110	165	125.0	154.0	46
-110	170	99.0	153.0	31
-110	175	88.0	153.0	20
-105	-180	97.0	155.0	7
-105	-175	123.0	156.0	8
-105	-170	58.0	155.0	3
-105	-165	2.0	157.0	1
-105	-160	10.0	157.0	1
-105	-155	53.0	156.0	1
-105	-150	0	0	0
-105	-145	0	0	0
-105	-140	0	0	0
-105	-135	0	0	0
-105	-130	0	0	0
-105	-125	0	0	0
-105	-120	0	0	1
-105	-115	0	0	0
-105	-110	0	0	0
-105	-105	0	0	1
-105	-100	0	0	2
-105	-95	114.0	160.0	1
-105	-90	75.0	161.0	2
-105	-85	0	162.0	0
-105	-80	93.0	162.0	2
-105	-75	0	162.0	1
-105	-70	0	162.0	0
-105	-65	87.0	161.0	2
-105	-60	69.0	161.0	2
-105	-55	100.0	162.0	3
-105	-50	123.0	162.0	10
-105	-45	116.0	162.0	7
-105	-40	123.0	163.0	9
-105	-35	127.0	164.0	12
-105	-30	132.0	163.0	24
-105	-25	138.0	163.0	31
-105	-20	130.0	163.0	54
-105	-15	146.0	163.0	70
-105	-10	143.0	162.0	49
-105	-5	146.0	163.0	65
-105	0	144.0	164.0	65
-105	5	141.0	163.0	61
-105	10	143.0	163.0	51
-105	15	121.0	163.0	21
-105	20	143.0	163.0	16
-105	25	51.0	162.0	7
-105	30	153.0	162.0	3
-105	35	26.0	161.0	1
-105	40	0	162.0	1
-105	45	0	160.0	0
-105	50	0	159.0	0
-105	55	0	160.0	0
-105	60	49.0	159.0	1
-105	65	0	159.0	0
-105	70	0	158.0	0
-105	75	82.0	158.0	1
-105	80	0	158.0	0
-105	85	43.0	156.0	1
-105	90	73.0	156.0	2
-105	95	62.0	155.0	3
-105	100	133.0	155.0	13
-105	105	133.0	154.0	15
-105	110	120.0	154.0	34
-105	115	129.0	153.0	56
-105	120	118.0	153.0	82
-105	125	130.0	153.0	97
-105	130	136.0	154.0	78
-105	135	148.0	154.0	39
-105	140	109.0	153.0	27
-105	145	107.0	153.0	27
-105	150	101.0	153.0	32
-105	155	76.0	153.0	31
-105	160	119.0	154.0	43
-105	165	115.0	154.0	40
-105	170	83.0	155.0	21
-105	175	66.0	155.0	19
-100	-180	100.0	154.0	10
-100	-175	51.0	155.0	5
-100	-170	29.0	156.0	1
-100	-165	119.0	156.0	3
-100	-160	0	156.0	0
-100	-155	0	156.0	0
-100	-150	0	0	0
-100	-145	0	0	0
-100	-140	0	0	0
-100	-135	0	0	0
-100	-130	0	0	0
-100	-125	0	0	0
-100	-120	0	0	1
-100	-115	0	0	0
-100	-110	0	0	0
-100	-105	0	0	0
-100	-100	0	0	0
-100	-95	0	160.0	0
-100	-90	0	160.0	0
-100	-85	83.0	161.0	1
-100	-80	56.0	161.0	1
-100	-75	44.0	160.0	2
-100	-70	75.0	162.0	1
-100	-65	27.0	162.0	2
-100	-60	55.0	162.0	1
-100	-55	118.0	162.0	8
-100	-50	104.0	163.0	8
-100	-45	134.0	163.0	7
-100	-40	123.0	162.0	10
-100	-35	118.0	162.0	13
-100	-30	128.0	163.0	19
-100	-25	120.0	163.0	45
-100	-20	139.0	163.0	61
-100	-15	146.0	163.0	51
-100	-10	153.0	163.0	53
-100	-5	143.0	162.0	57
-100	0	155.0	163.0	90
-100	5	142.0	163.0	61
-100	10	141.0	163.0	31
-100	15	85.0	163.0	16
-100	20	110.0	163.0	7
-100	25	148.0	162.0	4
-100	30	147.0	161.0	6
-100	35	0	161.0	1
-100	40	0	161.0	1
-100	45	0	161.0	0
-100	50	0	160.0	0
-100	55	145.0	160.0	2
-100	60	141.0	159.0	1
-100	65	0	158.0	0
-100	70	44.0	158.0	1
-100	75	0	158.0	0
-100	80	5.0	157.0	1
-100	85	0	157.0	0
-100	90	73.0	156.0	2
-100	95	102.0	156.0	2
-100	100	103.0	155.0	5
-100	105	146.0	155.0	17
-100	110	119.0	154.0	26
-100	115	114.0	154.0	46
-100	120	125.0	154.0	69
-100	125	108.0	152.0	59
-100	130	134.0	153.0	64
-100	135	109.0	153.0	45
-100	140	121.0	152.0	23
-100	145	115.0	153.0	30
-100	150	110.0	153.0	30
-100	155	98.0	153.0	38
-100	160	115.0	154.0	45
-100	165	119.0	153.0	48
-100	170	131.0	153.0	30
-100	175	84.0	155.0	12
-95	-180	73.0	155.0	10
-95	-175	76.0	156.0	4
-95	-170	52.0	156.0	3
-95	-165	16.0	156.0	1
-95	-160	0	157.0	0
-95	-155	0	157.0	0
-95	-150	0	0	0
-95	-145	0	0	0
-95	-140	0	0	0
-95	-135	0	0	0
-95	-130	0	0	0
-95	-125	0	0	0
-95	-120	0	0	0
-95	-115	0	0	0
-95	-110	0	0	0
-95	-105	0	0	1
-95	-100	0	0	0
-95	-95	0	161.0	0
-95	-90	0	0	1
-95	-85	0	161.0	0
-95	-80	0	161.0	0
-95	-75	81.0	160.0	2
-95	-70	5.0	161.0	1
-95	-65	10.0	162.0	2
-95	-60	115.0	162.0	2
-95	-55	110.0	162.0	5
-95	-50	116.0	163.0	7
-95	-45	117.0	163.0	10
-95	-40	125.0	163.0	14
-95	-35	121.0	164.0	26
-95	-30	143.0	164.0	26
-95	-25	119.0	164.0	36
-95	-20	139.0	165.0	60
-95	-15	155.0	164.0	49
-95	-10	141.0	164.0	64
-95	-5	142.0	164.0	96
-95	0	141.0	164.0	88
-95	5	156.0	165.0	38
-95	10	150.0	165.0	18
-95	15	115.0	165.0	5
-95	20	32.0	164.0	3
-95	25	122.0	164.0	1
-95	30	0	163.0	0
-95	35	57.0	162.0	2
-95	40	0	161.0	0
-95	45	0	162.0	1
-95	50	0	162.0	0
-95	55	85.0	160.0	1
-95	60	0	160.0	0
-95	65	148.0	160.0	1
-95	70	0	159.0	0
-95	75	0	159.0	0
-95	80	0	158.0	0
-95	85	0	158.0	0
-95	90	98.0	157.0	2
-95	95	127.0	157.0	6
-95	100	71.0	156.0	3
-95	105	145.0	156.0	12
-95	110	132.0	156.0	30
-95	115	110.0	154.0	43
-95	120	137.0	154.0	63
-95	125	133.0	154.0	66
-95	130	140.0	153.0	48
-95	135	124.0	153.0	42
-95	140	122.0	153.0	31
-95	145	133.0	154.0	23
-95	150	125.0	154.0	23
-95	155	104.0	153.0	27
-95	160	79.0	154.0	48
-95	165	86.0	154.0	42
-95	170	83.0	154.0	32
-95	175	88.0	155.0	15
-90	-180	70.0	154.0	8
-90	-175	28.0	156.0	2
-90	-170	47.0	154.0	1
-90	-165	0	154.0	0
-90	-160	10.0	155.0	1
-90	-155	0	0	0
-90	-150	0	0	0
-90	-145	0	0	0
-90	-140	0	0	0
-90	-135	0	0	0
-90	-130	0	0	0
-90	-125	0	0	0
-90	-120	0	0	0
-90	-115	0	0	0
-90	-110	0	0	0
-90	-105	0	0	0
-90	-100	0	0	0
-90	-95	0	0	0
-90	-90	0	0	0
-90	-85	0	0	0
-90	-80	0	160.0	0
-90	-75	0	160.0	0
-90	-70	67.0	162.0	1
-90	-65	0	161.0	0
-90	-60	102.0	162.0	4
-90	-55	133.0	162.0	7
-90	-50	120.0	163.0	9
-90	-45	155.0	164.0	22
-90	-40	141.0	164.0	18
-90	-35	120.0	163.0	25
-90	-30	134.0	164.0	25
-90	-25	123.0	164.0	48
-90	-20	147.0	164.0	49
-90	-15	156.0	164.0	65
-90	-10	138.0	164.0	98
-90	-5	142.0	164.0	75
-90	0	139.0	164.0	71
-90	5	154.0	164.0	35
-90	10	131.0	164.0	9
-90	15	52.0	165.0	2
-90	20	0	164.0	0
-90	25	0	163.0	0
-90	30	0	162.0	0
-90	35	0	163.0	0
-90	40	103.0	163.0	2
-90	45	46.0	162.0	1
-90	50	36.0	162.0	2
-90	55	0	162.0	0
-90	60	73.0	162.0	5
-90	65	112.0	160.0	3
-90	70	5.0	160.0	2
-90	75	77.0	158.0	2
-90	80	148.0	159.0	3
-90	85	129.0	158.0	5
-90	90	0	157.0	0
-90	95	70.0	156.0	5
-90	100	91.0	156.0	3
-90	105	116.0	156.0	15
-90	110	115.0	155.0	26
-90	115	129.0	154.0	44
-90	120	144.0	154.0	70
-90	125	138.0	154.0	56
-90	130	105.0	153.0	61
-90	135	92.0	154.0	44
-90	140	117.0	154.0	15
-90	145	127.0	153.0	26
-90	150	142.0	153.0	39
-90	155	117.0	153.0	39
-90	160	111.0	153.0	61
-90	165	79.0	154.0	54
-90	170	78.0	154.0	29
-90	175	81.0	154.0	17
-85	-180	58.0	154.0	3
-85	-175	69.0	154.0	4
-85	-170	3.0	157.0	2
-85	-165	87.0	157.0	1
-85	-160	0	157.0	0
-85	-155	32.0	157.0	1
-85	-150	0	0	0
-85	-145	0	0	0
-85	-140	0	0	0
-85	-135	0	0	0
-85	-130	0	0	0
-85	-125	0	0	0
-85	-120	0	0	0
-85	-115	0	0	0
-85	-110	0	0	0
-85	-105	0	0	0
-85	-100	0	0	0
-85	-95	0	0	0
-85	-90	0	0	0
-85	-85	0	0	0
-85	-80	0	0	1
-85	-75	78.0	161.0	1
-85	-70	0	162.0	0
-85	-65	0	162.0	0
-85	-60	0	162.0	0
-85	-55	118.0	164.0	5
-85	-50	115.0	163.0	20
-85	-45	138.0	165.0	29
-85	-40	146.0	164.0	21
-85	-35	106.0	164.0	24
-85	-30	154.0	165.0	24
-85	-25	129.0	164.0	55
-85	-20	130.0	165.0	55
-85	-15	131.0	165.0	79
-85	-10	143.0	166.0	86
-85	-5	136.0	166.0	73
-85	0	155.0	167.0	38
-85	5	123.0	166.0	16
-85	10	0	165.0	2
-85	15	130.0	165.0	5
-85	20	0	165.0	0
-85	25	0	165.0	0
-85	30	0	165.0	0
-85	35	0	163.0	0
-85	40	0	0	1
-85	45	0	0	3
-85	50	57.0	163.0	1
-85	55	104.0	162.0	2
-85	60	106.0	162.0	3
-85	65	15.0	160.0	2
-85	70	147.0	160.0	4
-85	75	50.0	160.0	3
-85	80	48.0	159.0	4
-85	85	99.0	159.0	2
-85	90	83.0	158.0	3
-85	95	43.0	158.0	4
-85	100	121.0	156.0	4
-85	105	122.0	155.0	12
-85	110	105.0	156.0	15
-85	115	138.0	155.0	33
-85	120	127.0	155.0	58
-85	125	132.0	155.0	55
-85	130	135.0	154.0	62
-85	135	143.0	154.0	44
-85	140	98.0	154.0	26
-85	145	107.0	154.0	16
-85	150	99.0	154.0	34
-85	155	111.0	154.0	45
-85	160	102.0	154.0	94
-85	165	117.0	154.0	91
-85	170	124.0	153.0	53
-85	175	90.0	154.0	19
-80	-180	73.0	155.0	8
-80	-175	0	155.0	1
-80	-170	41.0	155.0	1
-80	-165	0	156.0	0
-80	-160	0	158.0	0
-80	-155	0	0	0
-80	-150	0	0	0
-80	-145	0	0	0
-80	-140	0	0	0
-80	-135	0	0	0
-80	-130	0	0	0
-80	-125	0	0	0
-80	-120	0	0	0
-80	-115	0	0	0
-80	-110	0	0	0
-80	-105	0	0	0
-80	-100	0	0	0
-80	-95	0	0	0
-80	-90	0	0	0
-80	-85	0	0	0
-80	-80	0	0	0
-80	-75	0	162.0	0
-80	-70	0	162.0	0
-80	-65	12.0	163.0	1
-80	-60	6.0	162.0	3
-80	-55	132.0	163.0	12
-80	-50	137.0	162.0	21
-80	-45	122.0	164.0	34
-80	-40	126.0	164.0	45
-80	-35	125.0	164.0	53
-80	-30	137.0	164.0	49
-80	-25	122.0	165.0	53
-80	-20	142.0	165.0	68
-80	-15	139.0	166.0	87
-80	-10	131.0	166.0	85
-80	-5	153.0	166.0	54
-80	0	137.0	166.0	26
-80	5	93.0	166.0	8
-80	10	17.0	167.0	1
-80	15	0	166.0	0
-80	20	0	166.0	0
-80	25	96.0	166.0	1
-80	30	0	165.0	0
-80	35	0	0	0
-80	40	0	0	0
-80	45	0	0	0
-80	50	0	0	1
-80	55	0	0	1
-80	60	75.0	163.0	1
-80	65	2.0	162.0	1
-80	70	87.0	161.0	2
-80	75	109.0	160.0	3
-80	80	26.0	160.0	2
-80	85	0	159.0	0
-80	90	105.0	158.0	2
-80	95	35.0	157.0	1
-80	100	0	157.0	0
-80	105	144.0	157.0	9
-80	110	113.0	156.0	12
-80	115	111.0	156.0	15
-80	120	126.0	154.0	42
-80	125	151.0	155.0	57
-80	130	141.0	154.0	64
-80	135	138.0	154.0	38
-80	140	127.0	153.0	34
-80	145	122.0	153.0	26
-80	150	141.0	153.0	37
-80	155	103.0	153.0	51
-80	160	98.0	153.0	89
-80	165	98.0	153.0	93
-80	170	113.0	154.0	51
-80	175	92.0	155.0	17
-75	-180	76.0	155.0	2
-75	-175	13.0	155.0	1
-75	-170	0	155.0	0
-75	-165	0	155.0	0
-75	-160	0	0	0
-75	-155	0	0	0
-75	-150	0	0	0
-75	-145	0	0	0
-75	-140	0	0	0
-75	-135	0	0	0
-75	-130	0	0	0
-75	-125	0	0	0
-75	-120	0	0	0
-75	-115	0	0	0
-75	-110	0	0	0
-75	-105	0	0	0
-75	-100	0	0	0
-75	-95	0	0	0
-75	-90	0	0	0
-75	-85	0	0	0
-75	-80	0	0	0
-75	-75	0	162.0	0
-75	-70	66.0	162.0	1
-75	-65	23.0	163.0	1
-75	-60	86.0	163.0	3
-75	-55	123.0	164.0	12
-75	-50	137.0	164.0	55
-75	-45	148.0	166.0	117
-75	-40	149.0	166.0	132
-75	-35	126.0	166.0	104
-75	-30	153.0	166.0	80
-75	-25	147.0	167.0	93
-75	-20	153.0	167.0	84
-75	-15	140.0	167.0	102
-75	-10	149.0	167.0	77
-75	-5	142.0	167.0	26
-75	0	130.0	166.0	14
-75	5	84.0	166.0	1
-75	10	0	168.0	0
-75	15	0	168.0	0
-75	20	3.0	167.0	1
-75	25	0	166.0	0
-75	30	0	0	0
-75	35	0	0	0
-75	40	0	0	0
-75	45	0	0	0
-75	50	0	0	0
-75	55	0	0	0
-75	60	0	163.0	0
-75	65	88.0	162.0	2
-75	70	91.0	161.0	1
-75	75	10.0	162.0	1
-75	80	0	160.0	0
-75	85	0	160.0	0
-75	90	0	159.0	0
-75	95	41.0	158.0	1
-75	100	0	158.0	1
-75	105	123.0	158.0	5
-75	110	96.0	156.0	6
-75	115	131.0	156.0	22
-75	120	143.0	156.0	38
-75	125	133.0	155.0	52
-75	130	144.0	155.0	62
-75	135	141.0	155.0	48
-75	140	137.0	154.0	37
-75	145	138.0	153.0	46
-75	150	104.0	153.0	50
-75	155	113.0	153.0	73
-75	160	136.0	153.0	103
-75	165	116.0	153.0	114
-75	170	78.0	153.0	32
-75	175	92.0	155.0	5
-70	-180	0	153.0	0
-70	-175	0	153.0	1
-70	-170	0	155.0	0
-70	-165	0	0	0
-70	-160	0	0	0
-70	-155	0	0	0
-70	-150	0	0	0
-70	-145	0	0	0
-70	-140	0	0	0
-70	-135	0	0	0
-70	-130	0	0	0
-70	-125	0	0	0
-70	-120	0	0	0
-70	-115	0	0	0
-70	-110	0	0	0
-70	-105	0	0	0
-70	-100	0	0	0
-70	-95	0	0	0
-70	-90	0	0	0
-70	-85	0	0	0
-70	-80	0	161.0	0
-70	-75	0	162.0	0
-70	-70	0	163.0	0
-70	-65	103.0	163.0	2
-70	-60	83.0	165.0	5
-70	-55	110.0	165.0	40
-70	-50	122.0	165.0	192
-70	-45	151.0	167.0	523
-70	-40	158.0	166.0	418
-70	-35	147.0	166.0	216
-70	-30	148.0	167.0	138
-70	-25	157.0	168.0	106
-70	-20	149.0	168.0	116
-70	-15	135.0	167.0	116
-70	-10	143.0	168.0	53
-70	-5	120.0	169.0	18
-70	0	141.0	168.0	2
-70	5	70.0	168.0	3
-70	10	148.0	168.0	1
-70	15	0	167.0	0
-70	20	0	167.0	0
-70	25	0	0	0
-70	30	0	0	0
-70	35	0	0	0
-70	40	0	0	0
-70	45	0	0	0
-70	50	0	0	0
-70	55	0	0	0
-70	60	0	164.0	0
-70	65	0	0	0
-70	70	0	162.0	0
-70	75	0	163.0	0
-70	80	0	160.0	0
-70	85	0	160.0	0
-70	90	0	0	0
-70	95	0	159.0	1
-70	100	0	159.0	0
-70	105	1.0	157.0	1
-70	110	53.0	157.0	2
-70	115	93.0	156.0	10
-70	120	133.0	156.0	30
-70	125	126.0	156.0	52
-70	130	133.0	155.0	77
-70	135	137.0	155.0	51
-70	140	127.0	154.0	27
-70	145	129.0	154.0	44
-70	150	109.0	155.0	57
-70	155	104.0	155.0	64
-70	160	116.0	153.0	86
-70	165	110.0	153.0	55
-70	170	135.0	153.0	13
-70	175	36.0	153.0	6
-65	-180	0	155.0	0
-65	-175	0	154.0	0
-65	-170	0	0	0
-65	-165	0	0	0
-65	-160	0	0	0
-65	-155	0	0	0
-65	-150	0	0	0
-65	-145	0	0	0
-65	-140	0	0	0
-65	-135	0	0	0
-65	-130	0	0	0
-65	-125	0	0	0
-65	-120	0	0	0
-65	-115	0	0	0
-65	-110	0	0	0
-65	-105	0	0	0
-65	-100	0	0	0
-65	-95	0	0	0
-65	-90	0	0	0
-65	-85	0	0	0
-65	-80	0	163.0	0
-65	-75	0	164.0	0
-65	-70	119.0	165.0	1
-65	-65	0	164.0	1
-65	-60	94.0	166.0	4
-65	-55	134.0	166.0	76
-65	-50	133.0	165.0	616
-65	-45	155.0	167.0	1173
-65	-40	154.0	166.0	492
-65	-35	132.0	167.0	192
-65	-30	161.0	167.0	132
-65	-25	144.0	168.0	85
-65	-20	145.0	169.0	89
-65	-15	151.0	170.0	33
-65	-10	121.0	169.0	8
-65	-5	0	170.0	0
-65	0	0	169.0	0
-65	5	0	170.0	0
-65	10	0	169.0	0
-65	15	0	170.0	0
-65	20	0	0	0
-65	25	0	0	0
-65	30	0	0	0
-65	35	0	0	0
-65	40	0	0	0
-65	45	0	0	0
-65	50	0	0	0
-65	55	0	0	0
-65	60	0	0	0
-65	65	0	0	0
-65	70	0	163.0	0
-65	75	0	0	0
-65	80	141.0	161.0	1
-65	85	0	0	0
-65	90	0	0	0
-65	95	0	161.0	0
-65	100	0	160.0	0
-65	105	0	160.0	0
-65	110	147.0	158.0	1
-65	115	145.0	157.0	9
-65	120	143.0	157.0	22
-65	125	130.0	155.0	51
-65	130	145.0	156.0	78
-65	135	135.0	155.0	59
-65	140	140.0	155.0	58
-65	145	146.0	154.0	33
-65	150	92.0	154.0	29
-65	155	91.0	154.0	30
-65	160	95.0	154.0	42
-65	165	92.0	153.0	18
-65	170	64.0	153.0	5
-65	175	0	154.0	0
-60	-180	0	155.0	0
-60	-175	0	0	0
-60	-170	0	0	0
-60	-165	0	0	0
-60	-160	0	0	0
-60	-155	0	0	0
-60	-150	0	0	0
-60	-145	0	0	0
-60	-140	0	0	0
-60	-135	0	0	0
-60	-130	0	0	0
-60	-125	0	0	0
-60	-120	0	0	0
-60	-115	0	0	0
-60	-110	0	0	0
-60	-105	0	0	0
-60	-100	0	0	0
-60	-95	0	0	0
-60	-90	0	0	0
-60	-85	0	0	0
-60	-80	0	163.0	0
-60	-75	0	164.0	0
-60	-70	0	165.0	0
-60	-65	107.0	165.0	3
-60	-60	94.0	166.0	4
-60	-55	135.0	166.0	77
-60	-50	134.0	167.0	562
-60	-45	131.0	168.0	704
-60	-40	153.0	168.0	239
-60	-35	151.0	169.0	101
-60	-30	159.0	170.0	76
-60	-25	146.0	171.0	45
-60	-20	163.0	171.0	14
-60	-15	85.0	172.0	3
-60	-10	131.0	171.0	1
-60	-5	0	170.0	0
-60	0	0	171.0	0
-60	5	0	171.0	0
-60	10	0	0	0
-60	15	0	0	0
-60	20	0	0	1
-60	25	0	0	0
-60	30	0	0	0
-60	35	0	0	0
-60	40	0	0	0
-60	45	0	0	0
-60	50	0	0	0
-60	55	0	0	0
-60	60	0	0	0
-60	65	0	0	0
-60	70	0	0	0
-60	75	0	0	0
-60	80	0	0	0
-60	85	0	0	0
-60	90	0	0	0
-60	95	0	160.0	0
-60	100	0	160.0	0
-60	105	0	160.0	0
-60	110	47.0	158.0	2
-60	115	145.0	159.0	4
-60	120	148.0	158.0	26
-60	125	144.0	157.0	47
-60	130	148.0	157.0	79
-60	135	134.0	156.0	73
-60	140	145.0	156.0	41
-60	145	96.0	156.0	24
-60	150	122.0	155.0	11
-60	155	91.0	155.0	9
-60	160	82.0	155.0	6
-60	165	87.0	155.0	1
-60	170	57.0	155.0	1
-60	175	0	154.0	0
-55	-180	0	0	0
-55	-175	0	0	0
-55	-170	0	0	0
-55	-165	0	0	0
-55	-160	0	0	0
-55	-155	0	0	0
-55	-150	0	0	0
-55	-145	0	0	0
-55	-140	0	0	0
-55	-135	0	0	0
-55	-130	0	0	0
-55	-125	0	0	0
-55	-120	0	0	0
-55	-115	0	0	0
-55	-110	0	0	0
-55	-105	0	0	0
-55	-100	0	0	0
-55	-95	0	0	0
-55	-90	0	0	0
-55	-85	0	0	0
-55	-80	0	163.0	0
-55	-75	0	164.0	0
-55	-70	115.0	165.0	1
-55	-65	29.0	165.0	2
-55	-60	77.0	167.0	4
-55	-55	107.0	167.0	42
-55	-50	125.0	167.0	162
-55	-45	158.0	168.0	167
-55	-40	122.0	169.0	81
-55	-35	127.0	169.0	39
-55	-30	160.0	170.0	10
-55	-25	116.0	171.0	3
-55	-20	65.0	171.0	1
-55	-15	0	171.0	0
-55	-10	0	171.0	0
-55	-5	0	171.0	0
-55	0	122.0	171.0	1
-55	5	0	0	0
-55	10	0	0	0
-55	15	0	0	0
-55	20	0	0	0
-55	25	0	0	0
-55	30	0	0	0
-55	35	0	0	0
-55	40	0	0	0
-55	45	0	0	0
-55	50	0	0	0
-55	55	0	0	0
-55	60	0	0	0
-55	65	0	0	0
-55	70	0	0	0
-55	75	0	0	0
-55	80	0	0	0
-55	85	0	0	0
-55	90	0	0	0
-55	95	0	161.0	0
-55	100	0	161.0	0
-55	105	0	160.0	0
-55	110	96.0	159.0	1
-55	115	122.0	158.0	7
-55	120	126.0	158.0	11
-55	125	150.0	157.0	37
-55	130	149.0	157.0	65
-55	135	122.0	156.0	40
-55	140	116.0	156.0	14
-55	145	4.0	156.0	2
-55	150	49.0	155.0	4
-55	155	114.0	154.0	2
-55	160	0	154.0	0
-55	165	26.0	155.0	1
-55	170	0	155.0	0
-55	175	0	154.0	0
-50	-180	0	0	0
-50	-175	0	0	0
-50	-170	0	0	0
-50	-165	0	0	0
-50	-160	0	0	0
-50	-155	0	0	0
-50	-150	0	0	0
-50	-145	0	0	0
-50	-140	0	0	0
-50	-135	0	0	0
-50	-130	0	0	0
-50	-125	0	0	0
-50	-120	0	0	0
-50	-115	0	0	0
-50	-110	0	0	0
-50	-105	0	0	0
-50	-100	0	0	0
-50	-95	0	0	0
-50	-90	0	0	0
-50	-85	0	0	0
-50	-80	0	165.0	0
-50	-75	98.0	165.0	1
-50	-70	0	166.0	0
-50	-65	0	167.0	0
-50	-60	100.0	168.0	6
-50	-55	114.0	168.0	17
-50	-50	130.0	169.0	40
-50	-45	140.0	169.0	42
-50	-40	102.0	171.0	17
-50	-35	82.0	171.0	7
-50	-30	90.0	171.0	3
-50	-25	96.0	171.0	1
-50	-20	0	172.0	0
-50	-15	65.0	172.0	1
-50	-10	0	173.0	0
-50	-5	0	172.0	0
-50	0	0	0	0
-50	5	0	0	0
-50	10	0	0	0
-50	15	0	0	0
-50	20	0	0	0
-50	25	0	0	0
-50	30	0	0	0
-50	35	0	0	0
-50	40	0	0	0
-50	45	0	0	0
-50	50	0	0	0
-50	55	0	0	0
-50	60	0	0	0
-50	65	0	0	0
-50	70	0	0	0
-50	75	0	0	0
-50	80	0	0	0
-50	85	0	0	0
-50	90	0	0	0
-50	95	0	160.0	0
-50	100	0	160.0	0
-50	105	76.0	160.0	1
-50	110	0	159.0	0
-50	115	120.0	159.0	4
-50	120	73.0	159.0	4
-50	125	142.0	159.0	13
-50	130	148.0	159.0	26
-50	135	149.0	157.0	11
-50	140	95.0	157.0	6
-50	145	38.0	156.0	1
-50	150	81.0	155.0	1
-50	155	0	154.0	0
-50	160	0	154.0	0
-50	165	0	153.0	0
-50	170	0	153.0	0
-50	175	0	155.0	0
-45	-180	0	0	0
-45	-175	0	0	0
-45	-170	0	0	0
-45	-165	0	0	0
-45	-160	0	0	0
-45	-155	0	0	0
-45	-150	0	0	0
-45	-145	0	0	0
-45	-140	0	0	0
-45	-135	0	0	0
-45	-130	0	0	0
-45	-125	0	0	0
-45	-120	0	0	0
-45	-115	0	0	0
-45	-110	0	0	0
-45	-105	0	0	0
-45	-100	0	0	0
-45	-95	0	0	0
-45	-90	0	0	0
-45	-85	0	0	0
-45	-80	0	0	0
-45	-75	0	167.0	0
-45	-70	0	168.0	0
-45	-65	98.0	169.0	2
-45	-60	154.0	168.0	2
-45	-55	121.0	169.0	7
-45	-50	133.0	170.0	18
-45	-45	129.0	172.0	9
-45	-40	0	172.0	0
-45	-35	102.0	173.0	1
-45	-30	103.0	173.0	1
-45	-25	0	173.0	0
-45	-20	0	173.0	0
-45	-15	0	174.0	0
-45	-10	0	174.0	0
-45	-5	0	0	0
-45	0	0	0	0
-45	5	0	0	0
-45	10	0	0	0
-45	15	0	0	0
-45	20	0	0	0
-45	25	0	0	0
-45	30	0	0	0
-45	35	0	0	0
-45	40	0	0	0
-45	45	0	0	0
-45	50	0	0	0
-45	55	0	0	0
-45	60	0	0	0
-45	65	0	0	0
-45	70	0	0	0
-45	75	0	0	0
-45	80	0	0	0
-45	85	0	0	0
-45	90	0	0	0
-45	95	0	0	0
-45	100	0	159.0	0
-45	105	129.0	158.0	1
-45	110	0	158.0	0
-45	115	0	158.0	1
-45	120	143.0	157.0	4
-45	125	145.0	157.0	8
-45	130	114.0	157.0	8
-45	135	0	155.0	0
-45	140	1.0	155.0	1
-45	145	0	155.0	0
-45	150	0	156.0	0
-45	155	0	156.0	0
-45	160	0	155.0	0
-45	165	0	155.0	0
-45	170	0	154.0	0
-45	175	0	0	0
-40	-180	0	0	0
-40	-175	0	0	0
-40	-170	0	0	0
-40	-165	0	0	0
-40	-160	0	0	0
-40	-155	0	0	0
-40	-150	0	0	0
-40	-145	0	0	0
-40	-140	0	0	0
-40	-135	0	0	0
-40	-130	0	0	0
-40	-125	0	0	0
-40	-120	0	0	0
-40	-115	0	0	0
-40	-110	0	0	0
-40	-105	0	0	0
-40	-100	0	0	0
-40	-95	0	0	0
-40	-90	0	0	0
-40	-85	0	0	0
-40	-80	0	0	0
-40	-75	0	0	0
-40	-70	0	0	0
-40	-65	0	0	2
-40	-60	24.0	170.0	1
-40	-55	104.0	171.0	2
-40	-50	111.0	172.0	2
-40	-45	110.0	173.0	3
-40	-40	0	173.0	0
-40	-35	0	173.0	0
-40	-30	0	173.0	0
-40	-25	0	174.0	0
-40	-20	0	175.0	0
-40	-15	0	0	0
-40	-10	0	0	0
-40	-5	0	0	0
-40	0	0	0	0
-40	5	0	0	0
-40	10	0	0	0
-40	15	0	0	0
-40	20	0	0	0
-40	25	0	0	0
-40	30	0	0	0
-40	35	0	0	0
-40	40	0	0	0
-40	45	0	0	0
-40	50	0	0	0
-40	55	0	0	0
-40	60	0	0	0
-40	65	0	0	0
-40	70	0	0	0
-40	75	0	0	0
-40	80	0	0	0
-40	85	0	0	0
-40	90	0	0	0
-40	95	0	0	0
-40	100	0	0	0
-40	105	0	160.0	0
-40	110	0	160.0	0
-40	115	47.0	159.0	3
-40	120	70.0	158.0	2
-40	125	150.0	158.0	4
-40	130	103.0	158.0	1
-40	135	40.0	158.0	1
-40	140	0	157.0	0
-40	145	0	157.0	0
-40	150	0	157.0	0
-40	155	0	158.0	0
-40	160	0	157.0	0
-40	165	0	0	0
-40	170	0	0	0
-40	175	0	0	0
-35	-180	0	0	0
-35	-175	0	0	0
-35	-170	0	0	0
-35	-165	0	0	0
-35	-160	0	0	0
-35	-155	0	0	0
-35	-150	0	0	0
-35	-145	0	0	0
-35	-140	0	0	0
-35	-135	0	0	0
-35	-130	0	0	0
-35	-125	0	0	0
-35	-120	0	0	0
-35	-115	0	0	0
-35	-110	0	0	0
-35	-105	0	0	0
-35	-100	0	0	0
-35	-95	0	0	0
-35	-90	0	0	0
-35	-85	0	0	0
-35	-80	0	0	0
-35	-75	0	0	0
-35	-70	0	0	0
-35	-65	0	0	0
-35	-60	0	171.0	0
-35	-55	0	172.0	0
-35	-50	0	172.0	0
-35	-45	0	173.0	0
-35	-40	72.0	173.0	1
-35	-35	0	175.0	0
-35	-30	0	174.0	0
-35	-25	0	0	0
-35	-20	0	0	0
-35	-15	0	0	0
-35	-10	0	0	0
-35	-5	0	0	0
-35	0	0	0	0
-35	5	0	0	0
-35	10	0	0	0
-35	15	0	0	0
-35	20	0	0	0
-35	25	0	0	0
-35	30	0	0	0
-35	35	0	0	0
-35	40	0	0	0
-35	45	0	0	0
-35	50	0	0	0
-35	55	0	0	0
-35	60	0	0	0
-35	65	0	0	0
-35	70	0	0	0
-35	75	0	0	0
-35	80	0	0	0
-35	85	0	0	0
-35	90	0	0	0
-35	95	0	0	0
-35	100	0	0	0
-35	105	0	0	0
-35	110	0	0	0
-35	115	0	158.0	0
-35	120	0	158.0	0
-35	125	0	158.0	0
-35	130	0	158.0	0
-35	135	0	158.0	0
-35	140	0	157.0	0
-35	145	0	156.0	0
-35	150	0	155.0	0
-35	155	0	0	0
-35	160	0	0	0
-35	165	0	0	0
-35	170	0	0	0
-35	175	0	0	0
-30	-180	0	0	0
-30	-175	0	0	0
-30	-170	0	0	0
-30	-165	0	0	0
-30	-160	0	0	0
-30	-155	0	0	0
-30	-150	0	0	0
-30	-145	0	0	0
-30	-140	0	0	0
-30	-135	0	0	0
-30	-130	0	0	0
-30	-125	0	0	0
-30	-120	0	0	0
-30	-115	0	0	0
-30	-110	0	0	0
-30	-105	0	0	0
-30	-100	0	0	0
-30	-95	0	0	0
-30	-90	0	0	0
-30	-85	0	0	0
-30	-80	0	0	0
-30	-75	0	0	0
-30	-70	0	0	0
-30	-65	0	0	0
-30	-60	0	173.0	0
-30	-55	0	174.0	0
-30	-50	0	174.0	0
-30	-45	0	174.0	0
-30	-40	0	175.0	0
-30	-35	0	175.0	0
-30	-30	0	0	0
-30	-25	0	0	0
-30	-20	0	0	0
-30	-15	0	0	0
-30	-10	0	0	0
-30	-5	0	0	0
-30	0	0	0	0
-30	5	0	0	0
-30	10	0	0	0
-30	15	0	0	0
-30	20	0	0	0
-30	25	0	0	0
-30	30	0	0	0
-30	35	0	0	0
-30	40	0	0	0
-30	45	0	0	0
-30	50	0	0	0
-30	55	0	0	0
-30	60	0	0	0
-30	65	0	0	0
-30	70	0	0	0
-30	75	0	0	0
-30	80	0	0	0
-30	85	0	0	0
-30	90	0	0	0
-30	95	0	0	0
-30	100	0	0	0
-30	105	0	0	0
-30	110	0	0	0
-30	115	0	159.0	0
-30	120	0	158.0	0
-30	125	0	158.0	0
-30	130	0	157.0	0
-30	135	0	158.0	0
-30	140	0	156.0	0
-30	145	0	0	0
-30	150	0	0	0
-30	155	0	0	1
-30	160	0	0	0
-30	165	0	0	0
-30	170	0	0	0
-30	175	0	0	0
-25	-180	0	0	0
-25	-175	0	0	0
-25	-170	0	0	0
-25	-165	0	0	0
-25	-160	0	0	0
-25	-155	0	0	0
-25	-150	0	0	0
-25	-145	0	0	0
-25	-140	0	0	0
-25	-135	0	0	0
-25	-130	0	0	0
-25	-125	0	0	0
-25	-120	0	0	0
-25	-115	0	0	0
-25	-110	0	0	0
-25	-105	0	0	0
-25	-100	0	0	0
-25	-95	0	0	0
-25	-90	0	0	0
-25	-85	0	0	0
-25	-80	0	0	0
-25	-75	0	0	0
-25	-70	0	0	0
-25	-65	0	0	0
-25	-60	0	0	0
-25	-55	0	175.0	0
-25	-50	0	174.0	0
-25	-45	0	176.0	0
-25	-40	0	0	0
-25	-35	0	0	0
-25	-30	0	0	0
-25	-25	0	0	0
-25	-20	0	0	0
-25	-15	0	0	0
-25	-10	0	0	0
-25	-5	0	0	0
-25	0	0	0	0
-25	5	0	0	0
-25	10	0	0	0
-25	15	0	0	0
-25	20	0	0	0
-25	25	0	0	0
-25	30	0	0	0
-25	35	0	0	0
-25	40	0	0	0
-25	45	0	0	0
-25	50	0	0	0
-25	55	0	0	0
-25	60	0	0	0
-25	65	0	0	0
-25	70	0	0	1
-25	75	0	0	0
-25	80	0	0	0
-25	85	0	0	0
-25	90	0	0	0
-25	95	0	0	0
-25	100	0	0	0
-25	105	0	0	0
-25	110	0	0	0
-25	115	0	0	0
-25	120	0	158.0	0
-25	125	0	158.0	0
-25	130	0	158.0	0
-25	135	0	0	0
-25	140	0	0	0
-25	145	0	0	0
-25	150	0	0	0
-25	155	0	0	0
-25	160	0	0	0
-25	165	0	0	0
-25	170	0	0	0
-25	175	0	0	0
-20	-180	0	0	0
-20	-175	0	0	0
-20	-170	0	0	0
-20	-165	0	0	0
-20	-160	0	0	0
-20	-155	0	0	0
-20	-150	0	0	0
-20	-145	0	0	0
-20	-140	0	0	0
-20	-135	0	0	0
-20	-130	0	0	0
-20	-125	0	0	0
-20	-120	0	0	0
-20	-115	0	0	0
-20	-110	0	0	0
-20	-105	0	0	0
-20	-100	0	0	0
-20	-95	0	0	0
-20	-90	0	0	0
-20	-85	0	0	0
-20	-80	0	0	0
-20	-75	0	0	0
-20	-70	0	0	0
-20	-65	0	0	0
-20	-60	0	0	0
-20	-55	0	0	0
-20	-50	0	0	0
-20	-45	0	0	0
-20	-40	0	0	0
-20	-35	0	0	0
-20	-30	0	0	0
-20	-25	0	0	0
-20	-20	0	0	0
-20	-15	0	0	0
-20	-10	0	0	0
-20	-5	0	0	0
-20	0	0	0	0
-20	5	0	0	0
-20	10	0	0	0
-20	15	0	0	0
-20	20	0	0	0
-20	25	0	0	0
-20	30	0	0	0
-20	35	0	0	0
-20	40	0	0	0
-20	45	0	0	0
-20	50	0	0	0
-20	55	0	0	0
-20	60	0	0	0
-20	65	0	0	0
-20	70	0	0	0
-20	75	0	0	0
-20	80	0	0	0
-20	85	0	0	0
-20	90	0	0	0
-20	95	0	0	0
-20	100	0	0	0
-20	105	0	0	0
-20	110	0	0	0
-20	115	0	0	0
-20	120	0	0	0
-20	125	0	157.0	0
-20	130	0	0	0
-20	135	0	0	0
-20	140	0	0	0
-20	145	0	0	0
-20	150	0	0	0
-20	155	0	0	0
-20	160	0	0	0
-20	165	0	0	0
-20	170	0	0	0
-20	175	0	0	0
-15	-180	0	0	0
-15	-175	0	0	0
-15	-170	0	0	0
-15	-165	0	0	0
-15	-160	0	0	0
-15	-155	0	0	0
-15	-150	0	0	0
-15	-145	0	0	0
-15	-140	0	0	0
-15	-135	0	0	0
-15	-130	0	0	0
-15	-125	0	0	0
-15	-120	0	0	0
-15	-115	0	0	0
-15	-110	0	0	0
-15	-105	0	0	0
-15	-100	0	0	0
-15	-95	0	0	0
-15	-90	0	0	0
-15	-85	0	0	0
-15	-80	0	0	0
-15	-75	0	0	0
-15	-70	0	0	0
-15	-65	0	0	0
-15	-60	0	0	0
-15	-55	0	0	0
-15	-50	0	0	0
-15	-45	0	0	0
-15	-40	0	0	0
-15	-35	0	0	0
-15	-30	0	0	0
-15	-25	0	0	0
-15	-20	0	0	0
-15	-15	0	0	0
-15	-10	0	0	0
-15	-5	0	0	0
-15	0	0	0	0
-15	5	0	0	0
-15	10	0	0	0
-15	15	0	0	0
-15	20	0	0	0
-15	25	0	0	0
-15	30	0	0	0
-15	35	0	0	0
-15	40	0	0	0
-15	45	0	0	0
-15	50	0	0	0
-15	55	0	0	0
-15	60	0	0	0
-15	65	0	0	0
-15	70	0	0	0
-15	75	0	0	0
-15	80	0	0	0
-15	85	0	0	0
-15	90	0	0	0
-15	95	0	0	0
-15	100	0	0	0
-15	105	0	0	0
-15	110	0	0	0
-15	115	0	0	0
-15	120	0	0	0
-15	125	0	0	0
-15	130	0	0	0
-15	135	0	0	0
-15	140	0	0	0
-15	145	0	0	0
-15	150	0	0	0
-15	155	0	0	0
-15	160	0	0	0
-15	165	0	0	0
-15	170	0	0	0
-15	175	0	0	0
-10	-180	0	0	0
-10	-175	0	0	0
-10	-170	0	0	0
-10	-165	0	0	0
-10	-160	0	0	0
-10	-155	0	0	0
-10	-150	0	0	0
-10	-145	0	0	0
-10	-140	0	0	0
-10	-135	0	0	0
-10	-130	0	0	0
-10	-125	0	0	0
-10	-120	0	0	0
-10	-115	0	0	0
-10	-110	0	0	0
-10	-105	0	0	0
-10	-100	0	0	0
-10	-95	0	0	0
-10	-90	0	0	0
-10	-85	0	0	0
-10	-80	0	0	0
-10	-75	0	0	0
-10	-70	0	0	0
-10	-65	0	0	0
-10	-60	0	0	0
-10	-55	0	0	0
-10	-50	0	0	0
-10	-45	0	0	0
-10	-40	0	0	0
-10	-35	0	0	0
-10	-30	0	0	0
-10	-25	0	0	0
-10	-20	0	0	0
-10	-15	0	0	0
-10	-10	0	0	0
-10	-5	0	0	0
-10	0	0	0	0
-10	5	0	0	0
-10	10	0	0	0
-10	15	0	0	0
-10	20	0	0	0
-10	25	0	0	0
-10	30	0	0	0
-10	35	0	0	0
-10	40	0	0	0
-10	45	0	0	0
-10	50	0	0	0
-10	55	0	0	0
-10	60	0	0	0
-10	65	0	0	0
-10	70	0	0	0
-10	75	0	0	0
-10	80	0	0	0
-10	85	0	0	0
-10	90	0	0	0
-10	95	0	0	0
-10	100	0	0	0
-10	105	0	0	0
-10	110	0	0	0
-10	115	0	0	0
-10	120	0	0	0
-10	125	0	0	0
-10	130	0	0	0
-10	135	0	0	0
-10	140	0	0	0
-10	145	0	0	0
-10	150	0	0	0
-10	155	0	0	0
-10	160	0	0	0
-10	165	0	0	0
-10	170	0	0	0
-10	175	0	0	0
-5	-180	0	0	0
-5	-175	0	0	0
-5	-170	0	0	0
-5	-165	0	0	0
-5	-160	0	0	0
-5	-155	0	0	0
-5	-150	0	0	0
-5	-145	0	0	0
-5	-140	0	0	0
-5	-135	0	0	0
-5	-130	0	0	0
-5	-125	0	0	0
-5	-120	0	0	0
-5	-115	0	0	0
-5	-110	0	0	0
-5	-105	0	0	0
-5	-100	0	0	0
-5	-95	0	0	0
-5	-90	0	0	0
-5	-85	0	0	0
-5	-80	0	0	0
-5	-75	0	0	0
-5	-70	0	0	0
-5	-65	0	0	0
-5	-60	0	0	0
-5	-55	0	0	0
-5	-50	0	0	0
-5	-45	0	0	0
-5	-40	0	0	0
-5	-35	0	0	0
-5	-30	0	0	0
-5	-25	0	0	0
-5	-20	0	0	0
-5	-15	0	0	0
-5	-10	0	0	0
-5	-5	0	0	0
-5	0	0	0	0
-5	5	0	0	0
-5	10	0	0	0
-5	15	0	0	0
-5	20	0	0	0
-5	25	0	0	0
-5	30	0	0	0
-5	35	0	0	0
-5	40	0	0	0
-5	45	0	0	0
-5	50	0	0	0
-5	55	0	0	0
-5	60	0	0	0
-5	65	0	0	0
-5	70	0	0	0
-5	75	0	0	0
-5	80	0	0	0
-5	85	0	0	0
-5	90	0	0	0
-5	95	0	0	0
-5	100	0	0	0
-5	105	0	0	0
-5	110	0	0	0
-5	115	0	0	0
-5	120	0	0	0
-5	125	0	0	0
-5	130	0	0	0
-5	135	0	0	0
-5	140	0	0	0
-5	145	0	0	0
-5	150	0	0	0
-5	155	0	0	0
-5	160	0	0	0
-5	165	0	0	0
-5	170	0	0	0
-5	175	0	0	0
0	-180	0	0	0
0	-175	0	0	0
0	-170	0	0	0
0	-165	0	0	0
0	-160	0	0	0
0	-155	0	0	0
0	-150	0	0	0
0	-145	0	0	0
0	-140	0	0	0
0	-135	0	0	0
0	-130	0	0	0
0	-125	0	0	0
0	-120	0	0	0
0	-115	0	0	0
0	-110	0	0	0
0	-105	0	0	0
0	-100	0	0	0
0	-95	0	0	0
0	-90	0	0	0
0	-85	0	0	0
0	-80	0	0	0
0	-75	0	0	0
0	-70	0	0	0
0	-65	0	0	0
0	-60	0	0	0
0	-55	0	0	0
0	-50	0	0	0
0	-45	0	0	0
0	-40	0	0	0
0	-35	0	0	0
0	-30	0	0	0
0	-25	0	0	0
0	-20	0	0	0
0	-15	0	0	0
0	-10	0	0	0
0	-5	0	0	0
0	0	0	0	0
0	5	0	0	0
0	10	0	0	0
0	15	0	0	0
0	20	0	0	0
0	25	0	0	0
0	30	0	0	0
0	35	0	0	0
0	40	0	0	0
0	45	0	0	0
0	50	0	0	0
0	55	0	0	0
0	60	0	0	0
0	65	0	0	0
0	70	0	0	0
0	75	0	0	0
0	80	0	0	0
0	85	0	0	0
0	90	0	0	0
0	95	0	0	0
0	100	0	0	0
0	105	0	0	0
0	110	0	0	0
0	115	0	0	0
0	120	0	0	0
0	125	0	0	0
0	130	0	0	0
0	135	0	0	0
0	140	0	0	0
0	145	0	0	0
0	150	0	0	0
0	155	0	0	0
0	160	0	0	0
0	165	0	0	0
0	170	0	0	0
0	175	0	0	0
5	-180	0	0	0
5	-175	0	0	0
5	-170	0	0	0
5	-165	0	0	0
5	-160	0	0	0
5	-155	0	0	0
5	-150	0	0	0
5	-145	0	0	0
5	-140	0	0	0
5	-135	0	0	0
5	-130	0	0	0
5	-125	0	0	0
5	-120	0	0	0
5	-115	0	0	0
5	-110	0	0	0
5	-105	0	0	0
5	-100	0	0	0
5	-95	0	0	0
5	-90	0	0	0
5	-85	0	0	0
5	-80	0	0	0
5	-75	0	0	0
5	-70	0	0	0
5	-65	0	0	0
5	-60	0	0	0
5	-55	0	0	0
5	-50	0	0	0
5	-45	0	0	0
5	-40	0	0	0
5	-35	0	0	0
5	-30	0	0	0
5	-25	0	0	0
5	-20	0	0	0
5	-15	0	0	0
5	-10	0	0	0
5	-5	0	0	0
5	0	0	0	0
5	5	0	0	0
5	10	0	0	0
5	15	0	0	0
5	20	0	0	0
5	25	0	0	0
5	30	0	0	0
5	35	0	0	0
5	40	0	0	0
5	45	0	0	0
5	50	0	0	0
5	55	0	0	0
5	60	0	0	0
5	65	0	0	0
5	70	0	0	0
5	75	0	0	0
5	80	0	0	0
5	85	0	0	0
5	90	0	0	0
5	95	0	0	0
5	100	0	0	0
5	105	0	0	0
5	110	0	0	0
5	115	0	0	0
5	120	0	0	0
5	125	0	0	0
5	130	0	0	0
5	135	0	0	0
5	140	0	0	0
5	145	0	0	0
5	150	0	0	0
5	155	0	0	0
5	160	0	0	0
5	165	0	0	0
5	170	0	0	0
5	175	0	0	0
10	-180	0	0	0
10	-175	0	0	0
10	-170	0	0	0
10	-165	0	0	0
10	-160	0	0	0
10	-155	0	0	0
10	-150	0	0	0
10	-145	0	0	0
10	-140	0	0	0
10	-135	0	0	0
10	-130	0	0	0
10	-125	0	0	0
10	-120	0	0	0
10	-115	0	0	0
10	-110	0	0	0
10	-105	0	0	0
10	-100	0	0	0
10	-95	0	0	0
10	-90	0	0	0
10	-85	0	0	0
10	-80	0	0	0
10	-75	0	0	0
10	-70	0	0	0
10	-65	0	0	0
10	-60	0	0	0
10	-55	0	0	0
10	-50	0	0	0
10	-45	0	0	0
10	-40	0	0	0
10	-35	0	0	0
10	-30	0	0	0
10	-25	0	0	0
10	-20	0	0	0
10	-15	0	0	0
10	-10	0	0	0
10	-5	0	0	0
10	0	0	0	0
10	5	0	0	0
10	10	0	0	0
10	15	0	0	0
10	20	0	0	0
10	25	0	0	0
10	30	0	0	0
10	35	0	0	0
10	40	0	0	0
10	45	0	0	0
10	50	0	0	0
10	55	0	0	0
10	60	0	0	0
10	65	0	0	0
10	70	0	0	0
10	75	0	0	0
10	80	0	0	0
10	85	0	0	0
10	90	0	0	0
10	95	0	0	0
10	100	0	0	0
10	105	0	0	0
10	110	0	0	0
10	115	0	0	0
10	120	0	0	0
10	125	0	0	0
10	130	0	0	0
10	135	0	0	0
10	140	0	0	0
10	145	0	0	0
10	150	0	0	0
10	155	0	0	0
10	160	0	0	0
10	165	0	0	0
10	170	0	0	0
10	175	0	0	0
15	-180	0	0	0
15	-175	0	0	0
15	-170	0	0	0
15	-165	0	0	0
15	-160	0	0	0
15	-155	0	0	0
15	-150	0	0	0
15	-145	0	0	0
15	-140	0	0	0
15	-135	0	0	0
15	-130	0	0	0
15	-125	0	0	0
15	-120	0	0	0
15	-115	0	0	0
15	-110	0	0	0
15	-105	0	0	0
15	-100	0	0	0
15	-95	0	0	0
15	-90	0	0	0
15	-85	0	0	0
15	-80	0	0	0
15	-75	0	0	0
15	-70	0	0	0
15	-65	0	0	0
15	-60	0	0	0
15	-55	0	0	0
15	-50	0	0	0
15	-45	0	0	0
15	-40	0	0	0
15	-35	0	0	0
15	-30	0	0	0
15	-25	0	0	0
15	-20	0	0	0
15	-15	0	0	0
15	-10	0	0	0
15	-5	0	0	0
15	0	0	0	0
15	5	0	0	0
15	10	0	0	0
15	15	0	0	0
15	20	0	0	0
15	25	0	0	0
15	30	0	0	0
15	35	0	0	0
15	40	0	0	0
15	45	0	0	0
15	50	0	0	0
15	55	0	0	0
15	60	0	0	0
15	65	0	0	0
15	70	0	0	0
15	75	0	0	0
15	80	0	0	0
15	85	0	0	0
15	90	0	0	0
15	95	0	0	0
15	100	0	0	0
15	105	0	0	0
15	110	0	0	0
15	115	0	0	0
15	120	0	0	0
15	125	0	0	0
15	130	0	0	1
15	135	0	0	0
15	140	0	0	0
15	145	0	0	0
15	150	0	0	0
15	155	0	0	0
15	160	0	0	0
15	165	0	0	0
15	170	0	0	0
15	175	0	0	0
20	-180	0	0	0
20	-175	0	0	0
20	-170	0	0	0
20	-165	0	0	0
20	-160	0	0	0
20	-155	0	0	0
20	-150	0	0	0
20	-145	0	0	0
20	-140	0	0	0
20	-135	0	0	0
20	-130	0	0	0
20	-125	0	0	0
20	-120	0	0	0
20	-115	0	0	0
20	-110	0	0	0
20	-105	0	0	0
20	-100	0	0	0
20	-95	0	0	0
20	-90	0	0	0
20	-85	0	0	0
20	-80	0	0	0
20	-75	0	0	0
20	-70	0	0	0
20	-65	0	0	0
20	-60	0	0	0
20	-55	0	0	0
20	-50	0	0	0
20	-45	0	0	0
20	-40	0	0	0
20	-35	0	0	0
20	-30	0	0	0
20	-25	0	0	0
20	-20	0	0	0
20	-15	0	0	0
20	-10	0	0	0
20	-5	0	0	0
20	0	0	0	0
20	5	0	0	0
20	10	0	0	0
20	15	0	0	0
20	20	0	0	0
20	25	0	0	0
20	30	0	0	0
20	35	0	0	0
20	40	0	0	0
20	45	0	0	0
20	50	0	0	0
20	55	0	0	0
20	60	0	0	0
20	65	0	0	0
20	70	0	0	0
20	75	0	0	1
20	80	0	0	0
20	85	0	0	0
20	90	0	0	0
20	95	0	0	0
20	100	0	0	0
20	105	0	0	0
20	110	0	0	0
20	115	0	0	0
20	120	0	0	0
20	125	0	0	0
20	130	0	0	0
20	135	0	0	0
20	140	0	0	0
20	145	0	0	0
20	150	0	0	0
20	155	0	0	0
20	160	0	0	0
20	165	0	0	0
20	170	0	0	0
20	175	0	0	0
25	-180	0	0	0
25	-175	0	0	0
25	-170	0	0	0
25	-165	0	0	0
25	-160	0	0	0
25	-155	0	0	0
25	-150	0	0	0
25	-145	0	0	0
25	-140	0	0	0
25	-135	0	0	0
25	-130	0	0	0
25	-125	0	0	0
25	-120	0	0	0
25	-115	0	0	0
25	-110	0	0	0
25	-105	0	0	0
25	-100	0	0	0
25	-95	0	0	0
25	-90	0	0	0
25	-85	0	0	0
25	-80	0	0	0
25	-75	0	0	0
25	-70	0	0	0
25	-65	0	0	0
25	-60	0	0	0
25	-55	0	0	0
25	-50	0	0	0
25	-45	0	0	0
25	-40	0	0	0
25	-35	0	0	0
25	-30	0	0	0
25	-25	0	0	0
25	-20	0	0	0
25	-15	0	0	0
25	-10	0	0	0
25	-5	0	0	0
25	0	0	0	0
25	5	0	0	0
25	10	0	0	0
25	15	0	0	0
25	20	0	0	0
25	25	0	0	0
25	30	0	0	0
25	35	0	0	0
25	40	0	0	0
25	45	0	0	0
25	50	0	0	0
25	55	0	0	0
25	60	0	0	1
25	65	0	0	0
25	70	0	0	0
25	75	0	0	0
25	80	0	0	1
25	85	0	0	0
25	90	0	0	0
25	95	0	0	0
25	100	0	0	0
25	105	0	0	0
25	110	0	0	0
25	115	0	0	0
25	120	0	0	0
25	125	0	0	0
25	130	0	0	0
25	135	0	0	0
25	140	0	0	0
25	145	0	0	0
25	150	0	0	0
25	155	0	0	0
25	160	0	0	0
25	165	0	0	0
25	170	0	0	0
25	175	0	0	0
30	-180	0	0	0
30	-175	0	0	0
30	-170	0	0	0
30	-165	0	0	0
30	-160	0	0	0
30	-155	0	0	0
30	-150	0	0	0
30	-145	0	0	0
30	-140	0	0	0
30	-135	0	0	0
30	-130	0	0	0
30	-125	0	0	0
30	-120	0	0	0
30	-115	0	0	2
30	-110	0	0	0
30	-105	0	0	0
30	-100	0	0	0
30	-95	0	0	0
30	-90	0	0	0
30	-85	0	0	0
30	-80	0	0	0
30	-75	0	0	0
30	-70	0	0	0
30	-65	0	0	0
30	-60	0	0	0
30	-55	0	0	0
30	-50	0	0	0
30	-45	0	0	0
30	-40	0	0	0
30	-35	0	0	0
30	-30	0	0	0
30	-25	0	0	0
30	-20	0	0	0
30	-15	0	0	0
30	-10	0	0	0
30	-5	0	0	0
30	0	0	0	0
30	5	0	0	0
30	10	0	0	0
30	15	0	0	0
30	20	0	0	0
30	25	0	0	0
30	30	0	0	0
30	35	0	0	0
30	40	0	168.0	0
30	45	0	0	0
30	50	0	0	0
30	55	0	0	0
30	60	0	0	1
30	65	0	0	0
30	70	0	0	0
30	75	0	0	0
30	80	0	0	0
30	85	0	0	0
30	90	0	0	0
30	95	0	0	0
30	100	0	0	0
30	105	0	0	0
30	110	0	0	0
30	115	0	0	0
30	120	0	0	0
30	125	0	0	0
30	130	0	0	0
30	135	0	0	0
30	140	0	0	0
30	145	0	0	0
30	150	0	0	0
30	155	0	0	0
30	160	0	0	0
30	165	0	0	0
30	170	0	0	0
30	175	0	0	0
35	-180	0	0	0
35	-175	0	0	0
35	-170	0	0	0
35	-165	0	0	0
35	-160	0	0	0
35	-155	0	0	0
35	-150	0	0	0
35	-145	0	0	0
35	-140	0	0	0
35	-135	0	0	0
35	-130	0	0	1
35	-125	0	0	0
35	-120	0	0	0
35	-115	0	0	2
35	-110	0	0	0
35	-105	0	0	0
35	-100	0	0	0
35	-95	0	0	0
35	-90	0	0	0
35	-85	0	0	0
35	-80	0	0	0
35	-75	0	0	0
35	-70	0	0	0
35	-65	0	0	0
35	-60	0	0	0
35	-55	0	0	0
35	-50	0	0	0
35	-45	0	0	0
35	-40	0	0	0
35	-35	0	0	0
35	-30	0	0	0
35	-25	0	0	0
35	-20	0	0	0
35	-15	0	0	0
35	-10	0	0	0
35	-5	0	0	0
35	0	0	0	0
35	5	0	0	0
35	10	0	0	0
35	15	0	0	0
35	20	0	0	0
35	25	0	0	0
35	30	0	0	0
35	35	0	169.0	0
35	40	0	167.0	1
35	45	0	0	1
35	50	0	0	2
35	55	0	0	0
35	60	0	0	0
35	65	0	0	1
35	70	0	0	0
35	75	0	0	0
35	80	0	0	0
35	85	0	0	0
35	90	0	0	0
35	95	0	0	0
35	100	0	0	0
35	105	0	0	1
35	110	0	0	0
35	115	0	0	0
35	120	0	0	0
35	125	0	0	0
35	130	0	0	0
35	135	0	0	0
35	140	0	0	0
35	145	0	0	0
35	150	0	0	0
35	155	0	0	0
35	160	0	0	0
35	165	0	0	0
35	170	0	0	0
35	175	0	0	0
40	-180	0	0	0
40	-175	0	0	0
40	-170	0	0	0
40	-165	0	0	0
40	-160	0	0	0
40	-155	0	0	0
40	-150	0	0	0
40	-145	0	0	0
40	-140	0	0	0
40	-135	0	0	0
40	-130	0	0	0
40	-125	0	0	0
40	-120	0	0	0
40	-115	0	0	1
40	-110	0	0	0
40	-105	0	0	0
40	-100	0	0	0
40	-95	0	0	0
40	-90	0	0	0
40	-85	0	0	0
40	-80	0	0	0
40	-75	0	0	0
40	-70	0	0	0
40	-65	0	0	0
40	-60	0	0	0
40	-55	0	0	0
40	-50	0	0	0
40	-45	0	0	0
40	-40	0	0	0
40	-35	0	0	0
40	-30	0	0	0
40	-25	0	0	0
40	-20	0	0	0
40	-15	0	0	0
40	-10	0	0	0
40	-5	0	0	0
40	0	0	0	0
40	5	0	0	0
40	10	0	0	0
40	15	0	0	0
40	20	0	0	0
40	25	0	0	0
40	30	0	168.0	1
40	35	0	168.0	0
40	40	0	166.0	1
40	45	0	0	0
40	50	0	0	0
40	55	0	0	2
40	60	0	0	1
40	65	0	0	1
40	70	0	0	0
40	75	0	0	1
40	80	0	0	0
40	85	0	0	0
40	90	0	0	0
40	95	0	0	0
40	100	0	0	0
40	105	0	0	0
40	110	0	0	0
40	115	0	0	0
40	120	0	0	0
40	125	0	0	0
40	130	0	0	0
40	135	0	0	0
40	140	0	0	0
40	145	0	0	0
40	150	0	0	0
40	155	0	0	0
40	160	0	0	0
40	165	0	0	0
40	170	0	0	0
40	175	0	0	0
45	-180	0	0	0
45	-175	0	0	0
45	-170	0	0	0
45	-165	0	0	0
45	-160	0	0	0
45	-155	0	0	0
45	-150	0	0	0
45	-145	0	0	0
45	-140	0	0	0
45	-135	0	0	1
45	-130	0	0	0
45	-125	0	0	0
45	-120	0	0	0
45	-115	0	0	0
45	-110	0	0	0
45	-105	0	0	0
45	-100	0	0	0
45	-95	0	0	0
45	-90	0	0	0
45	-85	0	0	0
45	-80	0	0	0
45	-75	0	0	0
45	-70	0	0	0
45	-65	0	0	0
45	-60	0	0	0
45	-55	0	0	0
45	-50	0	0	0
45	-45	0	0	0
45	-40	0	0	0
45	-35	0	0	0
45	-30	0	0	0
45	-25	0	0	0
45	-20	0	0	0
45	-15	0	0	0
45	-10	0	0	0
45	-5	0	0	0
45	0	0	0	0
45	5	0	0	0
45	10	0	0	0
45	15	0	0	0
45	20	0	0	0
45	25	0	168.0	0
45	30	0	168.0	0
45	35	85.0	166.0	2
45	40	71.0	165.0	2
45	45	0	0	2
45	50	0	0	0
45	55	0	0	0
45	60	0	0	2
45	65	0	0	0
45	70	0	0	0
45	75	0	0	0
45	80	0	0	0
45	85	0	0	0
45	90	0	0	0
45	95	0	0	0
45	100	0	0	0
45	105	0	0	0
45	110	0	0	0
45	115	0	0	0
45	120	0	0	0
45	125	0	0	0
45	130	0	0	0
45	135	0	0	0
45	140	0	0	0
45	145	0	0	0
45	150	0	0	0
45	155	0	0	0
45	160	0	0	0
45	165	0	0	0
45	170	0	0	0
45	175	0	0	0
50	-180	0	0	0
50	-175	0	0	0
50	-170	0	0	1
50	-165	0	0	0
50	-160	0	0	0
50	-155	0	0	0
50	-150	0	0	0
50	-145	0	0	0
50	-140	0	0	0
50	-135	0	0	0
50	-130	0	0	0
50	-125	0	0	0
50	-120	0	0	0
50	-115	0	0	0
50	-110	0	0	0
50	-105	0	0	0
50	-100	0	0	0
50	-95	0	0	0
50	-90	0	0	0
50	-85	0	0	0
50	-80	0	0	0
50	-75	0	0	0
50	-70	0	0	0
50	-65	0	0	0
50	-60	0	0	0
50	-55	0	0	0
50	-50	0	0	0
50	-45	0	0	0
50	-40	0	0	0
50	-35	0	0	0
50	-30	0	0	0
50	-25	0	0	0
50	-20	0	0	0
50	-15	0	0	0
50	-10	0	0	0
50	-5	0	0	0
50	0	0	174.0	0
50	5	0	0	0
50	10	0	0	0
50	15	0	0	0
50	20	93.0	170.0	1
50	25	0	169.0	0
50	30	0	168.0	0
50	35	71.0	166.0	2
50	40	113.0	166.0	4
50	45	6.0	163.0	1
50	50	54.0	162.0	2
50	55	0	162.0	0
50	60	69.0	161.0	1
50	65	0	0	1
50	70	0	0	0
50	75	0	0	1
50	80	0	0	0
50	85	0	0	0
50	90	0	0	0
50	95	0	0	0
50	100	0	0	0
50	105	0	0	0
50	110	0	0	1
50	115	0	0	0
50	120	0	0	0
50	125	0	0	0
50	130	0	0	0
50	135	0	0	0
50	140	0	0	1
50	145	0	0	0
50	150	0	0	0
50	155	0	0	0
50	160	0	0	0
50	165	0	0	0
50	170	0	0	0
50	175	0	0	0
55	-180	0	0	0
55	-175	0	0	0
55	-170	0	0	0
55	-165	0	0	0
55	-160	0	0	0
55	-155	0	0	0
55	-150	0	0	0
55	-145	0	0	0
55	-140	0	0	0
55	-135	0	0	0
55	-130	0	0	0
55	-125	0	0	0
55	-120	0	0	0
55	-115	0	0	0
55	-110	0	0	0
55	-105	0	0	0
55	-100	0	0	0
55	-95	0	0	0
55	-90	0	0	0
55	-85	0	0	0
55	-80	0	0	0
55	-75	0	0	0
55	-70	0	0	0
55	-65	0	0	0
55	-60	0	0	0
55	-55	0	0	0
55	-50	0	0	0
55	-45	0	0	0
55	-40	0	0	0
55	-35	0	0	0
55	-30	0	0	0
55	-25	0	0	0
55	-20	0	0	0
55	-15	0	0	0
55	-10	0	175.0	0
55	-5	0	175.0	0
55	0	86.0	173.0	1
55	5	0	172.0	0
55	10	0	0	0
55	15	36.0	170.0	1
55	20	154.0	169.0	3
55	25	0	167.0	0
55	30	0	166.0	0
55	35	137.0	165.0	4
55	40	0	163.0	0
55	45	0	161.0	0
55	50	66.0	161.0	1
55	55	0	160.0	0
55	60	0	0	0
55	65	0	0	0
55	70	0	0	1
55	75	0	0	0
55	80	0	0	0
55	85	0	0	0
55	90	0	0	0
55	95	0	0	0
55	100	0	0	0
55	105	0	0	0
55	110	0	0	0
55	115	0	0	0
55	120	0	0	0
55	125	0	0	0
55	130	0	0	0
55	135	0	0	0
55	140	0	0	0
55	145	0	0	0
55	150	0	0	0
55	155	0	0	0
55	160	0	0	0
55	165	0	0	0
55	170	0	0	0
55	175	0	0	0
60	-180	0	0	0
60	-175	0	0	0
60	-170	0	0	0
60	-165	0	0	0
60	-160	0	0	0
60	-155	0	0	0
60	-150	0	0	0
60	-145	0	0	0
60	-140	0	0	0
60	-135	0	0	0
60	-130	0	0	0
60	-125	0	0	0
60	-120	0	0	0
60	-115	0	0	0
60	-110	0	0	0
60	-105	0	0	0
60	-100	0	0	0
60	-95	0	0	0
60	-90	0	0	0
60	-85	0	0	0
60	-80	0	0	0
60	-75	0	0	0
60	-70	0	0	0
60	-65	0	0	0
60	-60	0	0	1
60	-55	0	0	0
60	-50	0	0	0
60	-45	0	0	1
60	-40	0	0	0
60	-35	0	0	1
60	-30	0	0	0
60	-25	0	0	0
60	-20	0	0	0
60	-15	0	175.0	0
60	-10	0	175.0	0
60	-5	0	174.0	0
60	0	0	172.0	0
60	5	0	172.0	0
60	10	0	0	1
60	15	0	0	0
60	20	0	0	0
60	25	0	0	3
60	30	0	0	0
60	35	0	164.0	0
60	40	0	162.0	0
60	45	132.0	160.0	1
60	50	0	160.0	0
60	55	0	0	0
60	60	0	0	0
60	65	0	0	0
60	70	0	0	1
60	75	0	0	0
60	80	0	0	0
60	85	0	0	0
60	90	0	0	0
60	95	0	0	0
60	100	0	0	0
60	105	0	0	0
60	110	0	0	0
60	115	0	0	0
60	120	0	0	0
60	125	0	0	0
60	130	0	0	0
60	135	0	0	0
60	140	0	0	0
60	145	0	0	0
60	150	0	0	0
60	155	0	0	0
60	160	0	0	0
60	165	0	0	2
60	170	0	0	0
60	175	0	0	1
65	-180	0	0	0
65	-175	0	0	0
65	-170	0	0	0
65	-165	0	0	0
65	-160	0	0	0
65	-155	0	0	0
65	-150	0	0	0
65	-145	0	0	0
65	-140	0	0	0
65	-135	0	0	0
65	-130	0	0	0
65	-125	0	0	0
65	-120	0	0	0
65	-115	0	0	0
65	-110	0	0	0
65	-105	0	0	0
65	-100	0	0	0
65	-95	0	0	0
65	-90	0	0	0
65	-85	0	0	0
65	-80	0	0	0
65	-75	0	0	0
65	-70	0	0	0
65	-65	0	0	2
65	-60	0	0	0
65	-55	0	0	0
65	-50	0	0	0
65	-45	0	0	0
65	-40	0	0	0
65	-35	0	0	0
65	-30	0	0	0
65	-25	0	0	0
65	-20	0	173.0	0
65	-15	0	172.0	0
65	-10	0	171.0	0
65	-5	66.0	171.0	2
65	0	0	169.0	0
65	5	0	169.0	0
65	10	0	0	1
65	15	0	0	0
65	20	0	0	1
65	25	0	0	0
65	30	0	0	0
65	35	0	162.0	0
65	40	0	161.0	0
65	45	0	160.0	0
65	50	0	0	1
65	55	0	0	0
65	60	0	0	1
65	65	0	0	1
65	70	0	0	0
65	75	0	0	0
65	80	0	0	0
65	85	0	0	1
65	90	0	0	0
65	95	0	0	0
65	100	0	0	0
65	105	0	0	0
65	110	0	0	0
65	115	0	0	0
65	120	0	0	0
65	125	0	0	0
65	130	0	0	0
65	135	0	0	0
65	140	0	0	0
65	145	0	0	0
65	150	0	0	0
65	155	0	0	1
65	160	0	0	1
65	165	0	0	1
65	170	0	0	2
65	175	0	0	0
70	-180	0	0	0
70	-175	0	0	0
70	-170	0	0	0
70	-165	0	0	0
70	-160	0	0	0
70	-155	0	0	0
70	-150	0	0	0
70	-145	0	0	0
70	-140	0	0	0
70	-135	0	0	0
70	-130	0	0	0
70	-125	0	0	0
70	-120	0	0	0
70	-115	0	0	0
70	-110	0	0	0
70	-105	0	0	0
70	-100	0	0	0
70	-95	0	0	0
70	-90	0	0	0
70	-85	0	0	0
70	-80	0	0	0
70	-75	0	0	0
70	-70	0	0	2
70	-65	0	0	2
70	-60	0	0	2
70	-55	0	0	2
70	-50	0	0	0
70	-45	0	0	0
70	-40	0	0	0
70	-35	0	0	0
70	-30	0	0	0
70	-25	0	173.0	0
70	-20	0	172.0	0
70	-15	0	172.0	0
70	-10	107.0	171.0	2
70	-5	145.0	170.0	3
70	0	140.0	169.0	5
70	5	118.0	168.0	2
70	10	0	167.0	0
70	15	0	166.0	0
70	20	96.0	165.0	1
70	25	0	0	0
70	30	0	0	1
70	35	0	161.0	0
70	40	0	160.0	0
70	45	0	0	0
70	50	0	0	0
70	55	0	0	0
70	60	0	0	0
70	65	0	0	1
70	70	0	0	0
70	75	0	0	0
70	80	0	0	0
70	85	0	0	0
70	90	0	0	0
70	95	0	0	0
70	100	0	0	0
70	105	0	0	0
70	110	0	0	0
70	115	0	0	0
70	120	0	0	0
70	125	0	0	0
70	130	0	0	0
70	135	0	0	1
70	140	0	0	0
70	145	0	0	0
70	150	0	0	0
70	155	0	0	3
70	160	0	0	0
70	165	0	0	2
70	170	0	0	0
70	175	0	0	1
75	-180	0	0	0
75	-175	0	0	0
75	-170	0	0	0
75	-165	0	0	0
75	-160	0	0	0
75	-155	0	0	0
75	-150	0	0	0
75	-145	0	0	0
75	-140	0	0	0
75	-135	0	0	0
75	-130	0	0	0
75	-125	0	0	0
75	-120	0	0	0
75	-115	0	0	0
75	-110	0	0	0
75	-105	0	0	0
75	-100	0	0	0
75	-95	0	0	0
75	-90	0	0	0
75	-85	0	0	0
75	-80	0	0	0
75	-75	0	0	0
75	-70	0	0	0
75	-65	0	0	1
75	-60	0	0	1
75	-55	0	0	0
75	-50	0	0	0
75	-45	0	0	0
75	-40	0	0	0
75	-35	0	0	0
75	-30	0	175.0	0
75	-25	0	174.0	0
75	-20	0	172.0	0
75	-15	0	173.0	0
75	-10	111.0	171.0	6
75	-5	123.0	171.0	3
75	0	86.0	170.0	5
75	5	90.0	168.0	4
75	10	0	168.0	0
75	15	0	167.0	0
75	20	0	166.0	0
75	25	0	164.0	0
75	30	0	0	0
75	35	0	162.0	0
75	40	0	0	0
75	45	0	0	0
75	50	0	0	0
75	55	0	0	0
75	60	0	0	0
75	65	0	0	0
75	70	0	0	0
75	75	0	0	0
75	80	0	0	0
75	85	0	0	1
75	90	0	0	0
75	95	0	0	0
75	100	0	0	0
75	105	0	0	0
75	110	0	0	0
75	115	0	0	0
75	120	0	0	0
75	125	0	0	0
75	130	0	0	0
75	135	0	0	0
75	140	0	0	0
75	145	0	0	0
75	150	0	0	0
75	155	0	0	2
75	160	0	0	1
75	165	0	0	0
75	170	0	0	0
75	175	0	0	0
80	-180	0	0	0
80	-175	0	0	0
80	-170	0	0	0
80	-165	0	0	0
80	-160	0	0	0
80	-155	0	0	0
80	-150	0	0	0
80	-145	0	0	0
80	-140	0	0	0
80	-135	0	0	0
80	-130	0	0	0
80	-125	0	0	0
80	-120	0	0	0
80	-115	0	0	0
80	-110	0	0	0
80	-105	0	0	0
80	-100	0	0	0
80	-95	0	0	0
80	-90	0	0	0
80	-85	0	0	0
80	-80	0	0	0
80	-75	0	0	0
80	-70	0	0	0
80	-65	0	0	0
80	-60	0	0	0
80	-55	0	0	0
80	-50	0	0	0
80	-45	0	0	0
80	-40	0	0	0
80	-35	0	0	0
80	-30	0	0	0
80	-25	0	0	0
80	-20	0	0	0
80	-15	0	0	0
80	-10	103.0	173.0	1
80	-5	0	171.0	0
80	0	64.0	170.0	1
80	5	0	170.0	0
80	10	0	168.0	0
80	15	0	167.0	0
80	20	0	167.0	0
80	25	0	0	0
80	30	0	0	0
80	35	0	0	0
80	40	0	0	0
80	45	0	0	0
80	50	0	0	0
80	55	0	0	0
80	60	0	0	0
80	65	0	0	0
80	70	0	0	0
80	75	0	0	0
80	80	0	0	0
80	85	0	0	0
80	90	0	0	0
80	95	0	0	0
80	100	0	0	0
80	105	0	0	0
80	110	0	0	0
80	115	0	0	0
80	120	0	0	0
80	125	0	0	0
80	130	0	0	0
80	135	0	0	1
80	140	0	0	1
80	145	0	0	1
80	150	0	0	2
80	155	0	0	0
80	160	0	0	0
80	165	0	0	0
80	170	0	0	0
80	175	0	0	0
85	-180	0	0	0
85	-175	0	0	0
85	-170	0	0	0
85	-165	0	0	0
85	-160	0	0	0
85	-155	0	0	0
85	-150	0	0	0
85	-145	0	0	0
85	-140	0	0	0
85	-135	0	0	0
85	-130	0	0	0
85	-125	0	0	0
85	-120	0	0	0
85	-115	0	0	0
85	-110	0	0	0
85	-105	0	0	0
85	-100	0	0	0
85	-95	0	0	0
85	-90	0	0	0
85	-85	0	0	0
85	-80	0	0	0
85	-75	0	0	0
85	-70	0	0	0
85	-65	0	0	0
85	-60	0	0	0
85	-55	0	0	0
85	-50	0	0	0
85	-45	0	0	0
85	-40	0	0	0
85	-35	0	0	0
85	-30	0	0	0
85	-25	0	0	0
85	-20	0	0	0
85	-15	0	0	1
85	-10	0	171.0	0
85	-5	0	168.0	0
85	0	0	168.0	0
85	5	0	168.0	0
85	10	0	166.0	0
85	15	0	165.0	0
85	20	0	0	0
85	25	0	0	0
85	30	0	0	0
85	35	0	0	0
85	40	0	0	0
85	45	0	0	0
85	50	0	0	0
85	55	0	0	0
85	60	0	0	0
85	65	0	0	0
85	70	0	0	0
85	75	0	0	0
85	80	0	0	0
85	85	0	0	0
85	90	0	0	0
85	95	0	0	0
85	100	0	0	0
85	105	0	0	0
85	110	0	0	0
85	115	0	0	0
85	120	0	0	0
85	125	0	0	0
85	130	0	0	0
85	135	0	0	0
85	140	0	0	0
85	145	0	0	0
85	150	0	0	0
85	155	0	0	0
85	160	0	0	0
85	165	0	0	0
85	170	0	0	0
85	175	0	0	0
90	-180	0	0	0
90	-175	0	0	0
90	-170	0	0	0
90	-165	0	0	0
90	-160	0	0	0
90	-155	0	0	0
90	-150	0	0	0
90	-145	0	0	0
90	-140	0	0	0
90	-135	0	0	0
90	-130	0	0	0
90	-125	0	0	0
90	-120	0	0	0
90	-115	0	0	0
90	-110	0	0	0
90	-105	0	0	0
90	-100	0	0	0
90	-95	0	0	0
90	-90	0	0	0
90	-85	0	0	0
90	-80	0	0	0
90	-75	0	0	0
90	-70	0	0	0
90	-65	0	0	0
90	-60	0	0	0
90	-55	0	0	0
90	-50	0	0	0
90	-45	0	0	0
90	-40	0	0	0
90	-35	0	0	0
90	-30	0	0	0
90	-25	0	0	0
90	-20	0	0	0
90	-15	0	0	1
90	-10	0	170.0	0
90	-5	0	169.0	0
90	0	0	169.0	0
90	5	0	167.0	0
90	10	0	167.0	0
90	15	0	0	0
90	20	0	0	0
90	25	0	0	0
90	30	0	0	0
90	35	0	0	0
90	40	0	0	0
90	45	0	0	0
90	50	0	0	0
90	55	0	0	0
90	60	0	0	0
90	65	0	0	0
90	70	0	0	0
90	75	0	0	0
90	80	0	0	0
90	85	0	0	0
90	90	0	0	0
90	95	0	0	0
90	100	0	0	0
90	105	0	0	0
90	110	0	0	0
90	115	0	0	0
90	120	0	0	0
90	125	0	0	1
90	130	0	0	0
90	135	0	0	0
90	140	0	0	0
90	145	0	0	0
90	150	0	0	0
90	155	0	0	0
90	160	0	0	0
90	165	0	0	0
90	170	0	0	0
90	175	0	0	0
95	-180	0	0	0
95	-175	0	0	0
95	-170	0	0	0
95	-165	0	0	0
95	-160	0	0	0
95	-155	0	0	0
95	-150	0	0	0
95	-145	0	0	0
95	-140	0	0	0
95	-135	0	0	0
95	-130	0	0	0
95	-125	0	0	0
95	-120	0	0	0
95	-115	0	0	0
95	-110	0	0	0
95	-105	0	0	0
95	-100	0	0	0
95	-95	0	0	0
95	-90	0	0	0
95	-85	0	0	0
95	-80	0	0	0
95	-75	0	0	0
95	-70	0	0	0
95	-65	0	0	0
95	-60	0	0	0
95	-55	0	0	0
95	-50	0	0	0
95	-45	0	0	0
95	-40	0	0	0
95	-35	0	0	0
95	-30	0	0	0
95	-25	0	0	1
95	-20	0	0	0
95	-15	0	0	0
95	-10	0	169.0	0
95	-5	0	0	0
95	0	0	168.0	0
95	5	0	167.0	0
95	10	0	0	0
95	15	0	0	0
95	20	0	0	0
95	25	0	0	0
95	30	0	0	0
95	35	0	0	0
95	40	0	0	0
95	45	0	0	0
95	50	0	0	0
95	55	0	0	0
95	60	0	0	0
95	65	0	0	0
95	70	0	0	0
95	75	0	0	0
95	80	0	0	0
95	85	0	0	0
95	90	0	0	0
95	95	0	0	0
95	100	0	0	0
95	105	0	0	0
95	110	0	0	0
95	115	0	0	0
95	120	0	0	0
95	125	0	0	0
95	130	0	0	0
95	135	0	0	0
95	140	0	0	0
95	145	0	0	0
95	150	0	0	0
95	155	0	0	0
95	160	0	0	0
95	165	0	0	0
95	170	0	0	0
95	175	0	0	0
100	-180	0	0	0
100	-175	0	0	0
100	-170	0	0	0
100	-165	0	0	0
100	-160	0	0	0
100	-155	0	0	0
100	-150	0	0	0
100	-145	0	0	0
100	-140	0	0	0
100	-135	0	0	0
100	-130	0	0	0
100	-125	0	0	0
100	-120	0	0	0
100	-115	0	0	0
100	-110	0	0	0
100	-105	0	0	0
100	-100	0	0	0
100	-95	0	0	0
100	-90	0	0	0
100	-85	0	0	0
100	-80	0	0	0
100	-75	0	0	0
100	-70	0	0	0
100	-65	0	0	0
100	-60	0	0	0
100	-55	0	0	0
100	-50	0	0	0
100	-45	0	0	0
100	-40	0	0	0
100	-35	0	0	0
100	-30	0	0	0
100	-25	0	0	0
100	-20	0	0	0
100	-15	0	0	0
100	-10	0	0	0
100	-5	0	0	0
100	0	0	0	0
100	5	0	0	0
100	10	0	0	0
100	15	0	0	0
100	20	0	0	0
100	25	0	0	0
100	30	0	0	0
100	35	0	0	0
100	40	0	0	0
100	45	0	0	0
100	50	0	0	0
100	55	0	0	0
100	60	0	0	0
100	65	0	0	0
100	70	0	0	0
100	75	0	0	0
100	80	0	0	0
100	85	0	0	0
100	90	0	0	0
100	95	0	0	0
100	100	0	0	0
100	105	0	0	0
100	110	0	0	0
100	115	0	0	0
100	120	0	0	0
100	125	0	0	0
100	130	0	0	0
100	135	0	0	0
100	140	0	0	0
100	145	0	0	0
100	150	0	0	0
100	155	0	0	0
100	160	0	0	0
100	165	0	0	0
100	170	0	0	0
100	175	0	0	0
105	-180	0	0	0
105	-175	0	0	0
105	-170	0	0	0
105	-165	0	0	0
105	-160	0	0	0
105	-155	0	0	0
105	-150	0	0	0
105	-145	0	0	0
105	-140	0	0	0
105	-135	0	0	0
105	-130	0	0	0
105	-125	0	0	0
105	-120	0	0	0
105	-115	0	0	0
105	-110	0	0	0
105	-105	0	0	0
105	-100	0	0	0
105	-95	0	0	0
105	-90	0	0	0
105	-85	0	0	0
105	-80	0	0	0
105	-75	0	0	0
105	-70	0	0	0
105	-65	0	0	0
105	-60	0	0	0
105	-55	0	0	0
105	-50	0	0	0
105	-45	0	0	0
105	-40	0	0	0
105	-35	0	0	0
105	-30	0	0	0
105	-25	0	0	0
105	-20	0	0	0
105	-15	0	0	0
105	-10	0	0	0
105	-5	0	0	0
105	0	0	0	0
105	5	0	0	0
105	10	0	0	0
105	15	0	0	0
105	20	0	0	0
105	25	0	0	0
105	30	0	0	0
105	35	0	0	0
105	40	0	0	0
105	45	0	0	0
105	50	0	0	0
105	55	0	0	0
105	60	0	0	0
105	65	0	0	0
105	70	0	0	0
105	75	0	0	0
105	80	0	0	0
105	85	0	0	0
105	90	0	0	0
105	95	0	0	0
105	100	0	0	0
105	105	0	0	0
105	110	0	0	0
105	115	0	0	0
105	120	0	0	0
105	125	0	0	0
105	130	0	0	0
105	135	0	0	0
105	140	0	0	0
105	145	0	0	0
105	150	0	0	0
105	155	0	0	0
105	160	0	0	0
105	165	0	0	0
105	170	0	0	0
105	175	0	0	0
110	-180	0	0	0
110	-175	0	0	0
110	-170	0	0	0
110	-165	0	0	0
110	-160	0	0	0
110	-155	0	0	0
110	-150	0	0	0
110	-145	0	0	0
110	-140	0	0	0
110	-135	0	0	0
110	-130	0	0	0
110	-125	0	0	0
110	-120	0	0	0
110	-115	0	0	0
110	-110	0	0	0
110	-105	0	0	0
110	-100	0	0	0
110	-95	0	0	0
110	-90	0	0	0
110	-85	0	0	0
110	-80	0	0	0
110	-75	0	0	0
110	-70	0	0	0
110	-65	0	0	0
110	-60	0	0	0
110	-55	0	0	0
110	-50	0	0	0
110	-45	0	0	0
110	-40	0	0	0
110	-35	0	0	0
110	-30	0	0	0
110	-25	0	0	0
110	-20	0	0	0
110	-15	0	0	0
110	-10	0	0	0
110	-5	0	0	0
110	0	0	0	0
110	5	0	0	0
110	10	0	0	0
110	15	0	0	0
110	20	0	0	0
110	25	0	0	0
110	30	0	0	0
110	35	0	0	0
110	40	0	0	0
110	45	0	0	0
110	50	0	0	0
110	55	0	0	0
110	60	0	0	0
110	65	0	0	0
110	70	0	0	0
110	75	0	0	0
110	80	0	0	0
110	85	0	0	0
110	90	0	0	0
110	95	0	0	0
110	100	0	0	0
110	105	0	0	0
110	110	0	0	0
110	115	0	0	0
110	120	0	0	0
110	125	0	0	0
110	130	0	0	0
110	135	0	0	0
110	140	0	0	0
110	145	0	0	0
110	150	0	0	0
110	155	0	0	0
110	160	0	0	0
110	165	0	0	0
110	170	0	0	0
110	175	0	0	0
115	-180	0	0	0
115	-175	0	0	0
115	-170	0	0	0
115	-165	0	0	0
115	-160	0	0	0
115	-155	0	0	0
115	-150	0	0	0
115	-145	0	0	0
115	-140	0	0	0
115	-135	0	0	0
115	-130	0	0	0
115	-125	0	0	0
115	-120	0	0	0
115	-115	0	0	0
115	-110	0	0	0
115	-105	0	0	0
115	-100	0	0	0
115	-95	0	0	0
115	-90	0	0	0
115	-85	0	0	0
115	-80	0	0	0
115	-75	0	0	0
115	-70	0	0	0
115	-65	0	0	0
115	-60	0	0	0
115	-55	0	0	0
115	-50	0	0	0
115	-45	0	0	0
115	-40	0	0	0
115	-35	0	0	0
115	-30	0	0	0
115	-25	0	0	0
115	-20	0	0	0
115	-15	0	0	0
115	-10	0	0	0
115	-5	0	0	0
115	0	0	0	0
115	5	0	0	0
115	10	0	0	0
115	15	0	0	0
115	20	0	0	0
115	25	0	0	0
115	30	0	0	0
115	35	0	0	0
115	40	0	0	0
115	45	0	0	0
115	50	0	0	0
115	55	0	0	0
115	60	0	0	0
115	65	0	0	0
115	70	0	0	0
115	75	0	0	0
115	80	0	0	0
115	85	0	0	0
115	90	0	0	0
115	95	0	0	0
115	100	0	0	0
115	105	0	0	0
115	110	0	0	0
115	115	0	0	0
115	120	0	0	0
115	125	0	0	0
115	130	0	0	0
115	135	0	0	0
115	140	0	0	0
115	145	0	0	0
115	150	0	0	0
115	155	0	0	0
115	160	0	0	0
115	165	0	0	0
115	170	0	0	0
115	175	0	0	0
120	-180	0	0	0
120	-175	0	0	0
120	-170	0	0	0
120	-165	0	0	0
120	-160	0	0	0
120	-155	0	0	0
120	-150	0	0	0
120	-145	0	0	0
120	-140	0	0	0
120	-135	0	0	0
120	-130	0	0	0
120	-125	0	0	0
120	-120	0	0	0
120	-115	0	0	0
120	-110	0	0	0
120	-105	0	0	0
120	-100	0	0	0
120	-95	0	0	0
120	-90	0	0	0
120	-85	0	0	0
120	-80	0	0	0
120	-75	0	0	0
120	-70	0	0	0
120	-65	0	0	0
120	-60	0	0	0
120	-55	0	0	0
120	-50	0	0	0
120	-45	0	0	0
120	-40	0	0	0
120	-35	0	0	0
120	-30	0	0	0
120	-25	0	0	0
120	-20	0	0	0
120	-15	0	0	0
120	-10	0	0	0
120	-5	0	0	0
120	0	0	0	0
120	5	0	0	0
120	10	0	0	0
120	15	0	0	0
120	20	0	0	0
120	25	0	0	0
120	30	0	0	0
120	35	0	0	0
120	40	0	0	0
120	45	0	0	0
120	50	0	0	0
120	55	0	0	0
120	60	0	0	0
120	65	0	0	0
120	70	0	0	0
120	75	0	0	0
120	80	0	0	0
120	85	0	0	0
120	90	0	0	0
120	95	0	0	0
120	100	0	0	0
120	105	0	0	0
120	110	0	0	0
120	115	0	0	0
120	120	0	0	0
120	125	0	0	0
120	130	0	0	0
120	135	0	0	0
120	140	0	0	0
120	145	0	0	0
120	150	0	0	0
120	155	0	0	0
120	160	0	0	0
120	165	0	0	0
120	170	0	0	0
120	175	0	0	0
125	-180	0	0	0
125	-175	0	0	0
125	-170	0	0	0
125	-165	0	0	0
125	-160	0	0	0
125	-155	0	0	0
125	-150	0	0	0
125	-145	0	0	0
125	-140	0	0	0
125	-135	0	0	0
125	-130	0	0	0
125	-125	0	0	0
125	-120	0	0	0
125	-115	0	0	0
125	-110	0	0	0
125	-105	0	0	0
125	-100	0	0	0
125	-95	0	0	0
125	-90	0	0	0
125	-85	0	0	0
125	-80	0	0	0
125	-75	0	0	0
125	-70	0	0	0
125	-65	0	0	0
125	-60	0	0	0
125	-55	0	0	0
125	-50	0	0	0
125	-45	0	0	0
125	-40	0	0	0
125	-35	0	0	0
125	-30	0	0	0
125	-25	0	0	0
125	-20	0	0	0
125	-15	0	0	0
125	-10	0	0	0
125	-5	0	0	0
125	0	0	0	0
125	5	0	0	0
125	10	0	0	0
125	15	0	0	0
125	20	0	0	0
125	25	0	0	0
125	30	0	0	0
125	35	0	0	0
125	40	0	0	0
125	45	0	0	0
125	50	0	0	0
125	55	0	0	0
125	60	0	0	0
125	65	0	0	0
125	70	0	0	0
125	75	0	0	0
125	80	0	0	0
125	85	0	0	0
125	90	0	0	0
125	95	0	0	0
125	100	0	0	0
125	105	0	0	0
125	110	0	0	0
125	115	0	0	0
125	120	0	0	0
125	125	0	0	0
125	130	0	0	0
125	135	0	0	0
125	140	0	0	0
125	145	0	0	0
125	150	0	0	0
125	155	0	0	0
125	160	0	0	0
125	165	0	0	0
125	170	0	0	0
125	175	0	0	0
130	-180	0	0	0
130	-175	0	0	0
130	-170	0	0	0
130	-165	0	0	0
130	-160	0	0	0
130	-155	0	0	0
130	-150	0	0	0
130	-145	0	0	0
130	-140	0	0	0
130	-135	0	0	0
130	-130	0	0	0
130	-125	0	0	0
130	-120	0	0	0
130	-115	0	0	0
130	-110	0	0	0
130	-105	0	0	0
130	-100	0	0	0
130	-95	0	0	0
130	-90	0	0	0
130	-85	0	0	0
130	-80	0	0	0
130	-75	0	0	0
130	-70	0	0	0
130	-65	0	0	0
130	-60	0	0	0
130	-55	0	0	0
130	-50	0	0	0
130	-45	0	0	0
130	-40	0	0	0
130	-35	0	0	0
130	-30	0	0	0
130	-25	0	0	0
130	-20	0	0	0
130	-15	0	0	0
130	-10	0	0	0
130	-5	0	0	0
130	0	0	0	0
130	5	0	0	0
130	10	0	0	0
130	15	0	0	0
130	20	0	0	0
130	25	0	0	0
130	30	0	0	0
130	35	0	0	0
130	40	0	0	0
130	45	0	0	0
130	50	0	0	0
130	55	0	0	0
130	60	0	0	0
130	65	0	0	0
130	70	0	0	0
130	75	0	0	0
130	80	0	0	0
130	85	0	0	0
130	90	0	0	0
130	95	0	0	0
130	100	0	0	0
130	105	0	0	0
130	110	0	0	0
130	115	0	0	0
130	120	0	0	0
130	125	0	0	0
130	130	0	0	0
130	135	0	0	0
130	140	0	0	0
130	145	0	0	0
130	150	0	0	0
130	155	0	0	0
130	160	0	0	0
130	165	0	0	0
130	170	0	0	0
130	175	0	0	0
135	-180	0	0	0
135	-175	0	0	0
135	-170	0	0	0
135	-165	0	0	0
135	-160	0	0	0
135	-155	0	0	0
135	-150	0	0	0
135	-145	0	0	0
135	-140	0	0	0
135	-135	0	0	0
135	-130	0	0	0
135	-125	0	0	0
135	-120	0	0	0
135	-115	0	0	0
135	-110	0	0	0
135	-105	0	0	0
135	-100	0	0	0
135	-95	0	0	0
135	-90	0	0	0
135	-85	0	0	0
135	-80	0	0	0
135	-75	0	0	0
135	-70	0	0	0
135	-65	0	0	0
135	-60	0	0	0
135	-55	0	0	0
135	-50	0	0	0
135	-45	0	0	1
135	-40	0	0	0
135	-35	0	0	0
135	-30	0	0	0
135	-25	0	0	0
135	-20	0	0	0
135	-15	0	0	0
135	-10	0	0	0
135	-5	0	0	0
135	0	0	0	0
135	5	0	0	0
135	10	0	0	0
135	15	0	0	0
135	20	0	0	0
135	25	0	0	0
135	30	0	0	0
135	35	0	0	0
135	40	0	0	0
135	45	0	0	0
135	50	0	0	0
135	55	0	0	0
135	60	0	0	0
135	65	0	0	0
135	70	0	0	0
135	75	0	0	0
135	80	0	0	0
135	85	0	0	0
135	90	0	0	0
135	95	0	0	0
135	100	0	0	0
135	105	0	0	0
135	110	0	0	0
135	115	0	0	0
135	120	0	0	0
135	125	0	0	0
135	130	0	0	0
135	135	0	0	0
135	140	0	0	1
135	145	0	0	0
135	150	0	0	0
135	155	0	0	0
135	160	0	0	0
135	165	0	0	0
135	170	0	0	0
135	175	0	0	0
140	-180	0	0	0
140	-175	0	0	0
140	-170	0	0	0
140	-165	0	0	0
140	-160	0	0	0
140	-155	0	0	0
140	-150	0	0	0
140	-145	0	0	0
140	-140	0	0	0
140	-135	0	0	0
140	-130	0	0	0
140	-125	0	0	0
140	-120	0	0	0
140	-115	0	0	0
140	-110	0	0	0
140	-105	0	0	0
140	-100	0	0	0
140	-95	0	0	0
140	-90	0	0	0
140	-85	0	0	0
140	-80	0	0	0
140	-75	0	0	0
140	-70	0	0	0
140	-65	0	0	0
140	-60	0	0	0
140	-55	0	0	0
140	-50	0	0	0
140	-45	0	0	0
140	-40	0	0	0
140	-35	0	0	0
140	-30	0	0	0
140	-25	0	0	0
140	-20	0	0	0
140	-15	0	0	0
140	-10	0	0	0
140	-5	0	0	0
140	0	0	0	0
140	5	0	0	0
140	10	0	0	0
140	15	0	0	0
140	20	0	0	0
140	25	0	0	0
140	30	0	0	0
140	35	0	0	0
140	40	0	0	0
140	45	0	0	0
140	50	0	0	0
140	55	0	0	0
140	60	0	0	0
140	65	0	0	0
140	70	0	0	0
140	75	0	0	0
140	80	0	0	0
140	85	0	0	0
140	90	0	0	0
140	95	0	0	0
140	100	0	0	0
140	105	0	0	0
140	110	0	0	0
140	115	0	0	0
140	120	0	0	0
140	125	0	0	0
140	130	0	0	0
140	135	0	0	0
140	140	0	0	0
140	145	0	0	0
140	150	0	0	0
140	155	0	0	0
140	160	0	0	0
140	165	0	0	0
140	170	0	0	0
140	175	0	0	0
145	-180	0	0	0
145	-175	0	0	0
145	-170	0	0	0
145	-165	0	0	0
145	-160	0	0	0
145	-155	0	0	0
145	-150	0	0	0
145	-145	0	0	0
145	-140	0	0	0
145	-135	0	0	0
145	-130	0	0	0
145	-125	0	0	0
145	-120	0	0	0
145	-115	0	0	0
145	-110	0	0	0
145	-105	0	0	0
145	-100	0	0	0
145	-95	0	0	0
145	-90	0	0	0
145	-85	0	0	0
145	-80	0	0	0
145	-75	0	0	0
145	-70	0	0	0
145	-65	0	0	0
145	-60	0	0	0
145	-55	0	0	0
145	-50	0	0	0
145	-45	0	0	0
145	-40	0	0	0
145	-35	0	0	0
145	-30	0	0	0
145	-25	0	0	0
145	-20	0	0	0
145	-15	0	0	0
145	-10	0	0	0
145	-5	0	0	0
145	0	0	0	0
145	5	0	0	0
145	10	0	0	0
145	15	0	0	0
145	20	0	0	0
145	25	0	0	0
145	30	0	0	0
145	35	0	0	0
145	40	0	0	0
145	45	0	0	0
145	50	0	0	0
145	55	0	0	0
145	60	0	0	0
145	65	0	0	0
145	70	0	0	0
145	75	0	0	0
145	80	0	0	0
145	85	0	0	0
145	90	0	0	0
145	95	0	0	0
145	100	0	0	0
145	105	0	0	0
145	110	0	0	0
145	115	0	0	0
145	120	0	0	0
145	125	0	0	0
145	130	0	0	0
145	135	0	0	0
145	140	0	0	0
145	145	0	0	0
145	150	0	0	0
145	155	0	0	0
145	160	0	0	0
145	165	0	0	0
145	170	0	0	0
145	175	0	0	0
150	-180	0	0	0
150	-175	0	0	0
150	-170	0	0	0
150	-165	0	0	0
150	-160	0	0	0
150	-155	0	0	0
150	-150	0	0	0
150	-145	0	0	0
150	-140	0	0	0
150	-135	0	0	0
150	-130	0	0	0
150	-125	0	0	0
150	-120	0	0	0
150	-115	0	0	0
150	-110	0	0	0
150	-105	0	0	0
150	-100	0	0	0
150	-95	0	0	0
150	-90	0	0	0
150	-85	0	0	0
150	-80	0	0	0
150	-75	0	0	0
150	-70	0	0	0
150	-65	0	0	0
150	-60	0	0	0
150	-55	0	0	0
150	-50	0	0	0
150	-45	0	0	0
150	-40	0	0	0
150	-35	0	0	0
150	-30	0	0	0
150	-25	0	0	0
150	-20	0	0	1
150	-15	0	0	0
150	-10	0	0	0
150	-5	0	0	0
150	0	0	0	0
150	5	0	0	0
150	10	0	0	0
150	15	0	0	0
150	20	0	0	0
150	25	0	0	0
150	30	0	0	0
150	35	0	0	0
150	40	0	0	0
150	45	0	0	0
150	50	0	0	0
150	55	0	0	0
150	60	0	0	0
150	65	0	0	0
150	70	0	0	0
150	75	0	0	0
150	80	0	0	0
150	85	0	0	0
150	90	0	0	0
150	95	0	0	0
150	100	0	0	0
150	105	0	0	0
150	110	0	0	0
150	115	0	0	0
150	120	0	0	0
150	125	0	0	0
150	130	0	0	0
150	135	0	0	0
150	140	0	0	0
150	145	0	0	0
150	150	0	0	0
150	155	0	0	0
150	160	0	0	0
150	165	0	0	0
150	170	0	0	0
150	175	0	0	0
155	-180	0	0	0
155	-175	0	0	0
155	-170	0	0	0
155	-165	0	0	0
155	-160	0	0	0
155	-155	0	0	0
155	-150	0	0	0
155	-145	0	0	0
155	-140	0	0	0
155	-135	0	0	0
155	-130	0	0	0
155	-125	0	0	0
155	-120	0	0	0
155	-115	0	0	0
155	-110	0	0	0
155	-105	0	0	0
155	-100	0	0	0
155	-95	0	0	0
155	-90	0	0	0
155	-85	0	0	0
155	-80	0	0	0
155	-75	0	0	0
155	-70	0	0	0
155	-65	0	0	0
155	-60	0	0	0
155	-55	0	0	0
155	-50	0	0	0
155	-45	0	0	0
155	-40	0	0	0
155	-35	0	0	0
155	-30	0	0	0
155	-25	0	0	0
155	-20	0	0	0
155	-15	0	0	0
155	-10	0	0	0
155	-5	0	0	0
155	0	0	0	0
155	5	0	0	0
155	10	0	0	0
155	15	0	0	0
155	20	0	0	0
155	25	0	0	0
155	30	0	0	0
155	35	0	0	0
155	40	0	0	0
155	45	0	0	0
155	50	0	0	0
155	55	0	0	0
155	60	0	0	0
155	65	0	0	0
155	70	0	0	0
155	75	0	0	0
155	80	0	0	0
155	85	0	0	0
155	90	0	0	0
155	95	0	0	0
155	100	0	0	0
155	105	0	0	0
155	110	0	0	0
155	115	0	0	0
155	120	0	0	0
155	125	0	0	0
155	130	0	0	0
155	135	0	0	0
155	140	0	0	0
155	145	0	0	0
155	150	0	0	0
155	155	0	0	0
155	160	0	0	1
155	165	0	0	0
155	170	0	0	0
155	175	0	0	0
160	-180	0	0	0
160	-175	0	0	0
160	-170	0	0	0
160	-165	0	0	0
160	-160	0	0	0
160	-155	0	0	0
160	-150	0	0	0
160	-145	0	0	0
160	-140	0	0	0
160	-135	0	0	0
160	-130	0	0	0
160	-125	0	0	0
160	-120	0	0	0
160	-115	0	0	0
160	-110	0	0	0
160	-105	0	0	0
160	-100	0	0	0
160	-95	0	0	0
160	-90	0	0	0
160	-85	0	0	0
160	-80	0	0	0
160	-75	0	0	0
160	-70	0	0	0
160	-65	0	0	0
160	-60	0	0	0
160	-55	0	0	0
160	-50	0	0	0
160	-45	0	0	0
160	-40	0	0	0
160	-35	0	0	0
160	-30	0	0	0
160	-25	0	0	0
160	-20	0	0	0
160	-15	0	0	0
160	-10	0	0	0
160	-5	0	0	0
160	0	0	0	0
160	5	0	0	0
160	10	0	0	0
160	15	0	0	0
160	20	0	0	0
160	25	0	0	0
160	30	0	0	0
160	35	0	0	0
160	40	0	0	0
160	45	0	0	0
160	50	0	0	0
160	55	0	0	0
160	60	0	0	0
160	65	0	0	0
160	70	0	0	0
160	75	0	0	0
160	80	0	0	0
160	85	0	0	0
160	90	0	0	0
160	95	0	0	0
160	100	0	0	0
160	105	0	0	0
160	110	0	0	0
160	115	0	0	0
160	120	0	0	0
160	125	0	0	0
160	130	0	0	0
160	135	0	0	0
160	140	0	0	0
160	145	0	0	0
160	150	0	0	0
160	155	0	0	0
160	160	0	0	0
160	165	0	0	0
160	170	0	0	0
160	175	0	0	0
165	-180	0	0	0
165	-175	0	0	0
165	-170	0	0	0
165	-165	0	0	0
165	-160	0	0	0
165	-155	0	0	0
165	-150	0	0	0
165	-145	0	0	0
165	-140	0	0	0
165	-135	0	0	0
165	-130	0	0	0
165	-125	0	0	0
165	-120	0	0	0
165	-115	0	0	0
165	-110	0	0	0
165	-105	0	0	0
165	-100	0	0	0
165	-95	0	0	0
165	-90	0	0	0
165	-85	0	0	0
165	-80	0	0	0
165	-75	0	0	0
165	-70	0	0	0
165	-65	0	0	0
165	-60	0	0	0
165	-55	0	0	0
165	-50	0	0	0
165	-45	0	0	0
165	-40	0	0	0
165	-35	0	0	0
165	-30	0	0	0
165	-25	0	0	0
165	-20	0	0	0
165	-15	0	0	0
165	-10	0	0	0
165	-5	0	0	0
165	0	0	0	0
165	5	0	0	0
165	10	0	0	0
165	15	0	0	0
165	20	0	0	0
165	25	0	0	0
165	30	0	0	0
165	35	0	0	0
165	40	0	0	0
165	45	0	0	0
165	50	0	0	0
165	55	0	0	0
165	60	0	0	0
165	65	0	0	0
165	70	0	0	0
165	75	0	0	0
165	80	0	0	0
165	85	0	0	0
165	90	0	0	0
165	95	0	0	0
165	100	0	0	0
165	105	0	0	0
165	110	0	0	0
165	115	0	0	0
165	120	0	0	0
165	125	0	0	0
165	130	0	0	0
165	135	0	0	0
165	140	0	0	0
165	145	0	0	0
165	150	0	0	0
165	155	0	0	0
165	160	0	0	0
165	165	0	0	0
165	170	0	0	0
165	175	0	0	0
170	-180	0	0	0
170	-175	0	0	0
170	-170	0	0	0
170	-165	0	0	0
170	-160	0	0	0
170	-155	0	0	0
170	-150	0	0	0
170	-145	0	0	0
170	-140	0	0	0
170	-135	0	0	0
170	-130	0	0	0
170	-125	0	0	0
170	-120	0	0	0
170	-115	0	0	0
170	-110	0	0	0
170	-105	0	0	0
170	-100	0	0	0
170	-95	0	0	0
170	-90	0	0	0
170	-85	0	0	0
170	-80	0	0	0
170	-75	0	0	0
170	-70	0	0	0
170	-65	0	0	0
170	-60	0	0	0
170	-55	0	0	0
170	-50	0	0	0
170	-45	0	0	0
170	-40	0	0	0
170	-35	0	0	0
170	-30	0	0	0
170	-25	0	0	0
170	-20	0	0	0
170	-15	0	0	0
170	-10	0	0	0
170	-5	0	0	0
170	0	0	0	0
170	5	0	0	0
170	10	0	0	0
170	15	0	0	0
170	20	0	0	0
170	25	0	0	0
170	30	0	0	0
170	35	0	0	0
170	40	0	0	0
170	45	0	0	0
170	50	0	0	0
170	55	0	0	0
170	60	0	0	0
170	65	0	0	0
170	70	0	0	0
170	75	0	0	0
170	80	0	0	0
170	85	0	0	0
170	90	0	0	0
170	95	0	0	0
170	100	0	0	0
170	105	0	0	0
170	110	0	0	0
170	115	0	0	0
170	120	0	0	0
170	125	0	0	0
170	130	0	0	0
170	135	0	0	0
170	140	0	0	0
170	145	0	0	1
170	150	0	0	0
170	155	0	0	0
170	160	0	0	0
170	165	0	0	0
170	170	0	0	0
170	175	0	0	0
175	-180	0	0	0
175	-175	0	0	0
175	-170	0	0	0
175	-165	0	0	0
175	-160	0	0	0
175	-155	0	0	0
175	-150	0	0	0
175	-145	0	0	0
175	-140	0	0	0
175	-135	0	0	0
175	-130	0	0	0
175	-125	0	0	0
175	-120	0	0	0
175	-115	0	0	0
175	-110	0	0	0
175	-105	0	0	0
175	-100	0	0	0
175	-95	0	0	0
175	-90	0	0	0
175	-85	0	0	0
175	-80	0	0	0
175	-75	0	0	0
175	-70	0	0	0
175	-65	0	0	0
175	-60	0	0	0
175	-55	0	0	0
175	-50	0	0	0
175	-45	0	0	0
175	-40	0	0	0
175	-35	0	0	0
175	-30	0	0	0
175	-25	0	0	0
175	-20	0	0	0
175	-15	0	0	0
175	-10	0	0	0
175	-5	0	0	0
175	0	0	0	0
175	5	0	0	0
175	10	0	0	0
175	15	0	0	0
175	20	0	0	0
175	25	0	0	0
175	30	0	0	0
175	35	0	0	0
175	40	0	0	0
175	45	0	0	0
175	50	0	0	0
175	55	0	0	0
175	60	0	0	0
175	65	0	0	0
175	70	0	0	0
175	75	0	0	0
175	80	0	0	0
175	85	0	0	0
175	90	0	0	0
175	95	0	0	0
175	100	0	0	0
175	105	0	0	0
175	110	0	0	0
175	115	0	0	0
175	120	0	0	0
175	125	0	0	0
175	130	0	0	0
175	135	0	0	0
175	140	0	0	0
175	145	0	0	0
175	150	0	0	0
175	155	0	0	0
175	160	0	0	0
175	165	0	0	0
175	170	0	0	0
175	175	0	0	0
