Phi	Psi	max_obs_SA	max_theo_SA	obs_bin_pop
-180	-180	0	266.0	0
-180	-175	0	266.0	0
-180	-170	0	267.0	0
-180	-165	0	266.0	0
-180	-160	0	0	0
-180	-155	0	0	0
-180	-150	0	0	0
-180	-145	0	0	0
-180	-140	0	0	0
-180	-135	0	0	0
-180	-130	0	0	0
-180	-125	0	0	0
-180	-120	0	0	0
-180	-115	0	0	0
-180	-110	0	0	0
-180	-105	0	0	0
-180	-100	0	272.0	0
-180	-95	0	272.0	0
-180	-90	0	272.0	0
-180	-85	0	273.0	0
-180	-80	0	0	0
-180	-75	0	0	0
-180	-70	0	0	0
-180	-65	0	0	0
-180	-60	0	271.0	0
-180	-55	0	272.0	0
-180	-50	0	0	0
-180	-45	0	271.0	0
-180	-40	0	0	0
-180	-35	0	0	0
-180	-30	0	0	0
-180	-25	0	0	0
-180	-20	0	0	0
-180	-15	0	0	0
-180	-10	0	0	0
-180	-5	0	0	0
-180	0	0	0	0
-180	5	0	0	0
-180	10	0	0	0
-180	15	0	0	0
-180	20	0	0	0
-180	25	0	268.0	0
-180	30	0	0	0
-180	35	0	0	0
-180	40	0	0	0
-180	45	0	0	0
-180	50	0	269.0	0
-180	55	0	0	0
-180	60	0	268.0	0
-180	65	0	0	0
-180	70	0	267.0	0
-180	75	0	267.0	0
-180	80	0	267.0	0
-180	85	0	266.0	0
-180	90	0	268.0	0
-180	95	0	268.0	0
-180	100	0	266.0	0
-180	105	0	265.0	0
-180	110	0	266.0	0
-180	115	0	266.0	0
-180	120	0	266.0	0
-180	125	0	266.0	0
-180	130	0	266.0	0
-180	135	0	266.0	0
-180	140	0	267.0	0
-180	145	0	266.0	0
-180	150	0	266.0	0
-180	155	0	265.0	0
-180	160	85.0	266.0	1
-180	165	0	267.0	0
-180	170	0	267.0	0
-180	175	124.0	266.0	1
-175	-180	0	267.0	0
-175	-175	0	267.0	0
-175	-170	0	266.0	0
-175	-165	0	267.0	0
-175	-160	0	266.0	0
-175	-155	0	267.0	0
-175	-150	0	0	0
-175	-145	0	0	0
-175	-140	0	0	0
-175	-135	0	0	0
-175	-130	0	0	0
-175	-125	0	0	0
-175	-120	0	0	0
-175	-115	0	0	0
-175	-110	0	0	0
-175	-105	0	271.0	0
-175	-100	0	271.0	0
-175	-95	0	271.0	0
-175	-90	0	271.0	0
-175	-85	33.0	270.0	1
-175	-80	0	270.0	0
-175	-75	0	271.0	0
-175	-70	0	269.0	0
-175	-65	0	270.0	0
-175	-60	0	269.0	0
-175	-55	0	270.0	0
-175	-50	0	271.0	0
-175	-45	0	270.0	0
-175	-40	0	0	0
-175	-35	0	269.0	0
-175	-30	0	0	0
-175	-25	0	0	0
-175	-20	0	0	0
-175	-15	0	0	0
-175	-10	0	0	0
-175	-5	0	0	0
-175	0	0	0	0
-175	5	0	0	0
-175	10	0	268.0	0
-175	15	0	0	0
-175	20	0	267.0	0
-175	25	0	266.0	0
-175	30	0	0	0
-175	35	0	0	0
-175	40	0	0	0
-175	45	0	267.0	0
-175	50	0	266.0	0
-175	55	0	266.0	0
-175	60	0	266.0	0
-175	65	0	266.0	0
-175	70	0	264.0	0
-175	75	0	264.0	0
-175	80	0	265.0	0
-175	85	0	266.0	0
-175	90	0	266.0	0
-175	95	0	265.0	0
-175	100	0	265.0	0
-175	105	0	264.0	0
-175	110	0	263.0	0
-175	115	0	263.0	0
-175	120	0	264.0	0
-175	125	0	264.0	0
-175	130	0	263.0	0
-175	135	0	264.0	0
-175	140	0	265.0	0
-175	145	135.0	266.0	1
-175	150	0	266.0	0
-175	155	38.0	265.0	2
-175	160	15.0	266.0	3
-175	165	69.0	267.0	4
-175	170	0	266.0	1
-175	175	0	266.0	0
-170	-180	0	266.0	0
-170	-175	0	264.0	0
-170	-170	0	266.0	0
-170	-165	0	265.0	0
-170	-160	0	266.0	0
-170	-155	0	266.0	0
-170	-150	0	0	0
-170	-145	0	0	0
-170	-140	0	0	0
-170	-135	0	0	0
-170	-130	0	0	0
-170	-125	0	0	0
-170	-120	0	0	0
-170	-115	0	0	0
-170	-110	0	0	0
-170	-105	0	270.0	0
-170	-100	0	271.0	0
-170	-95	0	0	0
-170	-90	0	0	0
-170	-85	0	270.0	0
-170	-80	0	270.0	0
-170	-75	0	270.0	0
-170	-70	0	271.0	0
-170	-65	0	270.0	0
-170	-60	0	268.0	0
-170	-55	0	269.0	0
-170	-50	0	268.0	0
-170	-45	0	268.0	0
-170	-40	0	269.0	0
-170	-35	0	268.0	0
-170	-30	0	0	0
-170	-25	0	0	0
-170	-20	0	267.0	0
-170	-15	0	0	0
-170	-10	0	0	0
-170	-5	0	0	0
-170	0	0	0	0
-170	5	0	267.0	0
-170	10	0	268.0	0
-170	15	0	266.0	0
-170	20	0	266.0	0
-170	25	0	265.0	0
-170	30	0	0	0
-170	35	0	0	0
-170	40	0	264.0	0
-170	45	0	264.0	0
-170	50	0	264.0	0
-170	55	0	263.0	0
-170	60	0	262.0	0
-170	65	0	264.0	0
-170	70	0	264.0	0
-170	75	0	264.0	0
-170	80	0	264.0	0
-170	85	0	263.0	0
-170	90	71.0	263.0	1
-170	95	0	264.0	0
-170	100	0	264.0	0
-170	105	0	264.0	0
-170	110	0	263.0	0
-170	115	0	263.0	0
-170	120	0	263.0	0
-170	125	0	264.0	0
-170	130	0	265.0	0
-170	135	0	264.0	0
-170	140	41.0	264.0	3
-170	145	109.0	263.0	2
-170	150	69.0	263.0	1
-170	155	24.0	264.0	3
-170	160	29.0	264.0	3
-170	165	72.0	265.0	6
-170	170	0	265.0	0
-170	175	42.0	265.0	3
-165	-180	24.0	264.0	2
-165	-175	18.0	264.0	1
-165	-170	0	265.0	0
-165	-165	0	266.0	0
-165	-160	0	265.0	0
-165	-155	0	266.0	0
-165	-150	0	0	0
-165	-145	0	0	0
-165	-140	0	0	0
-165	-135	0	0	0
-165	-130	0	0	0
-165	-125	0	0	0
-165	-120	0	0	0
-165	-115	0	0	0
-165	-110	0	268.0	0
-165	-105	0	268.0	0
-165	-100	0	268.0	0
-165	-95	0	0	0
-165	-90	0	0	0
-165	-85	0	268.0	0
-165	-80	0	267.0	0
-165	-75	0	268.0	0
-165	-70	0	267.0	0
-165	-65	0	268.0	0
-165	-60	0	268.0	0
-165	-55	158.0	269.0	1
-165	-50	0	268.0	0
-165	-45	0	267.0	0
-165	-40	0	267.0	0
-165	-35	0	268.0	0
-165	-30	0	267.0	0
-165	-25	0	267.0	0
-165	-20	0	266.0	0
-165	-15	0	266.0	0
-165	-10	0	0	0
-165	-5	0	0	0
-165	0	0	266.0	0
-165	5	0	266.0	0
-165	10	0	266.0	0
-165	15	0	265.0	0
-165	20	0	265.0	0
-165	25	0	265.0	0
-165	30	0	0	0
-165	35	0	265.0	0
-165	40	0	264.0	0
-165	45	0	263.0	0
-165	50	0	264.0	0
-165	55	0	264.0	0
-165	60	0	263.0	0
-165	65	0	264.0	0
-165	70	0	263.0	0
-165	75	0	263.0	0
-165	80	0	263.0	0
-165	85	0	262.0	0
-165	90	0	262.0	0
-165	95	0	263.0	0
-165	100	18.0	262.0	1
-165	105	0	262.0	0
-165	110	99.0	262.0	2
-165	115	0	263.0	0
-165	120	0	263.0	0
-165	125	44.0	262.0	1
-165	130	40.0	262.0	1
-165	135	30.0	262.0	1
-165	140	118.0	263.0	4
-165	145	110.0	263.0	8
-165	150	151.0	262.0	9
-165	155	122.0	263.0	6
-165	160	165.0	264.0	15
-165	165	125.0	264.0	13
-165	170	74.0	263.0	5
-165	175	60.0	264.0	2
-160	-180	0	264.0	0
-160	-175	83.0	263.0	1
-160	-170	70.0	264.0	1
-160	-165	68.0	263.0	1
-160	-160	0	264.0	0
-160	-155	0	264.0	0
-160	-150	0	265.0	0
-160	-145	0	266.0	0
-160	-140	0	0	0
-160	-135	0	0	0
-160	-130	0	0	0
-160	-125	0	0	0
-160	-120	0	0	0
-160	-115	0	269.0	0
-160	-110	0	269.0	0
-160	-105	0	268.0	0
-160	-100	0	268.0	0
-160	-95	0	0	0
-160	-90	0	270.0	0
-160	-85	0	270.0	0
-160	-80	0	270.0	0
-160	-75	0	269.0	0
-160	-70	0	268.0	0
-160	-65	0	268.0	0
-160	-60	0	267.0	0
-160	-55	130.0	267.0	1
-160	-50	0	268.0	0
-160	-45	1.0	268.0	1
-160	-40	0	267.0	0
-160	-35	0	265.0	0
-160	-30	0	265.0	0
-160	-25	0	266.0	0
-160	-20	0	266.0	0
-160	-15	0	266.0	0
-160	-10	0	0	0
-160	-5	0	265.0	0
-160	0	0	266.0	0
-160	5	0	264.0	0
-160	10	0	265.0	0
-160	15	0	265.0	0
-160	20	0	264.0	0
-160	25	104.0	263.0	1
-160	30	0	264.0	0
-160	35	0	264.0	0
-160	40	0	264.0	0
-160	45	0	263.0	0
-160	50	28.0	262.0	1
-160	55	0	263.0	0
-160	60	18.0	262.0	1
-160	65	0	263.0	0
-160	70	56.0	262.0	1
-160	75	34.0	262.0	1
-160	80	160.0	261.0	4
-160	85	40.0	262.0	1
-160	90	0	262.0	0
-160	95	0	262.0	0
-160	100	6.0	262.0	1
-160	105	0	262.0	0
-160	110	58.0	261.0	2
-160	115	88.0	262.0	3
-160	120	115.0	262.0	4
-160	125	144.0	263.0	2
-160	130	58.0	263.0	3
-160	135	139.0	263.0	3
-160	140	66.0	263.0	8
-160	145	187.0	262.0	5
-160	150	87.0	262.0	10
-160	155	110.0	262.0	20
-160	160	96.0	263.0	33
-160	165	104.0	261.0	19
-160	170	105.0	263.0	9
-160	175	66.0	262.0	4
-155	-180	90.0	262.0	4
-155	-175	1.0	264.0	1
-155	-170	0	264.0	0
-155	-165	0	265.0	1
-155	-160	54.0	263.0	1
-155	-155	3.0	264.0	1
-155	-150	0	265.0	0
-155	-145	0	264.0	0
-155	-140	0	266.0	0
-155	-135	0	267.0	0
-155	-130	0	0	0
-155	-125	0	0	0
-155	-120	0	267.0	0
-155	-115	0	269.0	0
-155	-110	0	270.0	0
-155	-105	0	269.0	0
-155	-100	132.0	269.0	1
-155	-95	0	269.0	0
-155	-90	0	270.0	0
-155	-85	0	271.0	0
-155	-80	0	270.0	0
-155	-75	0	270.0	0
-155	-70	0	268.0	0
-155	-65	0	268.0	0
-155	-60	0	269.0	0
-155	-55	0	270.0	0
-155	-50	0	271.0	0
-155	-45	0	270.0	0
-155	-40	0	268.0	0
-155	-35	50.0	268.0	1
-155	-30	0	267.0	0
-155	-25	0	266.0	0
-155	-20	0	267.0	0
-155	-15	0	266.0	0
-155	-10	0	266.0	0
-155	-5	0	265.0	0
-155	0	0	264.0	0
-155	5	0	263.0	0
-155	10	5.0	264.0	1
-155	15	0	264.0	0
-155	20	0	264.0	0
-155	25	0	264.0	0
-155	30	0	263.0	0
-155	35	0	264.0	0
-155	40	0	263.0	0
-155	45	0	263.0	0
-155	50	0	262.0	0
-155	55	0	263.0	0
-155	60	0	263.0	0
-155	65	0	262.0	0
-155	70	0	262.0	0
-155	75	80.0	263.0	1
-155	80	0	262.0	0
-155	85	28.0	261.0	1
-155	90	177.0	261.0	1
-155	95	0	261.0	0
-155	100	11.0	261.0	1
-155	105	2.0	261.0	1
-155	110	63.0	261.0	3
-155	115	3.0	262.0	1
-155	120	57.0	262.0	5
-155	125	131.0	261.0	3
-155	130	165.0	263.0	5
-155	135	34.0	263.0	2
-155	140	101.0	263.0	7
-155	145	72.0	263.0	8
-155	150	166.0	262.0	16
-155	155	146.0	262.0	27
-155	160	163.0	264.0	23
-155	165	113.0	264.0	27
-155	170	131.0	264.0	7
-155	175	57.0	264.0	3
-150	-180	10.0	265.0	2
-150	-175	71.0	264.0	2
-150	-170	0	264.0	0
-150	-165	93.0	265.0	1
-150	-160	0	264.0	0
-150	-155	0	264.0	0
-150	-150	0	265.0	0
-150	-145	0	266.0	0
-150	-140	0	267.0	0
-150	-135	0	0	0
-150	-130	0	0	0
-150	-125	0	270.0	0
-150	-120	0	270.0	0
-150	-115	0	0	0
-150	-110	0	0	0
-150	-105	0	270.0	0
-150	-100	0	270.0	0
-150	-95	0	270.0	0
-150	-90	0	269.0	0
-150	-85	0	270.0	0
-150	-80	0	269.0	0
-150	-75	0	269.0	0
-150	-70	0	269.0	0
-150	-65	0	269.0	0
-150	-60	0	268.0	0
-150	-55	0	269.0	0
-150	-50	0	269.0	0
-150	-45	0	268.0	0
-150	-40	0	267.0	0
-150	-35	0	268.0	0
-150	-30	0	268.0	0
-150	-25	0	267.0	0
-150	-20	41.0	268.0	2
-150	-15	0	267.0	0
-150	-10	0	267.0	0
-150	-5	0	266.0	0
-150	0	0	266.0	0
-150	5	1.0	266.0	1
-150	10	0	265.0	0
-150	15	0	265.0	0
-150	20	0	265.0	0
-150	25	0	264.0	0
-150	30	0	264.0	0
-150	35	0	265.0	0
-150	40	0	265.0	0
-150	45	0	264.0	0
-150	50	0	264.0	0
-150	55	0	264.0	0
-150	60	2.0	264.0	1
-150	65	0	264.0	0
-150	70	0	263.0	0
-150	75	0	264.0	0
-150	80	0	263.0	0
-150	85	0	264.0	0
-150	90	2.0	263.0	1
-150	95	15.0	263.0	2
-150	100	0	263.0	0
-150	105	90.0	263.0	6
-150	110	143.0	262.0	5
-150	115	212.0	262.0	4
-150	120	44.0	262.0	7
-150	125	58.0	262.0	5
-150	130	104.0	262.0	9
-150	135	75.0	263.0	8
-150	140	55.0	263.0	6
-150	145	107.0	263.0	16
-150	150	157.0	263.0	18
-150	155	162.0	264.0	31
-150	160	169.0	264.0	20
-150	165	68.0	264.0	13
-150	170	105.0	264.0	9
-150	175	109.0	264.0	6
-145	-180	0	264.0	1
-145	-175	82.0	264.0	1
-145	-170	36.0	264.0	1
-145	-165	0	265.0	0
-145	-160	0	266.0	0
-145	-155	0	264.0	0
-145	-150	0	266.0	0
-145	-145	0	266.0	0
-145	-140	0	0	0
-145	-135	0	0	0
-145	-130	0	268.0	0
-145	-125	0	269.0	0
-145	-120	0	268.0	0
-145	-115	0	0	0
-145	-110	0	270.0	0
-145	-105	0	269.0	0
-145	-100	0	270.0	0
-145	-95	0	271.0	0
-145	-90	0	271.0	0
-145	-85	117.0	269.0	1
-145	-80	0	270.0	0
-145	-75	0	270.0	0
-145	-70	0	269.0	0
-145	-65	8.0	269.0	1
-145	-60	0	268.0	0
-145	-55	38.0	268.0	1
-145	-50	0	267.0	0
-145	-45	0	268.0	0
-145	-40	0	267.0	0
-145	-35	0	267.0	0
-145	-30	38.0	267.0	1
-145	-25	48.0	267.0	1
-145	-20	27.0	267.0	2
-145	-15	81.0	267.0	2
-145	-10	0	267.0	0
-145	-5	0	266.0	0
-145	0	0	266.0	0
-145	5	0	266.0	0
-145	10	0	265.0	0
-145	15	36.0	266.0	1
-145	20	0	265.0	0
-145	25	0	265.0	0
-145	30	0	264.0	0
-145	35	0	265.0	0
-145	40	0	264.0	0
-145	45	0	265.0	0
-145	50	0	265.0	0
-145	55	0	265.0	0
-145	60	1.0	265.0	1
-145	65	46.0	265.0	1
-145	70	0	263.0	0
-145	75	34.0	263.0	1
-145	80	19.0	263.0	1
-145	85	0	264.0	0
-145	90	31.0	263.0	2
-145	95	99.0	263.0	5
-145	100	98.0	263.0	3
-145	105	21.0	263.0	4
-145	110	45.0	262.0	4
-145	115	136.0	262.0	6
-145	120	159.0	263.0	7
-145	125	18.0	263.0	7
-145	130	214.0	263.0	7
-145	135	141.0	262.0	11
-145	140	181.0	263.0	17
-145	145	74.0	262.0	14
-145	150	201.0	263.0	22
-145	155	218.0	264.0	29
-145	160	189.0	262.0	21
-145	165	186.0	264.0	11
-145	170	133.0	264.0	5
-145	175	0	265.0	0
-140	-180	0	265.0	0
-140	-175	0	266.0	0
-140	-170	0	266.0	0
-140	-165	0	265.0	0
-140	-160	0	265.0	0
-140	-155	0	267.0	0
-140	-150	0	267.0	0
-140	-145	0	0	0
-140	-140	0	0	0
-140	-135	0	269.0	0
-140	-130	0	270.0	0
-140	-125	0	268.0	0
-140	-120	0	269.0	0
-140	-115	0	269.0	0
-140	-110	0	270.0	0
-140	-105	0	271.0	0
-140	-100	0	271.0	0
-140	-95	0	272.0	0
-140	-90	0	0	0
-140	-85	0	271.0	0
-140	-80	0	271.0	0
-140	-75	0	269.0	0
-140	-70	0	270.0	0
-140	-65	0	270.0	0
-140	-60	0	270.0	0
-140	-55	0	271.0	0
-140	-50	0	270.0	0
-140	-45	0	270.0	0
-140	-40	0	269.0	0
-140	-35	0	269.0	0
-140	-30	0	270.0	0
-140	-25	44.0	269.0	1
-140	-20	31.0	269.0	1
-140	-15	0	268.0	0
-140	-10	0	268.0	0
-140	-5	1.0	268.0	1
-140	0	92.0	268.0	1
-140	5	0	269.0	0
-140	10	0	268.0	0
-140	15	0	267.0	0
-140	20	0	268.0	0
-140	25	0	267.0	0
-140	30	0	267.0	0
-140	35	0	267.0	0
-140	40	0	267.0	0
-140	45	1.0	267.0	1
-140	50	0	267.0	0
-140	55	142.0	267.0	1
-140	60	0	267.0	0
-140	65	41.0	265.0	1
-140	70	0	266.0	0
-140	75	49.0	266.0	1
-140	80	138.0	265.0	2
-140	85	0	265.0	0
-140	90	0	264.0	0
-140	95	10.0	264.0	2
-140	100	21.0	263.0	1
-140	105	159.0	264.0	2
-140	110	61.0	264.0	2
-140	115	133.0	263.0	5
-140	120	201.0	263.0	9
-140	125	193.0	264.0	12
-140	130	174.0	264.0	11
-140	135	154.0	265.0	16
-140	140	149.0	265.0	23
-140	145	121.0	264.0	22
-140	150	117.0	264.0	28
-140	155	128.0	264.0	23
-140	160	188.0	266.0	17
-140	165	54.0	265.0	4
-140	170	100.0	266.0	2
-140	175	20.0	266.0	1
-135	-180	0	265.0	0
-135	-175	0	266.0	0
-135	-170	13.0	267.0	1
-135	-165	0	267.0	0
-135	-160	0	269.0	0
-135	-155	0	270.0	0
-135	-150	0	269.0	0
-135	-145	0	0	0
-135	-140	0	271.0	0
-135	-135	0	271.0	0
-135	-130	0	272.0	0
-135	-125	0	271.0	0
-135	-120	15.0	271.0	1
-135	-115	0	270.0	0
-135	-110	0	271.0	0
-135	-105	0	271.0	0
-135	-100	0	271.0	0
-135	-95	0	0	0
-135	-90	0	0	0
-135	-85	0	272.0	0
-135	-80	0	272.0	0
-135	-75	0	271.0	0
-135	-70	0	271.0	0
-135	-65	0	272.0	0
-135	-60	0	272.0	0
-135	-55	0	272.0	0
-135	-50	0	272.0	0
-135	-45	0	272.0	0
-135	-40	0	271.0	0
-135	-35	0	270.0	0
-135	-30	0	269.0	0
-135	-25	0	270.0	0
-135	-20	8.0	269.0	1
-135	-15	35.0	269.0	1
-135	-10	0	269.0	0
-135	-5	3.0	269.0	1
-135	0	3.0	269.0	1
-135	5	69.0	271.0	2
-135	10	0	271.0	0
-135	15	34.0	270.0	1
-135	20	72.0	271.0	2
-135	25	17.0	271.0	1
-135	30	46.0	271.0	2
-135	35	0	271.0	0
-135	40	0	270.0	0
-135	45	2.0	271.0	1
-135	50	0	269.0	1
-135	55	143.0	270.0	1
-135	60	0	269.0	0
-135	65	17.0	268.0	1
-135	70	74.0	268.0	2
-135	75	22.0	268.0	1
-135	80	17.0	268.0	1
-135	85	38.0	269.0	1
-135	90	86.0	268.0	3
-135	95	76.0	267.0	1
-135	100	0	267.0	1
-135	105	0	267.0	1
-135	110	101.0	267.0	8
-135	115	162.0	267.0	16
-135	120	73.0	265.0	14
-135	125	192.0	266.0	6
-135	130	137.0	265.0	15
-135	135	67.0	266.0	18
-135	140	102.0	266.0	18
-135	145	109.0	267.0	26
-135	150	137.0	266.0	25
-135	155	164.0	266.0	27
-135	160	44.0	267.0	11
-135	165	88.0	266.0	5
-135	170	198.0	267.0	2
-135	175	137.0	266.0	4
-130	-180	64.0	265.0	1
-130	-175	0	266.0	0
-130	-170	0	265.0	0
-130	-165	0	266.0	0
-130	-160	0	267.0	0
-130	-155	0	266.0	0
-130	-150	0	0	0
-130	-145	0	0	0
-130	-140	0	0	0
-130	-135	0	0	0
-130	-130	0	0	0
-130	-125	0	269.0	0
-130	-120	0	268.0	0
-130	-115	0	269.0	0
-130	-110	0	270.0	0
-130	-105	57.0	269.0	1
-130	-100	0	269.0	0
-130	-95	0	269.0	0
-130	-90	0	270.0	0
-130	-85	0	269.0	0
-130	-80	0	269.0	0
-130	-75	0	269.0	0
-130	-70	0	269.0	0
-130	-65	0	269.0	0
-130	-60	50.0	268.0	1
-130	-55	6.0	269.0	1
-130	-50	0	270.0	1
-130	-45	90.0	270.0	1
-130	-40	39.0	269.0	1
-130	-35	144.0	269.0	4
-130	-30	0	269.0	0
-130	-25	0	268.0	0
-130	-20	48.0	269.0	1
-130	-15	0	269.0	0
-130	-10	130.0	269.0	1
-130	-5	17.0	269.0	1
-130	0	43.0	268.0	4
-130	5	0	269.0	0
-130	10	0	269.0	0
-130	15	0	270.0	1
-130	20	113.0	270.0	1
-130	25	187.0	267.0	1
-130	30	44.0	267.0	1
-130	35	7.0	268.0	2
-130	40	0	268.0	0
-130	45	0	268.0	0
-130	50	104.0	268.0	2
-130	55	0	267.0	0
-130	60	67.0	267.0	1
-130	65	0	267.0	1
-130	70	35.0	268.0	3
-130	75	105.0	267.0	4
-130	80	107.0	266.0	1
-130	85	187.0	268.0	1
-130	90	117.0	266.0	3
-130	95	0	266.0	0
-130	100	22.0	266.0	1
-130	105	174.0	265.0	3
-130	110	126.0	265.0	5
-130	115	145.0	265.0	6
-130	120	70.0	265.0	11
-130	125	82.0	264.0	17
-130	130	141.0	264.0	19
-130	135	170.0	264.0	23
-130	140	122.0	265.0	19
-130	145	208.0	264.0	23
-130	150	184.0	265.0	34
-130	155	181.0	265.0	23
-130	160	150.0	265.0	11
-130	165	59.0	265.0	5
-130	170	6.0	265.0	2
-130	175	27.0	265.0	1
-125	-180	0	266.0	0
-125	-175	0	266.0	0
-125	-170	11.0	266.0	1
-125	-165	0	267.0	0
-125	-160	0	267.0	0
-125	-155	0	267.0	0
-125	-150	0	268.0	0
-125	-145	0	0	0
-125	-140	0	0	0
-125	-135	0	269.0	0
-125	-130	0	271.0	0
-125	-125	0	272.0	0
-125	-120	0	272.0	0
-125	-115	0	271.0	0
-125	-110	77.0	273.0	1
-125	-105	0	273.0	0
-125	-100	0	272.0	0
-125	-95	0	273.0	0
-125	-90	0	272.0	0
-125	-85	0	271.0	0
-125	-80	0	270.0	0
-125	-75	0	270.0	0
-125	-70	0	270.0	0
-125	-65	0	270.0	0
-125	-60	0	270.0	0
-125	-55	64.0	271.0	2
-125	-50	0	270.0	0
-125	-45	47.0	269.0	2
-125	-40	57.0	270.0	1
-125	-35	6.0	269.0	1
-125	-30	224.0	270.0	2
-125	-25	110.0	270.0	1
-125	-20	66.0	270.0	3
-125	-15	13.0	270.0	1
-125	-10	61.0	269.0	2
-125	-5	176.0	271.0	5
-125	0	224.0	270.0	4
-125	5	107.0	270.0	4
-125	10	0	269.0	0
-125	15	0	269.0	0
-125	20	27.0	270.0	1
-125	25	114.0	269.0	1
-125	30	120.0	270.0	1
-125	35	0	269.0	0
-125	40	0	269.0	0
-125	45	69.0	270.0	1
-125	50	17.0	269.0	1
-125	55	24.0	268.0	1
-125	60	0	268.0	0
-125	65	31.0	268.0	1
-125	70	81.0	268.0	2
-125	75	105.0	268.0	1
-125	80	133.0	268.0	1
-125	85	38.0	268.0	1
-125	90	59.0	267.0	1
-125	95	77.0	267.0	2
-125	100	160.0	267.0	2
-125	105	153.0	266.0	6
-125	110	101.0	265.0	8
-125	115	68.0	265.0	9
-125	120	119.0	266.0	13
-125	125	59.0	265.0	14
-125	130	94.0	265.0	21
-125	135	222.0	266.0	27
-125	140	175.0	265.0	24
-125	145	119.0	264.0	40
-125	150	217.0	266.0	14
-125	155	140.0	265.0	13
-125	160	76.0	265.0	5
-125	165	79.0	265.0	7
-125	170	13.0	265.0	1
-125	175	0	266.0	0
-120	-180	0	266.0	0
-120	-175	0	265.0	0
-120	-170	0	267.0	0
-120	-165	0	266.0	0
-120	-160	0	266.0	0
-120	-155	0	266.0	0
-120	-150	0	0	0
-120	-145	0	0	0
-120	-140	0	270.0	0
-120	-135	0	269.0	0
-120	-130	0	0	0
-120	-125	0	0	0
-120	-120	0	273.0	0
-120	-115	0	272.0	0
-120	-110	0	273.0	0
-120	-105	0	273.0	0
-120	-100	0	272.0	0
-120	-95	0	271.0	0
-120	-90	0	270.0	0
-120	-85	0	270.0	0
-120	-80	0	270.0	0
-120	-75	0	269.0	0
-120	-70	0	269.0	0
-120	-65	0	268.0	0
-120	-60	15.0	268.0	3
-120	-55	0	268.0	1
-120	-50	0	269.0	0
-120	-45	0	268.0	0
-120	-40	182.0	268.0	1
-120	-35	0	268.0	0
-120	-30	0	269.0	0
-120	-25	11.0	269.0	2
-120	-20	183.0	270.0	4
-120	-15	20.0	270.0	1
-120	-10	120.0	271.0	4
-120	-5	166.0	269.0	2
-120	0	173.0	270.0	7
-120	5	170.0	269.0	2
-120	10	158.0	271.0	5
-120	15	20.0	270.0	3
-120	20	15.0	271.0	3
-120	25	113.0	271.0	1
-120	30	130.0	270.0	2
-120	35	3.0	270.0	1
-120	40	128.0	270.0	3
-120	45	195.0	271.0	1
-120	50	11.0	271.0	2
-120	55	0	270.0	0
-120	60	0	270.0	0
-120	65	0	269.0	0
-120	70	0	270.0	0
-120	75	0	269.0	0
-120	80	3.0	269.0	1
-120	85	77.0	268.0	3
-120	90	40.0	267.0	1
-120	95	91.0	267.0	6
-120	100	36.0	267.0	3
-120	105	17.0	267.0	5
-120	110	63.0	266.0	7
-120	115	118.0	266.0	15
-120	120	143.0	265.0	19
-120	125	120.0	265.0	13
-120	130	135.0	264.0	20
-120	135	176.0	264.0	35
-120	140	226.0	265.0	30
-120	145	91.0	264.0	27
-120	150	149.0	264.0	15
-120	155	123.0	264.0	9
-120	160	114.0	264.0	10
-120	165	120.0	264.0	1
-120	170	2.0	264.0	1
-120	175	15.0	265.0	1
-115	-180	20.0	268.0	1
-115	-175	0	267.0	0
-115	-170	0	268.0	0
-115	-165	31.0	268.0	1
-115	-160	0	268.0	0
-115	-155	0	269.0	0
-115	-150	0	269.0	0
-115	-145	0	269.0	0
-115	-140	0	272.0	0
-115	-135	0	272.0	0
-115	-130	0	0	0
-115	-125	0	0	0
-115	-120	0	271.0	0
-115	-115	0	272.0	0
-115	-110	0	272.0	0
-115	-105	0	271.0	0
-115	-100	0	271.0	0
-115	-95	0	272.0	0
-115	-90	0	271.0	0
-115	-85	25.0	271.0	1
-115	-80	0	271.0	0
-115	-75	70.0	271.0	1
-115	-70	0	271.0	0
-115	-65	4.0	271.0	1
-115	-60	176.0	270.0	1
-115	-55	28.0	270.0	1
-115	-50	3.0	270.0	1
-115	-45	178.0	271.0	5
-115	-40	10.0	271.0	1
-115	-35	118.0	271.0	4
-115	-30	78.0	270.0	5
-115	-25	116.0	270.0	1
-115	-20	0	271.0	0
-115	-15	140.0	273.0	2
-115	-10	83.0	273.0	4
-115	-5	12.0	271.0	2
-115	0	196.0	271.0	5
-115	5	92.0	271.0	2
-115	10	39.0	272.0	5
-115	15	244.0	272.0	7
-115	20	96.0	274.0	5
-115	25	0	274.0	1
-115	30	0	271.0	0
-115	35	0	272.0	0
-115	40	0	272.0	0
-115	45	1.0	272.0	1
-115	50	0	272.0	0
-115	55	0	272.0	0
-115	60	0	271.0	0
-115	65	0	272.0	0
-115	70	14.0	272.0	1
-115	75	1.0	271.0	1
-115	80	63.0	271.0	1
-115	85	0	269.0	0
-115	90	85.0	270.0	1
-115	95	141.0	269.0	4
-115	100	188.0	269.0	8
-115	105	102.0	269.0	11
-115	110	81.0	268.0	9
-115	115	82.0	268.0	10
-115	120	150.0	268.0	18
-115	125	90.0	267.0	18
-115	130	213.0	266.0	19
-115	135	211.0	266.0	23
-115	140	120.0	266.0	27
-115	145	100.0	265.0	28
-115	150	142.0	265.0	16
-115	155	144.0	266.0	7
-115	160	156.0	265.0	6
-115	165	19.0	266.0	2
-115	170	68.0	265.0	2
-115	175	0	268.0	0
-110	-180	0	266.0	0
-110	-175	92.0	267.0	1
-110	-170	0	268.0	0
-110	-165	0	268.0	0
-110	-160	0	269.0	0
-110	-155	0	269.0	0
-110	-150	0	269.0	0
-110	-145	0	268.0	0
-110	-140	0	269.0	0
-110	-135	0	269.0	0
-110	-130	0	0	0
-110	-125	0	0	0
-110	-120	0	271.0	0
-110	-115	0	271.0	0
-110	-110	0	271.0	0
-110	-105	0	271.0	0
-110	-100	91.0	272.0	1
-110	-95	0	272.0	0
-110	-90	0	271.0	0
-110	-85	0	272.0	0
-110	-80	0	270.0	0
-110	-75	4.0	271.0	1
-110	-70	155.0	271.0	2
-110	-65	40.0	271.0	1
-110	-60	78.0	271.0	1
-110	-55	130.0	271.0	1
-110	-50	0	271.0	1
-110	-45	103.0	271.0	1
-110	-40	95.0	272.0	4
-110	-35	54.0	272.0	1
-110	-30	61.0	272.0	2
-110	-25	43.0	273.0	4
-110	-20	128.0	272.0	3
-110	-15	81.0	272.0	9
-110	-10	180.0	272.0	1
-110	-5	52.0	272.0	3
-110	0	155.0	273.0	11
-110	5	246.0	273.0	10
-110	10	170.0	274.0	12
-110	15	184.0	273.0	9
-110	20	75.0	273.0	2
-110	25	56.0	273.0	3
-110	30	0	274.0	0
-110	35	17.0	274.0	1
-110	40	0	274.0	0
-110	45	0	274.0	0
-110	50	0	273.0	0
-110	55	0	273.0	0
-110	60	27.0	272.0	1
-110	65	0	272.0	0
-110	70	0	272.0	0
-110	75	78.0	272.0	2
-110	80	109.0	271.0	1
-110	85	0	270.0	1
-110	90	0	270.0	0
-110	95	49.0	269.0	3
-110	100	25.0	269.0	5
-110	105	70.0	268.0	9
-110	110	62.0	268.0	12
-110	115	105.0	267.0	10
-110	120	180.0	267.0	17
-110	125	113.0	267.0	18
-110	130	176.0	267.0	24
-110	135	137.0	267.0	30
-110	140	83.0	266.0	26
-110	145	158.0	266.0	22
-110	150	67.0	267.0	11
-110	155	147.0	267.0	8
-110	160	31.0	267.0	4
-110	165	19.0	266.0	2
-110	170	88.0	267.0	2
-110	175	0	267.0	0
-105	-180	0	268.0	0
-105	-175	74.0	268.0	1
-105	-170	69.0	269.0	1
-105	-165	0	270.0	0
-105	-160	0	270.0	0
-105	-155	0	269.0	0
-105	-150	0	269.0	0
-105	-145	0	271.0	0
-105	-140	0	271.0	0
-105	-135	9.0	271.0	1
-105	-130	0	271.0	0
-105	-125	0	270.0	0
-105	-120	0	271.0	0
-105	-115	0	271.0	0
-105	-110	0	271.0	0
-105	-105	0	271.0	0
-105	-100	0	271.0	0
-105	-95	29.0	271.0	1
-105	-90	0	271.0	0
-105	-85	0	270.0	0
-105	-80	0	272.0	0
-105	-75	0	271.0	0
-105	-70	0	270.0	0
-105	-65	0	271.0	0
-105	-60	28.0	271.0	1
-105	-55	97.0	270.0	2
-105	-50	0	271.0	0
-105	-45	4.0	271.0	1
-105	-40	0	272.0	0
-105	-35	147.0	272.0	3
-105	-30	25.0	273.0	2
-105	-25	174.0	272.0	4
-105	-20	140.0	272.0	5
-105	-15	234.0	273.0	11
-105	-10	145.0	274.0	7
-105	-5	259.0	274.0	6
-105	0	195.0	275.0	23
-105	5	174.0	275.0	8
-105	10	157.0	276.0	8
-105	15	201.0	276.0	8
-105	20	137.0	275.0	4
-105	25	15.0	275.0	2
-105	30	11.0	275.0	1
-105	35	0	275.0	0
-105	40	0	275.0	0
-105	45	0	274.0	0
-105	50	0	274.0	0
-105	55	182.0	274.0	2
-105	60	0	273.0	0
-105	65	0	273.0	0
-105	70	0	272.0	0
-105	75	210.0	273.0	1
-105	80	23.0	272.0	1
-105	85	8.0	272.0	1
-105	90	0	271.0	1
-105	95	12.0	270.0	3
-105	100	18.0	270.0	3
-105	105	82.0	270.0	7
-105	110	153.0	270.0	28
-105	115	74.0	269.0	15
-105	120	74.0	268.0	12
-105	125	100.0	268.0	8
-105	130	109.0	269.0	21
-105	135	82.0	268.0	18
-105	140	109.0	267.0	17
-105	145	134.0	267.0	15
-105	150	158.0	267.0	9
-105	155	86.0	267.0	5
-105	160	111.0	266.0	2
-105	165	184.0	268.0	2
-105	170	91.0	268.0	3
-105	175	0	269.0	0
-100	-180	0	269.0	0
-100	-175	116.0	269.0	1
-100	-170	0	269.0	0
-100	-165	0	269.0	0
-100	-160	0	270.0	0
-100	-155	0	270.0	0
-100	-150	0	0	0
-100	-145	0	0	0
-100	-140	0	0	0
-100	-135	0	270.0	0
-100	-130	0	271.0	0
-100	-125	0	272.0	0
-100	-120	0	271.0	0
-100	-115	0	271.0	0
-100	-110	67.0	272.0	2
-100	-105	0	271.0	0
-100	-100	0	270.0	0
-100	-95	0	270.0	0
-100	-90	0	270.0	0
-100	-85	0	271.0	0
-100	-80	0	270.0	0
-100	-75	0	269.0	0
-100	-70	0	271.0	0
-100	-65	0	270.0	0
-100	-60	0	271.0	1
-100	-55	81.0	271.0	1
-100	-50	0	272.0	0
-100	-45	54.0	273.0	1
-100	-40	55.0	273.0	1
-100	-35	84.0	273.0	3
-100	-30	104.0	274.0	5
-100	-25	143.0	274.0	4
-100	-20	159.0	274.0	8
-100	-15	98.0	273.0	4
-100	-10	173.0	274.0	7
-100	-5	100.0	274.0	8
-100	0	228.0	275.0	11
-100	5	75.0	276.0	11
-100	10	173.0	276.0	9
-100	15	62.0	277.0	5
-100	20	123.0	276.0	2
-100	25	15.0	276.0	3
-100	30	0	276.0	0
-100	35	0	276.0	0
-100	40	0	276.0	0
-100	45	43.0	276.0	1
-100	50	0	275.0	0
-100	55	34.0	275.0	2
-100	60	18.0	274.0	1
-100	65	0	274.0	0
-100	70	0	273.0	0
-100	75	0	274.0	0
-100	80	60.0	274.0	1
-100	85	8.0	272.0	2
-100	90	42.0	271.0	3
-100	95	0	271.0	0
-100	100	25.0	271.0	6
-100	105	55.0	270.0	6
-100	110	220.0	268.0	12
-100	115	67.0	269.0	11
-100	120	41.0	270.0	15
-100	125	117.0	269.0	17
-100	130	84.0	269.0	21
-100	135	113.0	269.0	12
-100	140	91.0	267.0	16
-100	145	161.0	269.0	14
-100	150	66.0	268.0	13
-100	155	125.0	267.0	7
-100	160	102.0	268.0	4
-100	165	48.0	268.0	2
-100	170	72.0	268.0	1
-100	175	0	269.0	0
-95	-180	0	270.0	0
-95	-175	0	271.0	0
-95	-170	0	270.0	0
-95	-165	183.0	270.0	1
-95	-160	84.0	270.0	1
-95	-155	0	271.0	0
-95	-150	0	272.0	0
-95	-145	0	272.0	0
-95	-140	0	272.0	0
-95	-135	0	272.0	0
-95	-130	0	272.0	0
-95	-125	0	273.0	0
-95	-120	0	0	0
-95	-115	0	0	0
-95	-110	0	273.0	0
-95	-105	0	272.0	0
-95	-100	0	273.0	0
-95	-95	0	274.0	0
-95	-90	0	273.0	0
-95	-85	0	272.0	0
-95	-80	0	273.0	0
-95	-75	0	272.0	0
-95	-70	0	273.0	0
-95	-65	0	273.0	0
-95	-60	38.0	273.0	2
-95	-55	92.0	274.0	1
-95	-50	50.0	275.0	2
-95	-45	129.0	274.0	2
-95	-40	11.0	274.0	1
-95	-35	133.0	276.0	3
-95	-30	1.0	276.0	1
-95	-25	99.0	276.0	3
-95	-20	72.0	276.0	3
-95	-15	134.0	276.0	5
-95	-10	156.0	276.0	13
-95	-5	216.0	277.0	13
-95	0	180.0	277.0	19
-95	5	164.0	277.0	13
-95	10	93.0	278.0	3
-95	15	45.0	278.0	2
-95	20	237.0	279.0	6
-95	25	208.0	278.0	2
-95	30	50.0	278.0	1
-95	35	155.0	277.0	1
-95	40	0	278.0	0
-95	45	0	278.0	0
-95	50	0	278.0	0
-95	55	53.0	277.0	1
-95	60	0	277.0	0
-95	65	10.0	277.0	2
-95	70	19.0	277.0	1
-95	75	47.0	277.0	2
-95	80	1.0	276.0	1
-95	85	0	276.0	0
-95	90	133.0	275.0	2
-95	95	20.0	274.0	3
-95	100	80.0	273.0	8
-95	105	80.0	274.0	9
-95	110	79.0	273.0	12
-95	115	194.0	271.0	12
-95	120	55.0	271.0	17
-95	125	95.0	271.0	17
-95	130	148.0	270.0	21
-95	135	180.0	271.0	16
-95	140	133.0	269.0	28
-95	145	159.0	271.0	13
-95	150	165.0	270.0	8
-95	155	115.0	270.0	7
-95	160	70.0	269.0	8
-95	165	38.0	269.0	1
-95	170	0	269.0	0
-95	175	120.0	269.0	1
-90	-180	11.0	268.0	1
-90	-175	0	270.0	0
-90	-170	0	269.0	0
-90	-165	160.0	270.0	1
-90	-160	0	270.0	0
-90	-155	0	270.0	0
-90	-150	0	271.0	0
-90	-145	0	271.0	0
-90	-140	0	0	0
-90	-135	0	272.0	0
-90	-130	0	272.0	0
-90	-125	0	0	0
-90	-120	0	0	0
-90	-115	0	0	0
-90	-110	0	272.0	0
-90	-105	0	273.0	0
-90	-100	0	272.0	0
-90	-95	0	272.0	0
-90	-90	0	272.0	0
-90	-85	0	272.0	0
-90	-80	0	272.0	0
-90	-75	0	272.0	0
-90	-70	0	273.0	0
-90	-65	0	274.0	0
-90	-60	0	274.0	0
-90	-55	77.0	273.0	3
-90	-50	104.0	274.0	2
-90	-45	101.0	275.0	4
-90	-40	181.0	276.0	6
-90	-35	187.0	274.0	4
-90	-30	86.0	275.0	6
-90	-25	111.0	276.0	9
-90	-20	149.0	276.0	9
-90	-15	215.0	276.0	15
-90	-10	176.0	277.0	17
-90	-5	211.0	277.0	19
-90	0	214.0	277.0	8
-90	5	165.0	278.0	6
-90	10	1.0	278.0	1
-90	15	46.0	279.0	1
-90	20	0	278.0	0
-90	25	0	278.0	0
-90	30	0	278.0	0
-90	35	0	279.0	0
-90	40	73.0	278.0	1
-90	45	0	278.0	0
-90	50	195.0	278.0	1
-90	55	37.0	278.0	3
-90	60	87.0	278.0	4
-90	65	43.0	277.0	4
-90	70	51.0	277.0	3
-90	75	120.0	276.0	2
-90	80	6.0	276.0	1
-90	85	24.0	275.0	2
-90	90	0	274.0	2
-90	95	42.0	274.0	5
-90	100	80.0	274.0	4
-90	105	170.0	273.0	6
-90	110	132.0	272.0	9
-90	115	185.0	271.0	14
-90	120	138.0	272.0	18
-90	125	129.0	271.0	22
-90	130	177.0	270.0	27
-90	135	133.0	270.0	23
-90	140	130.0	270.0	15
-90	145	108.0	270.0	10
-90	150	71.0	268.0	7
-90	155	32.0	269.0	7
-90	160	63.0	268.0	6
-90	165	47.0	269.0	2
-90	170	134.0	269.0	2
-90	175	0	269.0	0
-85	-180	0	269.0	0
-85	-175	0	269.0	0
-85	-170	0	270.0	0
-85	-165	0	270.0	0
-85	-160	0	270.0	0
-85	-155	0	271.0	0
-85	-150	0	270.0	0
-85	-145	0	0	0
-85	-140	0	0	0
-85	-135	0	272.0	0
-85	-130	0	0	0
-85	-125	0	0	0
-85	-120	0	0	0
-85	-115	0	0	0
-85	-110	0	272.0	0
-85	-105	0	272.0	0
-85	-100	0	0	0
-85	-95	0	271.0	0
-85	-90	0	272.0	0
-85	-85	0	272.0	0
-85	-80	0	272.0	0
-85	-75	0	271.0	0
-85	-70	46.0	273.0	1
-85	-65	3.0	273.0	1
-85	-60	73.0	274.0	1
-85	-55	82.0	274.0	4
-85	-50	44.0	275.0	3
-85	-45	178.0	275.0	5
-85	-40	198.0	275.0	7
-85	-35	173.0	274.0	8
-85	-30	218.0	276.0	15
-85	-25	191.0	276.0	8
-85	-20	71.0	276.0	12
-85	-15	151.0	277.0	10
-85	-10	163.0	277.0	14
-85	-5	193.0	277.0	15
-85	0	168.0	277.0	14
-85	5	34.0	279.0	3
-85	10	148.0	278.0	2
-85	15	0	280.0	0
-85	20	0	279.0	0
-85	25	0	278.0	0
-85	30	0	278.0	0
-85	35	0	280.0	0
-85	40	28.0	279.0	2
-85	45	0	279.0	0
-85	50	15.0	278.0	1
-85	55	0	279.0	0
-85	60	155.0	278.0	2
-85	65	59.0	277.0	2
-85	70	121.0	276.0	2
-85	75	86.0	276.0	3
-85	80	152.0	276.0	6
-85	85	20.0	275.0	2
-85	90	0	274.0	0
-85	95	13.0	274.0	3
-85	100	74.0	273.0	3
-85	105	28.0	273.0	5
-85	110	82.0	272.0	9
-85	115	164.0	271.0	11
-85	120	130.0	272.0	23
-85	125	181.0	271.0	19
-85	130	77.0	270.0	13
-85	135	199.0	270.0	30
-85	140	190.0	270.0	13
-85	145	148.0	270.0	10
-85	150	75.0	269.0	7
-85	155	22.0	269.0	5
-85	160	128.0	269.0	3
-85	165	141.0	270.0	4
-85	170	19.0	269.0	2
-85	175	55.0	270.0	1
-80	-180	0	270.0	0
-80	-175	32.0	269.0	1
-80	-170	0	269.0	0
-80	-165	0	269.0	0
-80	-160	0	270.0	0
-80	-155	0	270.0	0
-80	-150	0	270.0	0
-80	-145	0	0	0
-80	-140	0	0	0
-80	-135	0	0	0
-80	-130	0	0	0
-80	-125	0	0	0
-80	-120	0	0	0
-80	-115	0	0	0
-80	-110	0	272.0	0
-80	-105	0	0	0
-80	-100	0	274.0	0
-80	-95	0	273.0	0
-80	-90	0	273.0	0
-80	-85	0	272.0	0
-80	-80	49.0	273.0	1
-80	-75	0	273.0	0
-80	-70	0	274.0	0
-80	-65	0	274.0	0
-80	-60	0	275.0	0
-80	-55	38.0	276.0	4
-80	-50	77.0	276.0	5
-80	-45	171.0	278.0	7
-80	-40	127.0	278.0	10
-80	-35	119.0	277.0	16
-80	-30	225.0	277.0	16
-80	-25	208.0	277.0	18
-80	-20	164.0	278.0	17
-80	-15	226.0	278.0	17
-80	-10	197.0	279.0	23
-80	-5	180.0	279.0	15
-80	0	206.0	279.0	9
-80	5	1.0	280.0	1
-80	10	0	280.0	0
-80	15	0	281.0	0
-80	20	0	281.0	0
-80	25	0	281.0	0
-80	30	0	281.0	0
-80	35	0	280.0	0
-80	40	13.0	280.0	1
-80	45	0	281.0	0
-80	50	0	281.0	0
-80	55	0	281.0	0
-80	60	0	280.0	0
-80	65	155.0	279.0	2
-80	70	20.0	279.0	4
-80	75	164.0	278.0	2
-80	80	0	278.0	0
-80	85	2.0	278.0	1
-80	90	108.0	276.0	2
-80	95	0	275.0	1
-80	100	163.0	275.0	4
-80	105	198.0	275.0	4
-80	110	238.0	274.0	7
-80	115	80.0	274.0	9
-80	120	136.0	271.0	11
-80	125	146.0	273.0	24
-80	130	148.0	272.0	24
-80	135	160.0	271.0	33
-80	140	75.0	271.0	10
-80	145	134.0	270.0	14
-80	150	123.0	270.0	11
-80	155	136.0	269.0	11
-80	160	147.0	269.0	8
-80	165	9.0	269.0	2
-80	170	52.0	268.0	4
-80	175	50.0	269.0	1
-75	-180	0	270.0	0
-75	-175	122.0	271.0	1
-75	-170	0	271.0	0
-75	-165	0	272.0	0
-75	-160	0	273.0	0
-75	-155	0	272.0	0
-75	-150	23.0	272.0	1
-75	-145	0	273.0	0
-75	-140	0	273.0	0
-75	-135	0	274.0	0
-75	-130	0	274.0	0
-75	-125	0	0	0
-75	-120	0	0	0
-75	-115	0	0	0
-75	-110	0	0	0
-75	-105	0	0	0
-75	-100	0	0	0
-75	-95	0	0	0
-75	-90	0	274.0	0
-75	-85	0	274.0	0
-75	-80	0	275.0	0
-75	-75	0	276.0	0
-75	-70	8.0	276.0	1
-75	-65	0	276.0	0
-75	-60	69.0	276.0	2
-75	-55	155.0	277.0	7
-75	-50	86.0	277.0	11
-75	-45	169.0	279.0	30
-75	-40	188.0	279.0	39
-75	-35	153.0	279.0	51
-75	-30	176.0	280.0	37
-75	-25	141.0	279.0	20
-75	-20	225.0	281.0	23
-75	-15	204.0	282.0	30
-75	-10	220.0	281.0	23
-75	-5	104.0	281.0	9
-75	0	25.0	282.0	3
-75	5	0	281.0	0
-75	10	0	282.0	0
-75	15	0	283.0	0
-75	20	0	283.0	0
-75	25	0	283.0	0
-75	30	0	283.0	0
-75	35	0	283.0	0
-75	40	0	283.0	0
-75	45	0	282.0	0
-75	50	0	283.0	0
-75	55	0	283.0	0
-75	60	0	281.0	0
-75	65	0	281.0	0
-75	70	42.0	281.0	1
-75	75	0	281.0	0
-75	80	0	280.0	0
-75	85	0	279.0	0
-75	90	0	277.0	0
-75	95	0	276.0	0
-75	100	10.0	277.0	1
-75	105	17.0	277.0	2
-75	110	119.0	275.0	4
-75	115	128.0	275.0	8
-75	120	175.0	274.0	10
-75	125	140.0	274.0	19
-75	130	179.0	274.0	27
-75	135	86.0	274.0	14
-75	140	218.0	273.0	30
-75	145	112.0	271.0	18
-75	150	123.0	271.0	15
-75	155	240.0	271.0	10
-75	160	132.0	271.0	12
-75	165	105.0	270.0	2
-75	170	21.0	271.0	1
-75	175	0	272.0	0
-70	-180	0	265.0	0
-70	-175	0	266.0	0
-70	-170	0	266.0	0
-70	-165	0	266.0	0
-70	-160	0	265.0	0
-70	-155	0	0	0
-70	-150	0	268.0	0
-70	-145	0	268.0	0
-70	-140	0	270.0	0
-70	-135	0	271.0	0
-70	-130	0	0	0
-70	-125	0	0	0
-70	-120	0	0	0
-70	-115	0	0	0
-70	-110	0	0	0
-70	-105	0	0	0
-70	-100	0	0	0
-70	-95	0	0	0
-70	-90	0	0	0
-70	-85	0	271.0	0
-70	-80	0	271.0	0
-70	-75	0	271.0	0
-70	-70	0	272.0	0
-70	-65	264.0	271.0	1
-70	-60	2.0	273.0	1
-70	-55	202.0	273.0	14
-70	-50	149.0	274.0	65
-70	-45	223.0	275.0	117
-70	-40	228.0	274.0	123
-70	-35	197.0	275.0	84
-70	-30	204.0	276.0	51
-70	-25	183.0	277.0	43
-70	-20	150.0	276.0	30
-70	-15	248.0	276.0	22
-70	-10	223.0	277.0	9
-70	-5	0	277.0	0
-70	0	75.0	278.0	1
-70	5	0	278.0	0
-70	10	162.0	278.0	1
-70	15	0	278.0	0
-70	20	0	279.0	0
-70	25	0	279.0	0
-70	30	0	279.0	0
-70	35	0	279.0	0
-70	40	0	279.0	0
-70	45	0	278.0	0
-70	50	0	278.0	0
-70	55	117.0	278.0	1
-70	60	0	278.0	0
-70	65	0	276.0	0
-70	70	0	276.0	0
-70	75	0	276.0	0
-70	80	0	275.0	0
-70	85	0	275.0	0
-70	90	0	274.0	0
-70	95	5.0	274.0	1
-70	100	0	274.0	0
-70	105	0	272.0	0
-70	110	107.0	272.0	3
-70	115	133.0	270.0	6
-70	120	109.0	270.0	8
-70	125	163.0	270.0	20
-70	130	159.0	268.0	28
-70	135	145.0	268.0	30
-70	140	162.0	267.0	23
-70	145	156.0	267.0	14
-70	150	125.0	267.0	17
-70	155	77.0	267.0	9
-70	160	179.0	266.0	5
-70	165	63.0	266.0	3
-70	170	0	265.0	0
-70	175	0	265.0	0
-65	-180	0	0	0
-65	-175	0	269.0	0
-65	-170	0	268.0	0
-65	-165	0	269.0	0
-65	-160	0	0	0
-65	-155	0	0	0
-65	-150	0	270.0	0
-65	-145	0	270.0	0
-65	-140	0	270.0	0
-65	-135	0	0	0
-65	-130	0	0	0
-65	-125	0	0	0
-65	-120	0	0	0
-65	-115	0	0	0
-65	-110	0	0	0
-65	-105	0	0	0
-65	-100	0	0	0
-65	-95	0	0	0
-65	-90	0	0	0
-65	-85	0	273.0	0
-65	-80	0	273.0	0
-65	-75	0	274.0	0
-65	-70	0	275.0	0
-65	-65	82.0	274.0	2
-65	-60	59.0	276.0	6
-65	-55	161.0	276.0	33
-65	-50	211.0	276.0	188
-65	-45	196.0	277.0	322
-65	-40	222.0	277.0	210
-65	-35	181.0	278.0	104
-65	-30	187.0	279.0	60
-65	-25	204.0	279.0	44
-65	-20	210.0	280.0	29
-65	-15	141.0	280.0	15
-65	-10	204.0	280.0	1
-65	-5	0	281.0	0
-65	0	0	281.0	0
-65	5	0	282.0	0
-65	10	0	282.0	0
-65	15	0	282.0	0
-65	20	0	283.0	0
-65	25	0	282.0	0
-65	30	0	0	0
-65	35	0	0	0
-65	40	0	281.0	0
-65	45	0	281.0	0
-65	50	0	281.0	0
-65	55	0	281.0	0
-65	60	0	280.0	0
-65	65	0	279.0	0
-65	70	0	279.0	0
-65	75	0	279.0	0
-65	80	0	278.0	0
-65	85	0	278.0	0
-65	90	0	278.0	0
-65	95	0	276.0	0
-65	100	0	275.0	0
-65	105	0	275.0	0
-65	110	1.0	274.0	1
-65	115	3.0	273.0	2
-65	120	108.0	274.0	8
-65	125	235.0	272.0	19
-65	130	246.0	272.0	20
-65	135	219.0	271.0	23
-65	140	195.0	271.0	28
-65	145	174.0	269.0	20
-65	150	143.0	269.0	16
-65	155	199.0	269.0	1
-65	160	0	267.0	0
-65	165	0	268.0	0
-65	170	78.0	268.0	2
-65	175	68.0	268.0	1
-60	-180	0	0	0
-60	-175	0	269.0	0
-60	-170	0	269.0	0
-60	-165	0	0	0
-60	-160	0	0	0
-60	-155	0	0	0
-60	-150	0	270.0	0
-60	-145	0	270.0	0
-60	-140	0	0	0
-60	-135	0	0	0
-60	-130	0	0	0
-60	-125	0	0	0
-60	-120	0	0	0
-60	-115	0	0	0
-60	-110	0	0	0
-60	-105	0	0	0
-60	-100	0	0	0
-60	-95	0	0	0
-60	-90	0	0	0
-60	-85	0	274.0	0
-60	-80	0	273.0	0
-60	-75	0	274.0	0
-60	-70	0	274.0	0
-60	-65	32.0	275.0	1
-60	-60	87.0	276.0	1
-60	-55	123.0	276.0	49
-60	-50	190.0	277.0	243
-60	-45	202.0	278.0	257
-60	-40	247.0	279.0	136
-60	-35	236.0	278.0	77
-60	-30	240.0	280.0	62
-60	-25	181.0	281.0	30
-60	-20	200.0	282.0	7
-60	-15	22.0	282.0	1
-60	-10	0	282.0	0
-60	-5	0	282.0	0
-60	0	0	282.0	0
-60	5	0	283.0	0
-60	10	0	284.0	0
-60	15	0	284.0	0
-60	20	0	283.0	0
-60	25	0	0	0
-60	30	0	0	0
-60	35	0	0	0
-60	40	0	283.0	0
-60	45	0	0	0
-60	50	0	0	0
-60	55	0	282.0	0
-60	60	0	282.0	0
-60	65	0	280.0	0
-60	70	0	280.0	0
-60	75	0	280.0	0
-60	80	0	278.0	0
-60	85	0	278.0	0
-60	90	0	278.0	0
-60	95	0	276.0	0
-60	100	55.0	276.0	1
-60	105	0	277.0	0
-60	110	15.0	275.0	2
-60	115	0	275.0	0
-60	120	93.0	274.0	7
-60	125	103.0	273.0	13
-60	130	75.0	273.0	20
-60	135	237.0	272.0	27
-60	140	137.0	272.0	12
-60	145	141.0	271.0	18
-60	150	140.0	270.0	8
-60	155	38.0	269.0	3
-60	160	25.0	270.0	2
-60	165	0	269.0	0
-60	170	0	269.0	0
-60	175	0	270.0	0
-55	-180	0	0	0
-55	-175	0	269.0	0
-55	-170	0	0	0
-55	-165	0	0	0
-55	-160	0	0	0
-55	-155	0	0	0
-55	-150	0	270.0	0
-55	-145	0	0	0
-55	-140	0	0	0
-55	-135	0	0	0
-55	-130	0	0	0
-55	-125	0	0	0
-55	-120	0	0	0
-55	-115	0	0	0
-55	-110	0	0	0
-55	-105	0	0	0
-55	-100	0	0	0
-55	-95	0	0	0
-55	-90	0	0	0
-55	-85	0	274.0	0
-55	-80	0	274.0	0
-55	-75	0	275.0	0
-55	-70	0	276.0	0
-55	-65	57.0	277.0	1
-55	-60	161.0	278.0	5
-55	-55	139.0	279.0	39
-55	-50	192.0	279.0	85
-55	-45	153.0	279.0	75
-55	-40	221.0	281.0	40
-55	-35	221.0	281.0	29
-55	-30	165.0	280.0	20
-55	-25	224.0	282.0	6
-55	-20	84.0	282.0	2
-55	-15	0	282.0	0
-55	-10	0	284.0	0
-55	-5	0	284.0	0
-55	0	0	284.0	0
-55	5	0	283.0	0
-55	10	0	284.0	0
-55	15	0	284.0	0
-55	20	0	0	0
-55	25	0	0	0
-55	30	0	0	0
-55	35	0	0	0
-55	40	0	0	0
-55	45	0	0	0
-55	50	0	0	0
-55	55	0	283.0	0
-55	60	0	282.0	0
-55	65	0	0	0
-55	70	0	282.0	0
-55	75	0	0	0
-55	80	0	0	0
-55	85	0	0	0
-55	90	0	0	0
-55	95	0	278.0	0
-55	100	0	277.0	0
-55	105	0	277.0	0
-55	110	0	274.0	0
-55	115	0	275.0	0
-55	120	187.0	275.0	2
-55	125	212.0	274.0	11
-55	130	106.0	273.0	10
-55	135	167.0	272.0	17
-55	140	199.0	271.0	5
-55	145	99.0	271.0	8
-55	150	0	270.0	0
-55	155	0	269.0	0
-55	160	0	267.0	0
-55	165	0	267.0	0
-55	170	0	268.0	0
-55	175	0	268.0	0
-50	-180	0	0	0
-50	-175	0	0	0
-50	-170	0	0	0
-50	-165	0	0	0
-50	-160	0	0	0
-50	-155	0	0	0
-50	-150	0	0	0
-50	-145	0	0	0
-50	-140	0	0	0
-50	-135	0	0	0
-50	-130	0	0	0
-50	-125	0	0	0
-50	-120	0	0	0
-50	-115	0	0	0
-50	-110	0	0	0
-50	-105	0	0	0
-50	-100	0	0	0
-50	-95	0	0	0
-50	-90	0	0	0
-50	-85	0	0	0
-50	-80	0	275.0	0
-50	-75	0	275.0	0
-50	-70	0	276.0	0
-50	-65	0	277.0	0
-50	-60	139.0	278.0	3
-50	-55	114.0	280.0	11
-50	-50	158.0	280.0	23
-50	-45	163.0	281.0	16
-50	-40	104.0	282.0	5
-50	-35	80.0	282.0	6
-50	-30	39.0	282.0	1
-50	-25	0	282.0	0
-50	-20	0	282.0	0
-50	-15	0	283.0	0
-50	-10	0	285.0	0
-50	-5	0	285.0	0
-50	0	0	285.0	0
-50	5	0	0	0
-50	10	0	285.0	0
-50	15	0	0	0
-50	20	0	0	0
-50	25	0	0	0
-50	30	0	0	0
-50	35	0	0	0
-50	40	0	0	0
-50	45	0	0	0
-50	50	0	0	0
-50	55	0	283.0	0
-50	60	0	0	0
-50	65	0	0	0
-50	70	0	0	0
-50	75	0	0	0
-50	80	0	0	0
-50	85	0	0	0
-50	90	0	0	0
-50	95	0	278.0	0
-50	100	0	276.0	0
-50	105	0	276.0	0
-50	110	0	275.0	0
-50	115	0	276.0	0
-50	120	189.0	275.0	4
-50	125	99.0	275.0	3
-50	130	262.0	275.0	9
-50	135	161.0	273.0	3
-50	140	66.0	272.0	2
-50	145	0	271.0	0
-50	150	0	271.0	0
-50	155	0	270.0	0
-50	160	0	269.0	0
-50	165	0	268.0	0
-50	170	0	268.0	0
-50	175	0	269.0	0
-45	-180	0	0	0
-45	-175	0	0	0
-45	-170	0	0	0
-45	-165	0	0	0
-45	-160	0	0	0
-45	-155	0	0	0
-45	-150	0	0	0
-45	-145	0	0	0
-45	-140	0	0	0
-45	-135	0	0	0
-45	-130	0	0	0
-45	-125	0	0	0
-45	-120	0	0	0
-45	-115	0	0	0
-45	-110	0	0	0
-45	-105	0	0	0
-45	-100	0	0	0
-45	-95	0	0	0
-45	-90	0	0	0
-45	-85	0	0	0
-45	-80	0	278.0	0
-45	-75	0	279.0	0
-45	-70	0	279.0	0
-45	-65	0	280.0	0
-45	-60	176.0	281.0	3
-45	-55	119.0	281.0	5
-45	-50	50.0	283.0	1
-45	-45	31.0	284.0	2
-45	-40	18.0	283.0	2
-45	-35	0	284.0	0
-45	-30	0	285.0	0
-45	-25	0	286.0	0
-45	-20	0	287.0	0
-45	-15	0	287.0	0
-45	-10	0	287.0	0
-45	-5	0	0	0
-45	0	0	0	0
-45	5	0	0	0
-45	10	0	0	0
-45	15	0	0	0
-45	20	0	0	0
-45	25	0	0	0
-45	30	0	0	0
-45	35	0	0	0
-45	40	0	0	0
-45	45	0	0	0
-45	50	0	0	0
-45	55	0	0	0
-45	60	0	0	0
-45	65	0	0	0
-45	70	0	0	0
-45	75	0	0	0
-45	80	0	0	0
-45	85	0	0	0
-45	90	0	0	0
-45	95	0	0	0
-45	100	0	278.0	0
-45	105	0	277.0	0
-45	110	0	277.0	0
-45	115	0	277.0	0
-45	120	17.0	277.0	2
-45	125	175.0	276.0	3
-45	130	192.0	275.0	6
-45	135	50.0	273.0	1
-45	140	22.0	273.0	1
-45	145	0	273.0	0
-45	150	0	273.0	0
-45	155	0	272.0	0
-45	160	0	273.0	0
-45	165	0	270.0	0
-45	170	0	269.0	0
-45	175	0	269.0	0
-40	-180	0	0	0
-40	-175	0	0	0
-40	-170	0	0	0
-40	-165	0	0	0
-40	-160	0	0	0
-40	-155	0	0	0
-40	-150	0	0	0
-40	-145	0	0	0
-40	-140	0	0	0
-40	-135	0	0	0
-40	-130	0	0	0
-40	-125	0	0	0
-40	-120	0	0	0
-40	-115	0	0	0
-40	-110	0	0	0
-40	-105	0	0	0
-40	-100	0	0	0
-40	-95	0	0	0
-40	-90	0	0	0
-40	-85	0	0	0
-40	-80	0	0	0
-40	-75	0	0	0
-40	-70	0	280.0	0
-40	-65	0	281.0	0
-40	-60	0	282.0	0
-40	-55	0	282.0	0
-40	-50	0	284.0	0
-40	-45	0	284.0	0
-40	-40	0	285.0	0
-40	-35	0	285.0	0
-40	-30	0	286.0	0
-40	-25	0	287.0	0
-40	-20	0	288.0	0
-40	-15	0	288.0	0
-40	-10	0	0	0
-40	-5	0	0	0
-40	0	0	0	0
-40	5	0	0	0
-40	10	0	0	0
-40	15	0	0	0
-40	20	0	0	0
-40	25	0	0	0
-40	30	0	0	0
-40	35	0	0	0
-40	40	0	0	0
-40	45	0	0	0
-40	50	0	0	0
-40	55	0	0	0
-40	60	0	0	0
-40	65	0	0	0
-40	70	0	0	0
-40	75	0	0	0
-40	80	0	0	0
-40	85	0	0	0
-40	90	0	0	0
-40	95	0	0	0
-40	100	0	279.0	0
-40	105	0	278.0	0
-40	110	0	278.0	0
-40	115	0	277.0	0
-40	120	0	277.0	0
-40	125	0	276.0	0
-40	130	12.0	274.0	2
-40	135	0	274.0	0
-40	140	0	273.0	0
-40	145	0	273.0	0
-40	150	0	273.0	0
-40	155	0	273.0	0
-40	160	0	273.0	0
-40	165	0	0	0
-40	170	0	0	0
-40	175	0	0	0
-35	-180	0	0	0
-35	-175	0	0	0
-35	-170	0	0	0
-35	-165	0	0	0
-35	-160	0	0	0
-35	-155	0	0	0
-35	-150	0	0	0
-35	-145	0	0	0
-35	-140	0	0	0
-35	-135	0	0	0
-35	-130	0	0	0
-35	-125	0	0	0
-35	-120	0	0	0
-35	-115	0	0	0
-35	-110	0	0	0
-35	-105	0	0	0
-35	-100	0	0	0
-35	-95	0	0	0
-35	-90	0	0	0
-35	-85	0	0	0
-35	-80	0	0	0
-35	-75	0	279.0	0
-35	-70	0	280.0	0
-35	-65	0	280.0	0
-35	-60	0	281.0	0
-35	-55	0	282.0	0
-35	-50	0	283.0	0
-35	-45	0	283.0	0
-35	-40	0	284.0	0
-35	-35	0	284.0	0
-35	-30	0	284.0	0
-35	-25	0	285.0	0
-35	-20	0	286.0	0
-35	-15	0	0	0
-35	-10	0	0	0
-35	-5	0	0	0
-35	0	0	0	0
-35	5	0	0	0
-35	10	0	0	0
-35	15	0	0	0
-35	20	0	0	0
-35	25	0	0	0
-35	30	0	0	0
-35	35	0	0	0
-35	40	0	0	0
-35	45	0	0	0
-35	50	0	0	0
-35	55	0	0	0
-35	60	0	0	0
-35	65	0	0	0
-35	70	0	0	0
-35	75	0	0	0
-35	80	0	0	0
-35	85	0	0	0
-35	90	0	0	0
-35	95	0	0	0
-35	100	0	276.0	0
-35	105	0	276.0	0
-35	110	0	275.0	0
-35	115	0	274.0	0
-35	120	0	274.0	0
-35	125	0	273.0	0
-35	130	0	273.0	0
-35	135	0	272.0	0
-35	140	0	272.0	0
-35	145	0	271.0	0
-35	150	0	270.0	0
-35	155	0	0	0
-35	160	0	0	0
-35	165	0	0	0
-35	170	0	0	0
-35	175	0	0	0
-30	-180	0	0	0
-30	-175	0	0	0
-30	-170	0	0	0
-30	-165	0	0	0
-30	-160	0	0	0
-30	-155	0	0	0
-30	-150	0	0	0
-30	-145	0	0	0
-30	-140	0	0	0
-30	-135	0	0	0
-30	-130	0	0	0
-30	-125	0	0	0
-30	-120	0	0	0
-30	-115	0	0	0
-30	-110	0	0	0
-30	-105	0	0	0
-30	-100	0	0	0
-30	-95	0	0	0
-30	-90	0	0	0
-30	-85	0	0	0
-30	-80	0	280.0	0
-30	-75	0	281.0	0
-30	-70	0	282.0	0
-30	-65	0	282.0	0
-30	-60	85.0	284.0	1
-30	-55	0	285.0	0
-30	-50	0	285.0	0
-30	-45	0	285.0	0
-30	-40	0	286.0	0
-30	-35	0	287.0	0
-30	-30	0	288.0	0
-30	-25	0	0	0
-30	-20	0	0	0
-30	-15	0	0	0
-30	-10	0	0	0
-30	-5	0	0	0
-30	0	0	0	0
-30	5	0	0	0
-30	10	0	0	0
-30	15	0	0	0
-30	20	0	0	0
-30	25	0	0	0
-30	30	0	0	0
-30	35	0	0	0
-30	40	0	0	0
-30	45	0	0	0
-30	50	0	0	0
-30	55	0	0	0
-30	60	0	0	0
-30	65	0	0	0
-30	70	0	0	0
-30	75	0	0	0
-30	80	0	0	0
-30	85	0	0	0
-30	90	0	0	0
-30	95	0	279.0	0
-30	100	0	278.0	0
-30	105	0	277.0	0
-30	110	0	276.0	0
-30	115	0	275.0	0
-30	120	0	275.0	0
-30	125	176.0	275.0	1
-30	130	0	274.0	0
-30	135	0	273.0	0
-30	140	0	272.0	0
-30	145	0	271.0	0
-30	150	0	0	0
-30	155	0	0	0
-30	160	0	0	0
-30	165	0	0	0
-30	170	0	0	0
-30	175	0	0	0
-25	-180	0	0	0
-25	-175	0	0	0
-25	-170	0	0	0
-25	-165	0	0	0
-25	-160	0	0	0
-25	-155	0	0	0
-25	-150	0	0	0
-25	-145	0	0	0
-25	-140	0	0	0
-25	-135	0	0	0
-25	-130	0	0	0
-25	-125	0	0	0
-25	-120	0	0	0
-25	-115	0	0	0
-25	-110	0	0	0
-25	-105	0	0	0
-25	-100	0	0	0
-25	-95	0	0	0
-25	-90	0	0	0
-25	-85	0	0	0
-25	-80	0	0	0
-25	-75	0	0	0
-25	-70	0	0	0
-25	-65	0	0	0
-25	-60	0	284.0	0
-25	-55	0	284.0	0
-25	-50	0	285.0	0
-25	-45	0	286.0	0
-25	-40	0	286.0	0
-25	-35	0	0	0
-25	-30	0	0	0
-25	-25	0	0	0
-25	-20	0	0	0
-25	-15	0	0	0
-25	-10	0	0	0
-25	-5	0	0	0
-25	0	0	0	0
-25	5	0	0	0
-25	10	0	0	0
-25	15	0	0	0
-25	20	0	0	0
-25	25	0	0	0
-25	30	0	0	0
-25	35	0	0	0
-25	40	0	0	0
-25	45	0	0	0
-25	50	0	0	0
-25	55	0	0	0
-25	60	0	0	0
-25	65	0	0	0
-25	70	0	0	0
-25	75	0	0	0
-25	80	0	0	0
-25	85	0	0	0
-25	90	0	278.0	0
-25	95	0	278.0	0
-25	100	0	277.0	0
-25	105	0	276.0	0
-25	110	0	0	0
-25	115	0	0	0
-25	120	0	273.0	0
-25	125	0	274.0	0
-25	130	0	273.0	0
-25	135	0	271.0	0
-25	140	0	270.0	0
-25	145	0	0	0
-25	150	0	0	0
-25	155	0	0	0
-25	160	0	0	0
-25	165	0	0	0
-25	170	0	0	0
-25	175	0	0	0
-20	-180	0	0	0
-20	-175	0	0	0
-20	-170	0	0	0
-20	-165	0	0	0
-20	-160	0	0	0
-20	-155	0	0	0
-20	-150	0	0	0
-20	-145	0	0	0
-20	-140	0	0	0
-20	-135	0	0	0
-20	-130	0	0	0
-20	-125	0	0	0
-20	-120	0	0	0
-20	-115	0	0	0
-20	-110	0	0	0
-20	-105	0	0	0
-20	-100	0	0	0
-20	-95	0	0	0
-20	-90	0	0	0
-20	-85	0	0	0
-20	-80	0	0	0
-20	-75	0	0	0
-20	-70	0	0	0
-20	-65	0	0	0
-20	-60	0	287.0	0
-20	-55	0	288.0	0
-20	-50	0	288.0	0
-20	-45	0	0	0
-20	-40	0	0	0
-20	-35	0	0	0
-20	-30	0	0	0
-20	-25	0	0	0
-20	-20	0	0	0
-20	-15	0	0	0
-20	-10	0	0	0
-20	-5	0	0	0
-20	0	0	0	0
-20	5	0	0	0
-20	10	0	0	0
-20	15	0	0	0
-20	20	0	0	0
-20	25	0	0	0
-20	30	0	0	0
-20	35	0	0	0
-20	40	0	0	0
-20	45	0	0	0
-20	50	0	0	0
-20	55	0	0	0
-20	60	0	0	0
-20	65	0	0	0
-20	70	0	0	0
-20	75	0	0	0
-20	80	0	0	0
-20	85	0	281.0	0
-20	90	0	281.0	0
-20	95	0	279.0	0
-20	100	0	279.0	0
-20	105	14.0	277.0	1
-20	110	0	276.0	0
-20	115	0	276.0	0
-20	120	0	275.0	0
-20	125	0	275.0	0
-20	130	0	274.0	0
-20	135	0	274.0	0
-20	140	0	0	0
-20	145	0	0	0
-20	150	0	0	0
-20	155	0	0	0
-20	160	0	0	0
-20	165	0	0	0
-20	170	0	0	0
-20	175	0	0	0
-15	-180	0	0	0
-15	-175	0	0	0
-15	-170	0	0	0
-15	-165	0	0	0
-15	-160	0	0	0
-15	-155	0	0	0
-15	-150	0	0	0
-15	-145	0	0	0
-15	-140	0	0	0
-15	-135	0	0	0
-15	-130	0	0	0
-15	-125	0	0	0
-15	-120	0	0	0
-15	-115	0	0	0
-15	-110	0	0	0
-15	-105	0	0	0
-15	-100	0	0	0
-15	-95	0	0	0
-15	-90	0	0	0
-15	-85	0	0	0
-15	-80	0	0	0
-15	-75	0	0	0
-15	-70	0	0	0
-15	-65	0	0	0
-15	-60	0	287.0	0
-15	-55	0	287.0	0
-15	-50	0	0	0
-15	-45	0	0	0
-15	-40	0	0	0
-15	-35	0	0	0
-15	-30	0	0	0
-15	-25	0	0	0
-15	-20	0	0	0
-15	-15	0	0	0
-15	-10	0	0	0
-15	-5	0	0	0
-15	0	0	0	0
-15	5	0	0	0
-15	10	0	0	0
-15	15	0	0	0
-15	20	0	0	0
-15	25	0	0	0
-15	30	0	0	0
-15	35	0	0	0
-15	40	0	0	0
-15	45	0	0	0
-15	50	0	0	0
-15	55	0	0	0
-15	60	0	0	0
-15	65	0	0	0
-15	70	0	0	0
-15	75	0	0	0
-15	80	0	0	0
-15	85	0	0	0
-15	90	0	0	0
-15	95	0	0	0
-15	100	0	0	0
-15	105	0	276.0	0
-15	110	0	275.0	0
-15	115	0	275.0	0
-15	120	0	275.0	0
-15	125	0	274.0	0
-15	130	0	273.0	0
-15	135	0	0	0
-15	140	0	0	0
-15	145	0	0	0
-15	150	0	0	0
-15	155	0	0	0
-15	160	0	0	0
-15	165	0	0	0
-15	170	0	0	0
-15	175	0	0	0
-10	-180	0	0	0
-10	-175	0	0	0
-10	-170	0	0	0
-10	-165	0	0	0
-10	-160	0	0	0
-10	-155	0	0	0
-10	-150	0	0	0
-10	-145	0	0	0
-10	-140	0	0	0
-10	-135	0	0	0
-10	-130	0	0	0
-10	-125	0	0	0
-10	-120	0	0	0
-10	-115	0	0	0
-10	-110	0	0	0
-10	-105	0	0	0
-10	-100	0	0	0
-10	-95	0	0	0
-10	-90	0	0	0
-10	-85	0	0	0
-10	-80	0	0	0
-10	-75	0	0	0
-10	-70	0	0	0
-10	-65	0	0	0
-10	-60	0	287.0	0
-10	-55	0	0	0
-10	-50	0	0	0
-10	-45	0	0	0
-10	-40	0	0	0
-10	-35	0	0	0
-10	-30	0	0	0
-10	-25	0	0	0
-10	-20	0	0	0
-10	-15	0	0	0
-10	-10	0	0	0
-10	-5	0	0	0
-10	0	0	0	0
-10	5	0	0	0
-10	10	0	0	0
-10	15	0	0	0
-10	20	0	0	0
-10	25	0	0	0
-10	30	0	0	0
-10	35	0	0	0
-10	40	0	0	0
-10	45	0	0	0
-10	50	0	0	0
-10	55	0	0	0
-10	60	0	0	0
-10	65	0	0	0
-10	70	0	0	0
-10	75	0	0	0
-10	80	0	0	0
-10	85	0	0	0
-10	90	0	0	0
-10	95	0	0	0
-10	100	0	0	0
-10	105	0	274.0	0
-10	110	0	274.0	0
-10	115	0	273.0	0
-10	120	0	0	0
-10	125	0	271.0	0
-10	130	0	0	0
-10	135	0	0	0
-10	140	0	0	0
-10	145	0	0	0
-10	150	0	0	0
-10	155	0	0	0
-10	160	0	0	0
-10	165	0	0	0
-10	170	0	0	0
-10	175	0	0	0
-5	-180	0	0	0
-5	-175	0	0	0
-5	-170	0	0	0
-5	-165	0	0	0
-5	-160	0	0	0
-5	-155	0	0	0
-5	-150	0	0	0
-5	-145	0	0	0
-5	-140	0	0	0
-5	-135	0	0	0
-5	-130	0	0	0
-5	-125	0	0	0
-5	-120	0	0	0
-5	-115	0	0	0
-5	-110	0	0	0
-5	-105	0	0	0
-5	-100	0	0	0
-5	-95	0	0	0
-5	-90	0	0	0
-5	-85	0	0	0
-5	-80	0	0	0
-5	-75	0	0	0
-5	-70	0	0	0
-5	-65	0	0	0
-5	-60	0	0	0
-5	-55	0	0	0
-5	-50	0	0	0
-5	-45	0	0	0
-5	-40	0	0	0
-5	-35	0	0	0
-5	-30	0	0	0
-5	-25	0	0	0
-5	-20	0	0	0
-5	-15	0	0	0
-5	-10	0	0	0
-5	-5	0	0	0
-5	0	0	0	0
-5	5	0	0	0
-5	10	0	0	0
-5	15	0	0	0
-5	20	0	0	0
-5	25	0	0	0
-5	30	0	0	0
-5	35	0	0	0
-5	40	0	0	0
-5	45	0	0	0
-5	50	0	0	0
-5	55	0	0	0
-5	60	0	0	0
-5	65	0	0	0
-5	70	0	0	0
-5	75	0	0	0
-5	80	0	0	0
-5	85	0	0	0
-5	90	0	0	0
-5	95	0	0	0
-5	100	0	0	0
-5	105	0	273.0	0
-5	110	0	273.0	0
-5	115	0	0	0
-5	120	0	0	0
-5	125	0	0	0
-5	130	0	0	0
-5	135	0	0	0
-5	140	0	0	0
-5	145	0	0	0
-5	150	0	0	0
-5	155	0	0	0
-5	160	0	0	0
-5	165	0	0	0
-5	170	0	0	0
-5	175	0	0	0
0	-180	0	0	0
0	-175	0	0	0
0	-170	0	0	0
0	-165	0	0	0
0	-160	0	0	0
0	-155	0	0	0
0	-150	0	0	0
0	-145	0	0	0
0	-140	0	0	0
0	-135	0	0	0
0	-130	0	0	0
0	-125	0	0	0
0	-120	0	0	0
0	-115	0	0	0
0	-110	0	0	0
0	-105	0	0	0
0	-100	0	0	0
0	-95	0	0	0
0	-90	0	0	0
0	-85	0	0	0
0	-80	0	0	0
0	-75	0	0	0
0	-70	0	0	0
0	-65	0	0	0
0	-60	0	0	0
0	-55	0	0	0
0	-50	0	0	0
0	-45	0	0	0
0	-40	0	0	0
0	-35	0	0	0
0	-30	0	0	0
0	-25	0	0	0
0	-20	0	0	0
0	-15	0	0	0
0	-10	0	0	0
0	-5	0	0	0
0	0	0	0	0
0	5	0	0	0
0	10	0	0	0
0	15	0	0	0
0	20	0	0	0
0	25	0	0	0
0	30	0	0	0
0	35	0	0	0
0	40	0	0	0
0	45	0	0	0
0	50	0	0	0
0	55	0	0	0
0	60	0	0	0
0	65	0	0	0
0	70	0	0	0
0	75	0	0	0
0	80	0	0	0
0	85	0	0	0
0	90	0	0	0
0	95	0	0	0
0	100	0	0	0
0	105	0	273.0	0
0	110	0	0	0
0	115	0	0	0
0	120	0	0	0
0	125	0	0	0
0	130	0	0	0
0	135	0	0	0
0	140	0	0	0
0	145	0	0	0
0	150	0	0	0
0	155	0	0	0
0	160	0	0	0
0	165	0	0	0
0	170	0	0	0
0	175	0	0	0
5	-180	0	0	0
5	-175	0	0	0
5	-170	0	0	0
5	-165	0	0	0
5	-160	0	0	0
5	-155	0	0	0
5	-150	0	0	0
5	-145	0	0	0
5	-140	0	0	0
5	-135	0	0	0
5	-130	0	0	0
5	-125	0	0	0
5	-120	0	0	0
5	-115	0	0	0
5	-110	0	0	0
5	-105	0	0	0
5	-100	0	0	0
5	-95	0	0	0
5	-90	0	0	0
5	-85	0	0	0
5	-80	0	0	0
5	-75	0	0	0
5	-70	0	0	0
5	-65	0	0	0
5	-60	0	0	0
5	-55	0	0	0
5	-50	0	0	0
5	-45	0	0	0
5	-40	0	0	0
5	-35	0	0	0
5	-30	0	0	0
5	-25	0	0	0
5	-20	0	0	0
5	-15	0	0	0
5	-10	0	0	0
5	-5	0	0	0
5	0	0	0	0
5	5	0	0	0
5	10	0	0	0
5	15	0	0	0
5	20	0	0	0
5	25	0	0	0
5	30	0	0	0
5	35	0	0	0
5	40	0	0	0
5	45	0	0	0
5	50	0	0	0
5	55	0	0	0
5	60	0	0	0
5	65	0	0	0
5	70	0	0	0
5	75	0	0	0
5	80	0	0	0
5	85	0	0	0
5	90	0	0	0
5	95	0	0	0
5	100	0	0	0
5	105	0	0	0
5	110	0	0	0
5	115	0	0	0
5	120	0	0	0
5	125	0	0	0
5	130	0	0	0
5	135	0	0	0
5	140	0	0	0
5	145	0	0	0
5	150	0	0	0
5	155	0	0	0
5	160	0	0	0
5	165	0	0	0
5	170	0	0	0
5	175	0	0	0
10	-180	0	0	0
10	-175	0	0	0
10	-170	0	0	0
10	-165	0	0	0
10	-160	0	0	0
10	-155	0	0	0
10	-150	0	0	0
10	-145	0	0	0
10	-140	0	0	0
10	-135	0	0	0
10	-130	0	0	0
10	-125	0	0	0
10	-120	0	0	0
10	-115	0	0	0
10	-110	0	0	0
10	-105	0	0	0
10	-100	0	0	0
10	-95	0	0	0
10	-90	0	0	0
10	-85	0	0	0
10	-80	0	0	0
10	-75	0	0	0
10	-70	0	0	0
10	-65	0	0	0
10	-60	0	0	0
10	-55	0	0	0
10	-50	0	0	0
10	-45	0	0	0
10	-40	0	0	0
10	-35	0	0	0
10	-30	0	0	0
10	-25	0	0	0
10	-20	0	0	0
10	-15	0	0	0
10	-10	0	0	0
10	-5	0	0	0
10	0	0	0	0
10	5	0	0	0
10	10	0	0	0
10	15	0	0	0
10	20	0	0	0
10	25	0	0	0
10	30	0	0	0
10	35	0	0	0
10	40	0	286.0	0
10	45	0	0	0
10	50	0	0	0
10	55	0	0	0
10	60	0	0	0
10	65	0	0	0
10	70	0	0	0
10	75	0	0	0
10	80	0	0	0
10	85	0	0	0
10	90	0	0	0
10	95	0	0	0
10	100	0	0	0
10	105	0	0	0
10	110	0	0	0
10	115	0	0	0
10	120	0	0	0
10	125	0	0	0
10	130	0	0	0
10	135	0	0	0
10	140	0	0	0
10	145	0	0	0
10	150	0	0	0
10	155	0	0	0
10	160	0	0	0
10	165	0	0	0
10	170	0	0	0
10	175	0	0	0
15	-180	0	0	0
15	-175	0	0	0
15	-170	0	0	0
15	-165	0	0	0
15	-160	0	0	0
15	-155	0	0	0
15	-150	0	0	0
15	-145	0	0	0
15	-140	0	0	0
15	-135	0	0	0
15	-130	0	280.0	0
15	-125	0	0	0
15	-120	0	0	0
15	-115	0	0	0
15	-110	0	0	0
15	-105	0	0	0
15	-100	0	0	0
15	-95	0	0	0
15	-90	0	0	0
15	-85	0	0	0
15	-80	0	0	0
15	-75	0	0	0
15	-70	0	0	0
15	-65	0	0	0
15	-60	0	0	0
15	-55	0	0	0
15	-50	0	0	0
15	-45	0	0	0
15	-40	0	0	0
15	-35	0	0	0
15	-30	0	0	0
15	-25	0	0	0
15	-20	0	0	0
15	-15	0	0	0
15	-10	0	0	0
15	-5	0	0	0
15	0	0	0	0
15	5	0	0	0
15	10	0	0	0
15	15	0	0	0
15	20	0	0	0
15	25	0	0	0
15	30	0	0	0
15	35	0	285.0	0
15	40	0	284.0	0
15	45	0	0	0
15	50	0	0	0
15	55	0	0	0
15	60	0	0	0
15	65	0	0	0
15	70	0	0	0
15	75	0	0	0
15	80	0	0	0
15	85	0	0	0
15	90	0	0	0
15	95	0	0	0
15	100	0	0	0
15	105	0	0	0
15	110	0	0	0
15	115	0	0	0
15	120	0	0	0
15	125	0	0	0
15	130	0	0	0
15	135	0	0	0
15	140	0	0	0
15	145	0	0	0
15	150	0	0	0
15	155	0	0	0
15	160	0	0	0
15	165	0	0	0
15	170	0	0	0
15	175	0	0	0
20	-180	0	0	0
20	-175	0	0	0
20	-170	0	0	0
20	-165	0	0	0
20	-160	0	0	0
20	-155	0	0	0
20	-150	0	0	0
20	-145	0	0	0
20	-140	0	0	0
20	-135	0	280.0	0
20	-130	0	281.0	0
20	-125	0	0	0
20	-120	0	0	0
20	-115	0	0	0
20	-110	0	0	0
20	-105	0	0	0
20	-100	0	0	0
20	-95	0	0	0
20	-90	0	0	0
20	-85	0	0	0
20	-80	0	0	0
20	-75	0	0	0
20	-70	0	0	0
20	-65	0	0	0
20	-60	0	0	0
20	-55	0	0	0
20	-50	0	0	0
20	-45	0	0	0
20	-40	0	0	0
20	-35	0	0	0
20	-30	0	0	0
20	-25	0	0	0
20	-20	0	0	0
20	-15	0	0	0
20	-10	0	0	0
20	-5	0	0	0
20	0	0	0	0
20	5	0	0	0
20	10	0	0	0
20	15	0	0	0
20	20	0	0	0
20	25	0	0	0
20	30	0	287.0	0
20	35	0	286.0	0
20	40	0	284.0	0
20	45	0	0	0
20	50	0	0	0
20	55	0	0	0
20	60	0	0	0
20	65	0	0	0
20	70	0	0	0
20	75	0	0	0
20	80	0	0	0
20	85	0	0	0
20	90	0	0	0
20	95	0	0	0
20	100	0	0	0
20	105	0	0	0
20	110	0	0	0
20	115	0	0	0
20	120	0	0	0
20	125	0	0	0
20	130	0	0	0
20	135	0	0	0
20	140	0	0	0
20	145	0	0	0
20	150	0	0	0
20	155	0	0	0
20	160	0	0	0
20	165	0	0	0
20	170	0	0	0
20	175	0	0	0
25	-180	0	0	0
25	-175	0	0	0
25	-170	0	0	0
25	-165	0	0	0
25	-160	0	0	0
25	-155	0	0	0
25	-150	0	0	0
25	-145	0	0	0
25	-140	0	278.0	0
25	-135	0	278.0	0
25	-130	0	279.0	0
25	-125	0	0	0
25	-120	0	0	0
25	-115	0	0	0
25	-110	0	0	0
25	-105	0	0	0
25	-100	0	0	0
25	-95	0	0	0
25	-90	0	0	0
25	-85	0	0	0
25	-80	0	0	0
25	-75	0	0	0
25	-70	0	0	0
25	-65	0	0	0
25	-60	0	0	0
25	-55	0	0	0
25	-50	0	0	0
25	-45	0	0	0
25	-40	0	0	0
25	-35	0	0	0
25	-30	0	0	0
25	-25	0	0	0
25	-20	0	0	0
25	-15	0	0	0
25	-10	0	0	0
25	-5	0	0	0
25	0	0	0	0
25	5	0	0	0
25	10	0	0	0
25	15	0	0	0
25	20	0	0	0
25	25	0	286.0	0
25	30	0	285.0	0
25	35	0	283.0	0
25	40	0	282.0	0
25	45	0	282.0	0
25	50	0	0	0
25	55	0	279.0	0
25	60	0	279.0	0
25	65	0	0	0
25	70	0	0	0
25	75	0	0	0
25	80	0	0	0
25	85	0	0	0
25	90	0	0	0
25	95	0	0	0
25	100	0	0	0
25	105	0	0	0
25	110	0	0	0
25	115	0	0	0
25	120	0	0	0
25	125	0	0	0
25	130	0	0	0
25	135	0	0	0
25	140	0	0	0
25	145	0	0	0
25	150	0	0	0
25	155	0	0	0
25	160	0	0	0
25	165	0	0	0
25	170	0	0	0
25	175	0	0	0
30	-180	0	0	0
30	-175	0	0	0
30	-170	0	0	0
30	-165	0	0	0
30	-160	0	0	0
30	-155	0	0	0
30	-150	0	274.0	0
30	-145	0	274.0	0
30	-140	0	275.0	0
30	-135	0	277.0	0
30	-130	0	278.0	0
30	-125	0	279.0	0
30	-120	0	0	0
30	-115	0	0	0
30	-110	0	0	0
30	-105	0	0	0
30	-100	0	0	0
30	-95	0	0	0
30	-90	0	0	0
30	-85	0	0	0
30	-80	0	0	0
30	-75	0	0	0
30	-70	0	0	0
30	-65	0	0	0
30	-60	0	0	0
30	-55	0	0	0
30	-50	0	0	0
30	-45	0	0	0
30	-40	0	0	0
30	-35	0	0	0
30	-30	0	0	0
30	-25	0	0	0
30	-20	0	0	0
30	-15	0	0	0
30	-10	0	0	0
30	-5	0	0	0
30	0	0	0	0
30	5	0	0	0
30	10	0	0	0
30	15	0	0	0
30	20	0	283.0	0
30	25	0	282.0	0
30	30	0	281.0	0
30	35	0	281.0	0
30	40	86.0	279.0	1
30	45	0	279.0	0
30	50	0	278.0	0
30	55	0	277.0	0
30	60	0	276.0	0
30	65	0	0	0
30	70	0	0	0
30	75	0	0	0
30	80	0	0	0
30	85	0	0	0
30	90	0	0	0
30	95	0	0	0
30	100	0	0	0
30	105	0	0	0
30	110	0	0	0
30	115	0	0	0
30	120	0	0	0
30	125	0	0	0
30	130	0	0	0
30	135	0	0	0
30	140	0	0	0
30	145	0	0	0
30	150	0	0	0
30	155	0	0	0
30	160	0	0	0
30	165	0	0	0
30	170	0	0	0
30	175	0	0	0
35	-180	0	0	0
35	-175	0	0	0
35	-170	0	0	0
35	-165	0	0	0
35	-160	0	0	0
35	-155	0	275.0	0
35	-150	0	275.0	0
35	-145	0	275.0	0
35	-140	0	276.0	0
35	-135	0	277.0	0
35	-130	100.0	279.0	1
35	-125	0	280.0	0
35	-120	0	282.0	0
35	-115	0	283.0	0
35	-110	0	283.0	0
35	-105	0	284.0	0
35	-100	0	0	0
35	-95	0	0	0
35	-90	0	0	0
35	-85	0	0	0
35	-80	0	0	0
35	-75	0	0	0
35	-70	0	0	0
35	-65	0	0	0
35	-60	0	0	0
35	-55	0	0	0
35	-50	0	0	0
35	-45	0	0	0
35	-40	0	0	0
35	-35	0	0	0
35	-30	0	0	0
35	-25	0	0	0
35	-20	0	0	0
35	-15	0	0	0
35	-10	0	0	0
35	-5	0	0	0
35	0	0	0	0
35	5	0	0	0
35	10	0	0	0
35	15	0	286.0	0
35	20	0	285.0	0
35	25	0	284.0	0
35	30	0	283.0	0
35	35	0	282.0	0
35	40	0	281.0	0
35	45	0	280.0	0
35	50	0	278.0	0
35	55	0	277.0	0
35	60	0	276.0	0
35	65	0	0	0
35	70	0	0	0
35	75	0	0	0
35	80	0	0	0
35	85	0	0	0
35	90	0	0	0
35	95	0	0	0
35	100	0	0	0
35	105	0	0	0
35	110	0	0	0
35	115	0	0	0
35	120	0	0	0
35	125	0	0	0
35	130	0	0	0
35	135	0	0	0
35	140	0	0	0
35	145	0	0	0
35	150	0	0	0
35	155	0	0	0
35	160	0	0	0
35	165	0	0	0
35	170	0	0	0
35	175	0	0	0
40	-180	0	0	0
40	-175	0	0	0
40	-170	0	0	0
40	-165	0	271.0	0
40	-160	0	271.0	0
40	-155	0	272.0	0
40	-150	0	274.0	0
40	-145	0	274.0	0
40	-140	0	275.0	0
40	-135	0	276.0	0
40	-130	0	278.0	0
40	-125	0	278.0	0
40	-120	0	279.0	0
40	-115	0	282.0	0
40	-110	0	282.0	0
40	-105	0	282.0	0
40	-100	0	0	0
40	-95	0	283.0	0
40	-90	0	0	0
40	-85	0	0	0
40	-80	0	0	0
40	-75	0	0	0
40	-70	0	0	0
40	-65	0	0	0
40	-60	0	0	0
40	-55	0	0	0
40	-50	0	0	0
40	-45	0	0	0
40	-40	0	0	0
40	-35	0	0	0
40	-30	0	0	0
40	-25	0	0	0
40	-20	0	0	0
40	-15	0	0	0
40	-10	0	0	0
40	-5	0	0	0
40	0	0	0	0
40	5	0	285.0	0
40	10	0	284.0	0
40	15	0	283.0	0
40	20	0	281.0	0
40	25	0	281.0	0
40	30	0	279.0	0
40	35	0	279.0	0
40	40	221.0	278.0	1
40	45	0	276.0	0
40	50	0	275.0	0
40	55	0	275.0	0
40	60	0	273.0	0
40	65	0	273.0	0
40	70	0	0	0
40	75	0	0	0
40	80	0	0	0
40	85	0	0	0
40	90	0	0	0
40	95	0	0	0
40	100	0	0	0
40	105	0	0	0
40	110	0	0	0
40	115	0	0	0
40	120	0	0	0
40	125	0	0	0
40	130	0	0	0
40	135	0	0	0
40	140	0	0	0
40	145	0	0	0
40	150	0	0	0
40	155	0	0	0
40	160	0	0	0
40	165	0	0	0
40	170	0	0	0
40	175	0	0	0
45	-180	0	0	0
45	-175	0	0	0
45	-170	0	272.0	0
45	-165	0	275.0	0
45	-160	0	275.0	0
45	-155	0	275.0	0
45	-150	0	276.0	0
45	-145	0	278.0	0
45	-140	0	279.0	0
45	-135	0	281.0	0
45	-130	0	281.0	0
45	-125	0	283.0	0
45	-120	0	283.0	0
45	-115	0	285.0	0
45	-110	0	286.0	0
45	-105	0	287.0	0
45	-100	0	287.0	0
45	-95	0	288.0	0
45	-90	0	0	0
45	-85	0	0	0
45	-80	0	0	0
45	-75	0	0	0
45	-70	0	0	0
45	-65	0	0	0
45	-60	0	0	0
45	-55	0	0	0
45	-50	0	0	0
45	-45	0	293.0	0
45	-40	0	293.0	0
45	-35	0	293.0	0
45	-30	0	0	0
45	-25	0	0	0
45	-20	0	0	0
45	-15	0	0	0
45	-10	0	0	0
45	-5	0	0	0
45	0	0	289.0	0
45	5	0	289.0	0
45	10	0	286.0	0
45	15	0	286.0	0
45	20	0	285.0	0
45	25	0	285.0	0
45	30	0	283.0	0
45	35	0	282.0	0
45	40	59.0	281.0	1
45	45	117.0	280.0	1
45	50	0	280.0	0
45	55	175.0	279.0	4
45	60	65.0	277.0	2
45	65	0	277.0	0
45	70	0	275.0	0
45	75	0	274.0	0
45	80	0	274.0	0
45	85	0	0	0
45	90	0	0	0
45	95	0	0	0
45	100	0	0	0
45	105	0	0	0
45	110	0	0	0
45	115	0	0	0
45	120	0	0	0
45	125	0	0	0
45	130	0	0	0
45	135	0	0	0
45	140	0	0	0
45	145	0	0	0
45	150	0	0	0
45	155	0	0	0
45	160	0	0	0
45	165	0	0	0
45	170	0	0	0
45	175	0	0	0
50	-180	0	0	0
50	-175	0	270.0	0
50	-170	0	271.0	0
50	-165	0	272.0	0
50	-160	0	272.0	0
50	-155	0	273.0	0
50	-150	0	275.0	1
50	-145	0	277.0	0
50	-140	0	276.0	0
50	-135	92.0	278.0	1
50	-130	10.0	279.0	1
50	-125	90.0	281.0	2
50	-120	0	281.0	0
50	-115	0	282.0	0
50	-110	0	283.0	0
50	-105	0	285.0	0
50	-100	0	285.0	0
50	-95	0	285.0	0
50	-90	0	0	0
50	-85	0	0	0
50	-80	0	0	0
50	-75	0	0	0
50	-70	0	0	0
50	-65	0	0	0
50	-60	0	0	0
50	-55	0	290.0	0
50	-50	0	290.0	0
50	-45	0	291.0	0
50	-40	0	290.0	0
50	-35	0	291.0	0
50	-30	0	0	0
50	-25	0	0	0
50	-20	0	0	0
50	-15	0	0	0
50	-10	0	0	0
50	-5	0	288.0	0
50	0	0	286.0	0
50	5	0	285.0	0
50	10	0	283.0	0
50	15	0	284.0	0
50	20	0	281.0	0
50	25	87.0	281.0	3
50	30	0	281.0	0
50	35	159.0	279.0	5
50	40	45.0	279.0	1
50	45	9.0	277.0	1
50	50	0	277.0	0
50	55	0	276.0	0
50	60	0	276.0	0
50	65	0	275.0	0
50	70	0	273.0	0
50	75	0	272.0	0
50	80	0	0	0
50	85	0	0	0
50	90	0	271.0	0
50	95	0	0	0
50	100	0	0	0
50	105	0	0	0
50	110	0	0	0
50	115	0	0	0
50	120	0	0	0
50	125	0	0	0
50	130	0	0	0
50	135	0	0	0
50	140	0	268.0	0
50	145	0	0	0
50	150	0	0	0
50	155	0	0	0
50	160	0	0	0
50	165	0	0	0
50	170	0	0	0
50	175	0	0	0
55	-180	0	270.0	0
55	-175	0	272.0	0
55	-170	0	272.0	0
55	-165	0	273.0	0
55	-160	0	0	0
55	-155	0	0	0
55	-150	0	276.0	0
55	-145	0	276.0	0
55	-140	0	278.0	0
55	-135	0	279.0	0
55	-130	0	280.0	0
55	-125	0	280.0	0
55	-120	0	281.0	0
55	-115	53.0	282.0	1
55	-110	0	283.0	0
55	-105	27.0	284.0	1
55	-100	0	284.0	0
55	-95	0	285.0	0
55	-90	0	286.0	0
55	-85	0	287.0	0
55	-80	0	0	0
55	-75	0	288.0	0
55	-70	0	0	0
55	-65	0	289.0	0
55	-60	0	290.0	0
55	-55	0	290.0	0
55	-50	0	290.0	0
55	-45	0	290.0	0
55	-40	0	291.0	0
55	-35	0	290.0	0
55	-30	0	0	0
55	-25	0	0	0
55	-20	0	289.0	0
55	-15	0	289.0	0
55	-10	0	288.0	0
55	-5	0	287.0	0
55	0	0	287.0	0
55	5	0	286.0	0
55	10	0	283.0	0
55	15	16.0	284.0	1
55	20	146.0	281.0	4
55	25	130.0	281.0	1
55	30	135.0	279.0	5
55	35	49.0	279.0	3
55	40	135.0	277.0	4
55	45	252.0	275.0	4
55	50	1.0	276.0	1
55	55	55.0	275.0	2
55	60	0	275.0	0
55	65	0	275.0	0
55	70	0	273.0	0
55	75	0	272.0	0
55	80	0	0	0
55	85	0	271.0	0
55	90	0	270.0	0
55	95	0	0	0
55	100	0	0	0
55	105	0	0	0
55	110	0	0	0
55	115	0	0	0
55	120	0	0	0
55	125	0	0	0
55	130	0	0	0
55	135	0	269.0	0
55	140	0	271.0	0
55	145	0	0	0
55	150	0	0	0
55	155	0	0	0
55	160	0	0	0
55	165	0	0	0
55	170	0	0	0
55	175	0	0	0
60	-180	0	268.0	0
60	-175	0	270.0	0
60	-170	0	270.0	0
60	-165	79.0	271.0	1
60	-160	0	272.0	0
60	-155	0	273.0	0
60	-150	0	274.0	0
60	-145	0	274.0	0
60	-140	0	275.0	0
60	-135	0	276.0	0
60	-130	0	278.0	0
60	-125	0	278.0	0
60	-120	237.0	279.0	1
60	-115	0	279.0	0
60	-110	0	281.0	0
60	-105	0	282.0	0
60	-100	0	282.0	0
60	-95	227.0	282.0	1
60	-90	0	284.0	0
60	-85	0	286.0	0
60	-80	0	285.0	0
60	-75	0	285.0	0
60	-70	0	285.0	0
60	-65	0	286.0	0
60	-60	0	288.0	0
60	-55	0	287.0	0
60	-50	0	288.0	0
60	-45	0	288.0	0
60	-40	0	288.0	0
60	-35	0	287.0	0
60	-30	0	0	0
60	-25	0	287.0	0
60	-20	0	286.0	0
60	-15	0	285.0	0
60	-10	0	286.0	0
60	-5	0	285.0	0
60	0	0	283.0	0
60	5	85.0	282.0	1
60	10	0	281.0	1
60	15	141.0	281.0	3
60	20	222.0	279.0	3
60	25	94.0	278.0	4
60	30	179.0	277.0	5
60	35	154.0	276.0	1
60	40	0	275.0	0
60	45	116.0	273.0	2
60	50	1.0	274.0	1
60	55	0	272.0	0
60	60	0	272.0	0
60	65	8.0	272.0	1
60	70	0	269.0	0
60	75	0	269.0	0
60	80	0	269.0	0
60	85	0	269.0	0
60	90	0	268.0	0
60	95	0	0	0
60	100	0	0	0
60	105	0	0	0
60	110	0	0	0
60	115	0	0	0
60	120	0	0	0
60	125	0	0	0
60	130	0	269.0	0
60	135	0	269.0	0
60	140	0	269.0	0
60	145	0	0	0
60	150	0	0	0
60	155	0	0	0
60	160	0	0	0
60	165	0	0	0
60	170	0	0	0
60	175	0	0	0
65	-180	0	0	0
65	-175	0	0	0
65	-170	0	0	0
65	-165	0	270.0	0
65	-160	0	270.0	0
65	-155	0	270.0	0
65	-150	0	271.0	0
65	-145	0	272.0	0
65	-140	0	274.0	0
65	-135	70.0	274.0	1
65	-130	0	275.0	0
65	-125	0	276.0	0
65	-120	0	276.0	0
65	-115	0	277.0	0
65	-110	0	277.0	0
65	-105	0	279.0	0
65	-100	0	280.0	0
65	-95	0	281.0	0
65	-90	0	282.0	0
65	-85	0	283.0	0
65	-80	0	283.0	0
65	-75	0	285.0	0
65	-70	0	285.0	0
65	-65	0	284.0	0
65	-60	0	285.0	0
65	-55	0	285.0	0
65	-50	0	284.0	0
65	-45	67.0	283.0	1
65	-40	90.0	285.0	1
65	-35	0	285.0	1
65	-30	0	283.0	0
65	-25	0	283.0	0
65	-20	0	283.0	0
65	-15	0	282.0	0
65	-10	0	281.0	0
65	-5	0	281.0	0
65	0	8.0	279.0	1
65	5	146.0	280.0	2
65	10	124.0	278.0	5
65	15	63.0	277.0	2
65	20	211.0	277.0	6
65	25	48.0	275.0	2
65	30	0	274.0	0
65	35	146.0	273.0	1
65	40	0	272.0	0
65	45	0	271.0	0
65	50	0	270.0	0
65	55	0	269.0	0
65	60	0	268.0	0
65	65	0	268.0	0
65	70	0	268.0	0
65	75	0	267.0	0
65	80	0	267.0	0
65	85	0	266.0	0
65	90	0	266.0	0
65	95	0	0	0
65	100	0	0	0
65	105	0	0	0
65	110	0	0	0
65	115	0	0	0
65	120	0	0	0
65	125	0	267.0	0
65	130	0	267.0	0
65	135	0	267.0	0
65	140	0	267.0	0
65	145	0	0	0
65	150	0	0	0
65	155	0	0	0
65	160	0	0	0
65	165	0	0	0
65	170	0	0	0
65	175	0	0	0
70	-180	0	0	0
70	-175	0	0	0
70	-170	0	0	0
70	-165	0	270.0	0
70	-160	0	271.0	0
70	-155	0	272.0	0
70	-150	0	272.0	0
70	-145	0	0	0
70	-140	0	0	0
70	-135	0	275.0	0
70	-130	0	276.0	0
70	-125	0	276.0	0
70	-120	0	278.0	0
70	-115	0	278.0	0
70	-110	0	280.0	0
70	-105	0	280.0	0
70	-100	0	282.0	0
70	-95	0	283.0	0
70	-90	0	283.0	0
70	-85	0	282.0	0
70	-80	0	283.0	0
70	-75	0	284.0	0
70	-70	0	284.0	0
70	-65	0	284.0	0
70	-60	0	286.0	0
70	-55	106.0	285.0	2
70	-50	0	285.0	0
70	-45	0	286.0	0
70	-40	0	285.0	0
70	-35	0	285.0	0
70	-30	0	285.0	0
70	-25	0	284.0	0
70	-20	0	283.0	0
70	-15	0	283.0	0
70	-10	0	282.0	0
70	-5	0	282.0	0
70	0	29.0	281.0	1
70	5	163.0	279.0	2
70	10	59.0	278.0	1
70	15	0	277.0	0
70	20	0	277.0	0
70	25	0	275.0	0
70	30	0	274.0	0
70	35	0	274.0	0
70	40	0	273.0	0
70	45	0	273.0	0
70	50	0	271.0	0
70	55	0	273.0	0
70	60	0	271.0	0
70	65	0	270.0	0
70	70	0	270.0	0
70	75	0	269.0	0
70	80	0	269.0	0
70	85	0	270.0	0
70	90	71.0	269.0	1
70	95	0	269.0	0
70	100	0	269.0	0
70	105	0	268.0	0
70	110	0	268.0	0
70	115	0	0	0
70	120	0	269.0	0
70	125	0	269.0	0
70	130	0	269.0	0
70	135	0	269.0	0
70	140	3.0	268.0	1
70	145	0	268.0	0
70	150	0	269.0	0
70	155	0	268.0	0
70	160	0	268.0	0
70	165	0	0	0
70	170	0	0	0
70	175	0	0	0
75	-180	0	0	0
75	-175	0	0	0
75	-170	0	0	0
75	-165	0	269.0	0
75	-160	0	269.0	0
75	-155	0	0	0
75	-150	0	0	0
75	-145	0	0	0
75	-140	0	0	0
75	-135	0	273.0	0
75	-130	0	274.0	0
75	-125	0	275.0	0
75	-120	0	276.0	0
75	-115	0	277.0	0
75	-110	0	0	0
75	-105	0	279.0	0
75	-100	0	0	0
75	-95	0	280.0	0
75	-90	0	281.0	0
75	-85	0	281.0	0
75	-80	0	283.0	0
75	-75	136.0	282.0	1
75	-70	0	283.0	0
75	-65	176.0	282.0	1
75	-60	0	283.0	0
75	-55	0	282.0	0
75	-50	0	284.0	0
75	-45	0	284.0	0
75	-40	0	283.0	0
75	-35	0	283.0	0
75	-30	0	284.0	0
75	-25	0	283.0	0
75	-20	153.0	281.0	1
75	-15	198.0	281.0	1
75	-10	0	279.0	0
75	-5	0	279.0	0
75	0	0	278.0	0
75	5	107.0	277.0	2
75	10	0	276.0	0
75	15	0	276.0	0
75	20	0	275.0	0
75	25	94.0	273.0	1
75	30	0	274.0	0
75	35	0	272.0	0
75	40	0	271.0	0
75	45	0	271.0	0
75	50	0	270.0	0
75	55	0	271.0	0
75	60	0	0	0
75	65	0	269.0	0
75	70	0	267.0	0
75	75	0	0	0
75	80	0	0	0
75	85	0	0	0
75	90	0	268.0	0
75	95	0	267.0	0
75	100	0	267.0	0
75	105	0	266.0	0
75	110	0	0	0
75	115	0	0	0
75	120	0	267.0	0
75	125	0	267.0	0
75	130	0	268.0	0
75	135	0	267.0	0
75	140	0	267.0	0
75	145	0	268.0	0
75	150	0	267.0	0
75	155	0	268.0	0
75	160	0	0	0
75	165	0	0	0
75	170	0	0	0
75	175	0	0	0
80	-180	0	0	0
80	-175	0	0	0
80	-170	0	0	0
80	-165	0	271.0	0
80	-160	0	0	0
80	-155	0	0	0
80	-150	0	0	0
80	-145	0	0	0
80	-140	0	0	0
80	-135	0	275.0	0
80	-130	0	275.0	0
80	-125	0	0	0
80	-120	0	277.0	0
80	-115	0	0	0
80	-110	0	0	0
80	-105	0	0	0
80	-100	0	280.0	0
80	-95	0	281.0	0
80	-90	0	281.0	0
80	-85	0	0	0
80	-80	0	0	0
80	-75	0	283.0	0
80	-70	0	283.0	0
80	-65	0	282.0	0
80	-60	0	283.0	0
80	-55	0	283.0	0
80	-50	0	283.0	0
80	-45	0	283.0	0
80	-40	0	282.0	0
80	-35	49.0	283.0	1
80	-30	0	282.0	0
80	-25	0	283.0	0
80	-20	0	282.0	0
80	-15	0	281.0	0
80	-10	4.0	282.0	1
80	-5	257.0	280.0	1
80	0	0	279.0	0
80	5	0	279.0	0
80	10	0	278.0	0
80	15	0	276.0	0
80	20	0	276.0	0
80	25	0	275.0	0
80	30	0	275.0	0
80	35	0	274.0	0
80	40	0	272.0	0
80	45	0	272.0	0
80	50	0	271.0	0
80	55	0	0	0
80	60	0	0	0
80	65	0	269.0	0
80	70	0	0	0
80	75	0	0	0
80	80	0	0	0
80	85	0	0	0
80	90	0	269.0	0
80	95	0	269.0	0
80	100	0	268.0	0
80	105	0	0	0
80	110	0	0	0
80	115	0	269.0	0
80	120	0	269.0	0
80	125	0	269.0	0
80	130	0	269.0	0
80	135	81.0	269.0	1
80	140	0	270.0	0
80	145	0	270.0	0
80	150	0	271.0	0
80	155	0	271.0	0
80	160	0	0	0
80	165	0	0	0
80	170	0	0	0
80	175	0	0	0
85	-180	0	0	0
85	-175	0	0	0
85	-170	0	0	0
85	-165	0	0	0
85	-160	0	0	0
85	-155	0	0	0
85	-150	0	0	0
85	-145	0	0	0
85	-140	0	0	0
85	-135	0	274.0	0
85	-130	0	0	0
85	-125	0	0	0
85	-120	0	0	0
85	-115	0	0	0
85	-110	0	0	0
85	-105	0	278.0	0
85	-100	0	279.0	0
85	-95	0	279.0	0
85	-90	0	280.0	0
85	-85	0	0	0
85	-80	0	0	0
85	-75	0	280.0	0
85	-70	0	281.0	0
85	-65	0	281.0	0
85	-60	0	282.0	0
85	-55	0	282.0	0
85	-50	0	282.0	0
85	-45	0	283.0	0
85	-40	0	282.0	0
85	-35	0	281.0	0
85	-30	0	281.0	0
85	-25	0	282.0	0
85	-20	0	279.0	0
85	-15	0	280.0	0
85	-10	0	279.0	0
85	-5	0	279.0	0
85	0	0	279.0	0
85	5	0	277.0	0
85	10	0	278.0	0
85	15	0	276.0	0
85	20	0	275.0	0
85	25	0	274.0	0
85	30	0	274.0	0
85	35	0	273.0	0
85	40	0	0	0
85	45	0	0	0
85	50	0	0	0
85	55	0	0	0
85	60	0	0	0
85	65	0	0	0
85	70	0	0	0
85	75	0	0	0
85	80	0	0	0
85	85	0	0	0
85	90	0	268.0	0
85	95	0	268.0	0
85	100	0	0	0
85	105	0	0	0
85	110	0	0	0
85	115	0	0	0
85	120	0	0	0
85	125	0	0	0
85	130	0	0	0
85	135	0	268.0	0
85	140	0	269.0	0
85	145	0	268.0	0
85	150	0	269.0	0
85	155	0	0	0
85	160	0	0	0
85	165	0	0	0
85	170	0	0	0
85	175	0	0	0
90	-180	0	0	0
90	-175	0	0	0
90	-170	0	0	0
90	-165	0	0	0
90	-160	0	0	0
90	-155	0	0	0
90	-150	0	0	0
90	-145	0	0	0
90	-140	0	0	0
90	-135	0	0	0
90	-130	0	0	0
90	-125	0	0	0
90	-120	0	0	0
90	-115	0	0	0
90	-110	0	279.0	0
90	-105	0	280.0	0
90	-100	0	279.0	0
90	-95	0	281.0	0
90	-90	243.0	282.0	1
90	-85	0	283.0	0
90	-80	0	283.0	0
90	-75	0	283.0	0
90	-70	0	283.0	0
90	-65	0	283.0	0
90	-60	0	283.0	0
90	-55	0	283.0	0
90	-50	0	0	0
90	-45	0	0	0
90	-40	0	0	0
90	-35	0	282.0	0
90	-30	0	283.0	0
90	-25	0	282.0	0
90	-20	0	283.0	0
90	-15	0	281.0	0
90	-10	0	281.0	0
90	-5	12.0	280.0	1
90	0	0	279.0	0
90	5	0	279.0	0
90	10	0	278.0	0
90	15	0	277.0	0
90	20	0	0	0
90	25	0	275.0	0
90	30	0	275.0	0
90	35	0	0	0
90	40	0	0	0
90	45	0	0	0
90	50	0	0	0
90	55	0	0	0
90	60	0	0	0
90	65	0	0	0
90	70	0	0	0
90	75	0	0	0
90	80	0	0	0
90	85	0	0	0
90	90	0	270.0	0
90	95	0	0	0
90	100	0	0	0
90	105	0	0	0
90	110	0	0	0
90	115	0	0	0
90	120	0	0	0
90	125	0	0	0
90	130	0	0	0
90	135	0	272.0	0
90	140	0	271.0	0
90	145	0	271.0	0
90	150	0	0	0
90	155	0	0	0
90	160	0	0	0
90	165	0	0	0
90	170	0	0	0
90	175	0	0	0
95	-180	0	0	0
95	-175	0	0	0
95	-170	0	0	0
95	-165	0	0	0
95	-160	0	0	0
95	-155	0	0	0
95	-150	0	0	0
95	-145	0	0	0
95	-140	0	0	0
95	-135	0	0	0
95	-130	0	0	0
95	-125	0	0	0
95	-120	0	0	0
95	-115	0	0	0
95	-110	0	0	0
95	-105	0	0	0
95	-100	0	0	0
95	-95	0	0	0
95	-90	0	281.0	0
95	-85	0	281.0	0
95	-80	0	282.0	0
95	-75	0	283.0	0
95	-70	0	0	0
95	-65	0	283.0	0
95	-60	0	0	0
95	-55	0	0	0
95	-50	0	0	0
95	-45	0	0	0
95	-40	0	0	0
95	-35	0	282.0	0
95	-30	0	282.0	0
95	-25	0	281.0	0
95	-20	0	283.0	0
95	-15	0	282.0	0
95	-10	0	280.0	0
95	-5	16.0	280.0	1
95	0	0	280.0	0
95	5	0	278.0	0
95	10	0	278.0	0
95	15	0	278.0	0
95	20	0	0	0
95	25	0	276.0	0
95	30	0	0	0
95	35	0	0	0
95	40	0	0	0
95	45	0	0	0
95	50	0	0	0
95	55	0	0	0
95	60	0	0	0
95	65	0	0	0
95	70	0	0	0
95	75	0	0	0
95	80	0	0	0
95	85	0	0	0
95	90	0	0	0
95	95	0	0	0
95	100	0	0	0
95	105	0	0	0
95	110	0	0	0
95	115	0	0	0
95	120	0	0	0
95	125	0	0	0
95	130	0	0	0
95	135	0	271.0	0
95	140	0	271.0	0
95	145	0	0	0
95	150	0	0	0
95	155	0	0	0
95	160	0	0	0
95	165	0	0	0
95	170	0	0	0
95	175	0	0	0
100	-180	0	0	0
100	-175	0	0	0
100	-170	0	0	0
100	-165	0	0	0
100	-160	0	0	0
100	-155	0	0	0
100	-150	0	0	0
100	-145	0	0	0
100	-140	0	0	0
100	-135	0	0	0
100	-130	0	0	0
100	-125	0	0	0
100	-120	0	0	0
100	-115	0	0	0
100	-110	0	0	0
100	-105	0	0	0
100	-100	0	0	0
100	-95	0	0	0
100	-90	0	279.0	0
100	-85	0	279.0	0
100	-80	0	280.0	0
100	-75	0	0	0
100	-70	0	0	0
100	-65	0	0	0
100	-60	0	0	0
100	-55	0	0	0
100	-50	0	0	0
100	-45	0	0	0
100	-40	0	0	0
100	-35	0	281.0	0
100	-30	0	0	0
100	-25	0	0	0
100	-20	0	0	0
100	-15	0	0	0
100	-10	0	277.0	0
100	-5	0	277.0	0
100	0	0	277.0	0
100	5	0	275.0	0
100	10	0	275.0	0
100	15	0	0	0
100	20	0	0	0
100	25	0	0	0
100	30	0	0	0
100	35	0	0	0
100	40	0	0	0
100	45	0	0	0
100	50	0	0	0
100	55	0	0	0
100	60	0	0	0
100	65	0	0	0
100	70	0	0	0
100	75	0	0	0
100	80	0	0	0
100	85	0	0	0
100	90	0	0	0
100	95	0	0	0
100	100	0	0	0
100	105	0	0	0
100	110	0	0	0
100	115	0	0	0
100	120	0	0	0
100	125	0	0	0
100	130	0	0	0
100	135	0	271.0	0
100	140	0	0	0
100	145	0	0	0
100	150	0	0	0
100	155	0	0	0
100	160	0	0	0
100	165	0	0	0
100	170	0	0	0
100	175	0	0	0
105	-180	0	0	0
105	-175	0	0	0
105	-170	0	0	0
105	-165	0	0	0
105	-160	0	0	0
105	-155	0	0	0
105	-150	0	0	0
105	-145	0	0	0
105	-140	0	0	0
105	-135	0	0	0
105	-130	0	0	0
105	-125	0	0	0
105	-120	0	0	0
105	-115	0	0	0
105	-110	0	0	0
105	-105	0	0	0
105	-100	0	0	0
105	-95	0	0	0
105	-90	0	277.0	0
105	-85	0	279.0	0
105	-80	0	0	0
105	-75	0	0	0
105	-70	0	0	0
105	-65	0	0	0
105	-60	0	0	0
105	-55	0	0	0
105	-50	0	0	0
105	-45	0	0	0
105	-40	0	0	0
105	-35	0	0	0
105	-30	0	0	0
105	-25	0	0	0
105	-20	0	0	0
105	-15	0	0	0
105	-10	0	0	0
105	-5	0	277.0	0
105	0	0	276.0	0
105	5	0	276.0	0
105	10	0	0	0
105	15	0	0	0
105	20	0	0	0
105	25	0	0	0
105	30	0	0	0
105	35	0	0	0
105	40	0	0	0
105	45	0	0	0
105	50	0	0	0
105	55	0	0	0
105	60	0	0	0
105	65	0	0	0
105	70	0	0	0
105	75	0	0	0
105	80	0	0	0
105	85	0	0	0
105	90	0	0	0
105	95	0	0	0
105	100	0	0	0
105	105	0	0	0
105	110	0	0	0
105	115	0	0	0
105	120	0	0	0
105	125	0	0	0
105	130	0	0	0
105	135	0	0	0
105	140	0	0	0
105	145	0	0	0
105	150	0	0	0
105	155	0	0	0
105	160	0	0	0
105	165	0	0	0
105	170	0	0	0
105	175	0	0	0
110	-180	0	0	0
110	-175	0	0	0
110	-170	0	0	0
110	-165	0	0	0
110	-160	0	0	0
110	-155	0	0	0
110	-150	0	0	0
110	-145	0	0	0
110	-140	0	0	0
110	-135	0	0	0
110	-130	0	0	0
110	-125	0	0	0
110	-120	0	0	0
110	-115	0	0	0
110	-110	0	0	0
110	-105	0	0	0
110	-100	0	0	0
110	-95	0	0	0
110	-90	0	278.0	0
110	-85	0	0	0
110	-80	0	0	0
110	-75	0	0	0
110	-70	0	0	0
110	-65	0	0	0
110	-60	0	0	0
110	-55	0	0	0
110	-50	0	0	0
110	-45	0	0	0
110	-40	0	0	0
110	-35	0	0	0
110	-30	0	0	0
110	-25	0	0	0
110	-20	0	0	0
110	-15	0	0	0
110	-10	0	0	0
110	-5	0	276.0	0
110	0	0	276.0	0
110	5	0	0	0
110	10	0	0	0
110	15	0	0	0
110	20	0	0	0
110	25	0	0	0
110	30	0	0	0
110	35	0	0	0
110	40	0	0	0
110	45	0	0	0
110	50	0	0	0
110	55	0	0	0
110	60	0	0	0
110	65	0	0	0
110	70	0	0	0
110	75	0	0	0
110	80	0	0	0
110	85	0	0	0
110	90	0	0	0
110	95	0	0	0
110	100	0	0	0
110	105	0	0	0
110	110	0	0	0
110	115	0	0	0
110	120	0	0	0
110	125	0	0	0
110	130	0	0	0
110	135	0	0	0
110	140	0	0	0
110	145	0	0	0
110	150	0	0	0
110	155	0	0	0
110	160	0	0	0
110	165	0	0	0
110	170	0	0	0
110	175	0	0	0
115	-180	0	0	0
115	-175	0	0	0
115	-170	0	0	0
115	-165	0	0	0
115	-160	0	0	0
115	-155	0	0	0
115	-150	0	0	0
115	-145	0	0	0
115	-140	0	0	0
115	-135	0	0	0
115	-130	0	0	0
115	-125	0	0	0
115	-120	0	0	0
115	-115	0	0	0
115	-110	0	0	0
115	-105	0	0	0
115	-100	0	0	0
115	-95	0	0	0
115	-90	0	0	0
115	-85	0	0	0
115	-80	0	0	0
115	-75	0	0	0
115	-70	0	0	0
115	-65	0	0	0
115	-60	0	0	0
115	-55	0	0	0
115	-50	0	0	0
115	-45	0	0	0
115	-40	0	0	0
115	-35	0	0	0
115	-30	0	0	0
115	-25	0	0	0
115	-20	0	0	0
115	-15	0	0	0
115	-10	0	0	0
115	-5	0	277.0	0
115	0	0	0	0
115	5	0	0	0
115	10	0	0	0
115	15	0	0	0
115	20	0	0	0
115	25	0	0	0
115	30	0	0	0
115	35	0	0	0
115	40	0	0	0
115	45	0	0	0
115	50	0	0	0
115	55	0	0	0
115	60	0	0	0
115	65	0	0	0
115	70	0	0	0
115	75	0	0	0
115	80	0	0	0
115	85	0	0	0
115	90	0	0	0
115	95	0	0	0
115	100	0	0	0
115	105	0	0	0
115	110	0	0	0
115	115	0	0	0
115	120	0	0	0
115	125	0	0	0
115	130	0	0	0
115	135	0	0	0
115	140	0	0	0
115	145	0	0	0
115	150	0	0	0
115	155	0	0	0
115	160	0	0	0
115	165	0	0	0
115	170	0	0	0
115	175	0	0	0
120	-180	0	0	0
120	-175	0	0	0
120	-170	0	0	0
120	-165	0	0	0
120	-160	0	0	0
120	-155	0	0	0
120	-150	0	0	0
120	-145	0	0	0
120	-140	0	0	0
120	-135	0	0	0
120	-130	0	0	0
120	-125	0	0	0
120	-120	0	0	0
120	-115	0	0	0
120	-110	0	0	0
120	-105	0	0	0
120	-100	0	0	0
120	-95	0	0	0
120	-90	0	0	0
120	-85	0	0	0
120	-80	0	0	0
120	-75	0	0	0
120	-70	0	0	0
120	-65	0	0	0
120	-60	0	0	0
120	-55	0	0	0
120	-50	0	0	0
120	-45	0	0	0
120	-40	0	0	0
120	-35	0	0	0
120	-30	0	0	0
120	-25	0	0	0
120	-20	0	0	0
120	-15	0	0	0
120	-10	0	0	0
120	-5	0	0	0
120	0	0	0	0
120	5	0	0	0
120	10	0	0	0
120	15	0	0	0
120	20	0	0	0
120	25	0	0	0
120	30	0	0	0
120	35	0	0	0
120	40	0	0	0
120	45	0	0	0
120	50	0	0	0
120	55	0	0	0
120	60	0	0	0
120	65	0	0	0
120	70	0	0	0
120	75	0	0	0
120	80	0	0	0
120	85	0	0	0
120	90	0	0	0
120	95	0	0	0
120	100	0	0	0
120	105	0	0	0
120	110	0	0	0
120	115	0	0	0
120	120	0	0	0
120	125	0	0	0
120	130	0	0	0
120	135	0	0	0
120	140	0	0	0
120	145	0	0	0
120	150	0	0	0
120	155	0	0	0
120	160	0	0	0
120	165	0	0	0
120	170	0	0	0
120	175	0	0	0
125	-180	0	0	0
125	-175	0	0	0
125	-170	0	0	0
125	-165	0	0	0
125	-160	0	0	0
125	-155	0	0	0
125	-150	0	0	0
125	-145	0	0	0
125	-140	0	0	0
125	-135	0	0	0
125	-130	0	0	0
125	-125	0	0	0
125	-120	0	0	0
125	-115	0	0	0
125	-110	0	0	0
125	-105	0	0	0
125	-100	0	0	0
125	-95	0	0	0
125	-90	0	0	0
125	-85	0	0	0
125	-80	0	0	0
125	-75	0	0	0
125	-70	0	0	0
125	-65	0	0	0
125	-60	0	0	0
125	-55	0	0	0
125	-50	0	0	0
125	-45	0	0	0
125	-40	0	0	0
125	-35	0	0	0
125	-30	0	0	0
125	-25	0	0	0
125	-20	0	0	0
125	-15	0	0	0
125	-10	0	0	0
125	-5	0	0	0
125	0	0	0	0
125	5	0	0	0
125	10	0	0	0
125	15	0	0	0
125	20	0	0	0
125	25	0	0	0
125	30	0	0	0
125	35	0	0	0
125	40	0	0	0
125	45	0	0	0
125	50	0	0	0
125	55	0	0	0
125	60	0	0	0
125	65	0	0	0
125	70	0	0	0
125	75	0	0	0
125	80	0	0	0
125	85	0	0	0
125	90	0	0	0
125	95	0	0	0
125	100	0	0	0
125	105	0	0	0
125	110	0	0	0
125	115	0	0	0
125	120	0	0	0
125	125	0	0	0
125	130	0	0	0
125	135	0	0	0
125	140	0	0	0
125	145	0	0	0
125	150	0	0	0
125	155	0	0	0
125	160	0	0	0
125	165	0	0	0
125	170	0	0	0
125	175	0	0	0
130	-180	0	0	0
130	-175	0	0	0
130	-170	0	0	0
130	-165	0	0	0
130	-160	0	0	0
130	-155	0	0	0
130	-150	0	0	0
130	-145	0	0	0
130	-140	0	0	0
130	-135	0	0	0
130	-130	0	0	0
130	-125	0	0	0
130	-120	0	0	0
130	-115	0	0	0
130	-110	0	0	0
130	-105	0	0	0
130	-100	0	0	0
130	-95	0	0	0
130	-90	0	0	0
130	-85	0	0	0
130	-80	0	0	0
130	-75	0	0	0
130	-70	0	0	0
130	-65	0	0	0
130	-60	0	0	0
130	-55	0	0	0
130	-50	0	0	0
130	-45	0	0	0
130	-40	0	0	0
130	-35	0	0	0
130	-30	0	0	0
130	-25	0	0	0
130	-20	0	0	0
130	-15	0	0	0
130	-10	0	0	0
130	-5	0	0	0
130	0	0	0	0
130	5	0	0	0
130	10	0	0	0
130	15	0	0	0
130	20	0	0	0
130	25	0	0	0
130	30	0	0	0
130	35	0	0	0
130	40	0	0	0
130	45	0	0	0
130	50	0	0	0
130	55	0	0	0
130	60	0	0	0
130	65	0	0	0
130	70	0	0	0
130	75	0	0	0
130	80	0	0	0
130	85	0	0	0
130	90	0	0	0
130	95	0	0	0
130	100	0	0	0
130	105	0	0	0
130	110	0	0	0
130	115	0	0	0
130	120	0	0	0
130	125	0	0	0
130	130	0	0	0
130	135	0	0	0
130	140	0	0	0
130	145	0	0	0
130	150	0	0	0
130	155	0	0	0
130	160	0	0	0
130	165	0	0	0
130	170	0	0	0
130	175	0	0	0
135	-180	0	0	0
135	-175	0	0	0
135	-170	0	0	0
135	-165	0	0	0
135	-160	0	0	0
135	-155	0	0	0
135	-150	0	0	0
135	-145	0	0	0
135	-140	0	0	0
135	-135	0	0	0
135	-130	0	0	0
135	-125	0	0	0
135	-120	0	0	0
135	-115	0	0	0
135	-110	0	0	0
135	-105	0	0	0
135	-100	0	0	0
135	-95	0	0	0
135	-90	0	0	0
135	-85	0	0	0
135	-80	0	0	0
135	-75	0	0	0
135	-70	0	0	0
135	-65	0	0	0
135	-60	0	0	0
135	-55	0	0	0
135	-50	0	0	0
135	-45	0	0	0
135	-40	0	0	0
135	-35	0	0	0
135	-30	0	0	0
135	-25	0	0	0
135	-20	0	0	0
135	-15	0	0	0
135	-10	0	0	0
135	-5	0	0	0
135	0	0	0	0
135	5	0	0	0
135	10	0	0	0
135	15	0	0	0
135	20	0	0	0
135	25	0	0	0
135	30	0	0	0
135	35	0	0	0
135	40	0	0	0
135	45	0	0	0
135	50	0	0	0
135	55	0	0	0
135	60	0	0	0
135	65	0	0	0
135	70	0	0	0
135	75	0	0	0
135	80	0	0	0
135	85	0	0	0
135	90	0	0	0
135	95	0	0	0
135	100	0	0	0
135	105	0	0	0
135	110	0	0	0
135	115	0	0	0
135	120	0	0	0
135	125	0	0	0
135	130	0	0	0
135	135	0	0	0
135	140	0	0	0
135	145	0	0	0
135	150	0	0	0
135	155	0	0	0
135	160	0	0	0
135	165	0	0	0
135	170	0	0	0
135	175	0	0	0
140	-180	0	0	0
140	-175	0	0	0
140	-170	0	0	0
140	-165	0	0	0
140	-160	0	0	0
140	-155	0	0	0
140	-150	0	0	0
140	-145	0	0	0
140	-140	0	0	0
140	-135	0	0	0
140	-130	0	0	0
140	-125	0	0	0
140	-120	0	0	0
140	-115	0	0	0
140	-110	0	0	0
140	-105	0	0	0
140	-100	0	0	0
140	-95	0	0	0
140	-90	0	0	0
140	-85	0	0	0
140	-80	0	0	0
140	-75	0	0	0
140	-70	0	0	0
140	-65	0	0	0
140	-60	0	0	0
140	-55	0	0	0
140	-50	0	0	0
140	-45	0	0	0
140	-40	0	0	0
140	-35	0	0	0
140	-30	0	0	0
140	-25	0	0	0
140	-20	0	0	0
140	-15	0	0	0
140	-10	0	0	0
140	-5	0	0	0
140	0	0	0	0
140	5	0	0	0
140	10	0	0	0
140	15	0	0	0
140	20	0	0	0
140	25	0	0	0
140	30	0	0	0
140	35	0	0	0
140	40	0	0	0
140	45	0	0	0
140	50	0	0	0
140	55	0	0	0
140	60	0	0	0
140	65	0	0	0
140	70	0	0	0
140	75	0	0	0
140	80	0	0	0
140	85	0	0	0
140	90	0	0	0
140	95	0	0	0
140	100	0	0	0
140	105	0	0	0
140	110	0	0	0
140	115	0	0	0
140	120	0	0	0
140	125	0	0	0
140	130	0	0	0
140	135	0	0	0
140	140	0	0	0
140	145	0	0	0
140	150	0	0	0
140	155	0	0	0
140	160	0	0	0
140	165	0	0	0
140	170	0	0	0
140	175	0	0	0
145	-180	0	0	0
145	-175	0	0	0
145	-170	0	0	0
145	-165	0	0	0
145	-160	0	0	0
145	-155	0	0	0
145	-150	0	0	0
145	-145	0	0	0
145	-140	0	0	0
145	-135	0	0	0
145	-130	0	0	0
145	-125	0	0	0
145	-120	0	0	0
145	-115	0	0	0
145	-110	0	0	0
145	-105	0	0	0
145	-100	0	0	0
145	-95	0	0	0
145	-90	0	0	0
145	-85	0	0	0
145	-80	0	0	0
145	-75	0	0	0
145	-70	0	0	0
145	-65	0	0	0
145	-60	0	0	0
145	-55	0	0	0
145	-50	0	0	0
145	-45	0	0	0
145	-40	0	0	0
145	-35	0	0	0
145	-30	0	0	0
145	-25	0	0	0
145	-20	0	0	0
145	-15	0	0	0
145	-10	0	0	0
145	-5	0	0	0
145	0	0	0	0
145	5	0	0	0
145	10	0	0	0
145	15	0	0	0
145	20	0	0	0
145	25	0	0	0
145	30	0	0	0
145	35	0	0	0
145	40	0	0	0
145	45	0	0	0
145	50	0	0	0
145	55	0	0	0
145	60	0	0	0
145	65	0	0	0
145	70	0	0	0
145	75	0	0	0
145	80	0	0	0
145	85	0	0	0
145	90	0	0	0
145	95	0	0	0
145	100	0	0	0
145	105	0	0	0
145	110	0	0	0
145	115	0	0	0
145	120	0	0	0
145	125	0	0	0
145	130	0	0	0
145	135	0	0	0
145	140	0	0	0
145	145	0	0	0
145	150	0	0	0
145	155	0	0	0
145	160	0	0	0
145	165	0	0	0
145	170	0	0	0
145	175	0	0	0
150	-180	0	0	0
150	-175	0	0	0
150	-170	0	0	0
150	-165	0	0	0
150	-160	0	0	0
150	-155	0	0	0
150	-150	0	0	0
150	-145	0	0	0
150	-140	0	0	0
150	-135	0	0	0
150	-130	0	0	0
150	-125	0	0	0
150	-120	0	0	0
150	-115	0	0	0
150	-110	0	0	0
150	-105	0	0	0
150	-100	0	0	0
150	-95	0	0	0
150	-90	0	0	0
150	-85	0	0	0
150	-80	0	0	0
150	-75	0	0	0
150	-70	0	0	0
150	-65	0	0	0
150	-60	0	0	0
150	-55	0	0	0
150	-50	0	0	0
150	-45	0	0	0
150	-40	0	0	0
150	-35	0	0	0
150	-30	0	0	0
150	-25	0	0	0
150	-20	0	0	0
150	-15	0	0	0
150	-10	0	0	0
150	-5	0	0	0
150	0	0	0	0
150	5	0	0	0
150	10	0	0	0
150	15	0	0	0
150	20	0	0	0
150	25	0	0	0
150	30	0	0	0
150	35	0	0	0
150	40	0	0	0
150	45	0	0	0
150	50	0	0	0
150	55	0	0	0
150	60	0	0	0
150	65	0	0	0
150	70	0	0	0
150	75	0	0	0
150	80	0	0	0
150	85	0	0	0
150	90	0	0	0
150	95	0	0	0
150	100	0	0	0
150	105	0	0	0
150	110	0	0	0
150	115	0	0	0
150	120	0	0	0
150	125	0	0	0
150	130	0	0	0
150	135	0	0	0
150	140	0	0	0
150	145	0	0	0
150	150	0	0	0
150	155	0	0	0
150	160	0	0	0
150	165	0	0	0
150	170	0	0	0
150	175	0	0	0
155	-180	0	0	0
155	-175	0	0	0
155	-170	0	0	0
155	-165	0	0	0
155	-160	0	0	0
155	-155	0	0	0
155	-150	0	0	0
155	-145	0	0	0
155	-140	0	0	0
155	-135	0	0	0
155	-130	0	0	0
155	-125	0	0	0
155	-120	0	0	0
155	-115	0	0	0
155	-110	0	0	0
155	-105	0	0	0
155	-100	0	0	0
155	-95	0	0	0
155	-90	0	0	0
155	-85	0	0	0
155	-80	0	0	0
155	-75	0	0	0
155	-70	0	0	0
155	-65	0	0	0
155	-60	0	0	0
155	-55	0	0	0
155	-50	0	0	0
155	-45	0	0	0
155	-40	0	0	0
155	-35	0	0	0
155	-30	0	0	0
155	-25	0	0	0
155	-20	0	0	0
155	-15	0	0	0
155	-10	0	0	0
155	-5	0	0	0
155	0	0	0	0
155	5	0	0	0
155	10	0	0	0
155	15	0	0	0
155	20	0	0	0
155	25	0	0	0
155	30	0	0	0
155	35	0	0	0
155	40	0	0	0
155	45	0	0	0
155	50	0	0	0
155	55	0	0	0
155	60	0	0	0
155	65	0	0	0
155	70	0	0	0
155	75	0	0	0
155	80	0	0	0
155	85	0	0	0
155	90	0	0	0
155	95	0	0	0
155	100	0	0	0
155	105	0	0	0
155	110	0	0	0
155	115	0	0	0
155	120	0	0	0
155	125	0	0	0
155	130	0	0	0
155	135	0	0	0
155	140	0	0	0
155	145	0	0	0
155	150	0	0	0
155	155	0	0	0
155	160	0	0	0
155	165	0	0	0
155	170	0	0	0
155	175	0	0	0
160	-180	0	0	0
160	-175	0	0	0
160	-170	0	0	0
160	-165	0	0	0
160	-160	0	0	0
160	-155	0	0	0
160	-150	0	0	0
160	-145	0	0	0
160	-140	0	0	0
160	-135	0	0	0
160	-130	0	0	0
160	-125	0	0	0
160	-120	0	0	0
160	-115	0	0	0
160	-110	0	0	0
160	-105	0	0	0
160	-100	0	0	0
160	-95	0	0	0
160	-90	0	0	0
160	-85	0	0	0
160	-80	0	0	0
160	-75	0	0	0
160	-70	0	0	0
160	-65	0	0	0
160	-60	0	0	0
160	-55	0	0	0
160	-50	0	0	0
160	-45	0	0	0
160	-40	0	0	0
160	-35	0	0	0
160	-30	0	0	0
160	-25	0	0	0
160	-20	0	0	0
160	-15	0	0	0
160	-10	0	0	0
160	-5	0	0	0
160	0	0	0	0
160	5	0	0	0
160	10	0	0	0
160	15	0	0	0
160	20	0	0	0
160	25	0	0	0
160	30	0	0	0
160	35	0	0	0
160	40	0	0	0
160	45	0	0	0
160	50	0	0	0
160	55	0	0	0
160	60	0	0	0
160	65	0	0	0
160	70	0	0	0
160	75	0	0	0
160	80	0	0	0
160	85	0	0	0
160	90	0	0	0
160	95	0	0	0
160	100	0	0	0
160	105	0	0	0
160	110	0	0	0
160	115	0	0	0
160	120	0	0	0
160	125	0	0	0
160	130	0	0	0
160	135	0	0	0
160	140	0	0	0
160	145	0	0	0
160	150	0	0	0
160	155	0	0	0
160	160	0	0	0
160	165	0	0	0
160	170	0	0	0
160	175	0	0	0
165	-180	0	0	0
165	-175	0	0	0
165	-170	0	0	0
165	-165	0	0	0
165	-160	0	0	0
165	-155	0	0	0
165	-150	0	0	0
165	-145	0	0	0
165	-140	0	0	0
165	-135	0	0	0
165	-130	0	0	0
165	-125	0	0	0
165	-120	0	0	0
165	-115	0	0	0
165	-110	0	0	0
165	-105	0	0	0
165	-100	0	0	0
165	-95	0	0	0
165	-90	0	0	0
165	-85	0	0	0
165	-80	0	0	0
165	-75	0	0	0
165	-70	0	0	0
165	-65	0	0	0
165	-60	0	0	0
165	-55	0	0	0
165	-50	0	0	0
165	-45	0	0	0
165	-40	0	0	0
165	-35	0	0	0
165	-30	0	0	0
165	-25	0	0	0
165	-20	0	0	0
165	-15	0	0	0
165	-10	0	0	0
165	-5	0	0	0
165	0	0	0	0
165	5	0	0	0
165	10	0	0	0
165	15	0	0	0
165	20	0	0	0
165	25	0	0	0
165	30	0	0	0
165	35	0	0	0
165	40	0	0	0
165	45	0	0	0
165	50	0	0	0
165	55	0	0	0
165	60	0	0	0
165	65	0	0	0
165	70	0	0	0
165	75	0	0	0
165	80	0	0	0
165	85	0	0	0
165	90	0	0	0
165	95	0	0	0
165	100	0	0	0
165	105	0	0	0
165	110	0	0	0
165	115	0	0	0
165	120	0	0	0
165	125	0	0	0
165	130	0	0	0
165	135	0	0	0
165	140	0	0	0
165	145	0	0	0
165	150	0	0	0
165	155	0	0	0
165	160	0	0	0
165	165	0	0	0
165	170	0	0	0
165	175	0	0	0
170	-180	0	0	0
170	-175	0	0	0
170	-170	0	0	0
170	-165	0	0	0
170	-160	0	0	0
170	-155	0	0	0
170	-150	0	0	0
170	-145	0	0	0
170	-140	0	0	0
170	-135	0	0	0
170	-130	0	0	0
170	-125	0	0	0
170	-120	0	0	0
170	-115	0	0	0
170	-110	0	0	0
170	-105	0	0	0
170	-100	0	0	0
170	-95	0	0	0
170	-90	0	0	0
170	-85	0	0	0
170	-80	0	0	0
170	-75	0	0	0
170	-70	0	0	0
170	-65	0	0	0
170	-60	0	0	0
170	-55	0	0	0
170	-50	0	0	0
170	-45	0	0	0
170	-40	0	0	0
170	-35	0	0	0
170	-30	0	0	0
170	-25	0	0	0
170	-20	0	0	0
170	-15	0	0	0
170	-10	0	0	0
170	-5	0	0	0
170	0	0	0	0
170	5	0	0	0
170	10	0	0	0
170	15	0	0	0
170	20	0	0	0
170	25	0	0	0
170	30	0	0	0
170	35	0	0	0
170	40	0	0	0
170	45	0	0	0
170	50	0	0	0
170	55	0	0	0
170	60	0	0	0
170	65	0	0	0
170	70	0	0	0
170	75	0	0	0
170	80	0	0	0
170	85	0	0	0
170	90	0	0	0
170	95	0	0	0
170	100	0	0	0
170	105	0	0	0
170	110	0	0	0
170	115	0	0	0
170	120	0	0	0
170	125	0	0	0
170	130	0	0	0
170	135	0	0	0
170	140	0	0	0
170	145	0	0	0
170	150	0	0	0
170	155	0	0	0
170	160	0	0	0
170	165	0	0	0
170	170	0	0	0
170	175	0	0	0
175	-180	0	0	0
175	-175	0	0	0
175	-170	0	0	0
175	-165	0	0	0
175	-160	0	0	0
175	-155	0	0	0
175	-150	0	0	0
175	-145	0	0	0
175	-140	0	0	0
175	-135	0	0	0
175	-130	0	0	0
175	-125	0	0	0
175	-120	0	0	0
175	-115	0	0	0
175	-110	0	0	0
175	-105	0	0	0
175	-100	0	0	0
175	-95	0	0	0
175	-90	0	0	0
175	-85	0	0	0
175	-80	0	0	0
175	-75	0	0	0
175	-70	0	0	0
175	-65	0	0	0
175	-60	0	0	0
175	-55	0	0	0
175	-50	0	0	0
175	-45	0	0	0
175	-40	0	0	0
175	-35	0	0	0
175	-30	0	0	0
175	-25	0	0	0
175	-20	0	0	0
175	-15	0	0	0
175	-10	0	0	0
175	-5	0	0	0
175	0	0	0	0
175	5	0	0	0
175	10	0	0	0
175	15	0	0	0
175	20	0	0	0
175	25	0	0	0
175	30	0	0	0
175	35	0	0	0
175	40	0	0	0
175	45	0	0	0
175	50	0	0	0
175	55	0	0	0
175	60	0	0	0
175	65	0	0	0
175	70	0	0	0
175	75	0	0	0
175	80	0	0	0
175	85	0	0	0
175	90	0	0	0
175	95	0	0	0
175	100	0	0	0
175	105	0	0	0
175	110	0	0	0
175	115	0	0	0
175	120	0	0	0
175	125	0	0	0
175	130	0	0	0
175	135	0	0	0
175	140	0	0	0
175	145	0	0	0
175	150	0	0	0
175	155	0	0	0
175	160	0	0	0
175	165	0	0	0
175	170	0	0	0
175	175	0	0	0
