Phi	Psi	max_obs_SA	max_theo_SA	obs_bin_pop
-180	-180	0	113.0	0
-180	-175	46.0	113.0	1
-180	-170	0	113.0	0
-180	-165	0	113.0	0
-180	-160	0	114.0	0
-180	-155	0	114.0	0
-180	-150	0	114.0	0
-180	-145	0	116.0	0
-180	-140	0	116.0	0
-180	-135	0	115.0	0
-180	-130	0	116.0	0
-180	-125	0	116.0	0
-180	-120	0	118.0	0
-180	-115	0	117.0	0
-180	-110	0	118.0	0
-180	-105	0	118.0	0
-180	-100	0	119.0	0
-180	-95	0	117.0	0
-180	-90	0	117.0	0
-180	-85	0	118.0	0
-180	-80	0	118.0	0
-180	-75	0	118.0	0
-180	-70	0	117.0	0
-180	-65	0	118.0	0
-180	-60	0	117.0	0
-180	-55	0	118.0	0
-180	-50	0	118.0	0
-180	-45	0	118.0	0
-180	-40	0	118.0	0
-180	-35	0	117.0	0
-180	-30	0	116.0	0
-180	-25	0	116.0	0
-180	-20	0	116.0	0
-180	-15	0	117.0	0
-180	-10	0	115.0	0
-180	-5	0	115.0	0
-180	0	0	115.0	0
-180	5	0	114.0	0
-180	10	0	114.0	0
-180	15	0	114.0	0
-180	20	0	114.0	0
-180	25	0	113.0	0
-180	30	0	114.0	0
-180	35	0	114.0	0
-180	40	0	113.0	0
-180	45	0	114.0	0
-180	50	0	114.0	0
-180	55	0	113.0	0
-180	60	0	114.0	0
-180	65	0	114.0	0
-180	70	0	113.0	0
-180	75	0	114.0	0
-180	80	0	113.0	0
-180	85	0	112.0	0
-180	90	0	113.0	0
-180	95	0	113.0	0
-180	100	0	113.0	0
-180	105	0	111.0	0
-180	110	0	112.0	0
-180	115	0	112.0	0
-180	120	0	112.0	0
-180	125	0	112.0	0
-180	130	0	112.0	0
-180	135	0	112.0	0
-180	140	32.0	112.0	1
-180	145	0	112.0	0
-180	150	0	114.0	0
-180	155	21.0	112.0	3
-180	160	41.0	112.0	2
-180	165	27.0	114.0	4
-180	170	26.0	113.0	2
-180	175	11.0	114.0	1
-175	-180	39.0	114.0	1
-175	-175	28.0	114.0	1
-175	-170	0	115.0	0
-175	-165	0	114.0	0
-175	-160	1.0	114.0	1
-175	-155	0	115.0	0
-175	-150	0	114.0	0
-175	-145	0	116.0	0
-175	-140	0	116.0	0
-175	-135	0	115.0	0
-175	-130	0	116.0	0
-175	-125	0	117.0	0
-175	-120	0	118.0	0
-175	-115	0	116.0	0
-175	-110	0	118.0	0
-175	-105	0	118.0	0
-175	-100	0	119.0	0
-175	-95	0	117.0	0
-175	-90	0	117.0	0
-175	-85	0	118.0	0
-175	-80	0	118.0	0
-175	-75	0	118.0	0
-175	-70	0	117.0	0
-175	-65	0	118.0	0
-175	-60	0	117.0	0
-175	-55	0	117.0	0
-175	-50	0	118.0	0
-175	-45	0	117.0	0
-175	-40	0	117.0	0
-175	-35	0	118.0	0
-175	-30	0	118.0	0
-175	-25	0	116.0	0
-175	-20	0	116.0	0
-175	-15	0	117.0	0
-175	-10	0	116.0	0
-175	-5	0	117.0	0
-175	0	0	116.0	0
-175	5	0	115.0	0
-175	10	0	116.0	0
-175	15	0	115.0	0
-175	20	0	115.0	0
-175	25	0	114.0	0
-175	30	0	114.0	0
-175	35	0	113.0	0
-175	40	0	114.0	0
-175	45	0	114.0	0
-175	50	0	113.0	0
-175	55	0	113.0	0
-175	60	0	113.0	0
-175	65	0	113.0	0
-175	70	0	113.0	0
-175	75	0	112.0	0
-175	80	0	112.0	0
-175	85	0	113.0	0
-175	90	0	113.0	0
-175	95	0	112.0	0
-175	100	0	113.0	0
-175	105	0	112.0	0
-175	110	0	111.0	0
-175	115	0	111.0	0
-175	120	0	111.0	0
-175	125	0	112.0	0
-175	130	0	112.0	0
-175	135	0	112.0	0
-175	140	38.0	113.0	3
-175	145	36.0	113.0	5
-175	150	23.0	114.0	5
-175	155	55.0	114.0	9
-175	160	58.0	113.0	8
-175	165	33.0	114.0	11
-175	170	38.0	114.0	6
-175	175	0	113.0	1
-170	-180	57.0	114.0	2
-170	-175	58.0	113.0	2
-170	-170	1.0	114.0	1
-170	-165	6.0	114.0	1
-170	-160	0	115.0	0
-170	-155	0	115.0	0
-170	-150	0	116.0	0
-170	-145	0	115.0	0
-170	-140	0	116.0	0
-170	-135	0	116.0	0
-170	-130	0	116.0	0
-170	-125	0	116.0	0
-170	-120	0	116.0	0
-170	-115	0	116.0	0
-170	-110	0	116.0	0
-170	-105	0	117.0	0
-170	-100	0	117.0	0
-170	-95	0	117.0	0
-170	-90	0	117.0	0
-170	-85	0	117.0	0
-170	-80	0	118.0	0
-170	-75	0	118.0	0
-170	-70	0	118.0	0
-170	-65	0	118.0	0
-170	-60	0	117.0	0
-170	-55	0	118.0	0
-170	-50	0	117.0	0
-170	-45	0	117.0	0
-170	-40	0	118.0	0
-170	-35	0	117.0	0
-170	-30	0	117.0	0
-170	-25	0	117.0	0
-170	-20	0	116.0	0
-170	-15	0	115.0	0
-170	-10	0	115.0	0
-170	-5	0	117.0	0
-170	0	0	115.0	0
-170	5	0	115.0	0
-170	10	0	116.0	0
-170	15	0	114.0	0
-170	20	0	114.0	0
-170	25	0	114.0	0
-170	30	0	114.0	0
-170	35	0	114.0	0
-170	40	0	113.0	0
-170	45	0	114.0	0
-170	50	0	113.0	0
-170	55	21.0	113.0	1
-170	60	0	112.0	0
-170	65	4.0	112.0	2
-170	70	0	113.0	0
-170	75	0	111.0	0
-170	80	0	113.0	0
-170	85	0	112.0	0
-170	90	0	112.0	0
-170	95	0	113.0	0
-170	100	0	113.0	0
-170	105	0	113.0	1
-170	110	0	112.0	0
-170	115	0	112.0	0
-170	120	0	112.0	0
-170	125	74.0	111.0	4
-170	130	23.0	112.0	4
-170	135	65.0	112.0	4
-170	140	26.0	112.0	7
-170	145	69.0	112.0	14
-170	150	86.0	112.0	28
-170	155	77.0	112.0	41
-170	160	59.0	112.0	41
-170	165	45.0	113.0	23
-170	170	69.0	113.0	20
-170	175	49.0	113.0	7
-165	-180	32.0	116.0	4
-165	-175	59.0	116.0	4
-165	-170	0	116.0	0
-165	-165	0	117.0	0
-165	-160	0	116.0	0
-165	-155	0	116.0	0
-165	-150	0	116.0	0
-165	-145	0	117.0	0
-165	-140	0	117.0	0
-165	-135	0	118.0	0
-165	-130	0	118.0	0
-165	-125	0	118.0	0
-165	-120	0	118.0	0
-165	-115	0	118.0	0
-165	-110	0	118.0	0
-165	-105	0	119.0	0
-165	-100	0	118.0	0
-165	-95	0	118.0	0
-165	-90	0	119.0	0
-165	-85	0	119.0	0
-165	-80	0	118.0	0
-165	-75	0	118.0	0
-165	-70	0	117.0	0
-165	-65	0	118.0	0
-165	-60	0	118.0	0
-165	-55	0	118.0	0
-165	-50	0	118.0	0
-165	-45	0	118.0	0
-165	-40	0	118.0	0
-165	-35	0	118.0	0
-165	-30	0	118.0	0
-165	-25	0	118.0	0
-165	-20	0	117.0	0
-165	-15	0	117.0	0
-165	-10	0	117.0	0
-165	-5	2.0	117.0	1
-165	0	1.0	117.0	1
-165	5	0	116.0	0
-165	10	0	118.0	0
-165	15	0	116.0	0
-165	20	85.0	116.0	1
-165	25	15.0	117.0	1
-165	30	0	115.0	0
-165	35	0	115.0	0
-165	40	0	114.0	0
-165	45	0	114.0	0
-165	50	6.0	114.0	2
-165	55	0	115.0	0
-165	60	0	113.0	0
-165	65	60.0	114.0	2
-165	70	30.0	113.0	3
-165	75	0	113.0	0
-165	80	0	113.0	0
-165	85	0	112.0	0
-165	90	0	112.0	1
-165	95	0	112.0	0
-165	100	39.0	112.0	1
-165	105	4.0	112.0	2
-165	110	25.0	113.0	2
-165	115	42.0	112.0	1
-165	120	23.0	113.0	1
-165	125	51.0	113.0	3
-165	130	66.0	113.0	8
-165	135	29.0	114.0	4
-165	140	39.0	113.0	17
-165	145	90.0	114.0	42
-165	150	49.0	114.0	66
-165	155	60.0	114.0	88
-165	160	62.0	115.0	84
-165	165	71.0	115.0	47
-165	170	45.0	114.0	24
-165	175	45.0	115.0	11
-160	-180	11.0	116.0	3
-160	-175	14.0	114.0	5
-160	-170	25.0	115.0	2
-160	-165	0	115.0	0
-160	-160	0	115.0	1
-160	-155	1.0	115.0	1
-160	-150	34.0	116.0	1
-160	-145	0	117.0	0
-160	-140	0	117.0	0
-160	-135	0	118.0	0
-160	-130	0	117.0	0
-160	-125	0	117.0	0
-160	-120	0	118.0	0
-160	-115	0	117.0	0
-160	-110	0	117.0	0
-160	-105	0	117.0	0
-160	-100	0	117.0	0
-160	-95	0	118.0	0
-160	-90	0	119.0	0
-160	-85	0	119.0	0
-160	-80	0	120.0	0
-160	-75	0	119.0	0
-160	-70	0	119.0	0
-160	-65	0	119.0	0
-160	-60	0	118.0	0
-160	-55	0	118.0	0
-160	-50	0	118.0	0
-160	-45	0	118.0	0
-160	-40	0	117.0	0
-160	-35	0	117.0	0
-160	-30	0	117.0	0
-160	-25	0	117.0	0
-160	-20	0	117.0	0
-160	-15	0	117.0	0
-160	-10	0	116.0	0
-160	-5	0	116.0	0
-160	0	0	116.0	0
-160	5	0	115.0	0
-160	10	0	115.0	0
-160	15	0	115.0	0
-160	20	0	115.0	0
-160	25	0	114.0	0
-160	30	0	114.0	0
-160	35	0	115.0	0
-160	40	42.0	114.0	2
-160	45	4.0	113.0	2
-160	50	41.0	113.0	2
-160	55	65.0	114.0	2
-160	60	57.0	113.0	2
-160	65	73.0	114.0	1
-160	70	26.0	114.0	2
-160	75	40.0	113.0	5
-160	80	0	113.0	0
-160	85	43.0	112.0	2
-160	90	34.0	113.0	3
-160	95	2.0	113.0	1
-160	100	0	113.0	0
-160	105	0	112.0	1
-160	110	10.0	112.0	2
-160	115	7.0	112.0	4
-160	120	66.0	112.0	3
-160	125	47.0	113.0	7
-160	130	33.0	114.0	8
-160	135	66.0	114.0	19
-160	140	54.0	114.0	56
-160	145	53.0	113.0	66
-160	150	90.0	114.0	118
-160	155	103.0	113.0	138
-160	160	72.0	114.0	107
-160	165	61.0	112.0	73
-160	170	45.0	114.0	32
-160	175	26.0	113.0	11
-155	-180	43.0	113.0	5
-155	-175	18.0	113.0	6
-155	-170	0	114.0	1
-155	-165	13.0	115.0	1
-155	-160	0	114.0	0
-155	-155	14.0	115.0	2
-155	-150	31.0	115.0	1
-155	-145	0	114.0	0
-155	-140	0	116.0	0
-155	-135	0	116.0	0
-155	-130	0	116.0	0
-155	-125	0	116.0	0
-155	-120	0	116.0	0
-155	-115	0	117.0	0
-155	-110	0	117.0	0
-155	-105	0	117.0	0
-155	-100	0	117.0	0
-155	-95	0	117.0	0
-155	-90	0	117.0	0
-155	-85	0	118.0	0
-155	-80	13.0	118.0	1
-155	-75	0	119.0	0
-155	-70	0	117.0	0
-155	-65	0	118.0	0
-155	-60	0	118.0	0
-155	-55	0	118.0	0
-155	-50	3.0	119.0	1
-155	-45	0	119.0	0
-155	-40	0	117.0	0
-155	-35	47.0	118.0	1
-155	-30	0	116.0	0
-155	-25	0	116.0	0
-155	-20	6.0	117.0	1
-155	-15	5.0	116.0	1
-155	-10	0	116.0	0
-155	-5	34.0	115.0	1
-155	0	0	115.0	0
-155	5	85.0	113.0	1
-155	10	0	115.0	0
-155	15	0	115.0	0
-155	20	0	114.0	0
-155	25	0	114.0	0
-155	30	105.0	113.0	1
-155	35	0	114.0	0
-155	40	54.0	113.0	1
-155	45	19.0	113.0	2
-155	50	57.0	113.0	3
-155	55	56.0	114.0	2
-155	60	73.0	113.0	7
-155	65	21.0	113.0	4
-155	70	62.0	112.0	3
-155	75	31.0	113.0	2
-155	80	0	113.0	0
-155	85	0	111.0	0
-155	90	13.0	111.0	2
-155	95	28.0	112.0	2
-155	100	0	112.0	0
-155	105	0	112.0	0
-155	110	33.0	113.0	4
-155	115	46.0	112.0	11
-155	120	36.0	112.0	9
-155	125	50.0	112.0	10
-155	130	71.0	113.0	29
-155	135	69.0	114.0	34
-155	140	63.0	113.0	63
-155	145	92.0	113.0	119
-155	150	100.0	113.0	158
-155	155	80.0	112.0	117
-155	160	60.0	114.0	84
-155	165	66.0	115.0	48
-155	170	46.0	114.0	24
-155	175	42.0	114.0	16
-150	-180	0	114.0	1
-150	-175	21.0	113.0	4
-150	-170	23.0	114.0	2
-150	-165	0	116.0	1
-150	-160	0	114.0	1
-150	-155	5.0	114.0	1
-150	-150	12.0	115.0	1
-150	-145	0	116.0	0
-150	-140	34.0	116.0	2
-150	-135	0	115.0	0
-150	-130	0	116.0	0
-150	-125	0	116.0	0
-150	-120	0	116.0	1
-150	-115	0	116.0	0
-150	-110	2.0	117.0	1
-150	-105	0	118.0	0
-150	-100	0	119.0	0
-150	-95	0	117.0	0
-150	-90	0	119.0	0
-150	-85	0	118.0	0
-150	-80	1.0	118.0	1
-150	-75	0	119.0	0
-150	-70	0	119.0	0
-150	-65	0	119.0	0
-150	-60	0	117.0	0
-150	-55	4.0	119.0	1
-150	-50	0	119.0	0
-150	-45	71.0	118.0	1
-150	-40	0	117.0	0
-150	-35	0	118.0	0
-150	-30	0	118.0	0
-150	-25	0	118.0	0
-150	-20	0	118.0	0
-150	-15	31.0	117.0	1
-150	-10	0	117.0	0
-150	-5	0	116.0	0
-150	0	23.0	116.0	1
-150	5	0	115.0	0
-150	10	0	114.0	0
-150	15	0	115.0	0
-150	20	0	115.0	0
-150	25	63.0	115.0	2
-150	30	39.0	114.0	1
-150	35	2.0	115.0	1
-150	40	59.0	114.0	1
-150	45	68.0	114.0	1
-150	50	1.0	113.0	2
-150	55	35.0	114.0	5
-150	60	12.0	113.0	5
-150	65	48.0	113.0	7
-150	70	90.0	113.0	8
-150	75	24.0	115.0	3
-150	80	55.0	114.0	3
-150	85	0	113.0	0
-150	90	39.0	112.0	2
-150	95	3.0	112.0	2
-150	100	17.0	113.0	5
-150	105	23.0	113.0	3
-150	110	31.0	113.0	8
-150	115	71.0	112.0	9
-150	120	15.0	112.0	13
-150	125	60.0	112.0	17
-150	130	101.0	113.0	35
-150	135	93.0	113.0	37
-150	140	83.0	113.0	80
-150	145	62.0	113.0	100
-150	150	93.0	113.0	123
-150	155	78.0	113.0	142
-150	160	67.0	114.0	84
-150	165	98.0	114.0	46
-150	170	53.0	114.0	24
-150	175	51.0	114.0	13
-145	-180	22.0	114.0	7
-145	-175	21.0	114.0	4
-145	-170	41.0	114.0	1
-145	-165	0	114.0	0
-145	-160	0	115.0	0
-145	-155	0	114.0	0
-145	-150	0	115.0	0
-145	-145	0	115.0	0
-145	-140	0	115.0	0
-145	-135	1.0	116.0	2
-145	-130	0	116.0	0
-145	-125	66.0	117.0	2
-145	-120	3.0	117.0	1
-145	-115	1.0	117.0	1
-145	-110	7.0	117.0	1
-145	-105	0	118.0	0
-145	-100	0	117.0	1
-145	-95	0	117.0	0
-145	-90	0	118.0	0
-145	-85	0	117.0	0
-145	-80	0	118.0	0
-145	-75	0	118.0	0
-145	-70	39.0	118.0	1
-145	-65	50.0	118.0	1
-145	-60	51.0	117.0	1
-145	-55	86.0	117.0	2
-145	-50	0	116.0	0
-145	-45	0	117.0	0
-145	-40	0	116.0	0
-145	-35	62.0	116.0	2
-145	-30	0	116.0	1
-145	-25	84.0	116.0	1
-145	-20	0	117.0	0
-145	-15	11.0	116.0	2
-145	-10	9.0	116.0	1
-145	-5	61.0	115.0	1
-145	0	0	116.0	0
-145	5	12.0	115.0	2
-145	10	65.0	115.0	2
-145	15	82.0	115.0	2
-145	20	89.0	115.0	6
-145	25	2.0	115.0	3
-145	30	36.0	114.0	2
-145	35	84.0	115.0	7
-145	40	42.0	114.0	2
-145	45	37.0	114.0	4
-145	50	27.0	114.0	4
-145	55	80.0	114.0	4
-145	60	61.0	115.0	6
-145	65	82.0	115.0	2
-145	70	50.0	114.0	3
-145	75	31.0	113.0	6
-145	80	19.0	113.0	5
-145	85	21.0	113.0	3
-145	90	65.0	113.0	4
-145	95	11.0	112.0	3
-145	100	4.0	113.0	5
-145	105	48.0	112.0	5
-145	110	52.0	111.0	10
-145	115	51.0	112.0	13
-145	120	68.0	112.0	14
-145	125	61.0	112.0	27
-145	130	43.0	112.0	34
-145	135	71.0	111.0	71
-145	140	86.0	112.0	78
-145	145	98.0	112.0	95
-145	150	57.0	112.0	109
-145	155	78.0	113.0	85
-145	160	66.0	112.0	51
-145	165	44.0	113.0	42
-145	170	56.0	113.0	20
-145	175	17.0	114.0	10
-140	-180	49.0	114.0	5
-140	-175	41.0	115.0	4
-140	-170	46.0	115.0	3
-140	-165	42.0	115.0	3
-140	-160	0	114.0	1
-140	-155	0	116.0	0
-140	-150	0	116.0	0
-140	-145	12.0	116.0	1
-140	-140	0	117.0	0
-140	-135	66.0	118.0	1
-140	-130	0	119.0	0
-140	-125	0	117.0	0
-140	-120	0	118.0	0
-140	-115	36.0	118.0	1
-140	-110	0	118.0	0
-140	-105	16.0	118.0	2
-140	-100	0	119.0	0
-140	-95	0	119.0	0
-140	-90	0	119.0	0
-140	-85	74.0	119.0	1
-140	-80	6.0	119.0	1
-140	-75	0	118.0	0
-140	-70	0	119.0	0
-140	-65	0	119.0	0
-140	-60	0	118.0	0
-140	-55	39.0	119.0	2
-140	-50	0	119.0	1
-140	-45	24.0	118.0	2
-140	-40	0	118.0	0
-140	-35	51.0	118.0	1
-140	-30	37.0	119.0	3
-140	-25	15.0	118.0	1
-140	-20	54.0	118.0	1
-140	-15	19.0	118.0	1
-140	-10	2.0	117.0	1
-140	-5	41.0	117.0	3
-140	0	58.0	116.0	4
-140	5	75.0	118.0	3
-140	10	46.0	117.0	6
-140	15	21.0	116.0	3
-140	20	58.0	117.0	3
-140	25	90.0	116.0	7
-140	30	24.0	116.0	2
-140	35	66.0	117.0	3
-140	40	82.0	116.0	3
-140	45	31.0	116.0	5
-140	50	55.0	115.0	4
-140	55	24.0	116.0	3
-140	60	99.0	116.0	6
-140	65	68.0	115.0	4
-140	70	90.0	115.0	7
-140	75	32.0	116.0	7
-140	80	18.0	114.0	5
-140	85	99.0	114.0	5
-140	90	73.0	113.0	4
-140	95	5.0	113.0	3
-140	100	32.0	112.0	3
-140	105	13.0	112.0	6
-140	110	56.0	113.0	8
-140	115	65.0	113.0	11
-140	120	77.0	112.0	25
-140	125	65.0	113.0	19
-140	130	63.0	113.0	36
-140	135	52.0	114.0	48
-140	140	74.0	114.0	83
-140	145	78.0	113.0	88
-140	150	105.0	114.0	101
-140	155	99.0	114.0	68
-140	160	66.0	115.0	38
-140	165	68.0	114.0	38
-140	170	30.0	115.0	12
-140	175	49.0	115.0	3
-135	-180	4.0	113.0	3
-135	-175	44.0	113.0	4
-135	-170	0	114.0	2
-135	-165	0	114.0	0
-135	-160	13.0	115.0	2
-135	-155	55.0	117.0	2
-135	-150	0	116.0	0
-135	-145	0	118.0	0
-135	-140	33.0	117.0	1
-135	-135	0	117.0	0
-135	-130	0	118.0	0
-135	-125	0	117.0	0
-135	-120	14.0	118.0	1
-135	-115	0	117.0	0
-135	-110	0	118.0	0
-135	-105	0	117.0	0
-135	-100	0	118.0	0
-135	-95	0	118.0	0
-135	-90	0	119.0	0
-135	-85	0	119.0	0
-135	-80	0	119.0	0
-135	-75	58.0	118.0	1
-135	-70	0	119.0	0
-135	-65	0	118.0	0
-135	-60	0	119.0	1
-135	-55	36.0	119.0	2
-135	-50	10.0	118.0	3
-135	-45	0	118.0	0
-135	-40	78.0	117.0	2
-135	-35	39.0	118.0	2
-135	-30	93.0	118.0	1
-135	-25	0	117.0	0
-135	-20	0	116.0	0
-135	-15	0	116.0	0
-135	-10	43.0	116.0	2
-135	-5	53.0	116.0	3
-135	0	31.0	116.0	4
-135	5	94.0	117.0	2
-135	10	62.0	117.0	4
-135	15	49.0	117.0	3
-135	20	90.0	118.0	9
-135	25	86.0	117.0	6
-135	30	7.0	117.0	1
-135	35	34.0	117.0	3
-135	40	78.0	116.0	2
-135	45	43.0	116.0	4
-135	50	40.0	116.0	4
-135	55	63.0	115.0	1
-135	60	84.0	115.0	10
-135	65	14.0	114.0	6
-135	70	58.0	115.0	6
-135	75	49.0	115.0	7
-135	80	39.0	114.0	7
-135	85	52.0	116.0	4
-135	90	0	114.0	1
-135	95	0	113.0	2
-135	100	22.0	113.0	4
-135	105	63.0	113.0	6
-135	110	56.0	114.0	9
-135	115	45.0	113.0	13
-135	120	36.0	111.0	22
-135	125	60.0	112.0	37
-135	130	61.0	112.0	42
-135	135	82.0	114.0	64
-135	140	106.0	113.0	84
-135	145	90.0	113.0	88
-135	150	99.0	113.0	71
-135	155	74.0	113.0	73
-135	160	52.0	114.0	26
-135	165	77.0	114.0	22
-135	170	72.0	115.0	12
-135	175	41.0	114.0	4
-130	-180	64.0	111.0	2
-130	-175	14.0	111.0	2
-130	-170	32.0	113.0	1
-130	-165	0	112.0	0
-130	-160	20.0	114.0	1
-130	-155	0	113.0	0
-130	-150	0	114.0	0
-130	-145	0	115.0	0
-130	-140	0	115.0	0
-130	-135	0	116.0	0
-130	-130	0	115.0	0
-130	-125	0	115.0	0
-130	-120	0	115.0	1
-130	-115	0	117.0	1
-130	-110	59.0	118.0	1
-130	-105	0	117.0	0
-130	-100	0	116.0	0
-130	-95	17.0	117.0	1
-130	-90	0	116.0	0
-130	-85	0	116.0	0
-130	-80	0	117.0	0
-130	-75	0	117.0	0
-130	-70	0	116.0	0
-130	-65	0	115.0	0
-130	-60	0	115.0	0
-130	-55	60.0	116.0	1
-130	-50	0	116.0	0
-130	-45	0	116.0	0
-130	-40	99.0	116.0	2
-130	-35	65.0	115.0	2
-130	-30	0	115.0	1
-130	-25	79.0	114.0	1
-130	-20	1.0	115.0	1
-130	-15	75.0	115.0	3
-130	-10	60.0	115.0	2
-130	-5	22.0	116.0	1
-130	0	0	115.0	0
-130	5	68.0	116.0	5
-130	10	49.0	116.0	3
-130	15	102.0	116.0	5
-130	20	43.0	116.0	6
-130	25	39.0	114.0	6
-130	30	74.0	115.0	6
-130	35	87.0	115.0	3
-130	40	49.0	116.0	5
-130	45	0	115.0	1
-130	50	13.0	115.0	1
-130	55	23.0	115.0	1
-130	60	72.0	114.0	8
-130	65	60.0	113.0	5
-130	70	85.0	115.0	8
-130	75	34.0	114.0	8
-130	80	73.0	113.0	7
-130	85	11.0	114.0	7
-130	90	5.0	112.0	3
-130	95	25.0	113.0	7
-130	100	4.0	112.0	3
-130	105	107.0	112.0	9
-130	110	49.0	112.0	10
-130	115	70.0	111.0	23
-130	120	102.0	112.0	30
-130	125	83.0	112.0	24
-130	130	104.0	111.0	60
-130	135	50.0	111.0	66
-130	140	103.0	112.0	56
-130	145	95.0	112.0	71
-130	150	62.0	111.0	56
-130	155	91.0	112.0	54
-130	160	56.0	111.0	22
-130	165	57.0	112.0	20
-130	170	59.0	111.0	6
-130	175	33.0	112.0	6
-125	-180	17.0	112.0	5
-125	-175	55.0	113.0	1
-125	-170	17.0	113.0	1
-125	-165	23.0	114.0	2
-125	-160	18.0	114.0	2
-125	-155	0	114.0	0
-125	-150	13.0	115.0	2
-125	-145	0	116.0	0
-125	-140	3.0	115.0	1
-125	-135	9.0	115.0	1
-125	-130	0	116.0	0
-125	-125	0	116.0	0
-125	-120	38.0	117.0	2
-125	-115	14.0	116.0	2
-125	-110	17.0	118.0	1
-125	-105	0	118.0	0
-125	-100	0	117.0	0
-125	-95	0	119.0	0
-125	-90	5.0	118.0	1
-125	-85	0	117.0	0
-125	-80	0	116.0	1
-125	-75	78.0	117.0	2
-125	-70	0	116.0	0
-125	-65	67.0	116.0	1
-125	-60	2.0	116.0	2
-125	-55	21.0	117.0	1
-125	-50	7.0	116.0	1
-125	-45	10.0	115.0	2
-125	-40	36.0	116.0	1
-125	-35	52.0	116.0	4
-125	-30	3.0	116.0	2
-125	-25	1.0	116.0	1
-125	-20	76.0	116.0	2
-125	-15	59.0	116.0	4
-125	-10	38.0	116.0	4
-125	-5	81.0	117.0	9
-125	0	89.0	117.0	6
-125	5	20.0	116.0	3
-125	10	103.0	117.0	7
-125	15	70.0	116.0	9
-125	20	85.0	117.0	8
-125	25	82.0	117.0	4
-125	30	42.0	117.0	4
-125	35	63.0	116.0	5
-125	40	76.0	117.0	1
-125	45	0	117.0	2
-125	50	87.0	116.0	2
-125	55	0	117.0	0
-125	60	12.0	117.0	2
-125	65	24.0	115.0	3
-125	70	66.0	115.0	7
-125	75	81.0	116.0	9
-125	80	82.0	116.0	5
-125	85	1.0	116.0	2
-125	90	0	115.0	0
-125	95	22.0	114.0	4
-125	100	54.0	113.0	8
-125	105	65.0	112.0	9
-125	110	24.0	112.0	14
-125	115	80.0	112.0	22
-125	120	60.0	112.0	29
-125	125	79.0	111.0	44
-125	130	87.0	111.0	66
-125	135	54.0	111.0	57
-125	140	68.0	111.0	65
-125	145	77.0	111.0	51
-125	150	99.0	112.0	43
-125	155	74.0	111.0	24
-125	160	58.0	112.0	14
-125	165	63.0	111.0	15
-125	170	0	111.0	0
-125	175	11.0	112.0	3
-120	-180	3.0	113.0	2
-120	-175	5.0	113.0	1
-120	-170	29.0	114.0	1
-120	-165	0	114.0	0
-120	-160	0	113.0	0
-120	-155	3.0	114.0	2
-120	-150	0	114.0	0
-120	-145	0	116.0	0
-120	-140	56.0	116.0	1
-120	-135	0	116.0	0
-120	-130	0	116.0	0
-120	-125	0	116.0	0
-120	-120	0	117.0	0
-120	-115	0	118.0	0
-120	-110	24.0	118.0	1
-120	-105	0	117.0	0
-120	-100	0	117.0	0
-120	-95	0	117.0	0
-120	-90	25.0	116.0	1
-120	-85	0	116.0	0
-120	-80	72.0	116.0	1
-120	-75	0	117.0	0
-120	-70	0	115.0	0
-120	-65	0	116.0	0
-120	-60	102.0	116.0	1
-120	-55	56.0	115.0	1
-120	-50	51.0	115.0	3
-120	-45	28.0	116.0	4
-120	-40	15.0	115.0	2
-120	-35	79.0	115.0	3
-120	-30	70.0	116.0	4
-120	-25	91.0	115.0	4
-120	-20	41.0	116.0	2
-120	-15	90.0	117.0	5
-120	-10	77.0	117.0	2
-120	-5	65.0	117.0	2
-120	0	55.0	117.0	9
-120	5	93.0	116.0	4
-120	10	67.0	117.0	7
-120	15	91.0	117.0	6
-120	20	64.0	118.0	8
-120	25	18.0	117.0	2
-120	30	9.0	117.0	4
-120	35	21.0	117.0	4
-120	40	65.0	117.0	1
-120	45	0	118.0	0
-120	50	0	118.0	1
-120	55	99.0	118.0	1
-120	60	41.0	116.0	2
-120	65	14.0	116.0	1
-120	70	0	117.0	0
-120	75	63.0	116.0	2
-120	80	18.0	115.0	4
-120	85	31.0	116.0	2
-120	90	99.0	115.0	3
-120	95	105.0	114.0	7
-120	100	65.0	114.0	5
-120	105	92.0	113.0	11
-120	110	44.0	113.0	13
-120	115	84.0	112.0	27
-120	120	100.0	112.0	34
-120	125	60.0	111.0	38
-120	130	69.0	111.0	57
-120	135	84.0	111.0	74
-120	140	58.0	111.0	74
-120	145	62.0	111.0	47
-120	150	69.0	111.0	38
-120	155	37.0	111.0	18
-120	160	60.0	111.0	18
-120	165	38.0	111.0	7
-120	170	64.0	111.0	5
-120	175	22.0	112.0	1
-115	-180	20.0	113.0	1
-115	-175	2.0	114.0	1
-115	-170	2.0	114.0	1
-115	-165	22.0	115.0	1
-115	-160	0	115.0	0
-115	-155	0	116.0	0
-115	-150	0	115.0	0
-115	-145	0	115.0	0
-115	-140	0	117.0	0
-115	-135	0	118.0	0
-115	-130	0	117.0	0
-115	-125	0	116.0	0
-115	-120	26.0	117.0	1
-115	-115	0	118.0	0
-115	-110	24.0	118.0	1
-115	-105	0	117.0	0
-115	-100	0	118.0	0
-115	-95	0	118.0	0
-115	-90	0	117.0	0
-115	-85	0	117.0	0
-115	-80	0	116.0	0
-115	-75	0	117.0	0
-115	-70	0	117.0	0
-115	-65	0	117.0	0
-115	-60	0	116.0	0
-115	-55	1.0	117.0	2
-115	-50	62.0	117.0	1
-115	-45	21.0	117.0	3
-115	-40	0	118.0	1
-115	-35	104.0	117.0	4
-115	-30	90.0	117.0	9
-115	-25	59.0	117.0	3
-115	-20	80.0	118.0	4
-115	-15	56.0	118.0	5
-115	-10	105.0	119.0	8
-115	-5	72.0	119.0	9
-115	0	81.0	119.0	5
-115	5	72.0	118.0	10
-115	10	78.0	119.0	16
-115	15	68.0	118.0	9
-115	20	96.0	119.0	7
-115	25	48.0	120.0	9
-115	30	67.0	120.0	3
-115	35	103.0	120.0	4
-115	40	24.0	118.0	2
-115	45	39.0	118.0	1
-115	50	0	118.0	0
-115	55	0	118.0	0
-115	60	80.0	117.0	1
-115	65	4.0	117.0	1
-115	70	50.0	118.0	4
-115	75	9.0	117.0	2
-115	80	39.0	117.0	3
-115	85	88.0	116.0	3
-115	90	73.0	116.0	6
-115	95	61.0	115.0	7
-115	100	29.0	115.0	8
-115	105	82.0	114.0	14
-115	110	63.0	114.0	20
-115	115	77.0	114.0	26
-115	120	83.0	113.0	35
-115	125	60.0	113.0	49
-115	130	87.0	112.0	58
-115	135	52.0	112.0	51
-115	140	75.0	112.0	56
-115	145	108.0	112.0	48
-115	150	63.0	112.0	43
-115	155	95.0	112.0	21
-115	160	93.0	114.0	22
-115	165	62.0	113.0	12
-115	170	36.0	113.0	7
-115	175	49.0	113.0	4
-110	-180	24.0	114.0	2
-110	-175	5.0	114.0	1
-110	-170	29.0	114.0	1
-110	-165	0	114.0	0
-110	-160	29.0	115.0	1
-110	-155	1.0	116.0	1
-110	-150	0	115.0	0
-110	-145	0	115.0	0
-110	-140	11.0	116.0	1
-110	-135	0	116.0	0
-110	-130	0	117.0	0
-110	-125	0	117.0	0
-110	-120	0	117.0	0
-110	-115	0	118.0	0
-110	-110	0	117.0	0
-110	-105	72.0	117.0	1
-110	-100	0	118.0	0
-110	-95	0	117.0	1
-110	-90	28.0	117.0	1
-110	-85	0	117.0	1
-110	-80	8.0	117.0	1
-110	-75	2.0	117.0	1
-110	-70	0	117.0	0
-110	-65	0	118.0	0
-110	-60	77.0	117.0	4
-110	-55	50.0	117.0	2
-110	-50	0	118.0	0
-110	-45	6.0	117.0	2
-110	-40	63.0	118.0	3
-110	-35	34.0	118.0	5
-110	-30	70.0	119.0	4
-110	-25	84.0	119.0	6
-110	-20	47.0	118.0	6
-110	-15	73.0	118.0	10
-110	-10	89.0	119.0	11
-110	-5	78.0	118.0	7
-110	0	93.0	120.0	19
-110	5	80.0	120.0	17
-110	10	114.0	120.0	16
-110	15	63.0	120.0	15
-110	20	75.0	120.0	12
-110	25	109.0	120.0	7
-110	30	106.0	120.0	5
-110	35	58.0	120.0	5
-110	40	6.0	120.0	2
-110	45	0	120.0	2
-110	50	0	119.0	0
-110	55	0	120.0	0
-110	60	0	119.0	0
-110	65	0	119.0	0
-110	70	50.0	118.0	1
-110	75	0	118.0	0
-110	80	4.0	118.0	1
-110	85	52.0	117.0	5
-110	90	0	117.0	3
-110	95	77.0	116.0	7
-110	100	93.0	116.0	11
-110	105	69.0	115.0	14
-110	110	76.0	114.0	21
-110	115	32.0	114.0	22
-110	120	74.0	113.0	31
-110	125	96.0	114.0	51
-110	130	95.0	114.0	51
-110	135	54.0	113.0	58
-110	140	66.0	113.0	44
-110	145	77.0	113.0	36
-110	150	78.0	113.0	39
-110	155	88.0	114.0	18
-110	160	85.0	114.0	15
-110	165	16.0	113.0	9
-110	170	0	113.0	1
-110	175	61.0	113.0	6
-105	-180	62.0	114.0	1
-105	-175	51.0	114.0	1
-105	-170	37.0	115.0	1
-105	-165	0	116.0	0
-105	-160	0	116.0	0
-105	-155	0	115.0	0
-105	-150	0	115.0	0
-105	-145	43.0	117.0	1
-105	-140	0	117.0	0
-105	-135	0	117.0	0
-105	-130	0	117.0	0
-105	-125	10.0	117.0	1
-105	-120	0	117.0	0
-105	-115	0	117.0	0
-105	-110	0	117.0	1
-105	-105	0	117.0	0
-105	-100	17.0	116.0	1
-105	-95	50.0	117.0	2
-105	-90	0	117.0	1
-105	-85	0	116.0	0
-105	-80	0	118.0	0
-105	-75	57.0	117.0	1
-105	-70	33.0	116.0	2
-105	-65	0	117.0	0
-105	-60	37.0	117.0	2
-105	-55	18.0	116.0	3
-105	-50	50.0	117.0	3
-105	-45	44.0	117.0	4
-105	-40	64.0	118.0	7
-105	-35	37.0	118.0	6
-105	-30	74.0	118.0	12
-105	-25	60.0	118.0	9
-105	-20	69.0	118.0	8
-105	-15	70.0	119.0	8
-105	-10	94.0	120.0	11
-105	-5	91.0	119.0	24
-105	0	92.0	121.0	27
-105	5	103.0	121.0	30
-105	10	91.0	122.0	26
-105	15	95.0	122.0	8
-105	20	93.0	121.0	12
-105	25	72.0	121.0	5
-105	30	4.0	121.0	2
-105	35	12.0	121.0	1
-105	40	0	121.0	0
-105	45	0	120.0	0
-105	50	37.0	120.0	1
-105	55	0	120.0	0
-105	60	90.0	119.0	1
-105	65	31.0	119.0	1
-105	70	25.0	118.0	2
-105	75	0	118.0	0
-105	80	0	118.0	0
-105	85	0	118.0	0
-105	90	92.0	117.0	8
-105	95	92.0	116.0	8
-105	100	53.0	116.0	7
-105	105	69.0	116.0	13
-105	110	45.0	116.0	21
-105	115	88.0	115.0	25
-105	120	85.0	114.0	38
-105	125	92.0	114.0	42
-105	130	94.0	115.0	40
-105	135	85.0	114.0	59
-105	140	69.0	113.0	43
-105	145	82.0	113.0	39
-105	150	68.0	113.0	26
-105	155	61.0	113.0	21
-105	160	79.0	112.0	22
-105	165	93.0	114.0	11
-105	170	66.0	114.0	8
-105	175	33.0	115.0	3
-100	-180	0	115.0	1
-100	-175	0	114.0	0
-100	-170	2.0	114.0	2
-100	-165	0	114.0	0
-100	-160	3.0	115.0	2
-100	-155	0	115.0	0
-100	-150	0	116.0	0
-100	-145	12.0	116.0	1
-100	-140	0	115.0	1
-100	-135	0	116.0	0
-100	-130	0	116.0	0
-100	-125	0	117.0	0
-100	-120	0	116.0	0
-100	-115	0	116.0	0
-100	-110	40.0	117.0	3
-100	-105	0	116.0	0
-100	-100	0	117.0	0
-100	-95	0	116.0	0
-100	-90	0	115.0	0
-100	-85	11.0	116.0	1
-100	-80	0	116.0	0
-100	-75	0	115.0	0
-100	-70	0	116.0	1
-100	-65	16.0	116.0	1
-100	-60	19.0	116.0	1
-100	-55	5.0	116.0	2
-100	-50	45.0	117.0	4
-100	-45	51.0	118.0	4
-100	-40	83.0	118.0	5
-100	-35	79.0	118.0	7
-100	-30	107.0	120.0	13
-100	-25	85.0	119.0	8
-100	-20	88.0	119.0	12
-100	-15	103.0	119.0	23
-100	-10	112.0	119.0	19
-100	-5	95.0	119.0	23
-100	0	102.0	121.0	55
-100	5	98.0	121.0	35
-100	10	110.0	121.0	28
-100	15	84.0	122.0	17
-100	20	103.0	122.0	7
-100	25	38.0	122.0	3
-100	30	87.0	121.0	3
-100	35	0	122.0	0
-100	40	104.0	121.0	1
-100	45	0	121.0	0
-100	50	14.0	120.0	1
-100	55	64.0	121.0	2
-100	60	95.0	120.0	3
-100	65	33.0	120.0	2
-100	70	17.0	118.0	1
-100	75	0	119.0	2
-100	80	26.0	118.0	1
-100	85	79.0	117.0	2
-100	90	39.0	116.0	6
-100	95	40.0	116.0	8
-100	100	86.0	116.0	15
-100	105	74.0	115.0	18
-100	110	99.0	114.0	15
-100	115	84.0	114.0	20
-100	120	64.0	115.0	35
-100	125	94.0	114.0	40
-100	130	68.0	114.0	61
-100	135	84.0	113.0	52
-100	140	96.0	113.0	47
-100	145	86.0	113.0	43
-100	150	98.0	113.0	35
-100	155	67.0	112.0	28
-100	160	85.0	113.0	21
-100	165	61.0	113.0	14
-100	170	34.0	114.0	7
-100	175	46.0	114.0	4
-95	-180	50.0	115.0	2
-95	-175	46.0	115.0	3
-95	-170	0	115.0	0
-95	-165	1.0	114.0	1
-95	-160	61.0	115.0	1
-95	-155	23.0	115.0	1
-95	-150	0	117.0	1
-95	-145	0	115.0	0
-95	-140	0	116.0	0
-95	-135	63.0	116.0	1
-95	-130	0	117.0	0
-95	-125	0	118.0	0
-95	-120	0	118.0	0
-95	-115	0	117.0	0
-95	-110	0	118.0	0
-95	-105	37.0	117.0	1
-95	-100	0	117.0	0
-95	-95	0	117.0	0
-95	-90	0	118.0	0
-95	-85	45.0	117.0	2
-95	-80	0	117.0	0
-95	-75	0	116.0	0
-95	-70	11.0	116.0	2
-95	-65	0	117.0	2
-95	-60	33.0	118.0	2
-95	-55	13.0	118.0	1
-95	-50	60.0	119.0	6
-95	-45	86.0	118.0	12
-95	-40	71.0	119.0	8
-95	-35	84.0	120.0	15
-95	-30	96.0	120.0	19
-95	-25	92.0	120.0	20
-95	-20	82.0	121.0	20
-95	-15	97.0	120.0	30
-95	-10	105.0	120.0	47
-95	-5	112.0	121.0	67
-95	0	97.0	121.0	74
-95	5	112.0	122.0	48
-95	10	104.0	121.0	23
-95	15	81.0	122.0	16
-95	20	11.0	122.0	4
-95	25	81.0	122.0	3
-95	30	0	122.0	0
-95	35	8.0	122.0	4
-95	40	0	122.0	0
-95	45	35.0	122.0	4
-95	50	11.0	122.0	3
-95	55	108.0	121.0	5
-95	60	0	120.0	3
-95	65	37.0	121.0	7
-95	70	94.0	120.0	5
-95	75	64.0	121.0	8
-95	80	86.0	119.0	7
-95	85	70.0	119.0	7
-95	90	112.0	118.0	4
-95	95	63.0	118.0	13
-95	100	88.0	117.0	11
-95	105	97.0	118.0	15
-95	110	82.0	116.0	19
-95	115	70.0	116.0	33
-95	120	89.0	116.0	38
-95	125	85.0	115.0	42
-95	130	96.0	114.0	52
-95	135	89.0	114.0	56
-95	140	90.0	113.0	53
-95	145	91.0	114.0	33
-95	150	87.0	114.0	31
-95	155	101.0	114.0	25
-95	160	84.0	114.0	21
-95	165	47.0	113.0	11
-95	170	87.0	112.0	11
-95	175	53.0	114.0	4
-90	-180	59.0	113.0	2
-90	-175	0	115.0	1
-90	-170	18.0	114.0	2
-90	-165	92.0	115.0	2
-90	-160	0	114.0	0
-90	-155	0	115.0	0
-90	-150	0	115.0	0
-90	-145	3.0	115.0	1
-90	-140	0	117.0	0
-90	-135	0	116.0	0
-90	-130	0	116.0	0
-90	-125	0	116.0	0
-90	-120	53.0	116.0	1
-90	-115	0	116.0	0
-90	-110	0	116.0	0
-90	-105	0	116.0	0
-90	-100	0	116.0	0
-90	-95	0	117.0	0
-90	-90	0	116.0	0
-90	-85	0	116.0	0
-90	-80	0	116.0	0
-90	-75	0	116.0	0
-90	-70	0	117.0	0
-90	-65	0	117.0	0
-90	-60	61.0	117.0	1
-90	-55	66.0	118.0	5
-90	-50	47.0	118.0	7
-90	-45	100.0	119.0	19
-90	-40	94.0	119.0	17
-90	-35	108.0	119.0	20
-90	-30	103.0	119.0	30
-90	-25	108.0	120.0	37
-90	-20	105.0	120.0	39
-90	-15	111.0	121.0	45
-90	-10	112.0	121.0	71
-90	-5	104.0	121.0	87
-90	0	112.0	121.0	119
-90	5	103.0	123.0	53
-90	10	90.0	122.0	18
-90	15	96.0	123.0	6
-90	20	111.0	123.0	6
-90	25	2.0	122.0	2
-90	30	40.0	122.0	2
-90	35	0	123.0	0
-90	40	43.0	123.0	1
-90	45	71.0	122.0	4
-90	50	43.0	122.0	2
-90	55	97.0	122.0	11
-90	60	94.0	122.0	8
-90	65	112.0	121.0	15
-90	70	116.0	120.0	15
-90	75	88.0	120.0	5
-90	80	76.0	120.0	14
-90	85	89.0	119.0	6
-90	90	114.0	119.0	7
-90	95	46.0	118.0	7
-90	100	42.0	118.0	12
-90	105	75.0	118.0	23
-90	110	80.0	117.0	24
-90	115	91.0	115.0	25
-90	120	85.0	115.0	30
-90	125	88.0	115.0	41
-90	130	85.0	114.0	38
-90	135	88.0	114.0	51
-90	140	78.0	114.0	49
-90	145	66.0	114.0	52
-90	150	87.0	113.0	33
-90	155	84.0	112.0	39
-90	160	78.0	112.0	30
-90	165	57.0	114.0	16
-90	170	36.0	113.0	13
-90	175	21.0	114.0	5
-85	-180	80.0	114.0	6
-85	-175	0	114.0	1
-85	-170	14.0	115.0	1
-85	-165	48.0	115.0	2
-85	-160	0	115.0	0
-85	-155	0	115.0	1
-85	-150	42.0	114.0	1
-85	-145	0	115.0	0
-85	-140	0	116.0	0
-85	-135	0	116.0	0
-85	-130	0	116.0	0
-85	-125	0	116.0	0
-85	-120	0	115.0	0
-85	-115	0	116.0	0
-85	-110	0	116.0	0
-85	-105	0	117.0	0
-85	-100	0	116.0	0
-85	-95	9.0	116.0	1
-85	-90	0	117.0	0
-85	-85	0	116.0	0
-85	-80	73.0	116.0	2
-85	-75	0	116.0	1
-85	-70	50.0	118.0	2
-85	-65	26.0	118.0	1
-85	-60	85.0	118.0	3
-85	-55	88.0	119.0	8
-85	-50	68.0	119.0	8
-85	-45	92.0	120.0	20
-85	-40	106.0	120.0	19
-85	-35	73.0	120.0	28
-85	-30	102.0	121.0	53
-85	-25	102.0	120.0	65
-85	-20	110.0	121.0	72
-85	-15	105.0	121.0	91
-85	-10	102.0	122.0	105
-85	-5	111.0	122.0	123
-85	0	109.0	123.0	95
-85	5	90.0	124.0	23
-85	10	97.0	123.0	11
-85	15	74.0	124.0	2
-85	20	0	123.0	0
-85	25	0	124.0	1
-85	30	0	124.0	0
-85	35	4.0	124.0	1
-85	40	0	123.0	0
-85	45	60.0	123.0	5
-85	50	88.0	123.0	10
-85	55	112.0	123.0	18
-85	60	106.0	123.0	19
-85	65	93.0	122.0	23
-85	70	109.0	122.0	24
-85	75	86.0	121.0	23
-85	80	54.0	121.0	8
-85	85	78.0	121.0	7
-85	90	96.0	119.0	6
-85	95	48.0	120.0	7
-85	100	63.0	118.0	6
-85	105	67.0	117.0	12
-85	110	102.0	117.0	13
-85	115	60.0	116.0	22
-85	120	91.0	117.0	28
-85	125	74.0	116.0	28
-85	130	76.0	115.0	48
-85	135	91.0	115.0	51
-85	140	82.0	114.0	56
-85	145	80.0	114.0	54
-85	150	89.0	113.0	51
-85	155	84.0	113.0	55
-85	160	54.0	114.0	45
-85	165	45.0	114.0	22
-85	170	69.0	114.0	10
-85	175	82.0	114.0	7
-80	-180	53.0	113.0	2
-80	-175	5.0	114.0	2
-80	-170	17.0	113.0	2
-80	-165	17.0	115.0	2
-80	-160	0	115.0	0
-80	-155	0	115.0	0
-80	-150	35.0	114.0	1
-80	-145	0	116.0	0
-80	-140	0	116.0	0
-80	-135	0	116.0	0
-80	-130	0	117.0	0
-80	-125	0	117.0	0
-80	-120	0	117.0	0
-80	-115	0	117.0	0
-80	-110	0	117.0	0
-80	-105	0	118.0	0
-80	-100	0	118.0	0
-80	-95	0	117.0	0
-80	-90	0	116.0	0
-80	-85	0	117.0	0
-80	-80	0	118.0	0
-80	-75	0	118.0	0
-80	-70	87.0	119.0	3
-80	-65	0	120.0	1
-80	-60	96.0	119.0	4
-80	-55	24.0	120.0	4
-80	-50	108.0	120.0	14
-80	-45	107.0	122.0	39
-80	-40	84.0	122.0	53
-80	-35	102.0	121.0	89
-80	-30	102.0	122.0	97
-80	-25	110.0	122.0	77
-80	-20	115.0	122.0	129
-80	-15	112.0	123.0	133
-80	-10	101.0	124.0	139
-80	-5	105.0	123.0	101
-80	0	99.0	123.0	35
-80	5	100.0	124.0	11
-80	10	38.0	124.0	2
-80	15	80.0	126.0	1
-80	20	0	125.0	0
-80	25	0	125.0	0
-80	30	4.0	125.0	2
-80	35	0	124.0	0
-80	40	54.0	125.0	1
-80	45	0	125.0	1
-80	50	55.0	126.0	5
-80	55	57.0	126.0	9
-80	60	55.0	125.0	7
-80	65	73.0	124.0	9
-80	70	44.0	123.0	6
-80	75	110.0	123.0	6
-80	80	88.0	123.0	11
-80	85	57.0	122.0	5
-80	90	55.0	120.0	4
-80	95	112.0	119.0	3
-80	100	21.0	120.0	6
-80	105	92.0	119.0	11
-80	110	53.0	118.0	12
-80	115	80.0	118.0	27
-80	120	88.0	116.0	35
-80	125	89.0	116.0	44
-80	130	96.0	116.0	61
-80	135	99.0	117.0	68
-80	140	94.0	115.0	85
-80	145	88.0	115.0	86
-80	150	85.0	114.0	92
-80	155	91.0	114.0	91
-80	160	71.0	113.0	57
-80	165	94.0	112.0	31
-80	170	41.0	113.0	13
-80	175	78.0	114.0	9
-75	-180	65.0	115.0	3
-75	-175	20.0	114.0	2
-75	-170	0	115.0	0
-75	-165	0	115.0	0
-75	-160	0	116.0	0
-75	-155	0	117.0	0
-75	-150	0	116.0	0
-75	-145	0	116.0	0
-75	-140	0	117.0	0
-75	-135	0	118.0	0
-75	-130	0	117.0	0
-75	-125	0	117.0	0
-75	-120	0	117.0	0
-75	-115	0	117.0	0
-75	-110	0	117.0	0
-75	-105	0	118.0	0
-75	-100	0	117.0	0
-75	-95	48.0	118.0	1
-75	-90	0	118.0	0
-75	-85	0	118.0	0
-75	-80	0	118.0	0
-75	-75	0	118.0	0
-75	-70	0	119.0	0
-75	-65	81.0	119.0	1
-75	-60	41.0	121.0	3
-75	-55	80.0	122.0	14
-75	-50	98.0	121.0	59
-75	-45	113.0	123.0	103
-75	-40	115.0	123.0	228
-75	-35	105.0	124.0	185
-75	-30	110.0	124.0	143
-75	-25	119.0	124.0	161
-75	-20	112.0	125.0	186
-75	-15	109.0	125.0	158
-75	-10	109.0	125.0	95
-75	-5	108.0	125.0	36
-75	0	90.0	126.0	9
-75	5	5.0	126.0	2
-75	10	30.0	127.0	1
-75	15	106.0	127.0	1
-75	20	0	127.0	0
-75	25	0	127.0	0
-75	30	0	128.0	0
-75	35	0	128.0	0
-75	40	0	127.0	0
-75	45	10.0	127.0	1
-75	50	83.0	126.0	1
-75	55	64.0	127.0	1
-75	60	101.0	125.0	3
-75	65	74.0	124.0	2
-75	70	105.0	125.0	6
-75	75	1.0	124.0	1
-75	80	0	123.0	0
-75	85	31.0	122.0	2
-75	90	44.0	123.0	2
-75	95	0	121.0	0
-75	100	110.0	121.0	3
-75	105	53.0	119.0	6
-75	110	102.0	119.0	7
-75	115	107.0	119.0	22
-75	120	97.0	118.0	34
-75	125	81.0	118.0	51
-75	130	91.0	117.0	73
-75	135	104.0	117.0	91
-75	140	97.0	116.0	136
-75	145	95.0	115.0	136
-75	150	105.0	115.0	148
-75	155	102.0	115.0	99
-75	160	83.0	115.0	64
-75	165	89.0	115.0	26
-75	170	101.0	115.0	19
-75	175	91.0	115.0	6
-70	-180	8.0	115.0	1
-70	-175	25.0	115.0	1
-70	-170	0	115.0	0
-70	-165	0	115.0	0
-70	-160	0	115.0	0
-70	-155	0	117.0	0
-70	-150	0	117.0	0
-70	-145	0	116.0	0
-70	-140	0	117.0	0
-70	-135	0	117.0	0
-70	-130	0	117.0	0
-70	-125	0	117.0	0
-70	-120	0	117.0	0
-70	-115	0	117.0	0
-70	-110	0	117.0	0
-70	-105	0	118.0	0
-70	-100	0	118.0	0
-70	-95	0	118.0	0
-70	-90	0	118.0	0
-70	-85	0	118.0	0
-70	-80	0	119.0	0
-70	-75	0	120.0	0
-70	-70	9.0	121.0	1
-70	-65	79.0	120.0	1
-70	-60	84.0	122.0	9
-70	-55	93.0	123.0	35
-70	-50	83.0	123.0	232
-70	-45	112.0	124.0	1017
-70	-40	114.0	124.0	1280
-70	-35	112.0	124.0	544
-70	-30	107.0	125.0	298
-70	-25	119.0	125.0	279
-70	-20	111.0	125.0	278
-70	-15	121.0	126.0	200
-70	-10	114.0	126.0	66
-70	-5	113.0	127.0	16
-70	0	0	127.0	0
-70	5	69.0	127.0	2
-70	10	0	128.0	0
-70	15	90.0	128.0	1
-70	20	0	128.0	0
-70	25	0	128.0	0
-70	30	0	129.0	0
-70	35	0	128.0	0
-70	40	0	128.0	0
-70	45	0	127.0	0
-70	50	0	127.0	0
-70	55	0	127.0	0
-70	60	0	127.0	0
-70	65	0	126.0	0
-70	70	0	126.0	0
-70	75	0	125.0	0
-70	80	101.0	124.0	2
-70	85	109.0	124.0	2
-70	90	0	123.0	0
-70	95	0	123.0	0
-70	100	0	123.0	0
-70	105	83.0	121.0	4
-70	110	92.0	121.0	5
-70	115	28.0	119.0	8
-70	120	106.0	119.0	31
-70	125	110.0	119.0	52
-70	130	96.0	118.0	80
-70	135	106.0	117.0	129
-70	140	104.0	116.0	194
-70	145	90.0	116.0	186
-70	150	106.0	116.0	178
-70	155	88.0	116.0	94
-70	160	99.0	115.0	67
-70	165	73.0	115.0	30
-70	170	89.0	114.0	12
-70	175	1.0	115.0	1
-65	-180	0	114.0	0
-65	-175	0	114.0	0
-65	-170	33.0	114.0	1
-65	-165	0	114.0	0
-65	-160	0	114.0	0
-65	-155	0	115.0	0
-65	-150	0	115.0	0
-65	-145	0	116.0	0
-65	-140	0	115.0	0
-65	-135	0	115.0	0
-65	-130	0	115.0	0
-65	-125	0	116.0	0
-65	-120	0	116.0	0
-65	-115	0	116.0	0
-65	-110	0	116.0	0
-65	-105	0	117.0	0
-65	-100	89.0	116.0	2
-65	-95	0	116.0	0
-65	-90	0	117.0	0
-65	-85	0	118.0	0
-65	-80	0	119.0	0
-65	-75	80.0	119.0	2
-65	-70	0	121.0	0
-65	-65	65.0	120.0	2
-65	-60	111.0	121.0	10
-65	-55	97.0	122.0	82
-65	-50	93.0	122.0	859
-65	-45	114.0	123.0	3576
-65	-40	113.0	123.0	3141
-65	-35	116.0	123.0	987
-65	-30	118.0	124.0	648
-65	-25	119.0	124.0	531
-65	-20	119.0	125.0	300
-65	-15	114.0	125.0	106
-65	-10	91.0	126.0	14
-65	-5	35.0	126.0	2
-65	0	82.0	127.0	1
-65	5	0	127.0	0
-65	10	0	127.0	0
-65	15	0	127.0	0
-65	20	0	128.0	0
-65	25	0	128.0	0
-65	30	0	127.0	0
-65	35	0	128.0	0
-65	40	0	128.0	0
-65	45	0	127.0	0
-65	50	0	126.0	0
-65	55	0	126.0	0
-65	60	0	126.0	0
-65	65	26.0	125.0	1
-65	70	0	125.0	0
-65	75	0	125.0	0
-65	80	0	123.0	0
-65	85	0	123.0	0
-65	90	0	123.0	0
-65	95	0	123.0	0
-65	100	94.0	122.0	2
-65	105	29.0	121.0	1
-65	110	104.0	121.0	2
-65	115	80.0	119.0	13
-65	120	111.0	119.0	26
-65	125	98.0	117.0	55
-65	130	107.0	117.0	124
-65	135	104.0	117.0	183
-65	140	108.0	116.0	259
-65	145	107.0	115.0	209
-65	150	106.0	115.0	176
-65	155	97.0	114.0	97
-65	160	97.0	113.0	36
-65	165	75.0	113.0	16
-65	170	74.0	113.0	2
-65	175	53.0	113.0	1
-60	-180	0	115.0	0
-60	-175	0	115.0	0
-60	-170	0	114.0	0
-60	-165	0	115.0	0
-60	-160	0	116.0	0
-60	-155	0	115.0	0
-60	-150	0	115.0	0
-60	-145	0	116.0	0
-60	-140	0	116.0	0
-60	-135	0	116.0	0
-60	-130	0	116.0	0
-60	-125	0	118.0	0
-60	-120	0	117.0	0
-60	-115	0	117.0	0
-60	-110	0	118.0	0
-60	-105	0	117.0	0
-60	-100	0	118.0	0
-60	-95	0	118.0	0
-60	-90	0	118.0	0
-60	-85	0	119.0	0
-60	-80	0	119.0	0
-60	-75	21.0	120.0	1
-60	-70	78.0	121.0	4
-60	-65	61.0	122.0	5
-60	-60	65.0	122.0	7
-60	-55	86.0	122.0	111
-60	-50	118.0	123.0	1054
-60	-45	115.0	124.0	2665
-60	-40	119.0	124.0	1617
-60	-35	119.0	125.0	668
-60	-30	119.0	126.0	459
-60	-25	114.0	127.0	237
-60	-20	116.0	128.0	56
-60	-15	100.0	129.0	13
-60	-10	0	129.0	0
-60	-5	0	127.0	0
-60	0	44.0	128.0	1
-60	5	0	128.0	0
-60	10	0	130.0	0
-60	15	0	130.0	0
-60	20	0	129.0	0
-60	25	22.0	130.0	1
-60	30	0	129.0	0
-60	35	0	128.0	0
-60	40	0	130.0	0
-60	45	0	129.0	0
-60	50	0	128.0	0
-60	55	0	128.0	0
-60	60	0	128.0	0
-60	65	0	126.0	0
-60	70	40.0	126.0	1
-60	75	0	126.0	0
-60	80	0	124.0	0
-60	85	0	125.0	0
-60	90	0	124.0	0
-60	95	0	122.0	0
-60	100	0	122.0	0
-60	105	54.0	122.0	1
-60	110	92.0	121.0	3
-60	115	104.0	121.0	11
-60	120	111.0	120.0	25
-60	125	110.0	119.0	57
-60	130	105.0	119.0	153
-60	135	109.0	118.0	210
-60	140	109.0	118.0	194
-60	145	106.0	117.0	151
-60	150	95.0	116.0	78
-60	155	78.0	115.0	38
-60	160	72.0	115.0	14
-60	165	67.0	115.0	3
-60	170	90.0	115.0	2
-60	175	0	115.0	0
-55	-180	0	115.0	0
-55	-175	0	115.0	0
-55	-170	0	115.0	0
-55	-165	0	114.0	0
-55	-160	0	115.0	0
-55	-155	0	116.0	0
-55	-150	0	117.0	0
-55	-145	0	115.0	0
-55	-140	0	117.0	0
-55	-135	0	117.0	0
-55	-130	0	117.0	0
-55	-125	0	118.0	0
-55	-120	0	117.0	0
-55	-115	0	118.0	0
-55	-110	0	118.0	0
-55	-105	0	117.0	0
-55	-100	0	118.0	0
-55	-95	0	119.0	0
-55	-90	74.0	119.0	1
-55	-85	0	120.0	0
-55	-80	0	120.0	0
-55	-75	0	121.0	0
-55	-70	58.0	122.0	1
-55	-65	38.0	123.0	4
-55	-60	61.0	123.0	10
-55	-55	97.0	124.0	59
-55	-50	112.0	125.0	306
-55	-45	115.0	125.0	486
-55	-40	121.0	125.0	388
-55	-35	121.0	126.0	199
-55	-30	105.0	126.0	96
-55	-25	94.0	128.0	24
-55	-20	55.0	128.0	6
-55	-15	0	128.0	1
-55	-10	99.0	129.0	2
-55	-5	0	129.0	0
-55	0	0	129.0	0
-55	5	0	129.0	0
-55	10	0	129.0	0
-55	15	0	130.0	0
-55	20	0	131.0	0
-55	25	0	131.0	0
-55	30	0	131.0	0
-55	35	0	130.0	0
-55	40	0	131.0	0
-55	45	0	130.0	0
-55	50	0	130.0	0
-55	55	0	129.0	0
-55	60	0	128.0	0
-55	65	0	128.0	0
-55	70	0	126.0	0
-55	75	0	126.0	0
-55	80	95.0	126.0	1
-55	85	0	126.0	0
-55	90	0	124.0	0
-55	95	0	124.0	0
-55	100	0	123.0	0
-55	105	0	122.0	0
-55	110	63.0	120.0	2
-55	115	95.0	120.0	5
-55	120	106.0	120.0	19
-55	125	112.0	119.0	75
-55	130	111.0	119.0	116
-55	135	109.0	117.0	142
-55	140	106.0	117.0	94
-55	145	98.0	117.0	62
-55	150	78.0	116.0	23
-55	155	69.0	115.0	7
-55	160	4.0	115.0	1
-55	165	16.0	114.0	2
-55	170	0	114.0	0
-55	175	73.0	114.0	1
-50	-180	0	114.0	0
-50	-175	0	113.0	0
-50	-170	0	114.0	0
-50	-165	0	114.0	0
-50	-160	0	114.0	0
-50	-155	0	114.0	0
-50	-150	0	114.0	0
-50	-145	0	115.0	0
-50	-140	0	115.0	0
-50	-135	0	115.0	0
-50	-130	0	115.0	0
-50	-125	0	115.0	0
-50	-120	0	117.0	0
-50	-115	0	116.0	0
-50	-110	0	117.0	0
-50	-105	0	117.0	0
-50	-100	0	118.0	0
-50	-95	0	119.0	0
-50	-90	0	120.0	0
-50	-85	0	120.0	0
-50	-80	0	121.0	0
-50	-75	0	121.0	0
-50	-70	97.0	122.0	1
-50	-65	0	123.0	0
-50	-60	52.0	124.0	7
-50	-55	105.0	125.0	33
-50	-50	84.0	125.0	66
-50	-45	117.0	126.0	84
-50	-40	118.0	127.0	71
-50	-35	114.0	127.0	27
-50	-30	109.0	128.0	10
-50	-25	62.0	128.0	1
-50	-20	0	128.0	0
-50	-15	0	129.0	0
-50	-10	0	130.0	0
-50	-5	0	130.0	0
-50	0	0	130.0	0
-50	5	0	130.0	0
-50	10	0	131.0	0
-50	15	0	129.0	0
-50	20	0	130.0	0
-50	25	0	130.0	0
-50	30	0	130.0	0
-50	35	0	130.0	0
-50	40	0	130.0	0
-50	45	0	129.0	0
-50	50	0	129.0	0
-50	55	0	129.0	0
-50	60	0	128.0	0
-50	65	0	126.0	0
-50	70	0	127.0	0
-50	75	41.0	126.0	1
-50	80	0	125.0	0
-50	85	0	124.0	0
-50	90	0	123.0	0
-50	95	0	123.0	0
-50	100	106.0	121.0	1
-50	105	0	121.0	0
-50	110	94.0	121.0	1
-50	115	0	121.0	1
-50	120	105.0	120.0	12
-50	125	110.0	120.0	30
-50	130	108.0	120.0	51
-50	135	111.0	118.0	40
-50	140	95.0	117.0	27
-50	145	94.0	116.0	9
-50	150	93.0	116.0	3
-50	155	113.0	115.0	1
-50	160	0	114.0	0
-50	165	0	114.0	0
-50	170	0	114.0	0
-50	175	49.0	114.0	1
-45	-180	0	115.0	0
-45	-175	0	115.0	0
-45	-170	0	115.0	0
-45	-165	0	115.0	0
-45	-160	0	116.0	0
-45	-155	0	115.0	0
-45	-150	0	116.0	0
-45	-145	0	116.0	0
-45	-140	0	115.0	0
-45	-135	0	117.0	0
-45	-130	0	117.0	0
-45	-125	0	117.0	0
-45	-120	0	118.0	0
-45	-115	0	117.0	0
-45	-110	0	118.0	0
-45	-105	0	118.0	0
-45	-100	0	119.0	0
-45	-95	0	120.0	0
-45	-90	0	121.0	0
-45	-85	0	121.0	0
-45	-80	0	122.0	0
-45	-75	0	123.0	0
-45	-70	0	124.0	0
-45	-65	0	124.0	0
-45	-60	78.0	126.0	7
-45	-55	80.0	126.0	9
-45	-50	116.0	127.0	20
-45	-45	91.0	128.0	14
-45	-40	34.0	129.0	4
-45	-35	0	129.0	1
-45	-30	0	129.0	0
-45	-25	0	130.0	0
-45	-20	0	131.0	0
-45	-15	0	131.0	0
-45	-10	0	131.0	0
-45	-5	0	132.0	0
-45	0	0	132.0	0
-45	5	0	133.0	0
-45	10	0	134.0	0
-45	15	0	134.0	0
-45	20	0	134.0	0
-45	25	0	132.0	0
-45	30	0	132.0	0
-45	35	0	133.0	0
-45	40	0	133.0	0
-45	45	0	130.0	0
-45	50	0	131.0	0
-45	55	0	130.0	0
-45	60	0	128.0	0
-45	65	96.0	128.0	1
-45	70	0	128.0	0
-45	75	0	126.0	0
-45	80	0	126.0	0
-45	85	0	127.0	0
-45	90	0	125.0	0
-45	95	0	124.0	0
-45	100	77.0	123.0	1
-45	105	0	123.0	0
-45	110	81.0	122.0	1
-45	115	16.0	121.0	2
-45	120	93.0	121.0	7
-45	125	73.0	121.0	7
-45	130	95.0	120.0	16
-45	135	100.0	119.0	13
-45	140	41.0	118.0	2
-45	145	0	117.0	0
-45	150	0	117.0	0
-45	155	73.0	117.0	1
-45	160	0	116.0	0
-45	165	0	115.0	0
-45	170	0	114.0	0
-45	175	0	114.0	0
-40	-180	0	114.0	0
-40	-175	0	114.0	0
-40	-170	0	114.0	0
-40	-165	0	114.0	0
-40	-160	0	115.0	0
-40	-155	0	115.0	0
-40	-150	0	115.0	0
-40	-145	0	115.0	0
-40	-140	0	116.0	0
-40	-135	0	116.0	0
-40	-130	0	118.0	0
-40	-125	0	117.0	0
-40	-120	0	117.0	0
-40	-115	51.0	117.0	1
-40	-110	0	119.0	0
-40	-105	0	119.0	0
-40	-100	0	120.0	0
-40	-95	77.0	121.0	1
-40	-90	0	122.0	0
-40	-85	0	122.0	0
-40	-80	0	124.0	0
-40	-75	96.0	125.0	2
-40	-70	87.0	126.0	1
-40	-65	0	126.0	0
-40	-60	0	126.0	0
-40	-55	53.0	127.0	6
-40	-50	100.0	128.0	4
-40	-45	75.0	129.0	1
-40	-40	0	129.0	1
-40	-35	33.0	130.0	1
-40	-30	0	131.0	0
-40	-25	0	131.0	0
-40	-20	0	132.0	0
-40	-15	0	132.0	0
-40	-10	0	132.0	0
-40	-5	0	133.0	0
-40	0	0	133.0	0
-40	5	0	132.0	0
-40	10	0	132.0	0
-40	15	0	133.0	0
-40	20	0	133.0	0
-40	25	0	133.0	0
-40	30	0	133.0	0
-40	35	0	132.0	0
-40	40	0	132.0	0
-40	45	0	131.0	0
-40	50	0	131.0	0
-40	55	0	130.0	0
-40	60	0	130.0	0
-40	65	0	129.0	0
-40	70	0	127.0	0
-40	75	0	128.0	0
-40	80	73.0	125.0	1
-40	85	0	125.0	0
-40	90	0	125.0	0
-40	95	0	124.0	0
-40	100	0	123.0	0
-40	105	0	122.0	0
-40	110	0	122.0	0
-40	115	0	121.0	1
-40	120	81.0	120.0	4
-40	125	94.0	119.0	3
-40	130	16.0	119.0	2
-40	135	0	118.0	0
-40	140	0	118.0	0
-40	145	0	118.0	0
-40	150	0	118.0	0
-40	155	0	118.0	0
-40	160	0	116.0	0
-40	165	0	116.0	0
-40	170	0	115.0	0
-40	175	0	114.0	0
-35	-180	0	114.0	0
-35	-175	0	113.0	0
-35	-170	0	114.0	0
-35	-165	0	115.0	0
-35	-160	0	115.0	0
-35	-155	0	115.0	0
-35	-150	0	115.0	0
-35	-145	0	117.0	0
-35	-140	0	116.0	0
-35	-135	0	116.0	0
-35	-130	0	118.0	0
-35	-125	0	117.0	0
-35	-120	0	118.0	0
-35	-115	0	118.0	0
-35	-110	0	119.0	0
-35	-105	0	119.0	0
-35	-100	0	120.0	0
-35	-95	0	121.0	0
-35	-90	0	122.0	0
-35	-85	0	123.0	0
-35	-80	0	124.0	0
-35	-75	0	126.0	0
-35	-70	0	126.0	0
-35	-65	57.0	126.0	3
-35	-60	0	128.0	0
-35	-55	99.0	129.0	2
-35	-50	3.0	129.0	1
-35	-45	0	130.0	0
-35	-40	0	130.0	0
-35	-35	0	130.0	0
-35	-30	0	131.0	0
-35	-25	0	131.0	0
-35	-20	0	132.0	0
-35	-15	0	132.0	0
-35	-10	0	133.0	0
-35	-5	0	134.0	0
-35	0	0	135.0	0
-35	5	0	133.0	0
-35	10	0	133.0	0
-35	15	0	133.0	0
-35	20	0	134.0	0
-35	25	0	133.0	0
-35	30	0	133.0	0
-35	35	0	132.0	0
-35	40	0	132.0	0
-35	45	0	132.0	0
-35	50	0	130.0	0
-35	55	0	130.0	0
-35	60	0	130.0	0
-35	65	0	129.0	0
-35	70	0	128.0	0
-35	75	0	128.0	0
-35	80	0	126.0	0
-35	85	0	126.0	0
-35	90	0	124.0	0
-35	95	0	124.0	0
-35	100	0	123.0	0
-35	105	0	122.0	0
-35	110	21.0	122.0	1
-35	115	0	120.0	0
-35	120	0	120.0	0
-35	125	0	119.0	1
-35	130	0	119.0	0
-35	135	0	119.0	0
-35	140	0	118.0	0
-35	145	0	118.0	0
-35	150	0	117.0	0
-35	155	0	117.0	0
-35	160	0	116.0	0
-35	165	0	115.0	0
-35	170	0	115.0	0
-35	175	0	114.0	0
-30	-180	0	114.0	0
-30	-175	0	113.0	0
-30	-170	0	113.0	0
-30	-165	0	113.0	0
-30	-160	0	114.0	0
-30	-155	0	113.0	0
-30	-150	0	114.0	0
-30	-145	0	114.0	0
-30	-140	0	115.0	0
-30	-135	0	115.0	0
-30	-130	0	115.0	0
-30	-125	0	116.0	0
-30	-120	0	116.0	0
-30	-115	0	117.0	0
-30	-110	0	118.0	0
-30	-105	0	119.0	0
-30	-100	0	121.0	0
-30	-95	0	122.0	0
-30	-90	0	123.0	0
-30	-85	0	124.0	0
-30	-80	0	124.0	0
-30	-75	0	125.0	0
-30	-70	0	126.0	0
-30	-65	0	127.0	0
-30	-60	0	128.0	0
-30	-55	0	129.0	0
-30	-50	0	129.0	0
-30	-45	0	129.0	0
-30	-40	0	131.0	0
-30	-35	0	132.0	0
-30	-30	0	132.0	0
-30	-25	0	133.0	0
-30	-20	0	133.0	0
-30	-15	0	133.0	0
-30	-10	0	133.0	0
-30	-5	0	133.0	0
-30	0	0	133.0	0
-30	5	0	134.0	0
-30	10	0	134.0	0
-30	15	0	133.0	0
-30	20	0	134.0	0
-30	25	0	134.0	0
-30	30	0	132.0	0
-30	35	0	131.0	0
-30	40	0	131.0	0
-30	45	0	130.0	0
-30	50	0	130.0	0
-30	55	0	129.0	0
-30	60	0	128.0	0
-30	65	0	127.0	0
-30	70	0	126.0	0
-30	75	0	126.0	0
-30	80	0	125.0	0
-30	85	0	124.0	0
-30	90	0	123.0	0
-30	95	0	123.0	0
-30	100	0	123.0	0
-30	105	19.0	122.0	1
-30	110	0	121.0	0
-30	115	0	120.0	0
-30	120	0	120.0	0
-30	125	0	120.0	0
-30	130	0	118.0	0
-30	135	0	118.0	0
-30	140	0	116.0	0
-30	145	0	115.0	0
-30	150	0	115.0	0
-30	155	0	113.0	0
-30	160	0	113.0	0
-30	165	0	113.0	0
-30	170	0	113.0	0
-30	175	0	113.0	0
-25	-180	0	113.0	0
-25	-175	0	114.0	0
-25	-170	0	113.0	0
-25	-165	0	113.0	0
-25	-160	0	113.0	0
-25	-155	0	114.0	0
-25	-150	0	115.0	0
-25	-145	0	115.0	0
-25	-140	0	114.0	0
-25	-135	0	115.0	0
-25	-130	0	117.0	0
-25	-125	0	116.0	0
-25	-120	0	117.0	0
-25	-115	0	119.0	0
-25	-110	0	119.0	0
-25	-105	0	120.0	0
-25	-100	0	122.0	0
-25	-95	0	123.0	0
-25	-90	0	124.0	0
-25	-85	0	124.0	0
-25	-80	0	125.0	0
-25	-75	0	127.0	0
-25	-70	0	128.0	0
-25	-65	0	128.0	0
-25	-60	0	129.0	0
-25	-55	0	130.0	0
-25	-50	55.0	130.0	1
-25	-45	0	131.0	0
-25	-40	0	131.0	0
-25	-35	0	132.0	0
-25	-30	0	132.0	0
-25	-25	0	133.0	0
-25	-20	0	133.0	0
-25	-15	0	134.0	0
-25	-10	0	134.0	0
-25	-5	0	134.0	0
-25	0	0	135.0	0
-25	5	0	135.0	0
-25	10	0	134.0	0
-25	15	0	134.0	0
-25	20	0	135.0	0
-25	25	0	133.0	0
-25	30	0	133.0	0
-25	35	0	132.0	0
-25	40	0	131.0	0
-25	45	0	130.0	0
-25	50	0	130.0	0
-25	55	0	129.0	0
-25	60	0	129.0	0
-25	65	0	127.0	0
-25	70	0	127.0	0
-25	75	0	126.0	0
-25	80	0	125.0	0
-25	85	0	124.0	0
-25	90	0	123.0	0
-25	95	0	123.0	0
-25	100	0	122.0	0
-25	105	0	121.0	0
-25	110	0	121.0	0
-25	115	0	121.0	0
-25	120	0	119.0	0
-25	125	0	120.0	0
-25	130	0	119.0	0
-25	135	0	117.0	0
-25	140	0	116.0	0
-25	145	0	115.0	0
-25	150	0	115.0	0
-25	155	0	113.0	0
-25	160	0	114.0	0
-25	165	0	113.0	0
-25	170	0	113.0	0
-25	175	0	113.0	0
-20	-180	0	113.0	0
-20	-175	0	112.0	0
-20	-170	0	113.0	0
-20	-165	0	113.0	0
-20	-160	35.0	113.0	1
-20	-155	0	114.0	0
-20	-150	0	113.0	0
-20	-145	0	115.0	0
-20	-140	0	115.0	0
-20	-135	0	116.0	0
-20	-130	0	117.0	0
-20	-125	0	118.0	0
-20	-120	0	119.0	0
-20	-115	0	119.0	0
-20	-110	0	121.0	0
-20	-105	0	122.0	0
-20	-100	0	123.0	0
-20	-95	0	125.0	0
-20	-90	0	125.0	0
-20	-85	0	126.0	0
-20	-80	0	128.0	0
-20	-75	0	128.0	0
-20	-70	0	130.0	0
-20	-65	0	130.0	0
-20	-60	0	130.0	0
-20	-55	0	131.0	0
-20	-50	0	131.0	0
-20	-45	0	132.0	0
-20	-40	0	132.0	0
-20	-35	0	133.0	0
-20	-30	0	134.0	0
-20	-25	0	133.0	0
-20	-20	0	134.0	0
-20	-15	0	134.0	0
-20	-10	0	134.0	0
-20	-5	0	134.0	0
-20	0	0	135.0	0
-20	5	0	134.0	0
-20	10	0	135.0	0
-20	15	0	135.0	0
-20	20	0	134.0	0
-20	25	0	134.0	0
-20	30	0	133.0	0
-20	35	0	132.0	0
-20	40	0	131.0	0
-20	45	0	131.0	0
-20	50	0	130.0	0
-20	55	0	129.0	0
-20	60	0	128.0	0
-20	65	0	127.0	0
-20	70	0	126.0	0
-20	75	0	126.0	0
-20	80	0	124.0	0
-20	85	0	124.0	0
-20	90	0	124.0	0
-20	95	0	122.0	0
-20	100	0	122.0	0
-20	105	0	121.0	0
-20	110	0	119.0	0
-20	115	0	119.0	0
-20	120	0	118.0	0
-20	125	0	118.0	0
-20	130	0	117.0	0
-20	135	0	116.0	0
-20	140	0	115.0	0
-20	145	0	114.0	0
-20	150	0	114.0	0
-20	155	0	114.0	0
-20	160	0	113.0	0
-20	165	0	113.0	0
-20	170	0	114.0	0
-20	175	0	113.0	0
-15	-180	0	113.0	0
-15	-175	0	114.0	0
-15	-170	0	114.0	0
-15	-165	0	115.0	0
-15	-160	0	115.0	0
-15	-155	0	115.0	0
-15	-150	0	115.0	0
-15	-145	0	116.0	0
-15	-140	0	116.0	0
-15	-135	0	118.0	0
-15	-130	0	119.0	0
-15	-125	0	120.0	0
-15	-120	0	121.0	0
-15	-115	0	121.0	0
-15	-110	0	122.0	0
-15	-105	0	124.0	0
-15	-100	0	126.0	0
-15	-95	0	126.0	0
-15	-90	0	127.0	0
-15	-85	0	128.0	0
-15	-80	0	129.0	0
-15	-75	0	129.0	0
-15	-70	0	130.0	0
-15	-65	0	131.0	0
-15	-60	0	132.0	0
-15	-55	0	132.0	0
-15	-50	0	134.0	0
-15	-45	0	135.0	0
-15	-40	0	135.0	0
-15	-35	0	135.0	0
-15	-30	0	136.0	0
-15	-25	0	136.0	0
-15	-20	0	136.0	0
-15	-15	0	136.0	0
-15	-10	0	137.0	0
-15	-5	0	137.0	0
-15	0	0	136.0	0
-15	5	0	136.0	0
-15	10	0	137.0	0
-15	15	0	135.0	0
-15	20	0	135.0	0
-15	25	0	135.0	0
-15	30	0	134.0	0
-15	35	0	133.0	0
-15	40	0	133.0	0
-15	45	0	131.0	0
-15	50	0	131.0	0
-15	55	0	131.0	0
-15	60	0	130.0	0
-15	65	0	128.0	0
-15	70	0	128.0	0
-15	75	0	127.0	0
-15	80	0	126.0	0
-15	85	0	125.0	0
-15	90	0	125.0	0
-15	95	0	123.0	0
-15	100	0	122.0	0
-15	105	0	121.0	0
-15	110	0	120.0	0
-15	115	0	120.0	0
-15	120	0	121.0	0
-15	125	0	119.0	0
-15	130	0	118.0	0
-15	135	0	117.0	0
-15	140	0	116.0	0
-15	145	0	115.0	0
-15	150	0	115.0	0
-15	155	0	116.0	0
-15	160	0	114.0	0
-15	165	0	113.0	0
-15	170	0	113.0	0
-15	175	0	114.0	0
-10	-180	0	112.0	0
-10	-175	0	112.0	0
-10	-170	0	113.0	0
-10	-165	0	113.0	0
-10	-160	0	114.0	0
-10	-155	0	115.0	0
-10	-150	0	115.0	0
-10	-145	0	115.0	0
-10	-140	0	117.0	0
-10	-135	0	117.0	0
-10	-130	0	118.0	0
-10	-125	0	120.0	0
-10	-120	0	121.0	0
-10	-115	0	121.0	0
-10	-110	0	122.0	0
-10	-105	0	124.0	0
-10	-100	0	125.0	0
-10	-95	0	126.0	0
-10	-90	0	127.0	0
-10	-85	0	128.0	0
-10	-80	0	129.0	0
-10	-75	0	129.0	0
-10	-70	0	130.0	0
-10	-65	0	131.0	0
-10	-60	0	132.0	0
-10	-55	0	132.0	0
-10	-50	0	133.0	0
-10	-45	0	133.0	0
-10	-40	0	134.0	0
-10	-35	0	134.0	0
-10	-30	0	136.0	0
-10	-25	0	135.0	0
-10	-20	0	135.0	0
-10	-15	0	135.0	0
-10	-10	0	136.0	0
-10	-5	0	135.0	0
-10	0	0	136.0	0
-10	5	0	136.0	0
-10	10	0	134.0	0
-10	15	0	135.0	0
-10	20	0	135.0	0
-10	25	0	133.0	0
-10	30	0	133.0	0
-10	35	0	132.0	0
-10	40	0	131.0	0
-10	45	0	129.0	0
-10	50	0	130.0	0
-10	55	0	128.0	0
-10	60	0	128.0	0
-10	65	0	126.0	0
-10	70	0	126.0	0
-10	75	0	124.0	0
-10	80	0	124.0	0
-10	85	0	123.0	0
-10	90	0	122.0	0
-10	95	0	121.0	0
-10	100	0	120.0	0
-10	105	1.0	119.0	1
-10	110	0	119.0	0
-10	115	0	118.0	0
-10	120	0	117.0	0
-10	125	0	116.0	0
-10	130	0	115.0	0
-10	135	0	115.0	0
-10	140	0	114.0	0
-10	145	0	114.0	0
-10	150	0	113.0	0
-10	155	0	113.0	0
-10	160	0	114.0	0
-10	165	25.0	113.0	1
-10	170	0	113.0	0
-10	175	0	111.0	0
-5	-180	0	112.0	0
-5	-175	0	113.0	0
-5	-170	0	113.0	0
-5	-165	0	113.0	0
-5	-160	0	113.0	0
-5	-155	0	114.0	0
-5	-150	0	116.0	0
-5	-145	0	116.0	0
-5	-140	0	116.0	0
-5	-135	0	118.0	0
-5	-130	0	119.0	0
-5	-125	0	120.0	0
-5	-120	0	121.0	0
-5	-115	0	122.0	0
-5	-110	0	123.0	0
-5	-105	0	123.0	0
-5	-100	0	125.0	0
-5	-95	0	126.0	0
-5	-90	0	127.0	0
-5	-85	0	128.0	0
-5	-80	0	129.0	0
-5	-75	0	129.0	0
-5	-70	0	131.0	0
-5	-65	0	131.0	0
-5	-60	0	133.0	0
-5	-55	0	133.0	0
-5	-50	0	135.0	0
-5	-45	0	135.0	0
-5	-40	0	135.0	0
-5	-35	0	135.0	0
-5	-30	0	135.0	0
-5	-25	0	135.0	0
-5	-20	0	136.0	0
-5	-15	0	136.0	0
-5	-10	0	136.0	0
-5	-5	0	135.0	0
-5	0	0	136.0	0
-5	5	0	136.0	0
-5	10	0	134.0	0
-5	15	0	135.0	0
-5	20	0	134.0	0
-5	25	0	133.0	0
-5	30	0	132.0	0
-5	35	0	131.0	0
-5	40	0	131.0	0
-5	45	0	129.0	0
-5	50	0	129.0	0
-5	55	0	127.0	0
-5	60	0	127.0	0
-5	65	0	126.0	0
-5	70	0	125.0	0
-5	75	0	123.0	0
-5	80	0	123.0	0
-5	85	0	122.0	0
-5	90	0	121.0	0
-5	95	0	121.0	0
-5	100	0	120.0	0
-5	105	0	119.0	0
-5	110	0	119.0	0
-5	115	0	117.0	0
-5	120	0	117.0	0
-5	125	0	116.0	0
-5	130	0	115.0	0
-5	135	0	114.0	0
-5	140	0	113.0	0
-5	145	0	113.0	0
-5	150	0	113.0	0
-5	155	0	113.0	0
-5	160	0	112.0	0
-5	165	0	114.0	0
-5	170	0	113.0	0
-5	175	0	112.0	0
0	-180	0	113.0	0
0	-175	0	113.0	0
0	-170	0	113.0	0
0	-165	0	114.0	0
0	-160	0	115.0	0
0	-155	0	114.0	0
0	-150	0	116.0	0
0	-145	0	117.0	0
0	-140	0	118.0	0
0	-135	0	119.0	0
0	-130	0	119.0	0
0	-125	0	121.0	0
0	-120	0	122.0	0
0	-115	0	124.0	0
0	-110	0	124.0	0
0	-105	0	127.0	0
0	-100	0	128.0	0
0	-95	0	128.0	0
0	-90	0	128.0	0
0	-85	0	130.0	0
0	-80	0	131.0	0
0	-75	0	131.0	0
0	-70	0	132.0	0
0	-65	0	132.0	0
0	-60	0	135.0	0
0	-55	0	134.0	0
0	-50	0	135.0	0
0	-45	0	135.0	0
0	-40	0	135.0	0
0	-35	0	136.0	0
0	-30	0	137.0	0
0	-25	0	138.0	0
0	-20	0	137.0	0
0	-15	0	136.0	0
0	-10	0	136.0	0
0	-5	0	137.0	0
0	0	0	135.0	0
0	5	0	136.0	0
0	10	0	136.0	0
0	15	0	134.0	0
0	20	0	134.0	0
0	25	0	132.0	0
0	30	0	132.0	0
0	35	0	130.0	0
0	40	0	130.0	0
0	45	0	128.0	0
0	50	0	129.0	0
0	55	0	127.0	0
0	60	0	126.0	0
0	65	0	124.0	0
0	70	0	124.0	0
0	75	0	123.0	0
0	80	0	122.0	0
0	85	0	122.0	0
0	90	0	121.0	0
0	95	0	120.0	0
0	100	82.0	119.0	1
0	105	0	117.0	0
0	110	0	117.0	0
0	115	0	117.0	0
0	120	0	116.0	0
0	125	0	115.0	0
0	130	0	115.0	0
0	135	0	114.0	0
0	140	0	114.0	0
0	145	0	114.0	0
0	150	0	113.0	0
0	155	0	114.0	0
0	160	0	113.0	0
0	165	0	112.0	0
0	170	0	113.0	0
0	175	0	113.0	0
5	-180	0	113.0	0
5	-175	0	114.0	0
5	-170	0	114.0	0
5	-165	0	114.0	0
5	-160	0	115.0	0
5	-155	0	115.0	0
5	-150	0	116.0	0
5	-145	0	119.0	0
5	-140	0	120.0	0
5	-135	0	120.0	0
5	-130	0	122.0	0
5	-125	0	122.0	0
5	-120	0	123.0	0
5	-115	0	124.0	0
5	-110	0	125.0	0
5	-105	0	127.0	0
5	-100	0	127.0	0
5	-95	0	128.0	0
5	-90	0	129.0	0
5	-85	0	130.0	0
5	-80	0	131.0	0
5	-75	0	132.0	0
5	-70	0	133.0	0
5	-65	0	133.0	0
5	-60	0	134.0	0
5	-55	0	134.0	0
5	-50	0	135.0	0
5	-45	0	135.0	0
5	-40	0	135.0	0
5	-35	0	136.0	0
5	-30	0	137.0	0
5	-25	0	138.0	0
5	-20	0	135.0	0
5	-15	0	136.0	0
5	-10	0	136.0	0
5	-5	0	136.0	0
5	0	0	136.0	0
5	5	0	136.0	0
5	10	0	135.0	0
5	15	0	134.0	0
5	20	0	134.0	0
5	25	0	132.0	0
5	30	0	132.0	0
5	35	0	130.0	0
5	40	0	129.0	0
5	45	0	129.0	0
5	50	0	127.0	0
5	55	0	126.0	0
5	60	0	126.0	0
5	65	0	124.0	0
5	70	0	124.0	0
5	75	0	123.0	0
5	80	0	122.0	0
5	85	0	121.0	0
5	90	0	120.0	0
5	95	0	119.0	0
5	100	0	119.0	0
5	105	7.0	118.0	1
5	110	0	117.0	0
5	115	0	116.0	0
5	120	0	115.0	0
5	125	0	115.0	0
5	130	0	114.0	0
5	135	0	114.0	0
5	140	0	113.0	0
5	145	0	112.0	0
5	150	0	112.0	0
5	155	0	112.0	0
5	160	0	113.0	0
5	165	0	113.0	0
5	170	0	112.0	0
5	175	0	113.0	0
10	-180	0	113.0	0
10	-175	0	114.0	0
10	-170	0	115.0	0
10	-165	0	115.0	0
10	-160	0	116.0	0
10	-155	0	117.0	0
10	-150	0	119.0	0
10	-145	0	119.0	0
10	-140	0	120.0	0
10	-135	0	121.0	0
10	-130	0	122.0	0
10	-125	0	123.0	0
10	-120	0	125.0	0
10	-115	0	126.0	0
10	-110	0	126.0	0
10	-105	0	128.0	0
10	-100	0	128.0	0
10	-95	0	130.0	0
10	-90	0	130.0	0
10	-85	0	131.0	0
10	-80	0	131.0	0
10	-75	0	132.0	0
10	-70	0	132.0	0
10	-65	0	132.0	0
10	-60	0	134.0	0
10	-55	0	134.0	0
10	-50	0	135.0	0
10	-45	0	136.0	0
10	-40	0	137.0	0
10	-35	0	135.0	0
10	-30	0	136.0	0
10	-25	0	136.0	0
10	-20	0	137.0	0
10	-15	0	137.0	0
10	-10	0	136.0	0
10	-5	0	137.0	0
10	0	0	136.0	0
10	5	0	135.0	0
10	10	0	136.0	0
10	15	0	135.0	0
10	20	0	134.0	0
10	25	0	133.0	0
10	30	0	132.0	0
10	35	0	129.0	0
10	40	0	129.0	0
10	45	0	128.0	0
10	50	0	127.0	0
10	55	0	126.0	0
10	60	0	125.0	0
10	65	0	125.0	0
10	70	0	124.0	0
10	75	0	123.0	0
10	80	0	122.0	0
10	85	0	121.0	0
10	90	0	120.0	0
10	95	0	118.0	0
10	100	0	118.0	0
10	105	0	117.0	0
10	110	0	116.0	0
10	115	0	115.0	0
10	120	93.0	114.0	1
10	125	0	114.0	0
10	130	0	113.0	0
10	135	0	113.0	0
10	140	0	113.0	0
10	145	0	113.0	0
10	150	0	114.0	0
10	155	0	113.0	0
10	160	0	112.0	0
10	165	0	113.0	0
10	170	0	113.0	0
10	175	0	113.0	0
15	-180	0	114.0	0
15	-175	0	113.0	0
15	-170	0	114.0	0
15	-165	0	115.0	0
15	-160	0	116.0	0
15	-155	0	117.0	0
15	-150	0	119.0	0
15	-145	0	119.0	0
15	-140	0	122.0	0
15	-135	0	123.0	0
15	-130	0	124.0	0
15	-125	0	125.0	0
15	-120	0	125.0	0
15	-115	0	126.0	0
15	-110	0	127.0	0
15	-105	0	128.0	0
15	-100	0	129.0	0
15	-95	0	129.0	0
15	-90	0	131.0	0
15	-85	0	131.0	0
15	-80	66.0	133.0	1
15	-75	0	133.0	0
15	-70	0	133.0	0
15	-65	0	135.0	0
15	-60	0	136.0	0
15	-55	0	135.0	0
15	-50	0	136.0	0
15	-45	0	136.0	0
15	-40	0	136.0	0
15	-35	0	137.0	0
15	-30	0	137.0	0
15	-25	0	137.0	0
15	-20	0	137.0	0
15	-15	0	137.0	0
15	-10	0	136.0	0
15	-5	0	136.0	0
15	0	0	135.0	0
15	5	0	134.0	0
15	10	0	134.0	0
15	15	0	133.0	0
15	20	0	133.0	0
15	25	0	132.0	0
15	30	0	131.0	0
15	35	0	130.0	0
15	40	0	129.0	0
15	45	0	128.0	0
15	50	0	127.0	0
15	55	0	126.0	0
15	60	0	125.0	0
15	65	0	125.0	0
15	70	0	123.0	0
15	75	0	122.0	0
15	80	0	121.0	0
15	85	0	120.0	0
15	90	0	120.0	0
15	95	0	118.0	0
15	100	0	118.0	0
15	105	0	116.0	0
15	110	0	115.0	0
15	115	0	114.0	0
15	120	0	113.0	0
15	125	0	114.0	0
15	130	0	114.0	0
15	135	0	113.0	0
15	140	0	113.0	0
15	145	0	113.0	0
15	150	0	113.0	0
15	155	0	113.0	0
15	160	0	113.0	0
15	165	0	113.0	0
15	170	0	114.0	0
15	175	0	113.0	0
20	-180	0	113.0	0
20	-175	0	113.0	0
20	-170	0	114.0	0
20	-165	0	114.0	0
20	-160	0	115.0	0
20	-155	0	116.0	0
20	-150	0	117.0	0
20	-145	0	119.0	0
20	-140	0	120.0	0
20	-135	0	121.0	0
20	-130	0	123.0	0
20	-125	0	124.0	0
20	-120	0	125.0	0
20	-115	0	126.0	0
20	-110	0	127.0	0
20	-105	0	127.0	0
20	-100	0	128.0	0
20	-95	0	130.0	0
20	-90	0	130.0	0
20	-85	0	130.0	0
20	-80	0	132.0	0
20	-75	0	133.0	0
20	-70	0	134.0	0
20	-65	0	134.0	0
20	-60	0	135.0	0
20	-55	0	135.0	0
20	-50	0	136.0	0
20	-45	0	136.0	0
20	-40	0	137.0	0
20	-35	0	137.0	0
20	-30	0	136.0	0
20	-25	0	136.0	0
20	-20	0	136.0	0
20	-15	0	137.0	0
20	-10	0	136.0	0
20	-5	0	135.0	0
20	0	0	134.0	0
20	5	0	133.0	0
20	10	0	133.0	0
20	15	0	131.0	0
20	20	0	132.0	0
20	25	0	130.0	0
20	30	0	129.0	0
20	35	0	129.0	0
20	40	55.0	128.0	1
20	45	0	127.0	0
20	50	0	127.0	0
20	55	0	125.0	0
20	60	0	124.0	0
20	65	0	123.0	0
20	70	0	122.0	0
20	75	0	121.0	0
20	80	0	119.0	0
20	85	0	119.0	0
20	90	0	119.0	0
20	95	0	117.0	0
20	100	0	117.0	0
20	105	0	116.0	0
20	110	0	114.0	0
20	115	0	114.0	0
20	120	0	113.0	0
20	125	0	114.0	0
20	130	0	113.0	0
20	135	0	113.0	0
20	140	0	113.0	0
20	145	0	114.0	0
20	150	0	113.0	0
20	155	0	113.0	0
20	160	0	113.0	0
20	165	0	112.0	0
20	170	0	113.0	0
20	175	0	112.0	0
25	-180	0	114.0	0
25	-175	0	114.0	0
25	-170	0	115.0	0
25	-165	0	116.0	0
25	-160	0	117.0	0
25	-155	0	117.0	0
25	-150	0	119.0	0
25	-145	0	121.0	0
25	-140	0	121.0	0
25	-135	0	123.0	0
25	-130	0	123.0	0
25	-125	0	126.0	0
25	-120	0	125.0	0
25	-115	0	127.0	0
25	-110	0	128.0	0
25	-105	0	128.0	0
25	-100	0	130.0	0
25	-95	0	131.0	0
25	-90	0	131.0	0
25	-85	0	132.0	0
25	-80	0	133.0	0
25	-75	0	133.0	0
25	-70	0	134.0	0
25	-65	0	134.0	0
25	-60	0	135.0	0
25	-55	0	135.0	0
25	-50	0	137.0	0
25	-45	0	137.0	0
25	-40	0	137.0	0
25	-35	0	136.0	0
25	-30	0	137.0	0
25	-25	0	137.0	0
25	-20	0	137.0	0
25	-15	0	136.0	0
25	-10	0	135.0	0
25	-5	0	135.0	0
25	0	0	136.0	0
25	5	0	134.0	0
25	10	0	134.0	0
25	15	0	132.0	0
25	20	0	131.0	0
25	25	0	130.0	0
25	30	0	129.0	0
25	35	0	127.0	0
25	40	0	126.0	0
25	45	0	126.0	0
25	50	0	124.0	0
25	55	0	123.0	0
25	60	63.0	123.0	1
25	65	0	122.0	0
25	70	0	122.0	0
25	75	0	121.0	0
25	80	35.0	119.0	1
25	85	0	119.0	0
25	90	0	117.0	0
25	95	0	117.0	0
25	100	0	115.0	0
25	105	0	114.0	0
25	110	0	113.0	0
25	115	0	112.0	0
25	120	0	112.0	0
25	125	0	113.0	0
25	130	0	113.0	0
25	135	0	112.0	0
25	140	0	113.0	0
25	145	0	113.0	0
25	150	0	113.0	0
25	155	0	113.0	0
25	160	0	114.0	0
25	165	0	113.0	0
25	170	0	113.0	0
25	175	0	114.0	0
30	-180	0	114.0	0
30	-175	0	114.0	0
30	-170	0	114.0	0
30	-165	0	116.0	0
30	-160	0	117.0	0
30	-155	0	119.0	0
30	-150	0	120.0	0
30	-145	0	120.0	0
30	-140	0	122.0	0
30	-135	0	123.0	0
30	-130	0	124.0	0
30	-125	0	125.0	0
30	-120	45.0	126.0	1
30	-115	0	127.0	0
30	-110	0	128.0	0
30	-105	0	128.0	0
30	-100	0	129.0	0
30	-95	0	131.0	0
30	-90	0	131.0	0
30	-85	0	132.0	0
30	-80	0	132.0	0
30	-75	0	132.0	0
30	-70	0	133.0	0
30	-65	0	134.0	0
30	-60	0	134.0	0
30	-55	0	135.0	0
30	-50	0	135.0	0
30	-45	0	136.0	0
30	-40	0	135.0	0
30	-35	0	136.0	0
30	-30	0	135.0	0
30	-25	0	136.0	0
30	-20	0	136.0	0
30	-15	0	135.0	0
30	-10	0	135.0	0
30	-5	0	134.0	0
30	0	0	134.0	0
30	5	0	134.0	0
30	10	0	133.0	0
30	15	0	131.0	0
30	20	0	130.0	0
30	25	0	128.0	0
30	30	0	127.0	0
30	35	0	127.0	0
30	40	0	125.0	0
30	45	0	125.0	0
30	50	0	124.0	0
30	55	0	123.0	0
30	60	0	122.0	0
30	65	0	122.0	0
30	70	0	120.0	0
30	75	0	118.0	0
30	80	0	118.0	0
30	85	0	117.0	0
30	90	0	116.0	0
30	95	0	116.0	0
30	100	0	115.0	0
30	105	0	113.0	0
30	110	0	113.0	0
30	115	0	113.0	0
30	120	0	113.0	0
30	125	0	113.0	0
30	130	0	113.0	0
30	135	0	112.0	0
30	140	0	112.0	0
30	145	0	113.0	0
30	150	0	113.0	0
30	155	0	113.0	0
30	160	0	114.0	0
30	165	0	113.0	0
30	170	0	113.0	0
30	175	0	113.0	0
35	-180	0	114.0	0
35	-175	0	114.0	0
35	-170	0	115.0	0
35	-165	0	116.0	0
35	-160	0	116.0	0
35	-155	0	120.0	0
35	-150	0	120.0	0
35	-145	0	119.0	0
35	-140	0	121.0	0
35	-135	0	122.0	0
35	-130	0	123.0	0
35	-125	3.0	125.0	1
35	-120	2.0	126.0	1
35	-115	0	127.0	0
35	-110	0	127.0	0
35	-105	0	128.0	0
35	-100	0	129.0	0
35	-95	0	131.0	0
35	-90	0	131.0	0
35	-85	0	132.0	0
35	-80	0	133.0	0
35	-75	0	133.0	0
35	-70	0	133.0	0
35	-65	0	134.0	0
35	-60	0	135.0	0
35	-55	0	135.0	0
35	-50	0	136.0	0
35	-45	0	136.0	0
35	-40	0	136.0	0
35	-35	0	137.0	0
35	-30	0	136.0	0
35	-25	0	136.0	0
35	-20	0	134.0	0
35	-15	0	134.0	0
35	-10	0	134.0	0
35	-5	0	133.0	0
35	0	0	133.0	0
35	5	0	131.0	0
35	10	0	131.0	0
35	15	0	131.0	0
35	20	0	129.0	0
35	25	0	129.0	0
35	30	0	127.0	0
35	35	0	126.0	0
35	40	0	125.0	0
35	45	57.0	125.0	1
35	50	11.0	123.0	2
35	55	31.0	122.0	2
35	60	62.0	120.0	2
35	65	12.0	120.0	1
35	70	0	120.0	0
35	75	84.0	119.0	1
35	80	22.0	118.0	1
35	85	0	117.0	0
35	90	0	115.0	0
35	95	0	115.0	0
35	100	0	113.0	0
35	105	0	114.0	0
35	110	0	113.0	0
35	115	0	113.0	0
35	120	0	113.0	0
35	125	0	113.0	0
35	130	0	113.0	0
35	135	0	114.0	0
35	140	0	113.0	0
35	145	0	114.0	0
35	150	0	114.0	0
35	155	0	114.0	0
35	160	0	114.0	0
35	165	0	114.0	0
35	170	0	113.0	0
35	175	0	113.0	0
40	-180	0	115.0	0
40	-175	0	116.0	0
40	-170	0	116.0	0
40	-165	0	117.0	0
40	-160	0	117.0	0
40	-155	0	118.0	0
40	-150	0	119.0	0
40	-145	69.0	120.0	1
40	-140	0	122.0	0
40	-135	7.0	123.0	1
40	-130	76.0	124.0	1
40	-125	90.0	124.0	3
40	-120	0	125.0	0
40	-115	0	128.0	0
40	-110	0	129.0	0
40	-105	0	128.0	0
40	-100	0	129.0	0
40	-95	0	130.0	0
40	-90	0	131.0	0
40	-85	0	132.0	0
40	-80	0	132.0	0
40	-75	0	133.0	0
40	-70	0	133.0	0
40	-65	0	135.0	0
40	-60	0	134.0	0
40	-55	0	134.0	0
40	-50	0	135.0	0
40	-45	0	135.0	0
40	-40	0	135.0	0
40	-35	0	135.0	0
40	-30	0	135.0	0
40	-25	0	135.0	0
40	-20	0	135.0	0
40	-15	0	133.0	0
40	-10	0	134.0	0
40	-5	0	132.0	0
40	0	0	132.0	0
40	5	0	131.0	0
40	10	0	130.0	0
40	15	0	130.0	0
40	20	0	127.0	0
40	25	0	127.0	0
40	30	0	126.0	0
40	35	49.0	125.0	1
40	40	0	124.0	1
40	45	111.0	122.0	4
40	50	90.0	121.0	7
40	55	15.0	121.0	1
40	60	86.0	119.0	3
40	65	0	119.0	0
40	70	0	118.0	0
40	75	0	117.0	0
40	80	0	116.0	0
40	85	0	115.0	0
40	90	0	115.0	0
40	95	0	113.0	0
40	100	0	113.0	0
40	105	0	113.0	0
40	110	0	112.0	0
40	115	64.0	113.0	1
40	120	0	113.0	0
40	125	0	113.0	0
40	130	0	114.0	0
40	135	0	114.0	0
40	140	0	114.0	0
40	145	0	113.0	0
40	150	0	113.0	0
40	155	0	113.0	0
40	160	0	114.0	0
40	165	0	114.0	0
40	170	0	114.0	0
40	175	0	114.0	0
45	-180	0	115.0	0
45	-175	0	115.0	0
45	-170	0	116.0	0
45	-165	0	118.0	0
45	-160	0	117.0	0
45	-155	0	119.0	0
45	-150	0	119.0	0
45	-145	0	121.0	0
45	-140	0	121.0	1
45	-135	0	123.0	0
45	-130	4.0	124.0	1
45	-125	94.0	125.0	4
45	-120	0	126.0	0
45	-115	86.0	128.0	2
45	-110	0	128.0	0
45	-105	0	129.0	0
45	-100	0	129.0	0
45	-95	0	130.0	0
45	-90	0	131.0	0
45	-85	0	131.0	0
45	-80	0	134.0	0
45	-75	0	134.0	0
45	-70	0	134.0	0
45	-65	0	134.0	0
45	-60	0	134.0	0
45	-55	0	135.0	0
45	-50	0	135.0	0
45	-45	0	136.0	0
45	-40	0	135.0	0
45	-35	0	135.0	0
45	-30	0	135.0	0
45	-25	0	135.0	0
45	-20	0	135.0	0
45	-15	0	133.0	0
45	-10	0	134.0	0
45	-5	0	132.0	0
45	0	0	132.0	0
45	5	0	132.0	0
45	10	0	130.0	0
45	15	0	129.0	0
45	20	0	128.0	0
45	25	0	127.0	0
45	30	0	126.0	0
45	35	39.0	124.0	3
45	40	105.0	123.0	14
45	45	110.0	123.0	22
45	50	102.0	122.0	10
45	55	81.0	121.0	9
45	60	34.0	119.0	2
45	65	43.0	120.0	2
45	70	0	118.0	0
45	75	0	118.0	0
45	80	0	117.0	0
45	85	0	115.0	0
45	90	56.0	115.0	1
45	95	0	114.0	0
45	100	0	113.0	0
45	105	0	113.0	0
45	110	0	113.0	0
45	115	0	114.0	0
45	120	0	114.0	0
45	125	0	114.0	0
45	130	0	114.0	0
45	135	0	114.0	0
45	140	0	113.0	0
45	145	0	114.0	0
45	150	0	114.0	0
45	155	0	113.0	0
45	160	0	113.0	0
45	165	0	114.0	0
45	170	0	114.0	0
45	175	0	115.0	0
50	-180	0	114.0	0
50	-175	0	115.0	0
50	-170	0	115.0	0
50	-165	0	116.0	0
50	-160	0	118.0	0
50	-155	0	118.0	0
50	-150	1.0	120.0	1
50	-145	0	121.0	0
50	-140	23.0	122.0	2
50	-135	47.0	122.0	4
50	-130	64.0	125.0	3
50	-125	67.0	125.0	2
50	-120	68.0	125.0	2
50	-115	0	126.0	0
50	-110	0	127.0	0
50	-105	0	128.0	0
50	-100	0	128.0	0
50	-95	0	129.0	0
50	-90	0	129.0	0
50	-85	0	130.0	0
50	-80	0	131.0	0
50	-75	0	132.0	0
50	-70	0	132.0	0
50	-65	0	133.0	0
50	-60	0	133.0	0
50	-55	0	132.0	0
50	-50	0	133.0	0
50	-45	0	134.0	0
50	-40	0	133.0	0
50	-35	0	134.0	0
50	-30	0	134.0	0
50	-25	0	132.0	0
50	-20	0	132.0	0
50	-15	0	132.0	0
50	-10	0	131.0	0
50	-5	0	131.0	0
50	0	0	129.0	0
50	5	0	129.0	0
50	10	0	127.0	0
50	15	0	127.0	0
50	20	60.0	124.0	1
50	25	69.0	125.0	5
50	30	108.0	125.0	12
50	35	100.0	123.0	25
50	40	113.0	122.0	41
50	45	90.0	120.0	19
50	50	98.0	120.0	16
50	55	111.0	119.0	10
50	60	70.0	119.0	1
50	65	8.0	118.0	1
50	70	36.0	117.0	1
50	75	0	116.0	0
50	80	0	114.0	0
50	85	0	114.0	0
50	90	0	115.0	0
50	95	0	113.0	0
50	100	0	113.0	0
50	105	59.0	112.0	1
50	110	0	113.0	0
50	115	0	112.0	0
50	120	0	112.0	0
50	125	0	114.0	0
50	130	0	114.0	0
50	135	0	113.0	0
50	140	0	112.0	0
50	145	0	113.0	0
50	150	0	112.0	0
50	155	0	113.0	0
50	160	0	113.0	0
50	165	0	114.0	0
50	170	0	114.0	0
50	175	0	113.0	0
55	-180	0	113.0	0
55	-175	0	116.0	0
55	-170	0	116.0	0
55	-165	0	117.0	0
55	-160	0	118.0	0
55	-155	0	119.0	0
55	-150	0	119.0	0
55	-145	21.0	119.0	1
55	-140	21.0	121.0	1
55	-135	98.0	122.0	5
55	-130	79.0	123.0	4
55	-125	0	123.0	0
55	-120	0	124.0	0
55	-115	9.0	126.0	1
55	-110	0	126.0	0
55	-105	0	127.0	0
55	-100	0	128.0	0
55	-95	0	129.0	0
55	-90	0	130.0	0
55	-85	0	130.0	0
55	-80	0	131.0	0
55	-75	0	131.0	0
55	-70	60.0	132.0	1
55	-65	0	133.0	0
55	-60	0	133.0	0
55	-55	0	133.0	0
55	-50	0	133.0	0
55	-45	0	133.0	0
55	-40	0	134.0	0
55	-35	0	134.0	0
55	-30	0	133.0	0
55	-25	0	132.0	0
55	-20	0	132.0	0
55	-15	0	132.0	0
55	-10	0	131.0	0
55	-5	0	131.0	0
55	0	0	129.0	0
55	5	103.0	129.0	1
55	10	91.0	127.0	2
55	15	94.0	126.0	3
55	20	101.0	125.0	15
55	25	73.0	124.0	12
55	30	119.0	122.0	26
55	35	106.0	122.0	36
55	40	94.0	121.0	19
55	45	97.0	118.0	12
55	50	79.0	119.0	9
55	55	90.0	119.0	5
55	60	18.0	117.0	3
55	65	0	117.0	0
55	70	0	116.0	0
55	75	102.0	115.0	1
55	80	0	114.0	0
55	85	33.0	113.0	1
55	90	0	114.0	0
55	95	0	114.0	0
55	100	0	112.0	0
55	105	0	113.0	0
55	110	0	113.0	0
55	115	0	114.0	0
55	120	0	113.0	0
55	125	0	113.0	0
55	130	0	113.0	0
55	135	0	113.0	0
55	140	0	114.0	0
55	145	0	114.0	0
55	150	0	114.0	0
55	155	0	115.0	0
55	160	0	114.0	0
55	165	0	114.0	0
55	170	0	114.0	0
55	175	2.0	115.0	1
60	-180	0	114.0	0
60	-175	0	116.0	0
60	-170	3.0	116.0	1
60	-165	0	117.0	0
60	-160	0	118.0	0
60	-155	0	119.0	0
60	-150	0	119.0	0
60	-145	47.0	119.0	2
60	-140	0	121.0	0
60	-135	0	122.0	0
60	-130	0	123.0	0
60	-125	54.0	123.0	1
60	-120	0	124.0	0
60	-115	0	125.0	0
60	-110	0	127.0	0
60	-105	0	128.0	0
60	-100	0	128.0	0
60	-95	0	127.0	0
60	-90	0	129.0	0
60	-85	0	131.0	0
60	-80	0	131.0	0
60	-75	0	131.0	0
60	-70	0	131.0	0
60	-65	0	132.0	0
60	-60	0	133.0	0
60	-55	0	133.0	0
60	-50	0	133.0	0
60	-45	0	133.0	0
60	-40	115.0	134.0	1
60	-35	0	132.0	0
60	-30	0	133.0	0
60	-25	0	133.0	0
60	-20	0	132.0	0
60	-15	0	131.0	0
60	-10	0	131.0	0
60	-5	0	131.0	0
60	0	0	129.0	0
60	5	50.0	128.0	1
60	10	100.0	126.0	6
60	15	104.0	126.0	11
60	20	92.0	125.0	7
60	25	107.0	124.0	13
60	30	112.0	122.0	13
60	35	81.0	121.0	9
60	40	108.0	120.0	4
60	45	44.0	119.0	5
60	50	44.0	119.0	3
60	55	65.0	118.0	1
60	60	61.0	117.0	3
60	65	18.0	117.0	1
60	70	0	115.0	0
60	75	0	114.0	0
60	80	0	115.0	0
60	85	0	115.0	0
60	90	0	113.0	0
60	95	0	114.0	0
60	100	0	113.0	0
60	105	0	114.0	0
60	110	0	114.0	0
60	115	50.0	114.0	1
60	120	0	114.0	0
60	125	0	114.0	0
60	130	0	114.0	0
60	135	0	115.0	0
60	140	0	114.0	0
60	145	0	114.0	0
60	150	0	115.0	0
60	155	0	115.0	0
60	160	0	115.0	0
60	165	0	114.0	0
60	170	0	115.0	0
60	175	0	115.0	0
65	-180	26.0	115.0	1
65	-175	0	116.0	0
65	-170	0	116.0	0
65	-165	0	117.0	0
65	-160	0	117.0	0
65	-155	0	118.0	0
65	-150	0	119.0	0
65	-145	16.0	119.0	1
65	-140	0	121.0	0
65	-135	0	121.0	0
65	-130	0	122.0	0
65	-125	19.0	123.0	1
65	-120	0	123.0	0
65	-115	0	124.0	0
65	-110	0	125.0	0
65	-105	0	126.0	0
65	-100	0	127.0	0
65	-95	0	128.0	0
65	-90	0	129.0	0
65	-85	0	130.0	0
65	-80	0	130.0	0
65	-75	0	131.0	0
65	-70	0	131.0	0
65	-65	0	131.0	0
65	-60	4.0	131.0	1
65	-55	0	131.0	0
65	-50	0	131.0	0
65	-45	10.0	131.0	1
65	-40	30.0	132.0	1
65	-35	0	131.0	0
65	-30	0	130.0	0
65	-25	0	130.0	0
65	-20	0	130.0	0
65	-15	41.0	129.0	1
65	-10	9.0	128.0	1
65	-5	0	127.0	0
65	0	108.0	126.0	4
65	5	32.0	126.0	4
65	10	96.0	126.0	10
65	15	27.0	124.0	5
65	20	83.0	123.0	7
65	25	97.0	122.0	8
65	30	108.0	121.0	6
65	35	60.0	120.0	3
65	40	1.0	119.0	1
65	45	0	118.0	0
65	50	0	118.0	0
65	55	0	117.0	0
65	60	0	116.0	0
65	65	8.0	115.0	1
65	70	0	115.0	0
65	75	0	114.0	0
65	80	0	114.0	0
65	85	0	113.0	0
65	90	0	112.0	1
65	95	0	113.0	0
65	100	0	113.0	0
65	105	0	115.0	0
65	110	0	114.0	0
65	115	0	113.0	0
65	120	0	113.0	0
65	125	0	114.0	0
65	130	0	115.0	0
65	135	0	114.0	0
65	140	0	113.0	0
65	145	0	114.0	0
65	150	6.0	113.0	1
65	155	0	114.0	0
65	160	0	114.0	0
65	165	0	114.0	0
65	170	0	114.0	0
65	175	0	115.0	0
70	-180	0	115.0	0
70	-175	0	116.0	0
70	-170	0	115.0	0
70	-165	0	117.0	0
70	-160	0	117.0	0
70	-155	71.0	118.0	1
70	-150	0	118.0	0
70	-145	0	120.0	0
70	-140	0	120.0	0
70	-135	0	120.0	0
70	-130	0	122.0	0
70	-125	0	123.0	0
70	-120	0	123.0	0
70	-115	0	124.0	0
70	-110	0	125.0	0
70	-105	0	126.0	0
70	-100	0	127.0	0
70	-95	0	128.0	0
70	-90	0	128.0	0
70	-85	0	129.0	0
70	-80	0	129.0	0
70	-75	0	131.0	0
70	-70	90.0	130.0	1
70	-65	9.0	130.0	1
70	-60	0	131.0	0
70	-55	0	131.0	0
70	-50	99.0	131.0	1
70	-45	33.0	131.0	2
70	-40	0	131.0	0
70	-35	0	130.0	0
70	-30	0	130.0	0
70	-25	0	129.0	0
70	-20	0	129.0	0
70	-15	0	129.0	0
70	-10	77.0	128.0	1
70	-5	79.0	129.0	3
70	0	100.0	126.0	6
70	5	18.0	126.0	2
70	10	40.0	124.0	4
70	15	38.0	123.0	2
70	20	0	123.0	0
70	25	0	121.0	0
70	30	0	121.0	0
70	35	0	119.0	0
70	40	19.0	119.0	1
70	45	0	118.0	0
70	50	0	117.0	0
70	55	0	118.0	0
70	60	0	116.0	0
70	65	0	116.0	0
70	70	46.0	115.0	1
70	75	0	114.0	0
70	80	0	114.0	0
70	85	0	115.0	0
70	90	0	115.0	0
70	95	0	115.0	0
70	100	0	114.0	0
70	105	0	114.0	0
70	110	0	114.0	0
70	115	0	114.0	0
70	120	0	114.0	0
70	125	0	114.0	0
70	130	0	114.0	0
70	135	0	114.0	0
70	140	0	113.0	0
70	145	0	114.0	0
70	150	0	114.0	0
70	155	14.0	114.0	1
70	160	5.0	114.0	1
70	165	0	114.0	0
70	170	0	114.0	0
70	175	0	115.0	0
75	-180	9.0	115.0	1
75	-175	0	114.0	0
75	-170	0	114.0	0
75	-165	0	115.0	0
75	-160	0	116.0	0
75	-155	0	116.0	0
75	-150	0	117.0	0
75	-145	0	118.0	0
75	-140	0	119.0	0
75	-135	0	120.0	0
75	-130	0	121.0	0
75	-125	0	122.0	0
75	-120	0	123.0	0
75	-115	0	123.0	0
75	-110	0	125.0	0
75	-105	0	125.0	0
75	-100	0	126.0	0
75	-95	0	127.0	0
75	-90	0	127.0	0
75	-85	0	128.0	0
75	-80	0	129.0	0
75	-75	0	128.0	0
75	-70	0	129.0	0
75	-65	54.0	129.0	1
75	-60	52.0	130.0	1
75	-55	0	129.0	0
75	-50	0	131.0	0
75	-45	0	131.0	0
75	-40	53.0	130.0	1
75	-35	0	131.0	0
75	-30	0	130.0	0
75	-25	0	130.0	0
75	-20	0	128.0	0
75	-15	0	128.0	0
75	-10	88.0	126.0	1
75	-5	94.0	126.0	4
75	0	109.0	125.0	4
75	5	63.0	123.0	3
75	10	0	123.0	0
75	15	0	122.0	0
75	20	0	122.0	0
75	25	0	120.0	0
75	30	0	120.0	0
75	35	0	119.0	0
75	40	0	118.0	0
75	45	0	117.0	0
75	50	0	117.0	0
75	55	0	117.0	0
75	60	0	115.0	0
75	65	0	115.0	0
75	70	0	114.0	0
75	75	0	114.0	0
75	80	0	114.0	0
75	85	0	114.0	0
75	90	0	115.0	0
75	95	0	114.0	0
75	100	0	113.0	0
75	105	0	113.0	0
75	110	0	112.0	0
75	115	0	113.0	0
75	120	0	114.0	0
75	125	0	114.0	0
75	130	0	115.0	0
75	135	0	114.0	0
75	140	0	114.0	0
75	145	0	114.0	0
75	150	0	114.0	0
75	155	5.0	114.0	1
75	160	0	115.0	0
75	165	16.0	114.0	1
75	170	0	114.0	0
75	175	0	114.0	0
80	-180	0	114.0	0
80	-175	0	113.0	0
80	-170	0	114.0	0
80	-165	0	115.0	0
80	-160	0	115.0	0
80	-155	0	115.0	0
80	-150	0	116.0	0
80	-145	0	117.0	0
80	-140	0	118.0	0
80	-135	0	119.0	0
80	-130	0	119.0	0
80	-125	0	121.0	0
80	-120	0	121.0	0
80	-115	0	122.0	0
80	-110	0	122.0	0
80	-105	0	123.0	0
80	-100	0	123.0	0
80	-95	0	124.0	0
80	-90	0	125.0	0
80	-85	0	125.0	0
80	-80	0	125.0	0
80	-75	0	126.0	0
80	-70	0	127.0	0
80	-65	0	126.0	0
80	-60	0	126.0	0
80	-55	36.0	127.0	1
80	-50	0	126.0	0
80	-45	0	126.0	0
80	-40	0	126.0	0
80	-35	0	127.0	0
80	-30	0	127.0	0
80	-25	0	126.0	0
80	-20	0	125.0	0
80	-15	0	125.0	0
80	-10	97.0	124.0	2
80	-5	69.0	124.0	2
80	0	84.0	123.0	1
80	5	55.0	123.0	1
80	10	0	122.0	1
80	15	0	121.0	0
80	20	0	120.0	0
80	25	0	119.0	0
80	30	0	118.0	0
80	35	0	117.0	0
80	40	0	117.0	0
80	45	0	116.0	0
80	50	0	115.0	0
80	55	0	114.0	0
80	60	0	114.0	0
80	65	0	114.0	0
80	70	0	114.0	0
80	75	0	114.0	0
80	80	0	112.0	0
80	85	0	112.0	0
80	90	0	112.0	0
80	95	0	112.0	0
80	100	0	111.0	0
80	105	0	111.0	0
80	110	0	111.0	0
80	115	0	111.0	0
80	120	0	113.0	0
80	125	0	113.0	0
80	130	0	112.0	0
80	135	0	112.0	0
80	140	0	113.0	0
80	145	0	113.0	0
80	150	0	113.0	0
80	155	0	114.0	0
80	160	0	113.0	0
80	165	0	114.0	0
80	170	0	113.0	0
80	175	0	113.0	0
85	-180	0	114.0	0
85	-175	0	114.0	0
85	-170	0	114.0	0
85	-165	0	115.0	0
85	-160	0	115.0	0
85	-155	0	116.0	0
85	-150	0	116.0	0
85	-145	0	117.0	0
85	-140	0	117.0	0
85	-135	0	117.0	0
85	-130	0	119.0	0
85	-125	0	120.0	0
85	-120	0	120.0	0
85	-115	0	121.0	0
85	-110	0	121.0	0
85	-105	0	122.0	0
85	-100	0	124.0	0
85	-95	0	124.0	0
85	-90	0	124.0	0
85	-85	0	123.0	0
85	-80	0	124.0	0
85	-75	0	124.0	0
85	-70	0	125.0	0
85	-65	0	125.0	0
85	-60	0	126.0	0
85	-55	0	126.0	0
85	-50	0	127.0	0
85	-45	0	127.0	0
85	-40	0	126.0	0
85	-35	0	126.0	0
85	-30	0	125.0	0
85	-25	0	126.0	0
85	-20	0	124.0	0
85	-15	0	124.0	0
85	-10	70.0	124.0	1
85	-5	0	122.0	0
85	0	0	123.0	0
85	5	0	121.0	0
85	10	0	121.0	0
85	15	0	120.0	0
85	20	0	118.0	0
85	25	0	118.0	0
85	30	0	117.0	0
85	35	0	117.0	0
85	40	0	115.0	0
85	45	0	115.0	0
85	50	0	114.0	0
85	55	0	113.0	0
85	60	0	114.0	0
85	65	0	113.0	0
85	70	0	113.0	0
85	75	0	112.0	0
85	80	0	112.0	0
85	85	81.0	111.0	1
85	90	0	112.0	0
85	95	0	112.0	0
85	100	0	112.0	0
85	105	0	112.0	0
85	110	0	112.0	0
85	115	0	111.0	0
85	120	0	112.0	0
85	125	0	113.0	0
85	130	0	112.0	0
85	135	0	112.0	0
85	140	0	113.0	0
85	145	0	113.0	0
85	150	3.0	114.0	1
85	155	0	113.0	0
85	160	0	113.0	0
85	165	0	112.0	0
85	170	0	113.0	0
85	175	0	113.0	0
90	-180	0	115.0	0
90	-175	0	115.0	0
90	-170	0	116.0	0
90	-165	0	115.0	0
90	-160	0	116.0	0
90	-155	0	115.0	0
90	-150	0	116.0	0
90	-145	0	117.0	0
90	-140	0	117.0	0
90	-135	0	118.0	0
90	-130	0	118.0	0
90	-125	0	119.0	0
90	-120	0	119.0	0
90	-115	0	120.0	0
90	-110	0	121.0	0
90	-105	0	122.0	0
90	-100	0	121.0	0
90	-95	0	123.0	0
90	-90	0	123.0	0
90	-85	0	124.0	0
90	-80	0	125.0	0
90	-75	0	125.0	0
90	-70	0	125.0	0
90	-65	0	125.0	0
90	-60	0	127.0	0
90	-55	0	125.0	0
90	-50	0	125.0	0
90	-45	0	125.0	0
90	-40	0	125.0	0
90	-35	0	125.0	0
90	-30	0	125.0	0
90	-25	0	124.0	0
90	-20	0	124.0	0
90	-15	0	124.0	0
90	-10	0	123.0	0
90	-5	0	122.0	0
90	0	0	122.0	0
90	5	0	122.0	0
90	10	69.0	121.0	1
90	15	0	120.0	0
90	20	0	119.0	0
90	25	0	118.0	0
90	30	0	117.0	0
90	35	0	116.0	0
90	40	0	115.0	0
90	45	0	115.0	0
90	50	0	114.0	0
90	55	0	114.0	0
90	60	0	113.0	0
90	65	0	114.0	0
90	70	0	113.0	0
90	75	0	113.0	0
90	80	0	112.0	0
90	85	0	112.0	0
90	90	0	112.0	0
90	95	0	112.0	0
90	100	0	113.0	0
90	105	0	112.0	0
90	110	0	113.0	0
90	115	0	112.0	0
90	120	0	112.0	0
90	125	0	113.0	0
90	130	0	113.0	0
90	135	0	114.0	0
90	140	0	113.0	0
90	145	0	113.0	0
90	150	0	113.0	0
90	155	0	114.0	0
90	160	0	114.0	0
90	165	0	114.0	0
90	170	0	115.0	0
90	175	0	114.0	0
95	-180	0	115.0	0
95	-175	0	115.0	0
95	-170	0	115.0	0
95	-165	0	114.0	0
95	-160	0	116.0	0
95	-155	0	116.0	0
95	-150	0	115.0	0
95	-145	0	116.0	0
95	-140	0	117.0	0
95	-135	0	117.0	0
95	-130	0	117.0	0
95	-125	0	118.0	0
95	-120	0	119.0	0
95	-115	0	119.0	0
95	-110	0	121.0	0
95	-105	0	121.0	0
95	-100	0	122.0	0
95	-95	0	123.0	0
95	-90	0	123.0	0
95	-85	0	123.0	0
95	-80	0	124.0	0
95	-75	0	125.0	0
95	-70	0	125.0	0
95	-65	0	125.0	0
95	-60	0	125.0	0
95	-55	0	124.0	0
95	-50	0	125.0	0
95	-45	0	124.0	0
95	-40	0	124.0	0
95	-35	0	125.0	0
95	-30	0	124.0	0
95	-25	0	123.0	0
95	-20	0	124.0	0
95	-15	0	123.0	0
95	-10	0	122.0	0
95	-5	0	122.0	0
95	0	0	122.0	0
95	5	0	120.0	0
95	10	0	120.0	0
95	15	0	120.0	0
95	20	0	118.0	0
95	25	0	118.0	0
95	30	0	117.0	0
95	35	0	115.0	0
95	40	0	115.0	0
95	45	0	114.0	0
95	50	0	114.0	0
95	55	0	113.0	0
95	60	0	114.0	0
95	65	0	114.0	0
95	70	0	113.0	0
95	75	0	113.0	0
95	80	0	112.0	0
95	85	60.0	112.0	1
95	90	0	112.0	0
95	95	22.0	113.0	1
95	100	0	112.0	0
95	105	0	112.0	0
95	110	0	113.0	0
95	115	0	112.0	0
95	120	0	113.0	0
95	125	0	113.0	0
95	130	0	113.0	0
95	135	0	113.0	0
95	140	0	113.0	0
95	145	0	114.0	0
95	150	0	114.0	0
95	155	0	114.0	0
95	160	0	114.0	0
95	165	0	114.0	0
95	170	0	115.0	0
95	175	0	114.0	0
100	-180	0	114.0	0
100	-175	0	114.0	0
100	-170	0	114.0	0
100	-165	0	114.0	0
100	-160	0	114.0	0
100	-155	0	115.0	0
100	-150	0	115.0	0
100	-145	0	114.0	0
100	-140	0	115.0	0
100	-135	0	116.0	0
100	-130	0	116.0	0
100	-125	0	118.0	0
100	-120	0	119.0	0
100	-115	0	118.0	0
100	-110	0	119.0	0
100	-105	0	119.0	0
100	-100	0	120.0	0
100	-95	0	120.0	0
100	-90	0	121.0	0
100	-85	0	122.0	0
100	-80	0	122.0	0
100	-75	0	123.0	0
100	-70	0	123.0	0
100	-65	0	123.0	0
100	-60	0	123.0	0
100	-55	68.0	123.0	1
100	-50	0	124.0	0
100	-45	0	124.0	0
100	-40	0	124.0	0
100	-35	0	123.0	0
100	-30	0	123.0	0
100	-25	0	122.0	0
100	-20	0	122.0	0
100	-15	0	121.0	0
100	-10	0	120.0	0
100	-5	0	120.0	0
100	0	0	120.0	0
100	5	0	119.0	0
100	10	0	118.0	0
100	15	0	118.0	0
100	20	0	117.0	0
100	25	0	116.0	0
100	30	0	115.0	0
100	35	0	114.0	0
100	40	0	114.0	0
100	45	0	113.0	0
100	50	0	113.0	0
100	55	0	113.0	0
100	60	0	113.0	0
100	65	0	112.0	0
100	70	0	111.0	0
100	75	0	111.0	0
100	80	0	111.0	0
100	85	0	112.0	0
100	90	0	112.0	0
100	95	0	111.0	0
100	100	0	111.0	0
100	105	0	111.0	0
100	110	0	111.0	0
100	115	0	112.0	0
100	120	0	113.0	0
100	125	0	113.0	0
100	130	0	113.0	0
100	135	0	113.0	0
100	140	0	113.0	0
100	145	0	113.0	0
100	150	0	113.0	0
100	155	0	113.0	0
100	160	0	113.0	0
100	165	0	114.0	0
100	170	0	114.0	0
100	175	0	114.0	0
105	-180	0	113.0	0
105	-175	0	114.0	0
105	-170	0	114.0	0
105	-165	0	113.0	0
105	-160	0	115.0	0
105	-155	0	114.0	0
105	-150	0	115.0	0
105	-145	0	116.0	0
105	-140	0	116.0	0
105	-135	100.0	115.0	1
105	-130	0	116.0	0
105	-125	0	117.0	0
105	-120	0	117.0	0
105	-115	0	118.0	0
105	-110	0	119.0	0
105	-105	0	119.0	0
105	-100	0	120.0	0
105	-95	0	120.0	0
105	-90	0	120.0	0
105	-85	0	120.0	0
105	-80	0	120.0	0
105	-75	0	121.0	0
105	-70	0	122.0	0
105	-65	0	122.0	0
105	-60	0	122.0	0
105	-55	0	122.0	0
105	-50	0	123.0	0
105	-45	0	122.0	0
105	-40	0	123.0	0
105	-35	0	122.0	0
105	-30	0	121.0	0
105	-25	0	121.0	0
105	-20	0	121.0	0
105	-15	0	121.0	0
105	-10	0	119.0	0
105	-5	0	119.0	0
105	0	0	118.0	0
105	5	0	118.0	0
105	10	0	117.0	0
105	15	0	116.0	0
105	20	0	116.0	0
105	25	0	115.0	0
105	30	0	115.0	0
105	35	0	114.0	0
105	40	0	114.0	0
105	45	0	113.0	0
105	50	0	112.0	0
105	55	0	113.0	0
105	60	0	113.0	0
105	65	0	113.0	0
105	70	0	112.0	0
105	75	0	113.0	0
105	80	0	112.0	0
105	85	0	112.0	0
105	90	0	112.0	0
105	95	0	111.0	0
105	100	0	111.0	0
105	105	0	111.0	0
105	110	0	111.0	0
105	115	0	113.0	0
105	120	0	113.0	0
105	125	0	113.0	0
105	130	0	112.0	0
105	135	0	112.0	0
105	140	0	113.0	0
105	145	0	113.0	0
105	150	0	113.0	0
105	155	76.0	113.0	1
105	160	0	114.0	0
105	165	0	114.0	0
105	170	0	113.0	0
105	175	0	114.0	0
110	-180	0	114.0	0
110	-175	0	114.0	0
110	-170	0	114.0	0
110	-165	0	114.0	0
110	-160	0	115.0	0
110	-155	0	114.0	0
110	-150	0	115.0	0
110	-145	0	116.0	0
110	-140	0	116.0	0
110	-135	0	115.0	0
110	-130	0	116.0	0
110	-125	0	117.0	0
110	-120	0	117.0	0
110	-115	0	118.0	0
110	-110	0	119.0	0
110	-105	0	120.0	0
110	-100	0	120.0	0
110	-95	0	120.0	0
110	-90	0	121.0	0
110	-85	0	120.0	0
110	-80	0	121.0	0
110	-75	0	121.0	0
110	-70	0	122.0	0
110	-65	0	122.0	0
110	-60	0	122.0	0
110	-55	0	122.0	0
110	-50	0	123.0	0
110	-45	0	122.0	0
110	-40	0	121.0	0
110	-35	0	122.0	0
110	-30	0	121.0	0
110	-25	0	121.0	0
110	-20	0	121.0	0
110	-15	0	120.0	0
110	-10	0	120.0	0
110	-5	0	119.0	0
110	0	0	119.0	0
110	5	0	118.0	0
110	10	0	117.0	0
110	15	0	117.0	0
110	20	0	116.0	0
110	25	0	116.0	0
110	30	0	115.0	0
110	35	0	114.0	0
110	40	0	114.0	0
110	45	0	114.0	0
110	50	0	113.0	0
110	55	0	113.0	0
110	60	0	113.0	0
110	65	0	112.0	0
110	70	0	112.0	0
110	75	0	112.0	0
110	80	0	113.0	0
110	85	0	112.0	0
110	90	0	113.0	0
110	95	0	113.0	0
110	100	0	112.0	0
110	105	0	112.0	0
110	110	0	112.0	0
110	115	0	113.0	0
110	120	0	112.0	0
110	125	0	114.0	0
110	130	0	113.0	0
110	135	0	113.0	0
110	140	0	114.0	0
110	145	0	113.0	0
110	150	0	113.0	0
110	155	0	112.0	0
110	160	0	114.0	0
110	165	0	114.0	0
110	170	0	113.0	0
110	175	0	114.0	0
115	-180	0	112.0	0
115	-175	0	113.0	0
115	-170	0	113.0	0
115	-165	0	114.0	0
115	-160	0	112.0	0
115	-155	0	113.0	0
115	-150	0	113.0	0
115	-145	0	114.0	0
115	-140	0	115.0	0
115	-135	0	114.0	0
115	-130	0	115.0	0
115	-125	0	115.0	0
115	-120	0	116.0	0
115	-115	0	116.0	0
115	-110	0	117.0	0
115	-105	0	117.0	0
115	-100	0	116.0	0
115	-95	0	117.0	0
115	-90	0	118.0	0
115	-85	0	118.0	0
115	-80	0	119.0	0
115	-75	0	119.0	0
115	-70	0	119.0	0
115	-65	0	120.0	0
115	-60	0	120.0	0
115	-55	0	119.0	0
115	-50	0	120.0	0
115	-45	0	119.0	0
115	-40	0	120.0	0
115	-35	0	121.0	0
115	-30	0	119.0	0
115	-25	0	119.0	0
115	-20	0	119.0	0
115	-15	0	119.0	0
115	-10	0	118.0	0
115	-5	0	118.0	0
115	0	0	117.0	0
115	5	0	117.0	0
115	10	0	116.0	0
115	15	0	115.0	0
115	20	0	114.0	0
115	25	0	114.0	0
115	30	0	112.0	0
115	35	0	112.0	0
115	40	0	111.0	0
115	45	0	112.0	0
115	50	0	111.0	0
115	55	0	110.0	0
115	60	0	111.0	0
115	65	0	112.0	0
115	70	0	110.0	0
115	75	0	111.0	0
115	80	0	112.0	0
115	85	0	110.0	0
115	90	0	111.0	0
115	95	0	111.0	0
115	100	0	110.0	0
115	105	0	110.0	0
115	110	0	110.0	0
115	115	0	110.0	0
115	120	0	111.0	0
115	125	0	112.0	0
115	130	0	111.0	0
115	135	0	111.0	0
115	140	0	112.0	0
115	145	0	112.0	0
115	150	0	112.0	0
115	155	0	112.0	0
115	160	0	112.0	0
115	165	0	112.0	0
115	170	0	113.0	0
115	175	0	112.0	0
120	-180	0	112.0	0
120	-175	0	113.0	0
120	-170	0	113.0	0
120	-165	0	114.0	0
120	-160	0	115.0	0
120	-155	0	114.0	0
120	-150	0	114.0	0
120	-145	0	116.0	0
120	-140	0	115.0	0
120	-135	0	116.0	0
120	-130	0	116.0	0
120	-125	0	117.0	0
120	-120	0	117.0	0
120	-115	0	117.0	0
120	-110	0	117.0	0
120	-105	0	118.0	0
120	-100	0	118.0	0
120	-95	0	118.0	0
120	-90	0	119.0	0
120	-85	0	119.0	0
120	-80	0	120.0	0
120	-75	0	118.0	0
120	-70	0	121.0	0
120	-65	0	120.0	0
120	-60	0	120.0	0
120	-55	0	121.0	0
120	-50	0	120.0	0
120	-45	0	120.0	0
120	-40	0	120.0	0
120	-35	0	120.0	0
120	-30	0	120.0	0
120	-25	0	118.0	0
120	-20	0	119.0	0
120	-15	0	118.0	0
120	-10	0	119.0	0
120	-5	0	118.0	0
120	0	0	117.0	0
120	5	0	115.0	0
120	10	0	115.0	0
120	15	0	115.0	0
120	20	0	115.0	0
120	25	0	115.0	0
120	30	0	114.0	0
120	35	0	113.0	0
120	40	0	113.0	0
120	45	0	113.0	0
120	50	0	112.0	0
120	55	0	112.0	0
120	60	0	112.0	0
120	65	0	113.0	0
120	70	0	112.0	0
120	75	0	113.0	0
120	80	0	112.0	0
120	85	0	111.0	0
120	90	0	112.0	0
120	95	0	111.0	0
120	100	0	112.0	0
120	105	0	111.0	0
120	110	0	112.0	0
120	115	0	112.0	0
120	120	0	111.0	0
120	125	0	112.0	0
120	130	0	112.0	0
120	135	0	112.0	0
120	140	0	112.0	0
120	145	0	112.0	0
120	150	0	112.0	0
120	155	0	112.0	0
120	160	0	112.0	0
120	165	0	113.0	0
120	170	0	112.0	0
120	175	0	113.0	0
125	-180	0	112.0	0
125	-175	0	113.0	0
125	-170	0	113.0	0
125	-165	0	113.0	0
125	-160	0	115.0	0
125	-155	0	114.0	0
125	-150	0	115.0	0
125	-145	0	115.0	0
125	-140	0	115.0	0
125	-135	0	116.0	0
125	-130	0	116.0	0
125	-125	0	116.0	0
125	-120	0	116.0	0
125	-115	0	116.0	0
125	-110	0	117.0	0
125	-105	0	118.0	0
125	-100	0	118.0	0
125	-95	0	117.0	0
125	-90	0	119.0	0
125	-85	0	119.0	0
125	-80	0	119.0	0
125	-75	0	119.0	0
125	-70	0	120.0	0
125	-65	0	120.0	0
125	-60	0	120.0	0
125	-55	0	121.0	0
125	-50	0	119.0	0
125	-45	0	120.0	0
125	-40	0	120.0	0
125	-35	0	120.0	0
125	-30	0	119.0	0
125	-25	0	119.0	0
125	-20	0	118.0	0
125	-15	0	118.0	0
125	-10	0	118.0	0
125	-5	0	118.0	0
125	0	0	116.0	0
125	5	0	115.0	0
125	10	0	115.0	0
125	15	0	115.0	0
125	20	0	115.0	0
125	25	0	113.0	0
125	30	0	114.0	0
125	35	0	114.0	0
125	40	0	113.0	0
125	45	0	113.0	0
125	50	0	113.0	0
125	55	0	112.0	0
125	60	0	113.0	0
125	65	0	113.0	0
125	70	0	112.0	0
125	75	0	112.0	0
125	80	0	113.0	0
125	85	0	111.0	0
125	90	0	112.0	0
125	95	0	112.0	0
125	100	0	111.0	0
125	105	0	111.0	0
125	110	0	112.0	0
125	115	0	111.0	0
125	120	0	111.0	0
125	125	0	112.0	0
125	130	0	112.0	0
125	135	0	112.0	0
125	140	0	112.0	0
125	145	0	112.0	0
125	150	0	113.0	0
125	155	0	112.0	0
125	160	0	113.0	0
125	165	0	113.0	0
125	170	0	112.0	0
125	175	0	112.0	0
130	-180	0	113.0	0
130	-175	0	112.0	0
130	-170	0	112.0	0
130	-165	0	113.0	0
130	-160	0	112.0	0
130	-155	0	114.0	0
130	-150	84.0	113.0	1
130	-145	0	114.0	0
130	-140	0	114.0	0
130	-135	0	114.0	0
130	-130	0	116.0	0
130	-125	0	115.0	0
130	-120	0	115.0	0
130	-115	0	115.0	0
130	-110	0	116.0	0
130	-105	0	118.0	0
130	-100	0	118.0	0
130	-95	0	117.0	0
130	-90	0	118.0	0
130	-85	0	117.0	0
130	-80	0	118.0	0
130	-75	0	118.0	0
130	-70	0	118.0	0
130	-65	0	118.0	0
130	-60	0	118.0	0
130	-55	0	118.0	0
130	-50	0	118.0	0
130	-45	0	117.0	0
130	-40	0	119.0	0
130	-35	0	118.0	0
130	-30	0	118.0	0
130	-25	0	117.0	0
130	-20	0	117.0	0
130	-15	0	116.0	0
130	-10	0	115.0	0
130	-5	0	115.0	0
130	0	0	115.0	0
130	5	0	115.0	0
130	10	0	114.0	0
130	15	0	113.0	0
130	20	0	113.0	0
130	25	0	113.0	0
130	30	0	112.0	0
130	35	0	112.0	0
130	40	0	113.0	0
130	45	0	112.0	0
130	50	0	111.0	0
130	55	0	112.0	0
130	60	0	111.0	0
130	65	0	112.0	0
130	70	0	111.0	0
130	75	0	112.0	0
130	80	0	110.0	0
130	85	0	110.0	0
130	90	0	111.0	0
130	95	0	111.0	0
130	100	0	111.0	0
130	105	0	111.0	0
130	110	0	110.0	0
130	115	0	110.0	0
130	120	0	110.0	0
130	125	0	111.0	0
130	130	0	112.0	0
130	135	0	112.0	0
130	140	0	111.0	0
130	145	0	111.0	0
130	150	0	112.0	0
130	155	0	112.0	0
130	160	0	112.0	0
130	165	0	111.0	0
130	170	0	112.0	0
130	175	0	113.0	0
135	-180	0	113.0	0
135	-175	0	111.0	0
135	-170	0	113.0	0
135	-165	0	113.0	0
135	-160	0	113.0	0
135	-155	0	114.0	0
135	-150	0	114.0	0
135	-145	0	115.0	0
135	-140	0	115.0	0
135	-135	0	117.0	0
135	-130	0	116.0	0
135	-125	0	116.0	0
135	-120	0	116.0	0
135	-115	0	116.0	0
135	-110	0	117.0	0
135	-105	0	117.0	0
135	-100	0	117.0	0
135	-95	0	118.0	0
135	-90	0	118.0	0
135	-85	0	118.0	0
135	-80	0	119.0	0
135	-75	0	118.0	0
135	-70	0	118.0	0
135	-65	0	118.0	0
135	-60	0	118.0	0
135	-55	0	118.0	0
135	-50	0	118.0	0
135	-45	0	118.0	0
135	-40	0	119.0	0
135	-35	0	119.0	0
135	-30	0	118.0	0
135	-25	0	118.0	0
135	-20	0	117.0	0
135	-15	0	117.0	0
135	-10	0	115.0	0
135	-5	0	115.0	0
135	0	0	115.0	0
135	5	0	114.0	0
135	10	0	114.0	0
135	15	0	113.0	0
135	20	0	114.0	0
135	25	0	113.0	0
135	30	0	114.0	0
135	35	0	113.0	0
135	40	0	113.0	0
135	45	0	113.0	0
135	50	0	112.0	0
135	55	0	113.0	0
135	60	0	112.0	0
135	65	0	112.0	0
135	70	0	112.0	0
135	75	0	112.0	0
135	80	0	111.0	0
135	85	0	112.0	0
135	90	0	112.0	0
135	95	0	112.0	0
135	100	0	112.0	0
135	105	0	111.0	0
135	110	0	111.0	0
135	115	0	111.0	0
135	120	0	111.0	0
135	125	0	112.0	0
135	130	0	112.0	0
135	135	0	112.0	0
135	140	0	113.0	0
135	145	0	111.0	0
135	150	0	113.0	0
135	155	0	112.0	0
135	160	0	113.0	0
135	165	0	112.0	0
135	170	0	112.0	0
135	175	0	113.0	0
140	-180	0	113.0	0
140	-175	0	114.0	0
140	-170	0	113.0	0
140	-165	0	115.0	0
140	-160	0	114.0	0
140	-155	0	115.0	0
140	-150	0	115.0	0
140	-145	0	115.0	0
140	-140	0	117.0	0
140	-135	0	117.0	0
140	-130	0	116.0	0
140	-125	0	117.0	0
140	-120	0	116.0	0
140	-115	0	116.0	0
140	-110	0	116.0	0
140	-105	0	116.0	0
140	-100	0	117.0	0
140	-95	0	117.0	0
140	-90	0	117.0	0
140	-85	0	117.0	0
140	-80	0	118.0	0
140	-75	0	117.0	0
140	-70	0	117.0	0
140	-65	0	118.0	0
140	-60	0	118.0	0
140	-55	0	116.0	0
140	-50	0	118.0	0
140	-45	0	117.0	0
140	-40	0	117.0	0
140	-35	0	118.0	0
140	-30	0	118.0	0
140	-25	0	117.0	0
140	-20	0	117.0	0
140	-15	0	117.0	0
140	-10	0	116.0	0
140	-5	0	114.0	0
140	0	0	114.0	0
140	5	0	113.0	0
140	10	96.0	114.0	1
140	15	0	114.0	0
140	20	0	115.0	0
140	25	0	113.0	0
140	30	0	114.0	0
140	35	0	113.0	0
140	40	0	113.0	0
140	45	0	113.0	0
140	50	0	112.0	0
140	55	0	112.0	0
140	60	0	112.0	0
140	65	0	113.0	0
140	70	0	111.0	0
140	75	0	111.0	0
140	80	0	111.0	0
140	85	0	111.0	0
140	90	0	110.0	0
140	95	0	110.0	0
140	100	0	111.0	0
140	105	0	111.0	0
140	110	0	111.0	0
140	115	0	111.0	0
140	120	0	111.0	0
140	125	0	110.0	0
140	130	0	111.0	0
140	135	0	112.0	0
140	140	0	112.0	0
140	145	0	112.0	0
140	150	0	112.0	0
140	155	0	114.0	0
140	160	0	114.0	0
140	165	0	113.0	0
140	170	0	114.0	0
140	175	0	113.0	0
145	-180	0	112.0	0
145	-175	0	112.0	0
145	-170	0	112.0	0
145	-165	0	112.0	0
145	-160	0	113.0	0
145	-155	0	113.0	0
145	-150	0	114.0	0
145	-145	0	114.0	0
145	-140	0	114.0	0
145	-135	0	114.0	0
145	-130	0	115.0	0
145	-125	0	115.0	0
145	-120	0	115.0	0
145	-115	0	116.0	0
145	-110	0	116.0	0
145	-105	0	116.0	0
145	-100	0	116.0	0
145	-95	0	116.0	0
145	-90	0	118.0	0
145	-85	0	116.0	0
145	-80	0	118.0	0
145	-75	0	118.0	0
145	-70	0	118.0	0
145	-65	0	117.0	0
145	-60	0	118.0	0
145	-55	1.0	118.0	1
145	-50	0	118.0	0
145	-45	0	118.0	0
145	-40	0	116.0	0
145	-35	0	117.0	0
145	-30	0	116.0	0
145	-25	0	115.0	0
145	-20	0	115.0	0
145	-15	0	114.0	0
145	-10	0	113.0	0
145	-5	0	113.0	0
145	0	0	114.0	0
145	5	0	114.0	0
145	10	0	113.0	0
145	15	0	113.0	0
145	20	0	113.0	0
145	25	0	112.0	0
145	30	0	114.0	0
145	35	0	113.0	0
145	40	0	111.0	0
145	45	0	112.0	0
145	50	0	111.0	0
145	55	0	112.0	0
145	60	0	112.0	0
145	65	0	111.0	0
145	70	0	111.0	0
145	75	0	111.0	0
145	80	0	111.0	0
145	85	0	112.0	0
145	90	0	112.0	0
145	95	0	111.0	0
145	100	0	110.0	0
145	105	0	112.0	0
145	110	0	112.0	0
145	115	0	112.0	0
145	120	0	112.0	0
145	125	0	111.0	0
145	130	0	111.0	0
145	135	0	111.0	0
145	140	0	112.0	0
145	145	0	112.0	0
145	150	0	112.0	0
145	155	0	112.0	0
145	160	0	111.0	0
145	165	0	113.0	0
145	170	0	112.0	0
145	175	0	112.0	0
150	-180	0	114.0	0
150	-175	0	114.0	0
150	-170	0	113.0	0
150	-165	0	113.0	0
150	-160	0	114.0	0
150	-155	0	113.0	0
150	-150	0	113.0	0
150	-145	0	114.0	0
150	-140	0	115.0	0
150	-135	0	115.0	0
150	-130	0	116.0	0
150	-125	0	116.0	0
150	-120	0	115.0	0
150	-115	0	116.0	0
150	-110	0	117.0	0
150	-105	0	116.0	0
150	-100	0	116.0	0
150	-95	0	116.0	0
150	-90	0	116.0	0
150	-85	0	116.0	0
150	-80	0	117.0	0
150	-75	0	117.0	0
150	-70	0	117.0	0
150	-65	0	118.0	0
150	-60	0	117.0	0
150	-55	0	118.0	0
150	-50	0	118.0	0
150	-45	0	118.0	0
150	-40	0	118.0	0
150	-35	0	118.0	0
150	-30	0	118.0	0
150	-25	0	117.0	0
150	-20	0	117.0	0
150	-15	0	116.0	0
150	-10	0	115.0	0
150	-5	0	115.0	0
150	0	0	115.0	0
150	5	0	114.0	0
150	10	0	115.0	0
150	15	0	114.0	0
150	20	0	113.0	0
150	25	0	114.0	0
150	30	0	114.0	0
150	35	0	113.0	0
150	40	0	113.0	0
150	45	0	113.0	0
150	50	0	113.0	0
150	55	0	112.0	0
150	60	0	111.0	0
150	65	0	112.0	0
150	70	0	112.0	0
150	75	0	111.0	0
150	80	0	111.0	0
150	85	0	111.0	0
150	90	0	111.0	0
150	95	0	111.0	0
150	100	0	111.0	0
150	105	0	111.0	0
150	110	0	111.0	0
150	115	0	112.0	0
150	120	0	111.0	0
150	125	0	112.0	0
150	130	0	112.0	0
150	135	0	112.0	0
150	140	0	113.0	0
150	145	0	113.0	0
150	150	0	113.0	0
150	155	0	111.0	0
150	160	0	113.0	0
150	165	0	113.0	0
150	170	0	112.0	0
150	175	0	114.0	0
155	-180	0	112.0	0
155	-175	0	112.0	0
155	-170	0	113.0	0
155	-165	0	113.0	0
155	-160	0	112.0	0
155	-155	0	114.0	0
155	-150	0	114.0	0
155	-145	0	115.0	0
155	-140	0	115.0	0
155	-135	0	116.0	0
155	-130	0	116.0	0
155	-125	0	116.0	0
155	-120	0	115.0	0
155	-115	0	116.0	0
155	-110	0	116.0	0
155	-105	0	116.0	0
155	-100	0	117.0	0
155	-95	0	116.0	0
155	-90	0	117.0	0
155	-85	0	116.0	0
155	-80	0	117.0	0
155	-75	0	116.0	0
155	-70	0	117.0	0
155	-65	0	117.0	0
155	-60	0	115.0	0
155	-55	0	117.0	0
155	-50	0	117.0	0
155	-45	0	116.0	0
155	-40	0	116.0	0
155	-35	0	116.0	0
155	-30	0	116.0	0
155	-25	0	115.0	0
155	-20	0	115.0	0
155	-15	0	115.0	0
155	-10	0	114.0	0
155	-5	0	115.0	0
155	0	0	114.0	0
155	5	0	114.0	0
155	10	0	112.0	0
155	15	0	114.0	0
155	20	0	113.0	0
155	25	0	113.0	0
155	30	0	113.0	0
155	35	0	114.0	0
155	40	0	112.0	0
155	45	0	113.0	0
155	50	0	113.0	0
155	55	0	112.0	0
155	60	0	112.0	0
155	65	0	113.0	0
155	70	0	111.0	0
155	75	0	111.0	0
155	80	0	112.0	0
155	85	0	111.0	0
155	90	0	111.0	0
155	95	0	111.0	0
155	100	0	110.0	0
155	105	0	112.0	0
155	110	0	111.0	0
155	115	0	111.0	0
155	120	0	110.0	0
155	125	0	110.0	0
155	130	0	111.0	0
155	135	0	112.0	0
155	140	0	111.0	0
155	145	0	111.0	0
155	150	0	112.0	0
155	155	0	112.0	0
155	160	0	112.0	0
155	165	0	112.0	0
155	170	0	112.0	0
155	175	0	111.0	0
160	-180	0	113.0	0
160	-175	0	114.0	0
160	-170	0	113.0	0
160	-165	0	114.0	0
160	-160	0	113.0	0
160	-155	0	115.0	0
160	-150	0	115.0	0
160	-145	0	115.0	0
160	-140	0	116.0	0
160	-135	0	116.0	0
160	-130	0	116.0	0
160	-125	0	114.0	0
160	-120	0	115.0	0
160	-115	0	115.0	0
160	-110	0	116.0	0
160	-105	0	116.0	0
160	-100	0	116.0	0
160	-95	0	116.0	0
160	-90	0	117.0	0
160	-85	0	117.0	0
160	-80	0	117.0	0
160	-75	0	117.0	0
160	-70	0	117.0	0
160	-65	0	117.0	0
160	-60	0	117.0	0
160	-55	0	118.0	0
160	-50	0	118.0	0
160	-45	0	117.0	0
160	-40	0	116.0	0
160	-35	0	116.0	0
160	-30	0	117.0	0
160	-25	0	116.0	0
160	-20	0	116.0	0
160	-15	0	116.0	0
160	-10	0	115.0	0
160	-5	0	115.0	0
160	0	0	114.0	0
160	5	0	114.0	0
160	10	0	114.0	0
160	15	0	114.0	0
160	20	0	113.0	0
160	25	0	113.0	0
160	30	0	114.0	0
160	35	0	113.0	0
160	40	0	113.0	0
160	45	0	113.0	0
160	50	0	113.0	0
160	55	0	112.0	0
160	60	0	112.0	0
160	65	0	112.0	0
160	70	0	112.0	0
160	75	0	112.0	0
160	80	0	112.0	0
160	85	0	111.0	0
160	90	0	111.0	0
160	95	0	112.0	0
160	100	0	112.0	0
160	105	0	112.0	0
160	110	0	111.0	0
160	115	0	112.0	0
160	120	0	112.0	0
160	125	0	113.0	0
160	130	0	113.0	0
160	135	0	112.0	0
160	140	0	112.0	0
160	145	0	112.0	0
160	150	0	113.0	0
160	155	0	113.0	0
160	160	0	113.0	0
160	165	0	113.0	0
160	170	0	113.0	0
160	175	0	113.0	0
165	-180	0	112.0	0
165	-175	0	113.0	0
165	-170	0	113.0	0
165	-165	0	114.0	0
165	-160	0	114.0	0
165	-155	0	114.0	0
165	-150	0	115.0	0
165	-145	0	115.0	0
165	-140	0	116.0	0
165	-135	0	116.0	0
165	-130	0	116.0	0
165	-125	0	117.0	0
165	-120	0	115.0	0
165	-115	0	118.0	0
165	-110	0	118.0	0
165	-105	0	118.0	0
165	-100	0	118.0	0
165	-95	0	117.0	0
165	-90	0	118.0	0
165	-85	0	118.0	0
165	-80	0	118.0	0
165	-75	0	118.0	0
165	-70	0	117.0	0
165	-65	0	117.0	0
165	-60	0	117.0	0
165	-55	0	117.0	0
165	-50	0	117.0	0
165	-45	0	117.0	0
165	-40	0	117.0	0
165	-35	0	117.0	0
165	-30	0	116.0	0
165	-25	0	116.0	0
165	-20	0	116.0	0
165	-15	0	115.0	0
165	-10	0	114.0	0
165	-5	0	115.0	0
165	0	0	113.0	0
165	5	0	115.0	0
165	10	0	115.0	0
165	15	0	114.0	0
165	20	0	115.0	0
165	25	0	114.0	0
165	30	0	114.0	0
165	35	0	113.0	0
165	40	0	114.0	0
165	45	0	112.0	0
165	50	0	112.0	0
165	55	0	113.0	0
165	60	0	113.0	0
165	65	0	113.0	0
165	70	0	113.0	0
165	75	0	112.0	0
165	80	0	112.0	0
165	85	0	113.0	0
165	90	0	113.0	0
165	95	14.0	112.0	1
165	100	0	112.0	0
165	105	0	111.0	0
165	110	0	111.0	0
165	115	0	112.0	0
165	120	0	112.0	0
165	125	0	112.0	0
165	130	0	112.0	0
165	135	0	113.0	0
165	140	0	112.0	0
165	145	0	112.0	0
165	150	0	112.0	0
165	155	0	113.0	0
165	160	0	112.0	0
165	165	0	113.0	0
165	170	0	113.0	0
165	175	0	114.0	0
170	-180	0	113.0	0
170	-175	0	113.0	0
170	-170	0	114.0	0
170	-165	0	114.0	0
170	-160	0	115.0	0
170	-155	0	115.0	0
170	-150	0	114.0	0
170	-145	0	115.0	0
170	-140	0	116.0	0
170	-135	0	118.0	0
170	-130	0	117.0	0
170	-125	0	117.0	0
170	-120	0	117.0	0
170	-115	0	117.0	0
170	-110	0	117.0	0
170	-105	0	117.0	0
170	-100	0	117.0	0
170	-95	0	117.0	0
170	-90	0	118.0	0
170	-85	0	118.0	0
170	-80	0	118.0	0
170	-75	0	118.0	0
170	-70	0	117.0	0
170	-65	0	118.0	0
170	-60	0	117.0	0
170	-55	0	117.0	0
170	-50	0	117.0	0
170	-45	0	116.0	0
170	-40	0	116.0	0
170	-35	0	116.0	0
170	-30	0	116.0	0
170	-25	0	116.0	0
170	-20	0	115.0	0
170	-15	0	115.0	0
170	-10	0	115.0	0
170	-5	45.0	115.0	1
170	0	0	115.0	0
170	5	0	114.0	0
170	10	0	114.0	0
170	15	0	114.0	0
170	20	0	114.0	0
170	25	0	112.0	0
170	30	0	113.0	0
170	35	0	113.0	0
170	40	0	114.0	0
170	45	0	114.0	0
170	50	0	114.0	0
170	55	0	113.0	0
170	60	0	112.0	0
170	65	0	112.0	0
170	70	0	113.0	0
170	75	0	113.0	0
170	80	0	113.0	0
170	85	0	113.0	0
170	90	0	112.0	0
170	95	0	111.0	0
170	100	0	112.0	0
170	105	0	112.0	0
170	110	0	112.0	0
170	115	0	112.0	0
170	120	0	112.0	0
170	125	0	112.0	0
170	130	0	112.0	0
170	135	0	112.0	0
170	140	15.0	111.0	1
170	145	0	112.0	0
170	150	0	112.0	0
170	155	0	112.0	0
170	160	0	112.0	0
170	165	0	112.0	0
170	170	0	113.0	0
170	175	5.0	114.0	1
175	-180	49.0	112.0	1
175	-175	0	112.0	0
175	-170	0	113.0	0
175	-165	0	113.0	0
175	-160	0	114.0	0
175	-155	0	115.0	0
175	-150	0	115.0	0
175	-145	0	115.0	0
175	-140	0	116.0	0
175	-135	0	116.0	0
175	-130	0	116.0	0
175	-125	0	116.0	0
175	-120	0	116.0	0
175	-115	0	117.0	0
175	-110	0	117.0	0
175	-105	0	116.0	0
175	-100	0	117.0	0
175	-95	0	118.0	0
175	-90	0	118.0	0
175	-85	0	119.0	0
175	-80	0	117.0	0
175	-75	0	117.0	0
175	-70	0	117.0	0
175	-65	0	117.0	0
175	-60	0	116.0	0
175	-55	0	117.0	0
175	-50	0	116.0	0
175	-45	0	116.0	0
175	-40	0	116.0	0
175	-35	0	116.0	0
175	-30	0	116.0	0
175	-25	0	115.0	0
175	-20	0	114.0	0
175	-15	0	115.0	0
175	-10	0	114.0	0
175	-5	0	115.0	0
175	0	0	114.0	0
175	5	0	114.0	0
175	10	0	115.0	0
175	15	0	112.0	0
175	20	0	114.0	0
175	25	0	113.0	0
175	30	0	113.0	0
175	35	0	112.0	0
175	40	0	113.0	0
175	45	0	113.0	0
175	50	0	113.0	0
175	55	0	113.0	0
175	60	0	113.0	0
175	65	0	113.0	0
175	70	0	113.0	0
175	75	0	113.0	0
175	80	0	113.0	0
175	85	0	113.0	0
175	90	0	113.0	0
175	95	0	112.0	0
175	100	0	112.0	0
175	105	0	110.0	0
175	110	0	111.0	0
175	115	0	111.0	0
175	120	0	111.0	0
175	125	0	111.0	0
175	130	1.0	111.0	1
175	135	0	112.0	0
175	140	0	111.0	0
175	145	0	111.0	0
175	150	0	111.0	0
175	155	89.0	111.0	2
175	160	36.0	112.0	3
175	165	0	112.0	0
175	170	5.0	112.0	1
175	175	0	112.0	0
