Phi	Psi	max_obs_SA	max_theo_SA	obs_bin_pop
-180	-180	0	144.0	0
-180	-175	0	144.0	0
-180	-170	0	144.0	0
-180	-165	0	143.0	0
-180	-160	0	144.0	1
-180	-155	0	146.0	0
-180	-150	0	146.0	0
-180	-145	0	147.0	0
-180	-140	0	146.0	0
-180	-135	0	147.0	0
-180	-130	0	148.0	0
-180	-125	0	148.0	0
-180	-120	0	149.0	0
-180	-115	0	148.0	0
-180	-110	0	149.0	0
-180	-105	0	149.0	0
-180	-100	0	150.0	0
-180	-95	0	148.0	0
-180	-90	0	149.0	0
-180	-85	0	148.0	0
-180	-80	0	150.0	0
-180	-75	0	148.0	0
-180	-70	0	147.0	0
-180	-65	0	148.0	0
-180	-60	0	148.0	0
-180	-55	0	148.0	0
-180	-50	0	148.0	0
-180	-45	0	148.0	0
-180	-40	0	147.0	0
-180	-35	0	147.0	0
-180	-30	0	147.0	0
-180	-25	0	146.0	0
-180	-20	0	147.0	0
-180	-15	0	146.0	0
-180	-10	0	145.0	0
-180	-5	0	145.0	0
-180	0	0	145.0	0
-180	5	0	145.0	0
-180	10	0	145.0	0
-180	15	0	144.0	0
-180	20	0	144.0	0
-180	25	0	143.0	0
-180	30	0	145.0	0
-180	35	0	143.0	0
-180	40	0	145.0	0
-180	45	0	144.0	0
-180	50	0	144.0	0
-180	55	0	143.0	0
-180	60	0	144.0	0
-180	65	0	144.0	0
-180	70	0	142.0	0
-180	75	0	143.0	0
-180	80	0	143.0	0
-180	85	0	144.0	0
-180	90	0	144.0	0
-180	95	0	144.0	0
-180	100	0	142.0	0
-180	105	0	142.0	0
-180	110	0	141.0	0
-180	115	0	141.0	0
-180	120	0	143.0	0
-180	125	39.0	142.0	2
-180	130	0	142.0	0
-180	135	0	142.0	0
-180	140	0	143.0	0
-180	145	0	144.0	0
-180	150	0	144.0	0
-180	155	0	143.0	0
-180	160	0	143.0	0
-180	165	27.0	144.0	1
-180	170	2.0	144.0	1
-180	175	4.0	144.0	1
-175	-180	28.0	142.0	3
-175	-175	0	141.0	0
-175	-170	0	143.0	0
-175	-165	0	142.0	0
-175	-160	0	143.0	0
-175	-155	0	143.0	0
-175	-150	0	145.0	0
-175	-145	0	146.0	0
-175	-140	0	147.0	0
-175	-135	0	147.0	0
-175	-130	0	147.0	0
-175	-125	0	148.0	0
-175	-120	0	146.0	0
-175	-115	0	147.0	0
-175	-110	0	147.0	0
-175	-105	0	147.0	0
-175	-100	0	148.0	0
-175	-95	0	147.0	0
-175	-90	0	146.0	0
-175	-85	0	147.0	0
-175	-80	0	146.0	0
-175	-75	0	145.0	0
-175	-70	0	147.0	0
-175	-65	0	146.0	0
-175	-60	0	145.0	0
-175	-55	0	146.0	0
-175	-50	0	145.0	0
-175	-45	0	147.0	0
-175	-40	0	145.0	0
-175	-35	0	147.0	0
-175	-30	0	145.0	0
-175	-25	0	144.0	0
-175	-20	0	145.0	0
-175	-15	0	144.0	0
-175	-10	0	145.0	0
-175	-5	0	147.0	0
-175	0	0	143.0	0
-175	5	0	143.0	0
-175	10	0	143.0	0
-175	15	0	142.0	0
-175	20	0	144.0	0
-175	25	0	143.0	0
-175	30	0	142.0	0
-175	35	0	140.0	0
-175	40	0	141.0	0
-175	45	0	141.0	0
-175	50	0	140.0	0
-175	55	0	140.0	0
-175	60	0	140.0	0
-175	65	0	141.0	0
-175	70	0	141.0	0
-175	75	0	141.0	0
-175	80	0	141.0	0
-175	85	0	140.0	0
-175	90	0	141.0	0
-175	95	0	140.0	0
-175	100	0	141.0	0
-175	105	0	141.0	0
-175	110	0	139.0	0
-175	115	0	140.0	0
-175	120	0	140.0	0
-175	125	0	141.0	0
-175	130	0	141.0	0
-175	135	0	141.0	0
-175	140	5.0	141.0	1
-175	145	0	141.0	0
-175	150	0	143.0	0
-175	155	0	142.0	0
-175	160	0	142.0	1
-175	165	29.0	142.0	1
-175	170	22.0	142.0	3
-175	175	27.0	142.0	1
-170	-180	0	141.0	0
-170	-175	0	143.0	0
-170	-170	16.0	143.0	1
-170	-165	0	145.0	0
-170	-160	0	145.0	0
-170	-155	0	146.0	0
-170	-150	0	147.0	0
-170	-145	0	147.0	0
-170	-140	0	147.0	0
-170	-135	0	147.0	0
-170	-130	0	148.0	0
-170	-125	0	148.0	0
-170	-120	0	148.0	0
-170	-115	0	147.0	0
-170	-110	0	147.0	0
-170	-105	0	148.0	0
-170	-100	0	148.0	0
-170	-95	0	149.0	0
-170	-90	0	148.0	0
-170	-85	0	147.0	0
-170	-80	0	146.0	0
-170	-75	0	146.0	0
-170	-70	0	148.0	0
-170	-65	0	146.0	0
-170	-60	0	147.0	0
-170	-55	0	147.0	0
-170	-50	0	146.0	0
-170	-45	0	146.0	0
-170	-40	0	147.0	0
-170	-35	0	146.0	0
-170	-30	0	145.0	0
-170	-25	0	146.0	0
-170	-20	0	143.0	0
-170	-15	0	145.0	0
-170	-10	0	144.0	0
-170	-5	22.0	143.0	1
-170	0	0	145.0	0
-170	5	0	144.0	0
-170	10	0	144.0	0
-170	15	0	144.0	0
-170	20	0	143.0	0
-170	25	0	143.0	0
-170	30	0	143.0	0
-170	35	0	141.0	0
-170	40	0	143.0	0
-170	45	0	143.0	0
-170	50	0	143.0	0
-170	55	0	141.0	0
-170	60	57.0	141.0	1
-170	65	0	141.0	0
-170	70	0	141.0	0
-170	75	0	141.0	0
-170	80	0	140.0	0
-170	85	0	139.0	0
-170	90	0	142.0	0
-170	95	0	141.0	0
-170	100	0	141.0	0
-170	105	5.0	141.0	1
-170	110	0	141.0	0
-170	115	1.0	140.0	1
-170	120	0	141.0	1
-170	125	9.0	140.0	2
-170	130	0	141.0	0
-170	135	0	141.0	0
-170	140	14.0	142.0	3
-170	145	0	140.0	0
-170	150	0	139.0	1
-170	155	8.0	142.0	6
-170	160	41.0	142.0	10
-170	165	31.0	142.0	9
-170	170	6.0	142.0	1
-170	175	64.0	142.0	5
-165	-180	26.0	146.0	2
-165	-175	0	144.0	2
-165	-170	0	146.0	0
-165	-165	0	145.0	0
-165	-160	0	144.0	0
-165	-155	0	146.0	0
-165	-150	0	146.0	0
-165	-145	0	147.0	0
-165	-140	0	146.0	0
-165	-135	0	148.0	0
-165	-130	0	149.0	0
-165	-125	0	149.0	0
-165	-120	0	150.0	0
-165	-115	0	148.0	0
-165	-110	0	148.0	0
-165	-105	0	147.0	0
-165	-100	0	148.0	0
-165	-95	0	148.0	0
-165	-90	0	149.0	0
-165	-85	0	148.0	0
-165	-80	0	148.0	0
-165	-75	3.0	147.0	1
-165	-70	0	147.0	0
-165	-65	0	148.0	0
-165	-60	0	148.0	0
-165	-55	0	148.0	0
-165	-50	0	148.0	0
-165	-45	0	147.0	0
-165	-40	0	147.0	0
-165	-35	0	147.0	0
-165	-30	0	147.0	0
-165	-25	0	147.0	0
-165	-20	0	146.0	0
-165	-15	0	146.0	0
-165	-10	0	146.0	0
-165	-5	0	146.0	0
-165	0	0	146.0	0
-165	5	0	146.0	0
-165	10	0	145.0	0
-165	15	0	146.0	0
-165	20	0	145.0	0
-165	25	0	144.0	0
-165	30	0	145.0	0
-165	35	0	143.0	0
-165	40	0	143.0	0
-165	45	0	142.0	0
-165	50	0	144.0	0
-165	55	0	144.0	0
-165	60	0	143.0	0
-165	65	3.0	143.0	1
-165	70	23.0	143.0	1
-165	75	96.0	143.0	1
-165	80	0	141.0	0
-165	85	32.0	141.0	1
-165	90	0	142.0	1
-165	95	15.0	141.0	2
-165	100	51.0	142.0	2
-165	105	0	142.0	0
-165	110	11.0	141.0	1
-165	115	18.0	143.0	1
-165	120	13.0	142.0	1
-165	125	7.0	142.0	4
-165	130	32.0	142.0	4
-165	135	29.0	141.0	3
-165	140	8.0	143.0	3
-165	145	0	144.0	1
-165	150	20.0	143.0	8
-165	155	44.0	144.0	7
-165	160	93.0	144.0	13
-165	165	63.0	143.0	24
-165	170	73.0	144.0	15
-165	175	46.0	142.0	4
-160	-180	23.0	142.0	6
-160	-175	8.0	143.0	2
-160	-170	0	142.0	1
-160	-165	0	142.0	0
-160	-160	0	143.0	0
-160	-155	0	144.0	0
-160	-150	0	145.0	0
-160	-145	0	146.0	0
-160	-140	0	148.0	0
-160	-135	0	147.0	0
-160	-130	0	147.0	0
-160	-125	0	147.0	0
-160	-120	0	147.0	0
-160	-115	0	147.0	0
-160	-110	0	146.0	0
-160	-105	0	147.0	0
-160	-100	0	148.0	0
-160	-95	0	148.0	0
-160	-90	28.0	147.0	1
-160	-85	0	147.0	0
-160	-80	0	148.0	0
-160	-75	0	148.0	0
-160	-70	0	148.0	0
-160	-65	0	148.0	0
-160	-60	0	147.0	0
-160	-55	0	147.0	0
-160	-50	0	146.0	0
-160	-45	0	147.0	0
-160	-40	0	144.0	0
-160	-35	0	144.0	0
-160	-30	0	145.0	0
-160	-25	0	146.0	0
-160	-20	0	147.0	0
-160	-15	0	146.0	0
-160	-10	0	144.0	0
-160	-5	0	142.0	0
-160	0	4.0	143.0	1
-160	5	0	141.0	0
-160	10	0	143.0	0
-160	15	0	142.0	1
-160	20	34.0	142.0	2
-160	25	0	140.0	0
-160	30	0	143.0	0
-160	35	0	142.0	0
-160	40	0	141.0	0
-160	45	0	141.0	0
-160	50	0	142.0	0
-160	55	3.0	140.0	1
-160	60	17.0	141.0	2
-160	65	0	140.0	0
-160	70	85.0	140.0	1
-160	75	0	141.0	1
-160	80	49.0	140.0	2
-160	85	3.0	140.0	2
-160	90	0	141.0	0
-160	95	75.0	140.0	2
-160	100	50.0	141.0	4
-160	105	0	140.0	0
-160	110	0	139.0	0
-160	115	26.0	139.0	2
-160	120	26.0	141.0	3
-160	125	2.0	141.0	2
-160	130	11.0	141.0	7
-160	135	27.0	142.0	9
-160	140	15.0	141.0	7
-160	145	20.0	141.0	4
-160	150	63.0	140.0	6
-160	155	46.0	141.0	10
-160	160	42.0	140.0	25
-160	165	50.0	141.0	26
-160	170	51.0	141.0	17
-160	175	33.0	142.0	10
-155	-180	0	142.0	0
-155	-175	26.0	142.0	2
-155	-170	18.0	143.0	1
-155	-165	0	146.0	0
-155	-160	0	143.0	0
-155	-155	0	146.0	0
-155	-150	0	145.0	0
-155	-145	0	145.0	0
-155	-140	0	147.0	0
-155	-135	0	146.0	0
-155	-130	0	147.0	0
-155	-125	0	147.0	0
-155	-120	0	147.0	0
-155	-115	0	148.0	0
-155	-110	0	148.0	0
-155	-105	0	148.0	0
-155	-100	0	147.0	0
-155	-95	0	147.0	0
-155	-90	0	148.0	0
-155	-85	0	146.0	0
-155	-80	9.0	147.0	1
-155	-75	0	147.0	0
-155	-70	0	147.0	0
-155	-65	0	148.0	0
-155	-60	0	147.0	0
-155	-55	0	148.0	0
-155	-50	0	148.0	0
-155	-45	0	147.0	0
-155	-40	0	146.0	0
-155	-35	0	147.0	0
-155	-30	0	146.0	0
-155	-25	0	147.0	0
-155	-20	0	146.0	0
-155	-15	0	146.0	0
-155	-10	0	145.0	0
-155	-5	0	144.0	0
-155	0	0	143.0	0
-155	5	0	142.0	0
-155	10	0	143.0	0
-155	15	0	142.0	0
-155	20	0	144.0	0
-155	25	0	143.0	0
-155	30	0	143.0	0
-155	35	0	143.0	0
-155	40	0	143.0	0
-155	45	0	142.0	0
-155	50	0	141.0	0
-155	55	65.0	143.0	3
-155	60	0	141.0	0
-155	65	0	142.0	0
-155	70	9.0	141.0	2
-155	75	5.0	142.0	1
-155	80	63.0	140.0	4
-155	85	24.0	141.0	4
-155	90	16.0	140.0	2
-155	95	5.0	140.0	1
-155	100	0	139.0	0
-155	105	6.0	141.0	3
-155	110	19.0	140.0	2
-155	115	38.0	141.0	5
-155	120	25.0	141.0	3
-155	125	49.0	141.0	9
-155	130	44.0	142.0	12
-155	135	22.0	141.0	4
-155	140	69.0	143.0	7
-155	145	57.0	141.0	3
-155	150	33.0	142.0	5
-155	155	58.0	141.0	20
-155	160	74.0	144.0	27
-155	165	38.0	142.0	33
-155	170	122.0	144.0	16
-155	175	53.0	141.0	17
-150	-180	2.0	142.0	1
-150	-175	33.0	142.0	5
-150	-170	68.0	143.0	3
-150	-165	4.0	144.0	1
-150	-160	0	144.0	0
-150	-155	0	144.0	0
-150	-150	0	146.0	0
-150	-145	0	146.0	0
-150	-140	0	146.0	0
-150	-135	0	148.0	0
-150	-130	0	149.0	0
-150	-125	0	148.0	0
-150	-120	0	148.0	0
-150	-115	0	148.0	0
-150	-110	0	147.0	0
-150	-105	0	149.0	0
-150	-100	0	148.0	0
-150	-95	0	148.0	0
-150	-90	0	148.0	0
-150	-85	0	148.0	0
-150	-80	0	148.0	0
-150	-75	0	147.0	0
-150	-70	10.0	147.0	1
-150	-65	0	146.0	0
-150	-60	0	146.0	0
-150	-55	0	146.0	0
-150	-50	0	145.0	0
-150	-45	0	146.0	0
-150	-40	0	144.0	0
-150	-35	0	145.0	0
-150	-30	0	146.0	0
-150	-25	0	144.0	0
-150	-20	7.0	145.0	1
-150	-15	0	144.0	0
-150	-10	0	144.0	0
-150	-5	61.0	143.0	2
-150	0	0	144.0	0
-150	5	0	142.0	0
-150	10	0	143.0	0
-150	15	0	142.0	1
-150	20	0	142.0	0
-150	25	0	142.0	0
-150	30	0	142.0	1
-150	35	6.0	142.0	1
-150	40	58.0	142.0	2
-150	45	0	141.0	0
-150	50	0	141.0	0
-150	55	0	141.0	0
-150	60	7.0	139.0	1
-150	65	45.0	142.0	1
-150	70	7.0	140.0	3
-150	75	0	142.0	0
-150	80	104.0	140.0	2
-150	85	9.0	141.0	1
-150	90	0	141.0	0
-150	95	24.0	141.0	3
-150	100	18.0	142.0	1
-150	105	0	140.0	1
-150	110	0	139.0	2
-150	115	9.0	139.0	3
-150	120	18.0	140.0	5
-150	125	71.0	140.0	13
-150	130	23.0	140.0	11
-150	135	51.0	140.0	13
-150	140	34.0	141.0	7
-150	145	12.0	140.0	4
-150	150	6.0	142.0	4
-150	155	50.0	140.0	17
-150	160	64.0	140.0	21
-150	165	40.0	141.0	24
-150	170	55.0	142.0	15
-150	175	30.0	141.0	6
-145	-180	0	142.0	0
-145	-175	9.0	142.0	3
-145	-170	23.0	142.0	5
-145	-165	77.0	143.0	2
-145	-160	0	143.0	0
-145	-155	15.0	145.0	1
-145	-150	32.0	146.0	1
-145	-145	0	146.0	0
-145	-140	8.0	148.0	1
-145	-135	0	149.0	0
-145	-130	0	148.0	0
-145	-125	0	148.0	0
-145	-120	8.0	148.0	1
-145	-115	0	149.0	0
-145	-110	0	148.0	0
-145	-105	0	148.0	0
-145	-100	0	147.0	0
-145	-95	0	148.0	0
-145	-90	0	146.0	0
-145	-85	0	146.0	0
-145	-80	0	147.0	0
-145	-75	0	147.0	0
-145	-70	0	147.0	0
-145	-65	0	147.0	0
-145	-60	0	144.0	0
-145	-55	0	147.0	0
-145	-50	0	145.0	0
-145	-45	0	146.0	0
-145	-40	0	146.0	0
-145	-35	0	146.0	0
-145	-30	0	146.0	0
-145	-25	0	145.0	0
-145	-20	0	145.0	0
-145	-15	0	144.0	0
-145	-10	0	144.0	0
-145	-5	0	144.0	0
-145	0	0	144.0	0
-145	5	0	143.0	0
-145	10	0	144.0	1
-145	15	0	143.0	0
-145	20	0	144.0	0
-145	25	0	142.0	0
-145	30	0	142.0	1
-145	35	100.0	143.0	1
-145	40	2.0	143.0	1
-145	45	48.0	143.0	1
-145	50	17.0	143.0	1
-145	55	2.0	143.0	1
-145	60	16.0	144.0	2
-145	65	1.0	143.0	1
-145	70	34.0	142.0	2
-145	75	0	141.0	1
-145	80	94.0	142.0	3
-145	85	37.0	142.0	2
-145	90	51.0	141.0	1
-145	95	3.0	140.0	2
-145	100	92.0	141.0	1
-145	105	48.0	140.0	3
-145	110	29.0	140.0	6
-145	115	10.0	142.0	4
-145	120	87.0	141.0	12
-145	125	45.0	141.0	14
-145	130	36.0	141.0	7
-145	135	51.0	140.0	6
-145	140	65.0	141.0	12
-145	145	96.0	141.0	4
-145	150	76.0	141.0	9
-145	155	54.0	141.0	20
-145	160	110.0	142.0	20
-145	165	54.0	141.0	12
-145	170	13.0	141.0	11
-145	175	7.0	143.0	2
-140	-180	0	143.0	0
-140	-175	14.0	144.0	2
-140	-170	26.0	143.0	1
-140	-165	0	144.0	0
-140	-160	0	145.0	0
-140	-155	0	146.0	0
-140	-150	0	146.0	0
-140	-145	0	147.0	0
-140	-140	0	148.0	0
-140	-135	0	148.0	0
-140	-130	0	149.0	0
-140	-125	74.0	149.0	1
-140	-120	0	149.0	0
-140	-115	0	148.0	0
-140	-110	0	149.0	0
-140	-105	0	148.0	0
-140	-100	0	149.0	0
-140	-95	0	149.0	0
-140	-90	0	149.0	0
-140	-85	0	150.0	0
-140	-80	34.0	149.0	1
-140	-75	0	147.0	0
-140	-70	0	149.0	0
-140	-65	0	149.0	0
-140	-60	0	147.0	0
-140	-55	0	150.0	1
-140	-50	3.0	147.0	1
-140	-45	0	148.0	0
-140	-40	0	147.0	0
-140	-35	0	148.0	0
-140	-30	0	148.0	0
-140	-25	0	147.0	0
-140	-20	0	147.0	0
-140	-15	0	146.0	0
-140	-10	0	147.0	0
-140	-5	97.0	146.0	1
-140	0	8.0	146.0	2
-140	5	21.0	147.0	3
-140	10	0	146.0	0
-140	15	0	146.0	0
-140	20	0	145.0	0
-140	25	0	145.0	1
-140	30	0	145.0	0
-140	35	0	145.0	1
-140	40	0	145.0	0
-140	45	0	146.0	0
-140	50	0	144.0	1
-140	55	15.0	145.0	1
-140	60	0	144.0	0
-140	65	6.0	143.0	2
-140	70	16.0	144.0	3
-140	75	0	143.0	0
-140	80	0	144.0	2
-140	85	6.0	144.0	2
-140	90	0	142.0	0
-140	95	70.0	142.0	2
-140	100	10.0	141.0	3
-140	105	2.0	142.0	1
-140	110	31.0	142.0	6
-140	115	14.0	142.0	4
-140	120	47.0	141.0	9
-140	125	39.0	143.0	11
-140	130	17.0	142.0	10
-140	135	65.0	144.0	6
-140	140	26.0	143.0	7
-140	145	82.0	143.0	8
-140	150	21.0	142.0	14
-140	155	56.0	143.0	18
-140	160	49.0	143.0	12
-140	165	37.0	144.0	14
-140	170	54.0	145.0	9
-140	175	21.0	142.0	5
-135	-180	25.0	140.0	1
-135	-175	0	142.0	0
-135	-170	0	143.0	0
-135	-165	0	143.0	0
-135	-160	0	144.0	0
-135	-155	0	144.0	0
-135	-150	0	147.0	0
-135	-145	0	148.0	0
-135	-140	0	148.0	0
-135	-135	0	148.0	0
-135	-130	0	147.0	0
-135	-125	4.0	148.0	1
-135	-120	0	148.0	0
-135	-115	0	149.0	0
-135	-110	0	150.0	0
-135	-105	0	148.0	0
-135	-100	0	149.0	0
-135	-95	0	148.0	0
-135	-90	0	148.0	0
-135	-85	0	148.0	0
-135	-80	0	148.0	0
-135	-75	0	148.0	0
-135	-70	0	148.0	0
-135	-65	20.0	147.0	1
-135	-60	0	147.0	0
-135	-55	0	147.0	0
-135	-50	0	146.0	0
-135	-45	0	146.0	0
-135	-40	0	145.0	0
-135	-35	28.0	145.0	1
-135	-30	31.0	145.0	2
-135	-25	0	143.0	0
-135	-20	23.0	145.0	1
-135	-15	39.0	144.0	3
-135	-10	0	144.0	2
-135	-5	25.0	144.0	2
-135	0	2.0	144.0	1
-135	5	1.0	146.0	1
-135	10	1.0	145.0	1
-135	15	21.0	145.0	2
-135	20	20.0	144.0	3
-135	25	9.0	144.0	1
-135	30	27.0	145.0	2
-135	35	0	145.0	0
-135	40	6.0	145.0	1
-135	45	43.0	145.0	2
-135	50	14.0	145.0	3
-135	55	0	144.0	0
-135	60	3.0	142.0	3
-135	65	57.0	142.0	1
-135	70	5.0	144.0	2
-135	75	0	142.0	0
-135	80	9.0	142.0	2
-135	85	37.0	143.0	4
-135	90	0	143.0	2
-135	95	31.0	143.0	2
-135	100	15.0	142.0	4
-135	105	51.0	142.0	9
-135	110	27.0	141.0	3
-135	115	10.0	140.0	7
-135	120	62.0	141.0	11
-135	125	31.0	140.0	14
-135	130	14.0	141.0	9
-135	135	34.0	141.0	11
-135	140	31.0	141.0	8
-135	145	49.0	142.0	13
-135	150	51.0	141.0	23
-135	155	46.0	142.0	19
-135	160	92.0	141.0	19
-135	165	68.0	142.0	10
-135	170	54.0	141.0	9
-135	175	48.0	141.0	2
-130	-180	16.0	141.0	1
-130	-175	7.0	143.0	1
-130	-170	1.0	142.0	1
-130	-165	12.0	142.0	1
-130	-160	2.0	143.0	1
-130	-155	0	144.0	0
-130	-150	0	146.0	0
-130	-145	0	145.0	0
-130	-140	0	146.0	0
-130	-135	0	146.0	0
-130	-130	0	147.0	0
-130	-125	0	148.0	0
-130	-120	0	146.0	0
-130	-115	0	148.0	0
-130	-110	0	146.0	0
-130	-105	0	146.0	0
-130	-100	0	146.0	0
-130	-95	24.0	147.0	1
-130	-90	0	146.0	0
-130	-85	0	146.0	0
-130	-80	1.0	146.0	1
-130	-75	0	146.0	0
-130	-70	0	145.0	0
-130	-65	0	145.0	0
-130	-60	0	145.0	0
-130	-55	0	146.0	0
-130	-50	0	145.0	0
-130	-45	0	146.0	0
-130	-40	111.0	145.0	2
-130	-35	0	146.0	0
-130	-30	0	145.0	0
-130	-25	0	145.0	0
-130	-20	2.0	145.0	1
-130	-15	100.0	146.0	3
-130	-10	66.0	147.0	4
-130	-5	53.0	146.0	3
-130	0	48.0	145.0	2
-130	5	0	144.0	1
-130	10	35.0	146.0	1
-130	15	3.0	146.0	3
-130	20	10.0	146.0	3
-130	25	40.0	144.0	5
-130	30	0	145.0	1
-130	35	3.0	145.0	1
-130	40	0	145.0	1
-130	45	25.0	145.0	1
-130	50	2.0	144.0	1
-130	55	0	143.0	0
-130	60	2.0	144.0	3
-130	65	0	144.0	0
-130	70	124.0	146.0	3
-130	75	15.0	143.0	2
-130	80	65.0	143.0	3
-130	85	91.0	143.0	3
-130	90	8.0	142.0	3
-130	95	6.0	142.0	3
-130	100	0	142.0	2
-130	105	43.0	141.0	5
-130	110	15.0	140.0	10
-130	115	33.0	142.0	8
-130	120	68.0	141.0	11
-130	125	46.0	141.0	16
-130	130	16.0	141.0	15
-130	135	36.0	141.0	17
-130	140	90.0	140.0	13
-130	145	64.0	140.0	19
-130	150	61.0	142.0	22
-130	155	92.0	140.0	26
-130	160	86.0	142.0	14
-130	165	72.0	140.0	8
-130	170	23.0	141.0	4
-130	175	43.0	142.0	3
-125	-180	0	143.0	1
-125	-175	0	143.0	0
-125	-170	0	143.0	0
-125	-165	0	143.0	0
-125	-160	0	144.0	0
-125	-155	0	144.0	0
-125	-150	0	146.0	0
-125	-145	0	146.0	0
-125	-140	0	146.0	0
-125	-135	0	146.0	0
-125	-130	0	148.0	0
-125	-125	0	147.0	0
-125	-120	3.0	147.0	1
-125	-115	0	146.0	0
-125	-110	0	149.0	0
-125	-105	0	147.0	0
-125	-100	0	148.0	0
-125	-95	0	149.0	0
-125	-90	0	147.0	0
-125	-85	0	147.0	0
-125	-80	0	147.0	0
-125	-75	0	147.0	0
-125	-70	0	147.0	1
-125	-65	0	146.0	0
-125	-60	0	147.0	0
-125	-55	0	145.0	0
-125	-50	0	145.0	0
-125	-45	103.0	147.0	1
-125	-40	37.0	145.0	1
-125	-35	0	145.0	0
-125	-30	48.0	147.0	2
-125	-25	0	147.0	0
-125	-20	6.0	146.0	2
-125	-15	0	146.0	1
-125	-10	69.0	146.0	9
-125	-5	53.0	148.0	7
-125	0	24.0	146.0	3
-125	5	45.0	147.0	2
-125	10	8.0	145.0	2
-125	15	38.0	147.0	3
-125	20	15.0	147.0	1
-125	25	39.0	147.0	2
-125	30	7.0	145.0	1
-125	35	0	147.0	0
-125	40	11.0	148.0	2
-125	45	0	148.0	0
-125	50	110.0	147.0	4
-125	55	0	147.0	1
-125	60	1.0	145.0	1
-125	65	52.0	145.0	2
-125	70	0	145.0	0
-125	75	0	146.0	0
-125	80	5.0	146.0	2
-125	85	37.0	146.0	2
-125	90	17.0	145.0	6
-125	95	25.0	144.0	4
-125	100	8.0	142.0	5
-125	105	1.0	143.0	2
-125	110	50.0	141.0	6
-125	115	19.0	143.0	13
-125	120	72.0	141.0	15
-125	125	67.0	141.0	16
-125	130	84.0	141.0	20
-125	135	48.0	141.0	26
-125	140	20.0	141.0	13
-125	145	90.0	141.0	26
-125	150	76.0	141.0	18
-125	155	33.0	141.0	16
-125	160	24.0	141.0	9
-125	165	16.0	141.0	4
-125	170	28.0	141.0	3
-125	175	13.0	142.0	2
-120	-180	19.0	143.0	2
-120	-175	8.0	142.0	2
-120	-170	0	144.0	0
-120	-165	0	143.0	0
-120	-160	0	143.0	0
-120	-155	44.0	144.0	1
-120	-150	0	145.0	0
-120	-145	0	145.0	0
-120	-140	0	147.0	0
-120	-135	0	147.0	0
-120	-130	0	147.0	0
-120	-125	3.0	147.0	1
-120	-120	0	147.0	0
-120	-115	0	148.0	0
-120	-110	0	149.0	0
-120	-105	0	146.0	0
-120	-100	0	146.0	0
-120	-95	0	147.0	0
-120	-90	0	147.0	0
-120	-85	0	147.0	0
-120	-80	0	146.0	0
-120	-75	18.0	145.0	1
-120	-70	8.0	146.0	1
-120	-65	0	146.0	0
-120	-60	2.0	146.0	2
-120	-55	0	145.0	0
-120	-50	37.0	146.0	1
-120	-45	0	146.0	0
-120	-40	51.0	145.0	2
-120	-35	49.0	146.0	2
-120	-30	8.0	145.0	2
-120	-25	45.0	146.0	6
-120	-20	3.0	147.0	1
-120	-15	106.0	147.0	3
-120	-10	65.0	147.0	7
-120	-5	110.0	146.0	7
-120	0	38.0	147.0	3
-120	5	16.0	146.0	4
-120	10	11.0	148.0	1
-120	15	19.0	147.0	3
-120	20	26.0	149.0	3
-120	25	8.0	146.0	3
-120	30	58.0	147.0	3
-120	35	0	147.0	0
-120	40	0	146.0	0
-120	45	0	148.0	0
-120	50	14.0	148.0	1
-120	55	6.0	146.0	1
-120	60	0	146.0	0
-120	65	0	146.0	0
-120	70	0	147.0	0
-120	75	0	146.0	0
-120	80	27.0	145.0	2
-120	85	48.0	144.0	3
-120	90	22.0	145.0	3
-120	95	31.0	144.0	5
-120	100	135.0	144.0	3
-120	105	9.0	143.0	5
-120	110	43.0	142.0	7
-120	115	44.0	144.0	16
-120	120	25.0	142.0	21
-120	125	29.0	141.0	19
-120	130	46.0	141.0	26
-120	135	39.0	142.0	20
-120	140	72.0	142.0	19
-120	145	57.0	140.0	20
-120	150	81.0	141.0	19
-120	155	62.0	140.0	19
-120	160	51.0	141.0	8
-120	165	38.0	142.0	1
-120	170	0	141.0	0
-120	175	0	142.0	0
-115	-180	4.0	144.0	1
-115	-175	0	144.0	0
-115	-170	0	144.0	0
-115	-165	0	145.0	0
-115	-160	0	145.0	0
-115	-155	0	146.0	0
-115	-150	0	146.0	0
-115	-145	0	147.0	0
-115	-140	0	148.0	1
-115	-135	0	148.0	0
-115	-130	0	149.0	0
-115	-125	50.0	149.0	1
-115	-120	0	148.0	0
-115	-115	0	149.0	0
-115	-110	0	148.0	0
-115	-105	0	149.0	0
-115	-100	0	150.0	0
-115	-95	2.0	148.0	2
-115	-90	0	147.0	0
-115	-85	0	146.0	0
-115	-80	0	146.0	0
-115	-75	3.0	147.0	1
-115	-70	0	146.0	0
-115	-65	0	147.0	0
-115	-60	9.0	146.0	1
-115	-55	74.0	148.0	3
-115	-50	51.0	147.0	3
-115	-45	15.0	146.0	1
-115	-40	73.0	147.0	2
-115	-35	3.0	147.0	2
-115	-30	43.0	148.0	1
-115	-25	20.0	148.0	3
-115	-20	78.0	148.0	3
-115	-15	55.0	148.0	4
-115	-10	81.0	149.0	8
-115	-5	49.0	148.0	10
-115	0	37.0	149.0	2
-115	5	108.0	148.0	8
-115	10	34.0	149.0	4
-115	15	61.0	149.0	5
-115	20	109.0	150.0	2
-115	25	70.0	148.0	8
-115	30	37.0	151.0	4
-115	35	41.0	149.0	1
-115	40	18.0	147.0	1
-115	45	1.0	148.0	1
-115	50	0	148.0	0
-115	55	0	147.0	0
-115	60	0	147.0	0
-115	65	0	146.0	0
-115	70	0	147.0	0
-115	75	0	147.0	0
-115	80	0	146.0	1
-115	85	0	145.0	0
-115	90	21.0	145.0	3
-115	95	115.0	144.0	7
-115	100	53.0	143.0	4
-115	105	14.0	143.0	4
-115	110	28.0	143.0	12
-115	115	61.0	143.0	18
-115	120	69.0	143.0	9
-115	125	14.0	143.0	15
-115	130	50.0	141.0	19
-115	135	60.0	142.0	21
-115	140	73.0	142.0	22
-115	145	81.0	142.0	24
-115	150	62.0	142.0	13
-115	155	62.0	142.0	9
-115	160	12.0	144.0	7
-115	165	4.0	143.0	1
-115	170	13.0	143.0	2
-115	175	0	143.0	0
-110	-180	23.0	146.0	1
-110	-175	0	145.0	1
-110	-170	0	146.0	0
-110	-165	0	147.0	0
-110	-160	0	147.0	0
-110	-155	0	148.0	0
-110	-150	0	148.0	0
-110	-145	0	148.0	0
-110	-140	0	148.0	0
-110	-135	66.0	148.0	1
-110	-130	0	149.0	0
-110	-125	39.0	149.0	1
-110	-120	0	150.0	0
-110	-115	0	150.0	0
-110	-110	0	149.0	0
-110	-105	0	150.0	0
-110	-100	0	149.0	0
-110	-95	0	149.0	0
-110	-90	0	150.0	0
-110	-85	0	150.0	0
-110	-80	0	149.0	0
-110	-75	0	150.0	0
-110	-70	0	149.0	0
-110	-65	97.0	150.0	1
-110	-60	0	149.0	0
-110	-55	22.0	150.0	1
-110	-50	96.0	150.0	2
-110	-45	61.0	150.0	1
-110	-40	67.0	151.0	2
-110	-35	88.0	151.0	3
-110	-30	6.0	151.0	4
-110	-25	44.0	151.0	4
-110	-20	55.0	151.0	5
-110	-15	62.0	150.0	8
-110	-10	69.0	151.0	5
-110	-5	110.0	151.0	11
-110	0	90.0	152.0	6
-110	5	53.0	151.0	4
-110	10	37.0	153.0	5
-110	15	26.0	151.0	6
-110	20	28.0	153.0	3
-110	25	60.0	152.0	6
-110	30	94.0	153.0	3
-110	35	11.0	152.0	1
-110	40	0	153.0	0
-110	45	4.0	152.0	1
-110	50	0	152.0	0
-110	55	0	151.0	0
-110	60	0	151.0	0
-110	65	0	151.0	0
-110	70	27.0	150.0	1
-110	75	0	151.0	0
-110	80	0	149.0	0
-110	85	2.0	149.0	1
-110	90	6.0	149.0	2
-110	95	24.0	148.0	5
-110	100	55.0	148.0	7
-110	105	46.0	146.0	6
-110	110	28.0	147.0	12
-110	115	37.0	146.0	17
-110	120	74.0	146.0	17
-110	125	81.0	146.0	25
-110	130	60.0	146.0	13
-110	135	5.0	145.0	10
-110	140	47.0	145.0	12
-110	145	63.0	145.0	8
-110	150	64.0	146.0	14
-110	155	64.0	146.0	8
-110	160	21.0	145.0	7
-110	165	16.0	144.0	5
-110	170	31.0	145.0	5
-110	175	5.0	145.0	3
-105	-180	37.0	145.0	1
-105	-175	0	145.0	0
-105	-170	0	146.0	1
-105	-165	0	146.0	0
-105	-160	12.0	145.0	1
-105	-155	0	146.0	0
-105	-150	0	146.0	0
-105	-145	0	147.0	0
-105	-140	0	148.0	0
-105	-135	0	148.0	0
-105	-130	0	149.0	0
-105	-125	0	148.0	0
-105	-120	0	149.0	0
-105	-115	0	148.0	0
-105	-110	61.0	148.0	1
-105	-105	0	148.0	0
-105	-100	0	147.0	0
-105	-95	0	148.0	0
-105	-90	0	148.0	0
-105	-85	0	148.0	0
-105	-80	0	147.0	0
-105	-75	0	147.0	1
-105	-70	0	147.0	0
-105	-65	0	148.0	0
-105	-60	0	148.0	0
-105	-55	101.0	147.0	2
-105	-50	44.0	148.0	2
-105	-45	96.0	149.0	3
-105	-40	0	149.0	0
-105	-35	100.0	149.0	4
-105	-30	30.0	150.0	6
-105	-25	49.0	150.0	5
-105	-20	64.0	150.0	7
-105	-15	62.0	151.0	9
-105	-10	54.0	150.0	7
-105	-5	59.0	152.0	6
-105	0	83.0	152.0	14
-105	5	43.0	152.0	5
-105	10	71.0	154.0	8
-105	15	41.0	152.0	6
-105	20	85.0	151.0	5
-105	25	0	152.0	0
-105	30	0	152.0	0
-105	35	5.0	152.0	1
-105	40	0	152.0	1
-105	45	48.0	151.0	1
-105	50	0	152.0	0
-105	55	0	150.0	0
-105	60	0	151.0	0
-105	65	0	150.0	0
-105	70	46.0	149.0	1
-105	75	0	150.0	0
-105	80	10.0	149.0	1
-105	85	0	149.0	0
-105	90	20.0	147.0	2
-105	95	12.0	147.0	3
-105	100	57.0	146.0	4
-105	105	1.0	147.0	2
-105	110	92.0	146.0	12
-105	115	19.0	146.0	8
-105	120	68.0	145.0	18
-105	125	57.0	144.0	15
-105	130	22.0	146.0	14
-105	135	23.0	144.0	15
-105	140	41.0	144.0	11
-105	145	58.0	144.0	11
-105	150	79.0	143.0	7
-105	155	53.0	144.0	6
-105	160	28.0	143.0	5
-105	165	17.0	142.0	7
-105	170	4.0	145.0	7
-105	175	0	145.0	0
-100	-180	6.0	145.0	1
-100	-175	0	144.0	1
-100	-170	0	144.0	0
-100	-165	0	144.0	0
-100	-160	0	145.0	0
-100	-155	0	145.0	0
-100	-150	0	146.0	0
-100	-145	0	145.0	0
-100	-140	0	145.0	0
-100	-135	0	146.0	1
-100	-130	0	147.0	0
-100	-125	0	149.0	0
-100	-120	0	146.0	0
-100	-115	0	146.0	0
-100	-110	0	147.0	0
-100	-105	0	146.0	0
-100	-100	0	146.0	0
-100	-95	0	146.0	0
-100	-90	0	146.0	0
-100	-85	0	145.0	0
-100	-80	0	144.0	0
-100	-75	4.0	145.0	2
-100	-70	0	146.0	0
-100	-65	0	146.0	0
-100	-60	0	146.0	0
-100	-55	0	146.0	0
-100	-50	62.0	148.0	1
-100	-45	1.0	148.0	1
-100	-40	0	148.0	0
-100	-35	129.0	148.0	4
-100	-30	26.0	150.0	3
-100	-25	113.0	149.0	5
-100	-20	21.0	148.0	2
-100	-15	62.0	148.0	4
-100	-10	63.0	149.0	14
-100	-5	105.0	149.0	9
-100	0	13.0	150.0	7
-100	5	75.0	151.0	9
-100	10	77.0	151.0	7
-100	15	34.0	151.0	6
-100	20	24.0	151.0	1
-100	25	0	151.0	0
-100	30	0	151.0	0
-100	35	7.0	151.0	1
-100	40	0	151.0	0
-100	45	20.0	151.0	1
-100	50	0	150.0	0
-100	55	0	149.0	0
-100	60	0	149.0	0
-100	65	0	148.0	0
-100	70	0	148.0	0
-100	75	0	149.0	0
-100	80	12.0	147.0	2
-100	85	32.0	146.0	3
-100	90	100.0	146.0	6
-100	95	27.0	146.0	3
-100	100	8.0	144.0	8
-100	105	23.0	145.0	4
-100	110	68.0	144.0	13
-100	115	32.0	145.0	13
-100	120	50.0	145.0	12
-100	125	103.0	144.0	19
-100	130	20.0	143.0	14
-100	135	53.0	143.0	15
-100	140	58.0	142.0	14
-100	145	46.0	143.0	10
-100	150	56.0	141.0	10
-100	155	96.0	142.0	9
-100	160	72.0	143.0	10
-100	165	57.0	141.0	4
-100	170	0	142.0	0
-100	175	0	143.0	0
-95	-180	1.0	146.0	2
-95	-175	23.0	146.0	1
-95	-170	14.0	145.0	1
-95	-165	0	146.0	1
-95	-160	0	146.0	0
-95	-155	0	148.0	0
-95	-150	0	147.0	0
-95	-145	0	148.0	0
-95	-140	0	148.0	0
-95	-135	0	148.0	0
-95	-130	0	148.0	0
-95	-125	0	148.0	0
-95	-120	0	148.0	0
-95	-115	0	149.0	0
-95	-110	0	147.0	0
-95	-105	0	147.0	0
-95	-100	0	148.0	0
-95	-95	0	149.0	0
-95	-90	1.0	148.0	1
-95	-85	0	147.0	0
-95	-80	0	148.0	0
-95	-75	0	148.0	0
-95	-70	0	149.0	1
-95	-65	0	149.0	0
-95	-60	6.0	150.0	1
-95	-55	9.0	150.0	2
-95	-50	20.0	150.0	1
-95	-45	112.0	150.0	1
-95	-40	64.0	151.0	5
-95	-35	74.0	150.0	6
-95	-30	63.0	150.0	4
-95	-25	38.0	151.0	3
-95	-20	26.0	152.0	2
-95	-15	86.0	151.0	14
-95	-10	74.0	152.0	7
-95	-5	100.0	153.0	9
-95	0	104.0	153.0	14
-95	5	47.0	153.0	7
-95	10	38.0	154.0	9
-95	15	56.0	155.0	1
-95	20	0	154.0	1
-95	25	0	155.0	0
-95	30	0	153.0	0
-95	35	40.0	154.0	1
-95	40	0	153.0	1
-95	45	0	154.0	0
-95	50	25.0	153.0	1
-95	55	0	153.0	0
-95	60	11.0	152.0	1
-95	65	116.0	152.0	5
-95	70	0	152.0	0
-95	75	0	152.0	1
-95	80	18.0	152.0	1
-95	85	0	151.0	0
-95	90	45.0	150.0	1
-95	95	115.0	149.0	4
-95	100	24.0	149.0	3
-95	105	55.0	149.0	5
-95	110	59.0	147.0	18
-95	115	68.0	146.0	15
-95	120	30.0	147.0	12
-95	125	45.0	146.0	14
-95	130	52.0	146.0	11
-95	135	74.0	145.0	16
-95	140	17.0	145.0	7
-95	145	16.0	145.0	9
-95	150	79.0	145.0	8
-95	155	17.0	144.0	5
-95	160	46.0	144.0	8
-95	165	67.0	145.0	8
-95	170	62.0	145.0	7
-95	175	21.0	145.0	2
-90	-180	0	143.0	0
-90	-175	3.0	143.0	1
-90	-170	0	144.0	0
-90	-165	0	145.0	0
-90	-160	0	144.0	0
-90	-155	0	144.0	0
-90	-150	0	145.0	0
-90	-145	0	145.0	0
-90	-140	0	148.0	0
-90	-135	0	147.0	0
-90	-130	0	148.0	0
-90	-125	0	146.0	0
-90	-120	0	147.0	0
-90	-115	0	147.0	0
-90	-110	0	147.0	0
-90	-105	8.0	147.0	2
-90	-100	0	146.0	0
-90	-95	0	146.0	0
-90	-90	0	146.0	0
-90	-85	0	146.0	0
-90	-80	0	146.0	0
-90	-75	0	146.0	0
-90	-70	0	147.0	0
-90	-65	0	148.0	0
-90	-60	0	147.0	0
-90	-55	59.0	147.0	3
-90	-50	79.0	148.0	2
-90	-45	148.0	150.0	5
-90	-40	13.0	148.0	2
-90	-35	33.0	148.0	5
-90	-30	52.0	149.0	3
-90	-25	84.0	150.0	7
-90	-20	85.0	150.0	11
-90	-15	114.0	150.0	9
-90	-10	129.0	151.0	10
-90	-5	5.0	151.0	9
-90	0	99.0	150.0	11
-90	5	108.0	153.0	7
-90	10	62.0	153.0	4
-90	15	0	152.0	0
-90	20	13.0	152.0	1
-90	25	56.0	152.0	1
-90	30	0	153.0	0
-90	35	0	153.0	0
-90	40	0	153.0	0
-90	45	51.0	152.0	1
-90	50	123.0	153.0	3
-90	55	0	153.0	1
-90	60	0	151.0	0
-90	65	15.0	152.0	2
-90	70	22.0	150.0	3
-90	75	53.0	149.0	8
-90	80	30.0	150.0	5
-90	85	5.0	149.0	2
-90	90	15.0	149.0	2
-90	95	59.0	149.0	4
-90	100	43.0	148.0	3
-90	105	62.0	146.0	8
-90	110	80.0	146.0	7
-90	115	24.0	145.0	12
-90	120	39.0	145.0	10
-90	125	116.0	144.0	17
-90	130	106.0	144.0	19
-90	135	73.0	144.0	16
-90	140	43.0	144.0	5
-90	145	96.0	143.0	12
-90	150	49.0	143.0	7
-90	155	121.0	143.0	3
-90	160	70.0	142.0	4
-90	165	74.0	143.0	3
-90	170	33.0	143.0	3
-90	175	12.0	142.0	1
-85	-180	0	143.0	0
-85	-175	0	145.0	0
-85	-170	0	143.0	0
-85	-165	0	143.0	0
-85	-160	0	143.0	0
-85	-155	0	145.0	0
-85	-150	0	145.0	0
-85	-145	0	145.0	0
-85	-140	0	144.0	0
-85	-135	0	146.0	0
-85	-130	0	147.0	0
-85	-125	0	147.0	0
-85	-120	0	147.0	0
-85	-115	0	146.0	0
-85	-110	0	146.0	0
-85	-105	0	146.0	0
-85	-100	0	146.0	0
-85	-95	0	146.0	0
-85	-90	0	146.0	0
-85	-85	0	146.0	0
-85	-80	0	146.0	0
-85	-75	0	147.0	0
-85	-70	0	149.0	0
-85	-65	0	148.0	0
-85	-60	0	148.0	1
-85	-55	0	150.0	1
-85	-50	0	149.0	0
-85	-45	0	150.0	1
-85	-40	75.0	151.0	3
-85	-35	23.0	150.0	4
-85	-30	21.0	151.0	6
-85	-25	100.0	151.0	6
-85	-20	111.0	151.0	4
-85	-15	17.0	151.0	8
-85	-10	79.0	152.0	18
-85	-5	64.0	152.0	16
-85	0	37.0	153.0	5
-85	5	45.0	153.0	3
-85	10	0	153.0	0
-85	15	0	154.0	0
-85	20	0	154.0	0
-85	25	0	155.0	0
-85	30	0	152.0	0
-85	35	22.0	153.0	1
-85	40	0	152.0	0
-85	45	0	153.0	0
-85	50	0	153.0	1
-85	55	0	153.0	2
-85	60	4.0	152.0	3
-85	65	52.0	153.0	2
-85	70	1.0	152.0	4
-85	75	0	150.0	1
-85	80	0	152.0	1
-85	85	0	151.0	3
-85	90	26.0	150.0	6
-85	95	50.0	149.0	1
-85	100	66.0	146.0	7
-85	105	24.0	147.0	8
-85	110	32.0	147.0	12
-85	115	60.0	145.0	15
-85	120	66.0	145.0	21
-85	125	116.0	146.0	14
-85	130	47.0	144.0	19
-85	135	18.0	144.0	12
-85	140	67.0	143.0	12
-85	145	22.0	143.0	13
-85	150	63.0	144.0	5
-85	155	86.0	144.0	11
-85	160	80.0	142.0	10
-85	165	29.0	143.0	4
-85	170	68.0	142.0	3
-85	175	3.0	144.0	2
-80	-180	3.0	142.0	2
-80	-175	0	143.0	0
-80	-170	104.0	143.0	1
-80	-165	0	145.0	0
-80	-160	0	145.0	0
-80	-155	0	146.0	0
-80	-150	0	146.0	0
-80	-145	0	148.0	0
-80	-140	0	148.0	0
-80	-135	0	148.0	0
-80	-130	0	148.0	0
-80	-125	0	148.0	0
-80	-120	0	147.0	0
-80	-115	0	147.0	0
-80	-110	0	147.0	0
-80	-105	0	147.0	0
-80	-100	0	147.0	0
-80	-95	0	147.0	0
-80	-90	0	146.0	0
-80	-85	0	147.0	0
-80	-80	0	147.0	0
-80	-75	0	148.0	0
-80	-70	0	149.0	0
-80	-65	0	149.0	0
-80	-60	60.0	148.0	3
-80	-55	0	148.0	1
-80	-50	6.0	150.0	1
-80	-45	30.0	152.0	10
-80	-40	101.0	151.0	6
-80	-35	114.0	150.0	7
-80	-30	67.0	152.0	12
-80	-25	64.0	151.0	7
-80	-20	47.0	152.0	12
-80	-15	133.0	153.0	10
-80	-10	93.0	153.0	11
-80	-5	65.0	152.0	12
-80	0	46.0	153.0	4
-80	5	0	153.0	0
-80	10	0	154.0	0
-80	15	0	155.0	0
-80	20	0	155.0	0
-80	25	0	155.0	0
-80	30	0	155.0	0
-80	35	0	154.0	0
-80	40	0	155.0	0
-80	45	0	155.0	0
-80	50	0	155.0	0
-80	55	0	156.0	0
-80	60	0	153.0	1
-80	65	15.0	155.0	1
-80	70	32.0	152.0	2
-80	75	0	153.0	1
-80	80	61.0	153.0	1
-80	85	47.0	151.0	1
-80	90	0	149.0	0
-80	95	0	148.0	0
-80	100	22.0	149.0	2
-80	105	27.0	148.0	4
-80	110	116.0	148.0	5
-80	115	94.0	146.0	7
-80	120	62.0	146.0	13
-80	125	78.0	146.0	13
-80	130	51.0	145.0	9
-80	135	57.0	146.0	12
-80	140	93.0	145.0	16
-80	145	49.0	144.0	12
-80	150	90.0	143.0	14
-80	155	93.0	143.0	16
-80	160	36.0	142.0	5
-80	165	21.0	142.0	14
-80	170	52.0	142.0	10
-80	175	32.0	144.0	1
-75	-180	0	142.0	0
-75	-175	0	142.0	0
-75	-170	0	143.0	0
-75	-165	0	143.0	0
-75	-160	0	145.0	0
-75	-155	0	146.0	0
-75	-150	0	145.0	0
-75	-145	0	146.0	0
-75	-140	0	148.0	0
-75	-135	0	148.0	0
-75	-130	0	148.0	0
-75	-125	0	149.0	0
-75	-120	0	148.0	0
-75	-115	0	148.0	0
-75	-110	0	147.0	0
-75	-105	0	147.0	0
-75	-100	0	147.0	0
-75	-95	0	149.0	0
-75	-90	0	147.0	0
-75	-85	0	148.0	0
-75	-80	0	147.0	0
-75	-75	0	147.0	0
-75	-70	0	148.0	0
-75	-65	0	148.0	0
-75	-60	0	150.0	1
-75	-55	66.0	150.0	1
-75	-50	49.0	149.0	10
-75	-45	30.0	152.0	17
-75	-40	87.0	152.0	19
-75	-35	53.0	152.0	16
-75	-30	68.0	152.0	15
-75	-25	116.0	153.0	25
-75	-20	89.0	154.0	25
-75	-15	58.0	154.0	22
-75	-10	102.0	154.0	16
-75	-5	50.0	154.0	2
-75	0	0	154.0	0
-75	5	1.0	155.0	1
-75	10	0	155.0	0
-75	15	0	155.0	0
-75	20	0	155.0	0
-75	25	0	156.0	0
-75	30	0	157.0	0
-75	35	115.0	156.0	1
-75	40	0	156.0	0
-75	45	0	155.0	0
-75	50	25.0	155.0	1
-75	55	0	154.0	0
-75	60	0	154.0	0
-75	65	0	153.0	0
-75	70	0	153.0	0
-75	75	0	151.0	0
-75	80	0	152.0	0
-75	85	0	151.0	0
-75	90	0	148.0	0
-75	95	0	149.0	1
-75	100	24.0	148.0	1
-75	105	5.0	147.0	2
-75	110	20.0	148.0	7
-75	115	61.0	147.0	10
-75	120	56.0	147.0	8
-75	125	100.0	146.0	24
-75	130	66.0	146.0	13
-75	135	54.0	144.0	19
-75	140	41.0	144.0	11
-75	145	69.0	144.0	16
-75	150	87.0	144.0	21
-75	155	100.0	143.0	9
-75	160	23.0	143.0	13
-75	165	79.0	142.0	9
-75	170	48.0	142.0	6
-75	175	39.0	143.0	2
-70	-180	0	143.0	0
-70	-175	0	144.0	0
-70	-170	0	143.0	0
-70	-165	0	143.0	0
-70	-160	0	145.0	0
-70	-155	0	146.0	0
-70	-150	0	146.0	0
-70	-145	0	147.0	0
-70	-140	0	147.0	0
-70	-135	0	147.0	0
-70	-130	0	148.0	0
-70	-125	0	148.0	0
-70	-120	0	148.0	0
-70	-115	0	148.0	0
-70	-110	0	148.0	0
-70	-105	0	147.0	0
-70	-100	0	148.0	0
-70	-95	0	148.0	0
-70	-90	0	147.0	0
-70	-85	0	147.0	0
-70	-80	0	148.0	0
-70	-75	0	150.0	0
-70	-70	0	150.0	0
-70	-65	0	149.0	0
-70	-60	36.0	151.0	1
-70	-55	13.0	152.0	2
-70	-50	46.0	152.0	39
-70	-45	102.0	153.0	84
-70	-40	110.0	153.0	128
-70	-35	90.0	153.0	65
-70	-30	30.0	154.0	27
-70	-25	93.0	154.0	42
-70	-20	99.0	154.0	21
-70	-15	119.0	154.0	22
-70	-10	111.0	155.0	8
-70	-5	1.0	155.0	1
-70	0	4.0	157.0	1
-70	5	0	155.0	0
-70	10	0	156.0	0
-70	15	0	156.0	0
-70	20	0	157.0	0
-70	25	0	157.0	0
-70	30	0	157.0	0
-70	35	0	157.0	0
-70	40	0	156.0	0
-70	45	0	156.0	0
-70	50	0	155.0	0
-70	55	0	156.0	0
-70	60	33.0	155.0	1
-70	65	0	154.0	0
-70	70	0	155.0	0
-70	75	0	152.0	0
-70	80	0	153.0	0
-70	85	0	153.0	0
-70	90	0	152.0	0
-70	95	0	152.0	0
-70	100	0	150.0	0
-70	105	56.0	151.0	2
-70	110	1.0	149.0	1
-70	115	6.0	148.0	1
-70	120	70.0	148.0	14
-70	125	87.0	146.0	17
-70	130	66.0	146.0	28
-70	135	88.0	146.0	24
-70	140	43.0	146.0	18
-70	145	44.0	145.0	13
-70	150	39.0	144.0	13
-70	155	68.0	144.0	18
-70	160	34.0	143.0	6
-70	165	91.0	143.0	11
-70	170	7.0	142.0	4
-70	175	15.0	142.0	2
-65	-180	0	143.0	0
-65	-175	0	143.0	0
-65	-170	0	144.0	0
-65	-165	0	146.0	0
-65	-160	0	145.0	0
-65	-155	0	144.0	0
-65	-150	0	146.0	0
-65	-145	0	147.0	0
-65	-140	0	146.0	0
-65	-135	0	147.0	0
-65	-130	0	148.0	0
-65	-125	0	148.0	0
-65	-120	0	147.0	0
-65	-115	0	147.0	0
-65	-110	0	148.0	0
-65	-105	0	147.0	0
-65	-100	0	147.0	0
-65	-95	0	148.0	0
-65	-90	0	148.0	0
-65	-85	0	149.0	0
-65	-80	0	149.0	0
-65	-75	0	150.0	0
-65	-70	0	150.0	0
-65	-65	0	150.0	1
-65	-60	0	152.0	2
-65	-55	65.0	151.0	20
-65	-50	76.0	152.0	104
-65	-45	103.0	0	234
-65	-40	79.0	0	196
-65	-35	94.0	154.0	65
-65	-30	54.0	155.0	34
-65	-25	71.0	155.0	28
-65	-20	120.0	156.0	18
-65	-15	54.0	156.0	13
-65	-10	1.0	156.0	2
-65	-5	0	157.0	0
-65	0	0	157.0	0
-65	5	0	158.0	0
-65	10	0	158.0	0
-65	15	0	158.0	0
-65	20	0	158.0	0
-65	25	0	158.0	0
-65	30	0	157.0	0
-65	35	0	156.0	0
-65	40	0	156.0	0
-65	45	0	156.0	0
-65	50	0	156.0	0
-65	55	0	156.0	0
-65	60	0	155.0	0
-65	65	0	154.0	0
-65	70	0	155.0	0
-65	75	0	154.0	0
-65	80	0	153.0	0
-65	85	0	154.0	0
-65	90	0	153.0	0
-65	95	0	151.0	0
-65	100	0	151.0	0
-65	105	100.0	151.0	2
-65	110	0	148.0	0
-65	115	17.0	150.0	3
-65	120	18.0	149.0	5
-65	125	80.0	148.0	15
-65	130	67.0	148.0	26
-65	135	47.0	147.0	17
-65	140	44.0	145.0	12
-65	145	57.0	145.0	23
-65	150	78.0	145.0	9
-65	155	43.0	144.0	4
-65	160	67.0	142.0	8
-65	165	19.0	143.0	2
-65	170	0	143.0	0
-65	175	0	143.0	0
-60	-180	0	144.0	0
-60	-175	0	144.0	0
-60	-170	0	144.0	0
-60	-165	0	144.0	0
-60	-160	0	144.0	0
-60	-155	0	145.0	0
-60	-150	0	145.0	0
-60	-145	0	146.0	0
-60	-140	0	146.0	0
-60	-135	0	147.0	0
-60	-130	0	148.0	0
-60	-125	0	148.0	0
-60	-120	0	147.0	0
-60	-115	0	147.0	0
-60	-110	0	149.0	0
-60	-105	0	147.0	0
-60	-100	0	148.0	0
-60	-95	0	148.0	0
-60	-90	0	148.0	0
-60	-85	0	149.0	0
-60	-80	0	149.0	0
-60	-75	0	151.0	0
-60	-70	0	152.0	0
-60	-65	0	153.0	2
-60	-60	16.0	152.0	2
-60	-55	94.0	152.0	22
-60	-50	84.0	154.0	141
-60	-45	88.0	0	184
-60	-40	85.0	154.0	91
-60	-35	52.0	155.0	42
-60	-30	131.0	156.0	20
-60	-25	52.0	157.0	15
-60	-20	89.0	158.0	5
-60	-15	66.0	159.0	1
-60	-10	0	157.0	0
-60	-5	0	157.0	0
-60	0	0	157.0	0
-60	5	0	158.0	0
-60	10	0	160.0	0
-60	15	0	159.0	0
-60	20	0	159.0	0
-60	25	0	160.0	0
-60	30	0	157.0	0
-60	35	0	157.0	0
-60	40	0	160.0	0
-60	45	0	157.0	0
-60	50	0	158.0	0
-60	55	0	157.0	0
-60	60	0	156.0	0
-60	65	0	156.0	0
-60	70	0	157.0	0
-60	75	0	154.0	0
-60	80	0	155.0	0
-60	85	0	154.0	0
-60	90	0	152.0	0
-60	95	0	152.0	0
-60	100	0	152.0	0
-60	105	3.0	151.0	1
-60	110	0	150.0	0
-60	115	12.0	150.0	3
-60	120	57.0	149.0	11
-60	125	80.0	148.0	12
-60	130	54.0	147.0	23
-60	135	49.0	146.0	15
-60	140	35.0	148.0	13
-60	145	73.0	146.0	6
-60	150	99.0	145.0	3
-60	155	27.0	145.0	2
-60	160	9.0	145.0	1
-60	165	5.0	144.0	1
-60	170	0	143.0	0
-60	175	0	144.0	0
-55	-180	0	144.0	0
-55	-175	0	144.0	0
-55	-170	0	145.0	0
-55	-165	0	143.0	0
-55	-160	0	144.0	0
-55	-155	0	145.0	0
-55	-150	0	146.0	0
-55	-145	0	146.0	0
-55	-140	0	148.0	0
-55	-135	0	148.0	0
-55	-130	0	149.0	0
-55	-125	0	148.0	0
-55	-120	0	147.0	0
-55	-115	0	148.0	0
-55	-110	0	148.0	0
-55	-105	0	148.0	0
-55	-100	0	149.0	0
-55	-95	0	150.0	0
-55	-90	0	149.0	0
-55	-85	0	151.0	0
-55	-80	0	151.0	0
-55	-75	0	151.0	0
-55	-70	29.0	152.0	1
-55	-65	0	152.0	0
-55	-60	4.0	152.0	2
-55	-55	102.0	153.0	19
-55	-50	38.0	154.0	43
-55	-45	81.0	154.0	42
-55	-40	91.0	155.0	20
-55	-35	70.0	155.0	12
-55	-30	77.0	155.0	5
-55	-25	38.0	157.0	2
-55	-20	0	157.0	0
-55	-15	0	157.0	0
-55	-10	0	158.0	0
-55	-5	0	159.0	0
-55	0	0	159.0	0
-55	5	0	158.0	0
-55	10	0	157.0	0
-55	15	0	158.0	0
-55	20	0	159.0	0
-55	25	0	161.0	0
-55	30	0	159.0	0
-55	35	0	159.0	0
-55	40	0	159.0	0
-55	45	0	158.0	0
-55	50	0	157.0	0
-55	55	0	156.0	0
-55	60	0	157.0	0
-55	65	0	156.0	0
-55	70	0	156.0	0
-55	75	0	154.0	0
-55	80	0	154.0	0
-55	85	0	152.0	0
-55	90	0	151.0	0
-55	95	0	152.0	0
-55	100	0	151.0	0
-55	105	0	150.0	0
-55	110	64.0	149.0	1
-55	115	72.0	150.0	3
-55	120	90.0	149.0	5
-55	125	39.0	148.0	13
-55	130	65.0	146.0	15
-55	135	56.0	147.0	8
-55	140	43.0	145.0	5
-55	145	27.0	145.0	3
-55	150	61.0	144.0	2
-55	155	25.0	141.0	1
-55	160	0	142.0	0
-55	165	0	142.0	0
-55	170	0	142.0	0
-55	175	0	142.0	0
-50	-180	0	142.0	0
-50	-175	0	143.0	0
-50	-170	0	144.0	0
-50	-165	0	145.0	0
-50	-160	0	144.0	0
-50	-155	0	144.0	0
-50	-150	0	146.0	0
-50	-145	0	147.0	0
-50	-140	0	147.0	0
-50	-135	0	148.0	0
-50	-130	0	148.0	0
-50	-125	0	148.0	0
-50	-120	0	149.0	0
-50	-115	0	148.0	0
-50	-110	0	150.0	0
-50	-105	0	150.0	0
-50	-100	0	151.0	0
-50	-95	0	152.0	0
-50	-90	0	152.0	0
-50	-85	0	153.0	0
-50	-80	0	152.0	0
-50	-75	0	151.0	0
-50	-70	0	153.0	0
-50	-65	0	154.0	0
-50	-60	51.0	155.0	2
-50	-55	53.0	155.0	6
-50	-50	123.0	155.0	9
-50	-45	95.0	156.0	10
-50	-40	101.0	158.0	3
-50	-35	0	158.0	0
-50	-30	33.0	156.0	1
-50	-25	0	158.0	0
-50	-20	0	158.0	0
-50	-15	0	158.0	0
-50	-10	0	159.0	0
-50	-5	0	159.0	0
-50	0	0	159.0	0
-50	5	0	160.0	0
-50	10	0	159.0	0
-50	15	0	159.0	0
-50	20	0	159.0	0
-50	25	0	158.0	0
-50	30	0	159.0	0
-50	35	0	159.0	0
-50	40	0	158.0	0
-50	45	0	158.0	0
-50	50	0	159.0	0
-50	55	0	156.0	0
-50	60	0	156.0	0
-50	65	0	155.0	0
-50	70	0	155.0	0
-50	75	0	154.0	0
-50	80	0	154.0	0
-50	85	0	153.0	0
-50	90	0	153.0	0
-50	95	0	152.0	0
-50	100	0	151.0	0
-50	105	0	151.0	0
-50	110	1.0	151.0	1
-50	115	4.0	149.0	2
-50	120	14.0	149.0	1
-50	125	12.0	149.0	4
-50	130	20.0	148.0	3
-50	135	9.0	146.0	2
-50	140	11.0	146.0	3
-50	145	122.0	146.0	1
-50	150	0	145.0	1
-50	155	0	144.0	0
-50	160	0	143.0	0
-50	165	0	142.0	0
-50	170	0	143.0	0
-50	175	0	142.0	0
-45	-180	0	145.0	0
-45	-175	0	145.0	0
-45	-170	0	145.0	0
-45	-165	0	144.0	0
-45	-160	0	145.0	0
-45	-155	0	146.0	0
-45	-150	0	147.0	0
-45	-145	0	145.0	0
-45	-140	0	146.0	0
-45	-135	0	147.0	0
-45	-130	0	149.0	0
-45	-125	0	148.0	0
-45	-120	0	149.0	0
-45	-115	0	148.0	0
-45	-110	0	149.0	0
-45	-105	0	149.0	0
-45	-100	0	150.0	0
-45	-95	0	150.0	0
-45	-90	0	151.0	0
-45	-85	0	152.0	0
-45	-80	0	153.0	0
-45	-75	0	153.0	0
-45	-70	0	154.0	0
-45	-65	0	155.0	0
-45	-60	0	156.0	0
-45	-55	18.0	156.0	1
-45	-50	1.0	158.0	1
-45	-45	91.0	159.0	1
-45	-40	0	158.0	0
-45	-35	0	159.0	0
-45	-30	0	160.0	0
-45	-25	0	161.0	0
-45	-20	0	162.0	0
-45	-15	0	162.0	0
-45	-10	0	162.0	0
-45	-5	0	162.0	0
-45	0	0	162.0	0
-45	5	0	164.0	0
-45	10	0	164.0	0
-45	15	0	165.0	0
-45	20	0	164.0	0
-45	25	0	163.0	0
-45	30	0	163.0	0
-45	35	0	163.0	0
-45	40	0	161.0	0
-45	45	0	161.0	0
-45	50	0	161.0	0
-45	55	0	158.0	0
-45	60	0	158.0	0
-45	65	0	158.0	0
-45	70	0	156.0	0
-45	75	0	156.0	0
-45	80	0	155.0	0
-45	85	0	154.0	0
-45	90	0	154.0	0
-45	95	0	153.0	0
-45	100	0	152.0	0
-45	105	0	151.0	0
-45	110	0	152.0	0
-45	115	0	152.0	0
-45	120	51.0	151.0	2
-45	125	19.0	149.0	3
-45	130	33.0	148.0	1
-45	135	20.0	147.0	1
-45	140	35.0	148.0	1
-45	145	0	147.0	0
-45	150	0	147.0	0
-45	155	0	147.0	0
-45	160	0	146.0	0
-45	165	0	144.0	0
-45	170	0	144.0	0
-45	175	0	144.0	0
-40	-180	0	142.0	0
-40	-175	0	142.0	0
-40	-170	0	145.0	0
-40	-165	0	144.0	0
-40	-160	0	145.0	0
-40	-155	0	146.0	0
-40	-150	0	146.0	0
-40	-145	0	147.0	0
-40	-140	0	148.0	0
-40	-135	0	148.0	0
-40	-130	0	150.0	0
-40	-125	0	148.0	0
-40	-120	0	149.0	0
-40	-115	0	149.0	0
-40	-110	0	150.0	0
-40	-105	0	151.0	0
-40	-100	0	152.0	0
-40	-95	0	153.0	0
-40	-90	0	153.0	0
-40	-85	0	154.0	0
-40	-80	0	155.0	0
-40	-75	0	156.0	0
-40	-70	0	155.0	0
-40	-65	0	156.0	0
-40	-60	0	157.0	0
-40	-55	49.0	156.0	1
-40	-50	56.0	156.0	1
-40	-45	0	158.0	0
-40	-40	0	158.0	0
-40	-35	9.0	158.0	1
-40	-30	15.0	159.0	1
-40	-25	0	159.0	0
-40	-20	0	159.0	0
-40	-15	0	161.0	0
-40	-10	0	160.0	0
-40	-5	0	162.0	0
-40	0	0	162.0	0
-40	5	0	161.0	0
-40	10	0	161.0	0
-40	15	0	163.0	0
-40	20	0	161.0	0
-40	25	0	161.0	0
-40	30	0	162.0	0
-40	35	0	160.0	0
-40	40	0	160.0	0
-40	45	0	160.0	0
-40	50	0	159.0	0
-40	55	0	158.0	0
-40	60	0	158.0	0
-40	65	0	156.0	0
-40	70	0	156.0	0
-40	75	0	155.0	0
-40	80	0	154.0	0
-40	85	0	154.0	0
-40	90	0	153.0	0
-40	95	0	152.0	0
-40	100	0	152.0	0
-40	105	0	151.0	0
-40	110	0	150.0	0
-40	115	0	149.0	0
-40	120	50.0	149.0	1
-40	125	36.0	148.0	2
-40	130	0	147.0	0
-40	135	0	147.0	0
-40	140	0	146.0	0
-40	145	0	146.0	0
-40	150	0	146.0	0
-40	155	0	145.0	0
-40	160	0	145.0	0
-40	165	0	144.0	0
-40	170	0	143.0	0
-40	175	0	143.0	0
-35	-180	0	142.0	0
-35	-175	0	140.0	0
-35	-170	0	143.0	0
-35	-165	0	143.0	0
-35	-160	0	142.0	0
-35	-155	0	143.0	0
-35	-150	0	144.0	0
-35	-145	0	145.0	0
-35	-140	0	145.0	0
-35	-135	0	147.0	0
-35	-130	0	147.0	0
-35	-125	0	147.0	0
-35	-120	0	147.0	0
-35	-115	0	147.0	0
-35	-110	0	149.0	0
-35	-105	0	149.0	0
-35	-100	0	150.0	0
-35	-95	0	151.0	0
-35	-90	0	152.0	0
-35	-85	0	152.0	0
-35	-80	0	155.0	0
-35	-75	0	154.0	0
-35	-70	0	156.0	0
-35	-65	0	156.0	0
-35	-60	0	156.0	0
-35	-55	0	158.0	0
-35	-50	0	158.0	0
-35	-45	0	159.0	0
-35	-40	0	160.0	0
-35	-35	0	160.0	0
-35	-30	0	160.0	0
-35	-25	0	161.0	0
-35	-20	0	161.0	0
-35	-15	0	162.0	0
-35	-10	0	162.0	0
-35	-5	0	164.0	0
-35	0	0	163.0	0
-35	5	0	163.0	0
-35	10	0	163.0	0
-35	15	0	163.0	0
-35	20	0	162.0	0
-35	25	0	162.0	0
-35	30	0	161.0	0
-35	35	0	161.0	0
-35	40	0	161.0	0
-35	45	0	160.0	0
-35	50	0	159.0	0
-35	55	0	159.0	0
-35	60	0	158.0	0
-35	65	0	157.0	0
-35	70	0	157.0	0
-35	75	0	156.0	0
-35	80	0	154.0	0
-35	85	0	154.0	0
-35	90	0	153.0	0
-35	95	0	152.0	0
-35	100	0	151.0	0
-35	105	0	150.0	0
-35	110	0	150.0	0
-35	115	0	149.0	0
-35	120	0	149.0	0
-35	125	0	148.0	0
-35	130	0	148.0	0
-35	135	0	147.0	0
-35	140	0	146.0	0
-35	145	0	146.0	0
-35	150	0	145.0	0
-35	155	0	144.0	0
-35	160	0	143.0	0
-35	165	0	143.0	0
-35	170	0	142.0	0
-35	175	0	143.0	0
-30	-180	0	143.0	0
-30	-175	0	142.0	0
-30	-170	0	143.0	0
-30	-165	0	142.0	0
-30	-160	0	143.0	0
-30	-155	0	145.0	0
-30	-150	0	146.0	0
-30	-145	0	145.0	0
-30	-140	0	146.0	0
-30	-135	0	147.0	0
-30	-130	0	147.0	0
-30	-125	0	149.0	0
-30	-120	0	148.0	0
-30	-115	0	149.0	0
-30	-110	0	150.0	0
-30	-105	0	151.0	0
-30	-100	0	153.0	0
-30	-95	0	154.0	0
-30	-90	0	153.0	0
-30	-85	0	156.0	0
-30	-80	0	155.0	0
-30	-75	0	156.0	0
-30	-70	0	157.0	0
-30	-65	0	158.0	0
-30	-60	0	159.0	0
-30	-55	0	160.0	0
-30	-50	0	160.0	0
-30	-45	0	160.0	0
-30	-40	0	160.0	0
-30	-35	0	161.0	0
-30	-30	0	162.0	0
-30	-25	0	163.0	0
-30	-20	0	163.0	0
-30	-15	0	163.0	0
-30	-10	0	163.0	0
-30	-5	0	163.0	0
-30	0	0	163.0	0
-30	5	0	163.0	0
-30	10	0	162.0	0
-30	15	0	163.0	0
-30	20	0	164.0	0
-30	25	0	162.0	0
-30	30	0	161.0	0
-30	35	0	161.0	0
-30	40	0	159.0	0
-30	45	0	159.0	0
-30	50	0	159.0	0
-30	55	0	157.0	0
-30	60	0	156.0	0
-30	65	0	156.0	0
-30	70	0	156.0	0
-30	75	0	155.0	0
-30	80	0	153.0	0
-30	85	0	153.0	0
-30	90	0	152.0	0
-30	95	0	152.0	0
-30	100	0	151.0	0
-30	105	0	150.0	0
-30	110	0	150.0	0
-30	115	0	149.0	0
-30	120	0	148.0	0
-30	125	0	148.0	0
-30	130	0	147.0	0
-30	135	0	146.0	0
-30	140	0	145.0	0
-30	145	0	144.0	0
-30	150	0	143.0	0
-30	155	0	143.0	0
-30	160	0	142.0	0
-30	165	0	142.0	0
-30	170	0	142.0	0
-30	175	0	142.0	0
-25	-180	0	141.0	0
-25	-175	0	142.0	0
-25	-170	0	142.0	0
-25	-165	0	142.0	0
-25	-160	0	142.0	0
-25	-155	0	144.0	0
-25	-150	0	144.0	0
-25	-145	0	146.0	0
-25	-140	0	147.0	0
-25	-135	0	147.0	0
-25	-130	0	149.0	0
-25	-125	0	149.0	0
-25	-120	0	150.0	0
-25	-115	0	151.0	0
-25	-110	0	151.0	0
-25	-105	0	153.0	0
-25	-100	0	153.0	0
-25	-95	0	155.0	0
-25	-90	0	155.0	0
-25	-85	0	155.0	0
-25	-80	0	156.0	0
-25	-75	0	157.0	0
-25	-70	0	158.0	0
-25	-65	0	158.0	0
-25	-60	0	160.0	0
-25	-55	0	160.0	0
-25	-50	0	160.0	0
-25	-45	0	162.0	0
-25	-40	0	162.0	0
-25	-35	0	162.0	0
-25	-30	0	162.0	0
-25	-25	0	162.0	0
-25	-20	0	163.0	0
-25	-15	0	164.0	0
-25	-10	0	164.0	0
-25	-5	0	163.0	0
-25	0	0	165.0	0
-25	5	0	163.0	0
-25	10	0	164.0	0
-25	15	0	163.0	0
-25	20	0	162.0	0
-25	25	0	162.0	0
-25	30	0	162.0	0
-25	35	0	161.0	0
-25	40	0	160.0	0
-25	45	0	160.0	0
-25	50	0	157.0	0
-25	55	0	157.0	0
-25	60	0	157.0	0
-25	65	0	157.0	0
-25	70	0	156.0	0
-25	75	0	156.0	0
-25	80	0	154.0	0
-25	85	0	154.0	0
-25	90	0	153.0	0
-25	95	0	152.0	0
-25	100	0	151.0	0
-25	105	0	150.0	0
-25	110	0	149.0	0
-25	115	0	149.0	0
-25	120	0	148.0	0
-25	125	0	147.0	0
-25	130	0	146.0	0
-25	135	0	146.0	0
-25	140	0	145.0	0
-25	145	0	145.0	0
-25	150	0	143.0	0
-25	155	0	143.0	0
-25	160	0	142.0	0
-25	165	0	143.0	0
-25	170	0	142.0	0
-25	175	0	141.0	0
-20	-180	0	142.0	0
-20	-175	0	141.0	0
-20	-170	0	143.0	0
-20	-165	0	143.0	0
-20	-160	0	144.0	0
-20	-155	0	145.0	0
-20	-150	0	144.0	0
-20	-145	0	146.0	0
-20	-140	0	146.0	0
-20	-135	0	149.0	0
-20	-130	0	150.0	0
-20	-125	0	150.0	0
-20	-120	0	150.0	0
-20	-115	0	151.0	0
-20	-110	0	153.0	0
-20	-105	0	154.0	0
-20	-100	0	154.0	0
-20	-95	0	155.0	0
-20	-90	0	156.0	0
-20	-85	0	157.0	0
-20	-80	0	158.0	0
-20	-75	0	158.0	0
-20	-70	0	160.0	0
-20	-65	0	160.0	0
-20	-60	0	160.0	0
-20	-55	0	160.0	0
-20	-50	0	161.0	0
-20	-45	0	160.0	0
-20	-40	0	161.0	0
-20	-35	0	162.0	0
-20	-30	0	163.0	0
-20	-25	0	163.0	0
-20	-20	0	164.0	0
-20	-15	0	163.0	0
-20	-10	0	163.0	0
-20	-5	0	163.0	0
-20	0	0	164.0	0
-20	5	0	163.0	0
-20	10	0	165.0	0
-20	15	0	163.0	0
-20	20	0	163.0	0
-20	25	0	162.0	0
-20	30	0	161.0	0
-20	35	0	160.0	0
-20	40	0	160.0	0
-20	45	0	159.0	0
-20	50	0	159.0	0
-20	55	0	157.0	0
-20	60	0	157.0	0
-20	65	0	155.0	0
-20	70	0	155.0	0
-20	75	0	153.0	0
-20	80	0	153.0	0
-20	85	0	153.0	0
-20	90	0	152.0	0
-20	95	0	151.0	0
-20	100	0	150.0	0
-20	105	0	148.0	0
-20	110	0	148.0	0
-20	115	0	148.0	0
-20	120	0	147.0	0
-20	125	0	146.0	0
-20	130	0	146.0	0
-20	135	0	145.0	0
-20	140	0	144.0	0
-20	145	0	143.0	0
-20	150	0	144.0	0
-20	155	0	142.0	0
-20	160	0	141.0	0
-20	165	0	141.0	0
-20	170	0	142.0	0
-20	175	0	142.0	0
-15	-180	0	141.0	0
-15	-175	0	141.0	0
-15	-170	0	142.0	0
-15	-165	0	144.0	0
-15	-160	0	144.0	0
-15	-155	0	145.0	0
-15	-150	0	145.0	0
-15	-145	0	147.0	0
-15	-140	0	147.0	0
-15	-135	0	149.0	0
-15	-130	0	151.0	0
-15	-125	0	151.0	0
-15	-120	0	152.0	0
-15	-115	0	152.0	0
-15	-110	0	152.0	0
-15	-105	0	155.0	0
-15	-100	0	156.0	0
-15	-95	0	156.0	0
-15	-90	0	155.0	0
-15	-85	0	156.0	0
-15	-80	0	158.0	0
-15	-75	0	158.0	0
-15	-70	0	159.0	0
-15	-65	0	159.0	0
-15	-60	0	160.0	0
-15	-55	0	161.0	0
-15	-50	0	163.0	0
-15	-45	0	163.0	0
-15	-40	0	165.0	0
-15	-35	0	164.0	0
-15	-30	0	166.0	0
-15	-25	0	165.0	0
-15	-20	0	164.0	0
-15	-15	0	165.0	0
-15	-10	0	165.0	0
-15	-5	0	164.0	0
-15	0	0	165.0	0
-15	5	0	164.0	0
-15	10	0	163.0	0
-15	15	0	163.0	0
-15	20	0	162.0	0
-15	25	0	162.0	0
-15	30	0	161.0	0
-15	35	0	162.0	0
-15	40	0	159.0	0
-15	45	0	158.0	0
-15	50	0	158.0	0
-15	55	0	156.0	0
-15	60	0	156.0	0
-15	65	0	155.0	0
-15	70	0	154.0	0
-15	75	0	154.0	0
-15	80	0	153.0	0
-15	85	0	153.0	0
-15	90	0	151.0	0
-15	95	0	151.0	0
-15	100	0	150.0	0
-15	105	0	149.0	0
-15	110	0	148.0	0
-15	115	0	148.0	0
-15	120	0	146.0	0
-15	125	0	146.0	0
-15	130	0	145.0	0
-15	135	0	144.0	0
-15	140	0	143.0	0
-15	145	0	143.0	0
-15	150	0	142.0	0
-15	155	0	142.0	0
-15	160	0	142.0	0
-15	165	0	141.0	0
-15	170	0	141.0	0
-15	175	0	140.0	0
-10	-180	0	143.0	0
-10	-175	0	143.0	0
-10	-170	0	143.0	0
-10	-165	0	142.0	0
-10	-160	0	144.0	0
-10	-155	0	145.0	0
-10	-150	0	145.0	0
-10	-145	0	146.0	0
-10	-140	0	148.0	0
-10	-135	0	148.0	0
-10	-130	0	150.0	0
-10	-125	0	152.0	0
-10	-120	0	152.0	0
-10	-115	0	153.0	0
-10	-110	0	153.0	0
-10	-105	0	154.0	0
-10	-100	0	156.0	0
-10	-95	0	157.0	0
-10	-90	0	158.0	0
-10	-85	0	158.0	0
-10	-80	0	159.0	0
-10	-75	0	159.0	0
-10	-70	0	160.0	0
-10	-65	0	161.0	0
-10	-60	0	163.0	0
-10	-55	0	162.0	0
-10	-50	0	164.0	0
-10	-45	0	165.0	0
-10	-40	0	164.0	0
-10	-35	0	165.0	0
-10	-30	0	166.0	0
-10	-25	0	166.0	0
-10	-20	0	166.0	0
-10	-15	0	166.0	0
-10	-10	0	166.0	0
-10	-5	0	166.0	0
-10	0	0	166.0	0
-10	5	0	165.0	0
-10	10	0	164.0	0
-10	15	0	166.0	0
-10	20	0	163.0	0
-10	25	0	163.0	0
-10	30	0	161.0	0
-10	35	0	160.0	0
-10	40	0	159.0	0
-10	45	0	159.0	0
-10	50	0	157.0	0
-10	55	0	156.0	0
-10	60	0	156.0	0
-10	65	0	154.0	0
-10	70	0	155.0	0
-10	75	0	154.0	0
-10	80	0	154.0	0
-10	85	0	151.0	0
-10	90	0	150.0	0
-10	95	0	150.0	0
-10	100	0	149.0	0
-10	105	0	149.0	0
-10	110	0	147.0	0
-10	115	0	147.0	0
-10	120	0	146.0	0
-10	125	0	145.0	0
-10	130	0	144.0	0
-10	135	0	144.0	0
-10	140	0	143.0	0
-10	145	0	143.0	0
-10	150	0	141.0	0
-10	155	0	142.0	0
-10	160	0	142.0	0
-10	165	0	144.0	0
-10	170	0	142.0	0
-10	175	0	142.0	0
-5	-180	0	141.0	0
-5	-175	0	142.0	0
-5	-170	0	143.0	0
-5	-165	0	142.0	0
-5	-160	0	143.0	0
-5	-155	0	144.0	0
-5	-150	0	146.0	0
-5	-145	0	146.0	0
-5	-140	0	148.0	0
-5	-135	0	150.0	0
-5	-130	0	150.0	0
-5	-125	0	150.0	0
-5	-120	0	152.0	0
-5	-115	0	154.0	0
-5	-110	0	154.0	0
-5	-105	0	154.0	0
-5	-100	0	155.0	0
-5	-95	0	156.0	0
-5	-90	0	158.0	0
-5	-85	0	158.0	0
-5	-80	0	159.0	0
-5	-75	0	159.0	0
-5	-70	0	162.0	0
-5	-65	0	161.0	0
-5	-60	0	163.0	0
-5	-55	0	163.0	0
-5	-50	0	165.0	0
-5	-45	0	165.0	0
-5	-40	0	165.0	0
-5	-35	0	165.0	0
-5	-30	0	164.0	0
-5	-25	0	165.0	0
-5	-20	0	166.0	0
-5	-15	0	165.0	0
-5	-10	0	166.0	0
-5	-5	0	165.0	0
-5	0	0	164.0	0
-5	5	0	164.0	0
-5	10	0	164.0	0
-5	15	0	164.0	0
-5	20	0	162.0	0
-5	25	0	162.0	0
-5	30	0	160.0	0
-5	35	0	160.0	0
-5	40	0	159.0	0
-5	45	0	158.0	0
-5	50	0	157.0	0
-5	55	0	155.0	0
-5	60	0	155.0	0
-5	65	0	155.0	0
-5	70	0	154.0	0
-5	75	0	152.0	0
-5	80	0	151.0	0
-5	85	0	152.0	0
-5	90	0	151.0	0
-5	95	0	151.0	0
-5	100	0	148.0	0
-5	105	0	148.0	0
-5	110	0	147.0	0
-5	115	0	147.0	0
-5	120	0	146.0	0
-5	125	0	145.0	0
-5	130	0	145.0	0
-5	135	0	143.0	0
-5	140	0	143.0	0
-5	145	0	144.0	0
-5	150	0	144.0	0
-5	155	0	142.0	0
-5	160	0	141.0	0
-5	165	0	142.0	0
-5	170	0	142.0	0
-5	175	0	142.0	0
0	-180	0	142.0	0
0	-175	0	142.0	0
0	-170	0	143.0	0
0	-165	0	144.0	0
0	-160	0	144.0	0
0	-155	0	146.0	0
0	-150	0	147.0	0
0	-145	0	147.0	0
0	-140	0	150.0	0
0	-135	0	152.0	0
0	-130	0	153.0	0
0	-125	0	154.0	0
0	-120	0	155.0	0
0	-115	0	156.0	0
0	-110	0	157.0	0
0	-105	0	159.0	0
0	-100	0	159.0	0
0	-95	0	159.0	0
0	-90	0	159.0	0
0	-85	0	160.0	0
0	-80	0	162.0	0
0	-75	0	161.0	0
0	-70	0	162.0	0
0	-65	0	162.0	0
0	-60	0	164.0	0
0	-55	0	164.0	0
0	-50	0	164.0	0
0	-45	0	165.0	0
0	-40	0	165.0	0
0	-35	0	166.0	0
0	-30	0	168.0	0
0	-25	0	167.0	0
0	-20	0	166.0	0
0	-15	0	165.0	0
0	-10	0	166.0	0
0	-5	0	165.0	0
0	0	0	165.0	0
0	5	0	164.0	0
0	10	0	164.0	0
0	15	0	163.0	0
0	20	0	161.0	0
0	25	0	162.0	0
0	30	0	158.0	0
0	35	0	159.0	0
0	40	0	156.0	0
0	45	0	156.0	0
0	50	0	157.0	0
0	55	0	154.0	0
0	60	0	153.0	0
0	65	0	153.0	0
0	70	0	152.0	0
0	75	0	152.0	0
0	80	0	151.0	0
0	85	0	150.0	0
0	90	0	148.0	0
0	95	0	147.0	0
0	100	0	146.0	0
0	105	0	146.0	0
0	110	0	145.0	0
0	115	0	145.0	0
0	120	0	144.0	0
0	125	0	143.0	0
0	130	0	143.0	0
0	135	0	143.0	0
0	140	0	141.0	0
0	145	0	141.0	0
0	150	0	140.0	0
0	155	0	141.0	0
0	160	0	142.0	0
0	165	0	141.0	0
0	170	0	141.0	0
0	175	0	142.0	0
5	-180	0	142.0	0
5	-175	0	143.0	0
5	-170	0	142.0	0
5	-165	0	142.0	0
5	-160	0	145.0	0
5	-155	0	146.0	0
5	-150	0	148.0	0
5	-145	0	150.0	0
5	-140	0	151.0	0
5	-135	0	152.0	0
5	-130	0	153.0	0
5	-125	0	154.0	0
5	-120	0	154.0	0
5	-115	0	156.0	0
5	-110	0	156.0	0
5	-105	0	156.0	0
5	-100	0	156.0	0
5	-95	0	159.0	0
5	-90	0	159.0	0
5	-85	0	160.0	0
5	-80	0	160.0	0
5	-75	0	161.0	0
5	-70	0	162.0	0
5	-65	0	162.0	0
5	-60	0	163.0	0
5	-55	0	163.0	0
5	-50	0	165.0	0
5	-45	0	165.0	0
5	-40	0	165.0	0
5	-35	0	166.0	0
5	-30	0	164.0	0
5	-25	0	164.0	0
5	-20	0	166.0	0
5	-15	0	166.0	0
5	-10	0	164.0	0
5	-5	0	164.0	0
5	0	0	165.0	0
5	5	0	165.0	0
5	10	0	164.0	0
5	15	0	164.0	0
5	20	0	162.0	0
5	25	0	162.0	0
5	30	0	160.0	0
5	35	0	158.0	0
5	40	0	159.0	0
5	45	0	157.0	0
5	50	0	157.0	0
5	55	0	156.0	0
5	60	0	155.0	0
5	65	0	154.0	0
5	70	0	153.0	0
5	75	0	152.0	0
5	80	0	152.0	0
5	85	0	150.0	0
5	90	0	149.0	0
5	95	0	149.0	0
5	100	0	148.0	0
5	105	0	147.0	0
5	110	0	146.0	0
5	115	0	144.0	0
5	120	0	145.0	0
5	125	0	143.0	0
5	130	0	143.0	0
5	135	0	142.0	0
5	140	0	142.0	0
5	145	0	142.0	0
5	150	0	142.0	0
5	155	0	140.0	0
5	160	0	142.0	0
5	165	0	141.0	0
5	170	0	142.0	0
5	175	0	142.0	0
10	-180	0	142.0	0
10	-175	0	142.0	0
10	-170	0	144.0	0
10	-165	0	145.0	0
10	-160	0	146.0	0
10	-155	0	146.0	0
10	-150	0	148.0	0
10	-145	0	148.0	0
10	-140	0	152.0	0
10	-135	0	152.0	0
10	-130	0	154.0	0
10	-125	0	155.0	0
10	-120	0	157.0	0
10	-115	0	157.0	0
10	-110	0	158.0	0
10	-105	0	159.0	0
10	-100	0	160.0	0
10	-95	0	160.0	0
10	-90	0	161.0	0
10	-85	0	161.0	0
10	-80	0	162.0	0
10	-75	0	161.0	0
10	-70	0	162.0	0
10	-65	0	162.0	0
10	-60	0	163.0	0
10	-55	0	163.0	0
10	-50	0	164.0	0
10	-45	0	165.0	0
10	-40	0	165.0	0
10	-35	0	165.0	0
10	-30	0	165.0	0
10	-25	0	165.0	0
10	-20	0	166.0	0
10	-15	0	165.0	0
10	-10	0	164.0	0
10	-5	0	165.0	0
10	0	0	163.0	0
10	5	0	164.0	0
10	10	0	163.0	0
10	15	0	162.0	0
10	20	0	161.0	0
10	25	0	160.0	0
10	30	0	158.0	0
10	35	0	157.0	0
10	40	0	155.0	0
10	45	0	156.0	0
10	50	0	155.0	0
10	55	0	154.0	0
10	60	0	153.0	0
10	65	0	151.0	0
10	70	0	151.0	0
10	75	0	150.0	0
10	80	0	149.0	0
10	85	0	147.0	0
10	90	0	147.0	0
10	95	0	147.0	0
10	100	0	145.0	0
10	105	0	144.0	0
10	110	0	143.0	0
10	115	0	142.0	0
10	120	0	142.0	0
10	125	0	141.0	0
10	130	0	140.0	0
10	135	0	142.0	0
10	140	0	141.0	0
10	145	0	140.0	0
10	150	0	142.0	0
10	155	0	141.0	0
10	160	0	140.0	0
10	165	0	141.0	0
10	170	0	141.0	0
10	175	0	142.0	0
15	-180	0	145.0	0
15	-175	0	143.0	0
15	-170	0	145.0	0
15	-165	0	146.0	0
15	-160	0	147.0	0
15	-155	0	149.0	0
15	-150	0	149.0	0
15	-145	0	151.0	0
15	-140	0	152.0	0
15	-135	0	155.0	0
15	-130	0	156.0	0
15	-125	0	157.0	0
15	-120	0	157.0	0
15	-115	0	158.0	0
15	-110	0	159.0	0
15	-105	0	159.0	0
15	-100	0	160.0	0
15	-95	0	160.0	0
15	-90	0	161.0	0
15	-85	0	162.0	0
15	-80	0	164.0	0
15	-75	0	163.0	0
15	-70	0	165.0	0
15	-65	0	165.0	0
15	-60	0	167.0	0
15	-55	0	167.0	0
15	-50	0	168.0	0
15	-45	0	166.0	0
15	-40	0	168.0	0
15	-35	0	169.0	0
15	-30	0	168.0	0
15	-25	0	168.0	0
15	-20	0	167.0	0
15	-15	0	168.0	0
15	-10	0	166.0	0
15	-5	0	165.0	0
15	0	0	165.0	0
15	5	0	165.0	0
15	10	0	163.0	0
15	15	0	163.0	0
15	20	0	163.0	0
15	25	0	162.0	0
15	30	0	161.0	0
15	35	0	160.0	0
15	40	0	161.0	0
15	45	0	159.0	0
15	50	0	158.0	0
15	55	0	155.0	0
15	60	0	156.0	0
15	65	0	153.0	0
15	70	0	153.0	0
15	75	0	152.0	0
15	80	0	150.0	0
15	85	0	150.0	0
15	90	0	149.0	0
15	95	0	149.0	0
15	100	0	149.0	0
15	105	0	146.0	0
15	110	0	146.0	0
15	115	0	145.0	0
15	120	0	144.0	0
15	125	0	146.0	0
15	130	0	145.0	0
15	135	0	144.0	0
15	140	0	144.0	0
15	145	0	144.0	0
15	150	0	143.0	0
15	155	0	143.0	0
15	160	0	144.0	0
15	165	0	144.0	0
15	170	0	143.0	0
15	175	0	144.0	0
20	-180	0	142.0	0
20	-175	0	142.0	0
20	-170	0	144.0	0
20	-165	0	144.0	0
20	-160	0	145.0	0
20	-155	0	147.0	0
20	-150	0	147.0	0
20	-145	0	150.0	0
20	-140	0	151.0	0
20	-135	0	153.0	0
20	-130	0	154.0	0
20	-125	0	155.0	0
20	-120	0	156.0	0
20	-115	0	156.0	0
20	-110	0	157.0	0
20	-105	0	158.0	0
20	-100	0	158.0	0
20	-95	0	160.0	0
20	-90	0	160.0	0
20	-85	0	161.0	0
20	-80	0	161.0	0
20	-75	0	161.0	0
20	-70	0	162.0	0
20	-65	0	161.0	0
20	-60	0	164.0	0
20	-55	0	164.0	0
20	-50	0	164.0	0
20	-45	0	166.0	0
20	-40	0	165.0	0
20	-35	0	166.0	0
20	-30	0	165.0	0
20	-25	0	166.0	0
20	-20	0	164.0	0
20	-15	0	165.0	0
20	-10	0	164.0	0
20	-5	0	165.0	0
20	0	0	163.0	0
20	5	0	161.0	0
20	10	0	161.0	0
20	15	0	160.0	0
20	20	0	158.0	0
20	25	0	159.0	0
20	30	0	157.0	0
20	35	0	155.0	0
20	40	0	155.0	0
20	45	0	156.0	0
20	50	0	153.0	0
20	55	0	153.0	0
20	60	0	150.0	0
20	65	0	150.0	0
20	70	0	150.0	0
20	75	0	148.0	0
20	80	0	148.0	0
20	85	0	148.0	0
20	90	0	146.0	0
20	95	0	145.0	0
20	100	0	144.0	0
20	105	0	143.0	0
20	110	0	142.0	0
20	115	0	142.0	0
20	120	0	141.0	0
20	125	0	141.0	0
20	130	0	141.0	0
20	135	0	141.0	0
20	140	0	141.0	0
20	145	0	142.0	0
20	150	0	141.0	0
20	155	0	142.0	0
20	160	0	141.0	0
20	165	0	142.0	0
20	170	0	143.0	0
20	175	0	142.0	0
25	-180	0	143.0	0
25	-175	0	144.0	0
25	-170	0	145.0	0
25	-165	0	146.0	0
25	-160	0	147.0	0
25	-155	0	148.0	0
25	-150	0	150.0	0
25	-145	0	152.0	0
25	-140	0	153.0	0
25	-135	0	155.0	0
25	-130	0	156.0	0
25	-125	0	158.0	0
25	-120	0	157.0	0
25	-115	0	158.0	0
25	-110	0	159.0	0
25	-105	0	159.0	0
25	-100	0	160.0	0
25	-95	0	161.0	0
25	-90	0	162.0	0
25	-85	0	162.0	0
25	-80	0	163.0	0
25	-75	0	162.0	0
25	-70	0	164.0	0
25	-65	0	163.0	0
25	-60	0	164.0	0
25	-55	0	164.0	0
25	-50	0	165.0	0
25	-45	0	165.0	0
25	-40	0	165.0	0
25	-35	0	165.0	0
25	-30	0	166.0	0
25	-25	0	165.0	0
25	-20	0	165.0	0
25	-15	0	165.0	0
25	-10	0	164.0	0
25	-5	0	165.0	0
25	0	0	163.0	0
25	5	0	163.0	0
25	10	0	162.0	0
25	15	0	159.0	0
25	20	0	160.0	0
25	25	0	157.0	0
25	30	0	157.0	0
25	35	0	155.0	0
25	40	0	155.0	0
25	45	0	153.0	0
25	50	0	153.0	0
25	55	0	153.0	0
25	60	16.0	151.0	1
25	65	0	152.0	0
25	70	0	150.0	0
25	75	0	149.0	0
25	80	0	148.0	0
25	85	0	147.0	0
25	90	0	146.0	0
25	95	0	145.0	0
25	100	0	145.0	0
25	105	0	143.0	0
25	110	0	143.0	0
25	115	0	142.0	0
25	120	0	142.0	0
25	125	0	142.0	0
25	130	0	143.0	0
25	135	0	141.0	0
25	140	0	142.0	0
25	145	0	141.0	0
25	150	0	144.0	0
25	155	0	142.0	0
25	160	0	144.0	0
25	165	0	141.0	0
25	170	0	142.0	0
25	175	0	143.0	0
30	-180	0	143.0	0
30	-175	0	143.0	0
30	-170	0	144.0	0
30	-165	0	145.0	0
30	-160	0	146.0	0
30	-155	0	150.0	0
30	-150	0	151.0	0
30	-145	0	151.0	0
30	-140	0	153.0	0
30	-135	0	155.0	0
30	-130	0	156.0	0
30	-125	0	157.0	0
30	-120	0	159.0	0
30	-115	0	159.0	0
30	-110	0	160.0	0
30	-105	0	160.0	0
30	-100	0	161.0	0
30	-95	0	162.0	0
30	-90	0	163.0	0
30	-85	0	162.0	0
30	-80	0	162.0	0
30	-75	0	163.0	0
30	-70	0	164.0	0
30	-65	0	164.0	0
30	-60	0	163.0	0
30	-55	0	164.0	0
30	-50	0	164.0	0
30	-45	0	166.0	0
30	-40	0	165.0	0
30	-35	0	165.0	0
30	-30	0	166.0	0
30	-25	0	164.0	0
30	-20	0	163.0	0
30	-15	0	164.0	0
30	-10	0	163.0	0
30	-5	0	162.0	0
30	0	0	163.0	0
30	5	0	162.0	0
30	10	0	161.0	0
30	15	0	159.0	0
30	20	0	159.0	0
30	25	0	157.0	0
30	30	0	157.0	0
30	35	0	156.0	0
30	40	0	155.0	0
30	45	0	154.0	0
30	50	0	154.0	0
30	55	0	152.0	0
30	60	0	151.0	0
30	65	0	149.0	0
30	70	0	149.0	0
30	75	0	149.0	0
30	80	0	147.0	0
30	85	0	146.0	0
30	90	0	145.0	0
30	95	0	144.0	0
30	100	0	143.0	0
30	105	0	143.0	0
30	110	0	143.0	0
30	115	0	142.0	0
30	120	0	142.0	0
30	125	0	142.0	0
30	130	0	142.0	0
30	135	0	142.0	0
30	140	0	141.0	0
30	145	0	143.0	0
30	150	0	142.0	0
30	155	0	142.0	0
30	160	0	142.0	0
30	165	0	141.0	0
30	170	0	142.0	0
30	175	0	142.0	0
35	-180	0	143.0	0
35	-175	0	144.0	0
35	-170	0	145.0	0
35	-165	0	145.0	0
35	-160	0	146.0	0
35	-155	0	148.0	0
35	-150	0	148.0	0
35	-145	0	150.0	0
35	-140	0	153.0	0
35	-135	0	153.0	0
35	-130	0	154.0	0
35	-125	0	157.0	0
35	-120	0	157.0	0
35	-115	0	157.0	0
35	-110	0	158.0	0
35	-105	0	158.0	0
35	-100	0	160.0	0
35	-95	0	161.0	0
35	-90	0	161.0	0
35	-85	0	163.0	0
35	-80	0	163.0	0
35	-75	0	164.0	0
35	-70	0	164.0	0
35	-65	0	165.0	0
35	-60	0	165.0	0
35	-55	0	164.0	0
35	-50	0	166.0	0
35	-45	0	166.0	0
35	-40	0	164.0	0
35	-35	0	166.0	0
35	-30	0	164.0	0
35	-25	0	164.0	0
35	-20	0	163.0	0
35	-15	0	164.0	0
35	-10	0	162.0	0
35	-5	0	162.0	0
35	0	0	161.0	0
35	5	0	159.0	0
35	10	0	161.0	0
35	15	0	158.0	0
35	20	0	158.0	0
35	25	0	157.0	0
35	30	0	155.0	0
35	35	0	154.0	0
35	40	0	154.0	0
35	45	0	152.0	0
35	50	0	151.0	0
35	55	0	150.0	0
35	60	0	149.0	0
35	65	0	149.0	0
35	70	0	148.0	0
35	75	0	147.0	0
35	80	0	147.0	0
35	85	0	146.0	0
35	90	0	145.0	0
35	95	0	144.0	0
35	100	0	144.0	0
35	105	0	143.0	0
35	110	0	143.0	0
35	115	0	142.0	0
35	120	0	143.0	0
35	125	0	142.0	0
35	130	0	142.0	0
35	135	0	143.0	0
35	140	0	144.0	0
35	145	0	143.0	0
35	150	0	143.0	0
35	155	0	143.0	0
35	160	0	143.0	0
35	165	0	142.0	0
35	170	0	143.0	0
35	175	0	143.0	0
40	-180	0	146.0	0
40	-175	0	146.0	0
40	-170	0	146.0	0
40	-165	0	148.0	0
40	-160	0	149.0	0
40	-155	0	150.0	0
40	-150	0	151.0	0
40	-145	0	151.0	0
40	-140	0	152.0	0
40	-135	0	154.0	0
40	-130	0	155.0	0
40	-125	0	155.0	0
40	-120	0	156.0	0
40	-115	0	159.0	0
40	-110	0	158.0	0
40	-105	0	159.0	0
40	-100	0	160.0	0
40	-95	0	160.0	0
40	-90	0	162.0	0
40	-85	0	162.0	0
40	-80	0	164.0	0
40	-75	0	163.0	0
40	-70	0	164.0	0
40	-65	0	165.0	0
40	-60	0	165.0	0
40	-55	0	165.0	0
40	-50	0	166.0	0
40	-45	0	166.0	0
40	-40	0	166.0	0
40	-35	0	166.0	0
40	-30	0	165.0	0
40	-25	0	166.0	0
40	-20	0	165.0	0
40	-15	0	164.0	0
40	-10	0	164.0	0
40	-5	0	161.0	0
40	0	0	163.0	0
40	5	0	161.0	0
40	10	0	160.0	0
40	15	0	159.0	0
40	20	0	158.0	0
40	25	0	157.0	0
40	30	0	156.0	0
40	35	0	155.0	0
40	40	0	153.0	0
40	45	61.0	153.0	1
40	50	11.0	153.0	1
40	55	15.0	150.0	1
40	60	33.0	150.0	1
40	65	0	149.0	0
40	70	0	148.0	0
40	75	0	147.0	0
40	80	0	146.0	0
40	85	0	144.0	0
40	90	0	144.0	0
40	95	0	144.0	0
40	100	0	143.0	0
40	105	0	143.0	0
40	110	0	143.0	0
40	115	0	144.0	0
40	120	0	144.0	0
40	125	0	145.0	0
40	130	0	145.0	0
40	135	0	145.0	0
40	140	0	144.0	0
40	145	0	144.0	0
40	150	0	144.0	0
40	155	0	143.0	0
40	160	0	145.0	0
40	165	0	145.0	0
40	170	0	145.0	0
40	175	0	145.0	0
45	-180	0	146.0	0
45	-175	0	146.0	0
45	-170	0	147.0	0
45	-165	0	149.0	0
45	-160	0	148.0	0
45	-155	0	148.0	0
45	-150	0	150.0	0
45	-145	0	152.0	0
45	-140	0	152.0	0
45	-135	0	153.0	0
45	-130	0	156.0	0
45	-125	0	157.0	0
45	-120	0	156.0	0
45	-115	0	158.0	0
45	-110	0	158.0	0
45	-105	0	161.0	0
45	-100	0	160.0	0
45	-95	0	161.0	0
45	-90	0	162.0	0
45	-85	0	162.0	0
45	-80	0	163.0	0
45	-75	0	165.0	0
45	-70	0	164.0	0
45	-65	0	165.0	0
45	-60	0	165.0	0
45	-55	0	165.0	0
45	-50	0	166.0	0
45	-45	0	166.0	0
45	-40	0	165.0	0
45	-35	0	165.0	0
45	-30	0	165.0	0
45	-25	0	164.0	0
45	-20	0	165.0	0
45	-15	0	164.0	0
45	-10	0	163.0	0
45	-5	0	162.0	0
45	0	0	161.0	0
45	5	0	159.0	0
45	10	0	158.0	0
45	15	0	158.0	0
45	20	0	157.0	0
45	25	0	157.0	0
45	30	0	156.0	0
45	35	0	153.0	0
45	40	44.0	153.0	2
45	45	51.0	152.0	7
45	50	38.0	152.0	4
45	55	19.0	151.0	2
45	60	8.0	151.0	1
45	65	0	149.0	0
45	70	0	147.0	0
45	75	0	147.0	0
45	80	0	147.0	0
45	85	0	146.0	0
45	90	0	146.0	0
45	95	0	144.0	0
45	100	0	145.0	0
45	105	0	143.0	0
45	110	0	145.0	0
45	115	0	144.0	0
45	120	0	144.0	0
45	125	0	146.0	0
45	130	0	144.0	0
45	135	0	143.0	0
45	140	0	144.0	0
45	145	0	145.0	0
45	150	0	145.0	0
45	155	0	145.0	0
45	160	0	144.0	0
45	165	0	145.0	0
45	170	0	144.0	0
45	175	0	145.0	0
50	-180	0	144.0	0
50	-175	0	146.0	0
50	-170	0	145.0	0
50	-165	0	147.0	0
50	-160	0	147.0	0
50	-155	0	149.0	0
50	-150	0	150.0	0
50	-145	0	152.0	0
50	-140	89.0	153.0	2
50	-135	0	154.0	0
50	-130	22.0	155.0	1
50	-125	0	155.0	0
50	-120	0	156.0	0
50	-115	0	157.0	0
50	-110	7.0	158.0	1
50	-105	0	159.0	0
50	-100	0	158.0	0
50	-95	0	159.0	0
50	-90	0	160.0	0
50	-85	0	160.0	0
50	-80	0	161.0	0
50	-75	0	161.0	0
50	-70	0	162.0	0
50	-65	0	163.0	0
50	-60	0	162.0	0
50	-55	0	162.0	0
50	-50	0	163.0	0
50	-45	0	162.0	0
50	-40	0	164.0	0
50	-35	0	163.0	0
50	-30	0	162.0	0
50	-25	0	162.0	0
50	-20	0	162.0	0
50	-15	0	160.0	0
50	-10	0	159.0	0
50	-5	0	159.0	0
50	0	0	159.0	0
50	5	0	157.0	0
50	10	0	157.0	0
50	15	0	155.0	0
50	20	0	155.0	0
50	25	28.0	155.0	5
50	30	0	153.0	1
50	35	106.0	153.0	5
50	40	27.0	150.0	2
50	45	80.0	150.0	8
50	50	40.0	150.0	4
50	55	72.0	149.0	4
50	60	0	149.0	0
50	65	55.0	147.0	2
50	70	0	146.0	0
50	75	0	144.0	0
50	80	0	145.0	0
50	85	0	144.0	0
50	90	0	144.0	0
50	95	0	143.0	0
50	100	0	143.0	0
50	105	0	143.0	0
50	110	0	142.0	0
50	115	0	143.0	0
50	120	0	143.0	0
50	125	0	144.0	0
50	130	0	142.0	0
50	135	0	142.0	0
50	140	0	142.0	0
50	145	0	142.0	0
50	150	0	142.0	0
50	155	0	142.0	0
50	160	0	143.0	0
50	165	0	143.0	0
50	170	0	144.0	0
50	175	0	144.0	0
55	-180	0	146.0	0
55	-175	0	148.0	0
55	-170	0	148.0	0
55	-165	0	149.0	0
55	-160	0	150.0	0
55	-155	3.0	151.0	1
55	-150	0	150.0	0
55	-145	0	151.0	0
55	-140	2.0	151.0	1
55	-135	0	154.0	0
55	-130	0	155.0	0
55	-125	0	155.0	0
55	-120	0	157.0	0
55	-115	12.0	157.0	1
55	-110	6.0	158.0	1
55	-105	0	160.0	0
55	-100	0	160.0	0
55	-95	0	160.0	0
55	-90	0	162.0	0
55	-85	0	163.0	0
55	-80	0	164.0	0
55	-75	0	162.0	0
55	-70	0	163.0	0
55	-65	0	164.0	0
55	-60	0	165.0	0
55	-55	0	165.0	0
55	-50	0	166.0	0
55	-45	0	166.0	0
55	-40	0	165.0	0
55	-35	0	164.0	0
55	-30	0	165.0	0
55	-25	0	163.0	0
55	-20	0	164.0	0
55	-15	0	162.0	0
55	-10	0	163.0	0
55	-5	0	161.0	0
55	0	0	160.0	0
55	5	0	158.0	0
55	10	0	158.0	0
55	15	0	158.0	0
55	20	9.0	156.0	3
55	25	0	155.0	1
55	30	40.0	154.0	4
55	35	82.0	153.0	9
55	40	46.0	150.0	5
55	45	53.0	150.0	3
55	50	107.0	150.0	3
55	55	0	148.0	0
55	60	0	149.0	1
55	65	0	148.0	0
55	70	0	147.0	0
55	75	0	147.0	0
55	80	0	146.0	0
55	85	0	146.0	0
55	90	0	146.0	0
55	95	0	145.0	0
55	100	0	145.0	0
55	105	0	146.0	0
55	110	0	145.0	0
55	115	0	145.0	0
55	120	0	144.0	0
55	125	0	145.0	0
55	130	0	146.0	0
55	135	0	146.0	0
55	140	0	147.0	0
55	145	0	147.0	0
55	150	0	146.0	0
55	155	0	147.0	0
55	160	0	145.0	0
55	165	0	146.0	0
55	170	0	146.0	0
55	175	0	146.0	0
60	-180	0	145.0	0
60	-175	0	145.0	0
60	-170	0	147.0	0
60	-165	0	147.0	0
60	-160	0	148.0	0
60	-155	0	150.0	0
60	-150	0	151.0	0
60	-145	0	151.0	0
60	-140	0	152.0	0
60	-135	0	152.0	0
60	-130	0	154.0	0
60	-125	0	154.0	0
60	-120	0	156.0	0
60	-115	0	156.0	0
60	-110	0	157.0	0
60	-105	0	159.0	0
60	-100	0	159.0	0
60	-95	0	159.0	0
60	-90	0	160.0	0
60	-85	0	161.0	0
60	-80	0	163.0	0
60	-75	0	162.0	0
60	-70	0	163.0	0
60	-65	0	163.0	0
60	-60	0	162.0	0
60	-55	0	162.0	0
60	-50	0	163.0	0
60	-45	0	163.0	0
60	-40	9.0	164.0	1
60	-35	0	162.0	0
60	-30	0	162.0	0
60	-25	0	162.0	0
60	-20	0	162.0	0
60	-15	0	159.0	0
60	-10	0	158.0	0
60	-5	0	158.0	0
60	0	0	158.0	0
60	5	0	159.0	0
60	10	0	157.0	0
60	15	18.0	156.0	3
60	20	26.0	154.0	4
60	25	16.0	153.0	5
60	30	91.0	153.0	7
60	35	27.0	151.0	4
60	40	29.0	151.0	2
60	45	72.0	151.0	2
60	50	0	149.0	0
60	55	11.0	149.0	2
60	60	0	148.0	0
60	65	16.0	146.0	1
60	70	0	146.0	0
60	75	37.0	146.0	1
60	80	0	147.0	0
60	85	0	146.0	0
60	90	3.0	145.0	1
60	95	0	145.0	0
60	100	0	144.0	0
60	105	0	145.0	0
60	110	0	145.0	0
60	115	0	144.0	0
60	120	0	145.0	0
60	125	0	144.0	0
60	130	0	146.0	0
60	135	0	146.0	0
60	140	0	145.0	0
60	145	0	145.0	0
60	150	0	144.0	0
60	155	0	146.0	0
60	160	0	144.0	0
60	165	0	146.0	0
60	170	0	145.0	0
60	175	0	146.0	0
65	-180	2.0	147.0	1
65	-175	0	148.0	0
65	-170	0	146.0	0
65	-165	0	148.0	0
65	-160	8.0	149.0	1
65	-155	111.0	149.0	1
65	-150	0	148.0	0
65	-145	0	151.0	0
65	-140	0	153.0	0
65	-135	0	153.0	0
65	-130	0	154.0	0
65	-125	0	155.0	0
65	-120	0	155.0	0
65	-115	0	156.0	0
65	-110	0	156.0	0
65	-105	0	157.0	0
65	-100	0	158.0	0
65	-95	0	160.0	0
65	-90	0	161.0	0
65	-85	0	160.0	0
65	-80	0	161.0	0
65	-75	0	163.0	0
65	-70	0	163.0	0
65	-65	0	162.0	0
65	-60	0	163.0	0
65	-55	0	162.0	0
65	-50	0	161.0	1
65	-45	0	163.0	0
65	-40	0	163.0	0
65	-35	0	161.0	0
65	-30	0	161.0	0
65	-25	0	160.0	0
65	-20	0	161.0	0
65	-15	0	161.0	0
65	-10	0	160.0	0
65	-5	0	158.0	0
65	0	39.0	158.0	2
65	5	1.0	156.0	1
65	10	36.0	155.0	2
65	15	93.0	155.0	3
65	20	37.0	153.0	2
65	25	58.0	153.0	3
65	30	109.0	152.0	2
65	35	0	150.0	0
65	40	0	150.0	0
65	45	0	149.0	0
65	50	0	147.0	0
65	55	0	146.0	0
65	60	0	146.0	0
65	65	0	146.0	0
65	70	0	146.0	0
65	75	0	145.0	0
65	80	0	144.0	0
65	85	0	143.0	0
65	90	0	144.0	0
65	95	0	144.0	0
65	100	0	145.0	0
65	105	0	146.0	0
65	110	0	145.0	0
65	115	0	144.0	0
65	120	0	144.0	0
65	125	0	146.0	0
65	130	0	146.0	0
65	135	0	144.0	0
65	140	0	145.0	0
65	145	0	145.0	0
65	150	0	145.0	0
65	155	0	145.0	0
65	160	0	145.0	0
65	165	0	145.0	0
65	170	0	146.0	0
65	175	0	146.0	0
70	-180	0	144.0	0
70	-175	17.0	145.0	1
70	-170	0	146.0	0
70	-165	0	145.0	0
70	-160	0	147.0	0
70	-155	0	148.0	0
70	-150	0	148.0	0
70	-145	0	150.0	0
70	-140	0	151.0	0
70	-135	0	152.0	0
70	-130	0	154.0	0
70	-125	3.0	154.0	1
70	-120	0	155.0	0
70	-115	0	155.0	0
70	-110	0	157.0	0
70	-105	0	157.0	0
70	-100	0	159.0	0
70	-95	0	159.0	0
70	-90	0	158.0	0
70	-85	0	158.0	0
70	-80	0	159.0	0
70	-75	0	159.0	0
70	-70	0	160.0	0
70	-65	0	161.0	0
70	-60	0	160.0	0
70	-55	0	160.0	0
70	-50	0	162.0	0
70	-45	0	162.0	0
70	-40	0	161.0	0
70	-35	0	159.0	0
70	-30	0	161.0	0
70	-25	0	160.0	0
70	-20	0	159.0	0
70	-15	0	158.0	0
70	-10	0	157.0	0
70	-5	0	157.0	0
70	0	4.0	154.0	1
70	5	13.0	155.0	2
70	10	43.0	154.0	3
70	15	0	153.0	0
70	20	0	152.0	0
70	25	0	151.0	0
70	30	0	150.0	0
70	35	48.0	150.0	1
70	40	0	149.0	0
70	45	0	148.0	0
70	50	0	148.0	0
70	55	0	148.0	0
70	60	0	146.0	0
70	65	0	146.0	0
70	70	0	145.0	0
70	75	17.0	146.0	1
70	80	0	145.0	0
70	85	0	145.0	0
70	90	0	145.0	0
70	95	0	145.0	0
70	100	0	144.0	0
70	105	0	144.0	0
70	110	0	144.0	0
70	115	0	143.0	0
70	120	0	145.0	0
70	125	0	145.0	0
70	130	0	145.0	0
70	135	0	144.0	0
70	140	0	144.0	0
70	145	0	145.0	0
70	150	0	145.0	0
70	155	0	145.0	0
70	160	0	145.0	0
70	165	0	144.0	0
70	170	0	145.0	0
70	175	0	145.0	0
75	-180	51.0	145.0	1
75	-175	0	145.0	0
75	-170	0	145.0	0
75	-165	0	146.0	0
75	-160	0	145.0	0
75	-155	0	147.0	0
75	-150	0	148.0	0
75	-145	0	149.0	0
75	-140	0	150.0	0
75	-135	0	150.0	0
75	-130	0	152.0	0
75	-125	0	153.0	0
75	-120	0	154.0	0
75	-115	0	154.0	0
75	-110	0	154.0	0
75	-105	0	153.0	0
75	-100	0	155.0	0
75	-95	0	155.0	0
75	-90	0	156.0	0
75	-85	0	157.0	0
75	-80	0	157.0	0
75	-75	0	158.0	0
75	-70	0	158.0	0
75	-65	0	158.0	0
75	-60	0	159.0	0
75	-55	0	159.0	0
75	-50	0	158.0	0
75	-45	0	158.0	0
75	-40	0	159.0	0
75	-35	0	158.0	0
75	-30	0	158.0	0
75	-25	0	157.0	0
75	-20	1.0	157.0	1
75	-15	40.0	156.0	1
75	-10	0	155.0	0
75	-5	25.0	156.0	1
75	0	0	154.0	1
75	5	0	153.0	0
75	10	25.0	152.0	1
75	15	0	151.0	0
75	20	0	150.0	0
75	25	0	150.0	0
75	30	0	148.0	0
75	35	0	149.0	0
75	40	0	147.0	0
75	45	0	146.0	0
75	50	0	146.0	0
75	55	3.0	145.0	1
75	60	0	145.0	0
75	65	0	144.0	0
75	70	0	144.0	0
75	75	0	143.0	0
75	80	0	144.0	0
75	85	0	143.0	0
75	90	0	143.0	0
75	95	0	142.0	0
75	100	0	141.0	0
75	105	0	142.0	0
75	110	0	142.0	0
75	115	0	142.0	0
75	120	0	143.0	0
75	125	0	143.0	0
75	130	0	144.0	0
75	135	0	143.0	0
75	140	0	144.0	0
75	145	0	144.0	0
75	150	0	145.0	0
75	155	0	145.0	0
75	160	0	144.0	0
75	165	0	146.0	0
75	170	0	143.0	0
75	175	0	145.0	0
80	-180	0	146.0	0
80	-175	0	147.0	0
80	-170	0	148.0	0
80	-165	0	148.0	0
80	-160	0	148.0	0
80	-155	0	147.0	0
80	-150	0	148.0	0
80	-145	0	149.0	0
80	-140	0	150.0	0
80	-135	0	151.0	0
80	-130	0	152.0	0
80	-125	0	152.0	0
80	-120	0	152.0	0
80	-115	0	153.0	0
80	-110	0	154.0	0
80	-105	0	155.0	0
80	-100	0	156.0	0
80	-95	0	157.0	0
80	-90	0	157.0	0
80	-85	0	157.0	0
80	-80	0	158.0	0
80	-75	0	159.0	0
80	-70	0	158.0	0
80	-65	0	158.0	0
80	-60	0	160.0	0
80	-55	0	159.0	0
80	-50	0	158.0	0
80	-45	0	159.0	0
80	-40	0	158.0	0
80	-35	0	158.0	0
80	-30	0	159.0	0
80	-25	51.0	159.0	1
80	-20	0	156.0	0
80	-15	107.0	158.0	1
80	-10	0	156.0	0
80	-5	0	155.0	0
80	0	61.0	155.0	3
80	5	0	153.0	0
80	10	0	151.0	0
80	15	0	152.0	0
80	20	0	151.0	1
80	25	0	151.0	0
80	30	0	150.0	0
80	35	0	149.0	0
80	40	0	148.0	0
80	45	0	147.0	0
80	50	0	147.0	0
80	55	0	146.0	0
80	60	0	145.0	0
80	65	0	145.0	0
80	70	0	146.0	0
80	75	0	145.0	0
80	80	0	145.0	0
80	85	0	145.0	0
80	90	0	145.0	0
80	95	0	144.0	0
80	100	0	144.0	0
80	105	0	144.0	0
80	110	0	144.0	0
80	115	0	145.0	0
80	120	0	145.0	0
80	125	0	144.0	0
80	130	0	145.0	0
80	135	0	145.0	0
80	140	0	146.0	0
80	145	0	146.0	0
80	150	0	147.0	0
80	155	0	145.0	0
80	160	0	146.0	0
80	165	0	146.0	0
80	170	0	145.0	0
80	175	0	146.0	0
85	-180	0	145.0	0
85	-175	0	146.0	0
85	-170	0	146.0	0
85	-165	0	146.0	0
85	-160	0	146.0	0
85	-155	0	148.0	0
85	-150	0	148.0	0
85	-145	0	149.0	0
85	-140	0	149.0	0
85	-135	0	150.0	0
85	-130	0	151.0	0
85	-125	0	151.0	0
85	-120	0	152.0	0
85	-115	0	153.0	0
85	-110	0	153.0	0
85	-105	0	154.0	0
85	-100	0	153.0	0
85	-95	0	154.0	0
85	-90	25.0	155.0	1
85	-85	0	156.0	0
85	-80	0	155.0	0
85	-75	0	156.0	0
85	-70	0	155.0	0
85	-65	0	157.0	0
85	-60	0	158.0	0
85	-55	0	157.0	0
85	-50	0	157.0	0
85	-45	0	158.0	0
85	-40	0	156.0	0
85	-35	0	157.0	0
85	-30	0	155.0	0
85	-25	0	155.0	0
85	-20	0	155.0	0
85	-15	0	156.0	0
85	-10	32.0	153.0	1
85	-5	19.0	154.0	1
85	0	0	153.0	0
85	5	0	153.0	0
85	10	0	153.0	0
85	15	0	150.0	0
85	20	0	150.0	0
85	25	0	149.0	0
85	30	0	149.0	0
85	35	0	147.0	0
85	40	0	147.0	0
85	45	0	146.0	0
85	50	0	145.0	0
85	55	0	145.0	0
85	60	0	143.0	0
85	65	0	145.0	0
85	70	0	144.0	0
85	75	0	144.0	0
85	80	0	144.0	0
85	85	0	143.0	0
85	90	0	143.0	0
85	95	0	144.0	0
85	100	0	144.0	0
85	105	0	142.0	0
85	110	0	144.0	0
85	115	0	142.0	0
85	120	0	144.0	0
85	125	0	145.0	0
85	130	0	144.0	0
85	135	0	144.0	0
85	140	0	145.0	0
85	145	0	143.0	0
85	150	0	144.0	0
85	155	32.0	144.0	1
85	160	0	144.0	0
85	165	0	144.0	0
85	170	0	145.0	0
85	175	0	145.0	0
90	-180	0	147.0	0
90	-175	0	147.0	0
90	-170	0	146.0	0
90	-165	0	147.0	0
90	-160	0	147.0	0
90	-155	0	146.0	0
90	-150	0	148.0	0
90	-145	0	148.0	0
90	-140	0	149.0	0
90	-135	0	149.0	0
90	-130	0	150.0	0
90	-125	0	150.0	0
90	-120	0	151.0	0
90	-115	0	152.0	0
90	-110	0	153.0	0
90	-105	0	153.0	0
90	-100	0	153.0	0
90	-95	0	154.0	0
90	-90	0	154.0	0
90	-85	0	157.0	0
90	-80	0	155.0	0
90	-75	0	156.0	0
90	-70	0	156.0	0
90	-65	0	157.0	0
90	-60	0	156.0	0
90	-55	0	156.0	0
90	-50	0	157.0	0
90	-45	0	157.0	0
90	-40	0	157.0	0
90	-35	0	156.0	0
90	-30	0	155.0	0
90	-25	0	156.0	0
90	-20	0	156.0	0
90	-15	0	155.0	0
90	-10	0	154.0	0
90	-5	0	154.0	0
90	0	0	153.0	0
90	5	0	153.0	0
90	10	0	151.0	0
90	15	0	151.0	0
90	20	0	149.0	0
90	25	0	149.0	0
90	30	0	149.0	0
90	35	0	147.0	0
90	40	0	146.0	0
90	45	0	146.0	0
90	50	0	145.0	0
90	55	0	145.0	0
90	60	0	144.0	0
90	65	0	144.0	0
90	70	0	144.0	0
90	75	0	144.0	0
90	80	0	143.0	0
90	85	0	143.0	0
90	90	0	142.0	0
90	95	0	144.0	0
90	100	0	143.0	0
90	105	0	144.0	0
90	110	0	144.0	0
90	115	0	144.0	0
90	120	0	144.0	0
90	125	0	145.0	0
90	130	0	144.0	0
90	135	0	145.0	0
90	140	0	144.0	0
90	145	0	144.0	0
90	150	0	145.0	0
90	155	0	146.0	0
90	160	0	145.0	0
90	165	0	145.0	0
90	170	0	147.0	0
90	175	0	146.0	0
95	-180	0	146.0	0
95	-175	0	146.0	0
95	-170	0	146.0	0
95	-165	0	146.0	0
95	-160	0	146.0	0
95	-155	0	147.0	0
95	-150	0	146.0	0
95	-145	0	145.0	0
95	-140	0	148.0	0
95	-135	0	148.0	0
95	-130	0	148.0	0
95	-125	0	149.0	0
95	-120	0	151.0	0
95	-115	0	151.0	0
95	-110	0	151.0	0
95	-105	0	152.0	0
95	-100	0	153.0	0
95	-95	0	151.0	0
95	-90	0	153.0	0
95	-85	0	153.0	0
95	-80	0	154.0	0
95	-75	0	155.0	0
95	-70	0	155.0	0
95	-65	0	157.0	0
95	-60	0	155.0	0
95	-55	0	154.0	0
95	-50	0	156.0	0
95	-45	0	156.0	0
95	-40	0	155.0	0
95	-35	0	155.0	0
95	-30	0	154.0	0
95	-25	0	154.0	0
95	-20	0	155.0	0
95	-15	0	154.0	0
95	-10	0	153.0	0
95	-5	0	152.0	0
95	0	0	151.0	0
95	5	0	151.0	0
95	10	0	149.0	0
95	15	0	149.0	0
95	20	0	149.0	0
95	25	0	148.0	0
95	30	0	146.0	0
95	35	0	146.0	0
95	40	0	145.0	0
95	45	0	145.0	0
95	50	0	144.0	0
95	55	0	144.0	0
95	60	0	144.0	0
95	65	0	143.0	0
95	70	0	143.0	0
95	75	0	143.0	0
95	80	0	143.0	0
95	85	0	144.0	0
95	90	0	143.0	0
95	95	0	143.0	0
95	100	0	142.0	0
95	105	0	142.0	0
95	110	0	144.0	0
95	115	0	144.0	0
95	120	0	144.0	0
95	125	0	144.0	0
95	130	0	145.0	0
95	135	0	144.0	0
95	140	0	145.0	0
95	145	0	146.0	0
95	150	0	146.0	0
95	155	0	145.0	0
95	160	0	145.0	0
95	165	0	146.0	0
95	170	0	147.0	0
95	175	0	146.0	0
100	-180	0	145.0	0
100	-175	0	146.0	0
100	-170	0	146.0	0
100	-165	0	145.0	0
100	-160	0	146.0	0
100	-155	0	147.0	0
100	-150	0	148.0	0
100	-145	0	148.0	0
100	-140	0	147.0	0
100	-135	0	148.0	0
100	-130	0	148.0	0
100	-125	0	149.0	0
100	-120	0	150.0	0
100	-115	0	151.0	0
100	-110	0	150.0	0
100	-105	0	151.0	0
100	-100	0	151.0	0
100	-95	0	152.0	0
100	-90	0	154.0	0
100	-85	0	154.0	0
100	-80	0	156.0	0
100	-75	0	154.0	0
100	-70	0	153.0	0
100	-65	0	155.0	0
100	-60	0	154.0	0
100	-55	0	155.0	0
100	-50	0	155.0	0
100	-45	0	153.0	0
100	-40	0	156.0	0
100	-35	0	155.0	0
100	-30	0	153.0	0
100	-25	0	152.0	0
100	-20	0	153.0	0
100	-15	0	152.0	0
100	-10	0	152.0	0
100	-5	0	151.0	0
100	0	0	150.0	0
100	5	0	149.0	0
100	10	0	150.0	0
100	15	0	148.0	0
100	20	0	149.0	0
100	25	0	148.0	0
100	30	0	145.0	0
100	35	0	146.0	0
100	40	0	145.0	0
100	45	0	145.0	0
100	50	0	146.0	0
100	55	0	144.0	0
100	60	0	143.0	0
100	65	0	143.0	0
100	70	0	142.0	0
100	75	0	143.0	0
100	80	0	144.0	0
100	85	0	144.0	0
100	90	0	143.0	0
100	95	0	142.0	0
100	100	0	143.0	0
100	105	0	143.0	0
100	110	0	142.0	0
100	115	0	143.0	0
100	120	0	143.0	0
100	125	0	145.0	0
100	130	0	147.0	0
100	135	0	144.0	0
100	140	0	145.0	0
100	145	0	144.0	0
100	150	0	145.0	0
100	155	0	145.0	0
100	160	0	145.0	0
100	165	0	146.0	0
100	170	0	145.0	0
100	175	0	145.0	0
105	-180	0	147.0	0
105	-175	0	146.0	0
105	-170	0	146.0	0
105	-165	0	146.0	0
105	-160	0	148.0	0
105	-155	0	147.0	0
105	-150	0	148.0	0
105	-145	0	149.0	0
105	-140	0	148.0	0
105	-135	0	148.0	0
105	-130	0	149.0	0
105	-125	0	149.0	0
105	-120	0	149.0	0
105	-115	0	151.0	0
105	-110	0	152.0	0
105	-105	0	152.0	0
105	-100	0	153.0	0
105	-95	0	152.0	0
105	-90	0	153.0	0
105	-85	0	153.0	0
105	-80	0	153.0	0
105	-75	0	153.0	0
105	-70	0	155.0	0
105	-65	0	155.0	0
105	-60	0	155.0	0
105	-55	0	155.0	0
105	-50	0	156.0	0
105	-45	0	154.0	0
105	-40	0	154.0	0
105	-35	0	152.0	0
105	-30	0	154.0	0
105	-25	0	153.0	0
105	-20	0	153.0	0
105	-15	0	153.0	0
105	-10	0	152.0	0
105	-5	0	151.0	0
105	0	0	151.0	0
105	5	0	151.0	0
105	10	0	149.0	0
105	15	0	149.0	0
105	20	0	149.0	0
105	25	0	147.0	0
105	30	0	147.0	0
105	35	0	147.0	0
105	40	0	146.0	0
105	45	0	144.0	0
105	50	0	145.0	0
105	55	0	146.0	0
105	60	0	146.0	0
105	65	0	145.0	0
105	70	0	145.0	0
105	75	0	146.0	0
105	80	0	144.0	0
105	85	0	145.0	0
105	90	0	144.0	0
105	95	0	143.0	0
105	100	0	144.0	0
105	105	0	145.0	0
105	110	0	145.0	0
105	115	0	146.0	0
105	120	0	146.0	0
105	125	0	145.0	0
105	130	0	145.0	0
105	135	0	145.0	0
105	140	0	146.0	0
105	145	0	145.0	0
105	150	0	145.0	0
105	155	0	146.0	0
105	160	0	147.0	0
105	165	0	146.0	0
105	170	0	145.0	0
105	175	0	146.0	0
110	-180	0	146.0	0
110	-175	0	146.0	0
110	-170	0	146.0	0
110	-165	0	147.0	0
110	-160	0	145.0	0
110	-155	0	145.0	0
110	-150	0	146.0	0
110	-145	0	148.0	0
110	-140	0	148.0	0
110	-135	0	148.0	0
110	-130	0	150.0	0
110	-125	0	149.0	0
110	-120	0	149.0	0
110	-115	0	150.0	0
110	-110	0	151.0	0
110	-105	0	151.0	0
110	-100	0	151.0	0
110	-95	0	152.0	0
110	-90	0	153.0	0
110	-85	0	153.0	0
110	-80	0	154.0	0
110	-75	0	154.0	0
110	-70	0	153.0	0
110	-65	0	152.0	0
110	-60	0	154.0	0
110	-55	0	154.0	0
110	-50	0	154.0	0
110	-45	0	152.0	0
110	-40	0	155.0	0
110	-35	0	154.0	0
110	-30	0	154.0	0
110	-25	0	153.0	0
110	-20	0	153.0	0
110	-15	0	153.0	0
110	-10	0	152.0	0
110	-5	0	151.0	0
110	0	0	151.0	0
110	5	0	150.0	0
110	10	0	149.0	0
110	15	0	148.0	0
110	20	0	148.0	0
110	25	0	146.0	0
110	30	0	146.0	0
110	35	0	145.0	0
110	40	0	144.0	0
110	45	0	145.0	0
110	50	0	145.0	0
110	55	0	144.0	0
110	60	0	144.0	0
110	65	0	143.0	0
110	70	0	144.0	0
110	75	0	145.0	0
110	80	0	144.0	0
110	85	0	144.0	0
110	90	0	145.0	0
110	95	0	144.0	0
110	100	0	144.0	0
110	105	0	144.0	0
110	110	0	144.0	0
110	115	0	144.0	0
110	120	0	145.0	0
110	125	0	145.0	0
110	130	0	144.0	0
110	135	0	145.0	0
110	140	0	145.0	0
110	145	0	147.0	0
110	150	0	146.0	0
110	155	0	146.0	0
110	160	0	145.0	0
110	165	0	145.0	0
110	170	0	145.0	0
110	175	0	145.0	0
115	-180	0	142.0	0
115	-175	0	144.0	0
115	-170	0	145.0	0
115	-165	0	143.0	0
115	-160	0	143.0	0
115	-155	0	145.0	0
115	-150	0	145.0	0
115	-145	0	147.0	0
115	-140	0	145.0	0
115	-135	0	146.0	0
115	-130	0	145.0	0
115	-125	0	146.0	0
115	-120	0	147.0	0
115	-115	0	145.0	0
115	-110	0	147.0	0
115	-105	0	149.0	0
115	-100	0	150.0	0
115	-95	0	150.0	0
115	-90	0	150.0	0
115	-85	0	150.0	0
115	-80	0	152.0	0
115	-75	0	150.0	0
115	-70	0	152.0	0
115	-65	0	151.0	0
115	-60	0	152.0	0
115	-55	0	152.0	0
115	-50	0	152.0	0
115	-45	0	151.0	0
115	-40	0	151.0	0
115	-35	0	152.0	0
115	-30	0	151.0	0
115	-25	0	150.0	0
115	-20	0	151.0	0
115	-15	0	149.0	0
115	-10	0	148.0	0
115	-5	0	147.0	0
115	0	0	148.0	0
115	5	0	148.0	0
115	10	0	144.0	0
115	15	0	146.0	0
115	20	0	146.0	0
115	25	0	144.0	0
115	30	0	145.0	0
115	35	0	142.0	0
115	40	0	143.0	0
115	45	0	145.0	0
115	50	0	142.0	0
115	55	0	142.0	0
115	60	0	143.0	0
115	65	0	142.0	0
115	70	0	142.0	0
115	75	0	144.0	0
115	80	0	142.0	0
115	85	0	141.0	0
115	90	0	143.0	0
115	95	0	142.0	0
115	100	0	142.0	0
115	105	0	142.0	0
115	110	0	143.0	0
115	115	0	142.0	0
115	120	0	144.0	0
115	125	0	144.0	0
115	130	0	144.0	0
115	135	0	144.0	0
115	140	0	145.0	0
115	145	0	144.0	0
115	150	0	144.0	0
115	155	0	143.0	0
115	160	0	143.0	0
115	165	0	145.0	0
115	170	0	142.0	0
115	175	0	143.0	0
120	-180	0	147.0	0
120	-175	0	147.0	0
120	-170	0	147.0	0
120	-165	0	147.0	0
120	-160	0	149.0	0
120	-155	0	148.0	0
120	-150	0	149.0	0
120	-145	0	149.0	0
120	-140	0	150.0	0
120	-135	0	150.0	0
120	-130	0	150.0	0
120	-125	0	151.0	0
120	-120	0	150.0	0
120	-115	0	151.0	0
120	-110	0	151.0	0
120	-105	0	152.0	0
120	-100	0	153.0	0
120	-95	0	151.0	0
120	-90	0	154.0	0
120	-85	0	153.0	0
120	-80	0	153.0	0
120	-75	0	153.0	0
120	-70	0	155.0	0
120	-65	0	153.0	0
120	-60	0	155.0	0
120	-55	0	154.0	0
120	-50	0	153.0	0
120	-45	0	154.0	0
120	-40	0	154.0	0
120	-35	0	154.0	0
120	-30	0	152.0	0
120	-25	0	153.0	0
120	-20	0	153.0	0
120	-15	0	153.0	0
120	-10	0	153.0	0
120	-5	0	151.0	0
120	0	0	149.0	0
120	5	0	149.0	0
120	10	0	149.0	0
120	15	0	149.0	0
120	20	0	149.0	0
120	25	0	148.0	0
120	30	0	148.0	0
120	35	0	147.0	0
120	40	0	147.0	0
120	45	0	147.0	0
120	50	0	145.0	0
120	55	0	146.0	0
120	60	0	146.0	0
120	65	0	148.0	0
120	70	0	145.0	0
120	75	0	146.0	0
120	80	0	146.0	0
120	85	0	145.0	0
120	90	0	146.0	0
120	95	0	144.0	0
120	100	0	146.0	0
120	105	0	145.0	0
120	110	0	146.0	0
120	115	0	145.0	0
120	120	0	146.0	0
120	125	0	146.0	0
120	130	0	147.0	0
120	135	0	145.0	0
120	140	0	146.0	0
120	145	0	146.0	0
120	150	0	146.0	0
120	155	0	146.0	0
120	160	0	147.0	0
120	165	0	146.0	0
120	170	0	147.0	0
120	175	0	147.0	0
125	-180	0	147.0	0
125	-175	0	145.0	0
125	-170	0	146.0	0
125	-165	0	145.0	0
125	-160	0	145.0	0
125	-155	0	146.0	0
125	-150	0	147.0	0
125	-145	0	146.0	0
125	-140	0	147.0	0
125	-135	0	147.0	0
125	-130	0	148.0	0
125	-125	0	150.0	0
125	-120	0	148.0	0
125	-115	0	150.0	0
125	-110	0	150.0	0
125	-105	0	151.0	0
125	-100	0	151.0	0
125	-95	0	150.0	0
125	-90	0	152.0	0
125	-85	0	150.0	0
125	-80	0	153.0	0
125	-75	0	152.0	0
125	-70	0	152.0	0
125	-65	0	151.0	0
125	-60	0	152.0	0
125	-55	0	152.0	0
125	-50	0	152.0	0
125	-45	0	152.0	0
125	-40	0	151.0	0
125	-35	0	152.0	0
125	-30	0	152.0	0
125	-25	0	149.0	0
125	-20	0	150.0	0
125	-15	0	150.0	0
125	-10	0	148.0	0
125	-5	0	150.0	0
125	0	0	148.0	0
125	5	0	147.0	0
125	10	0	149.0	0
125	15	0	146.0	0
125	20	0	145.0	0
125	25	0	145.0	0
125	30	0	147.0	0
125	35	0	145.0	0
125	40	0	146.0	0
125	45	0	145.0	0
125	50	0	145.0	0
125	55	0	144.0	0
125	60	0	147.0	0
125	65	0	145.0	0
125	70	0	145.0	0
125	75	0	147.0	0
125	80	0	144.0	0
125	85	0	145.0	0
125	90	0	145.0	0
125	95	0	145.0	0
125	100	0	145.0	0
125	105	0	145.0	0
125	110	0	145.0	0
125	115	0	144.0	0
125	120	0	145.0	0
125	125	0	145.0	0
125	130	0	146.0	0
125	135	0	146.0	0
125	140	0	145.0	0
125	145	0	144.0	0
125	150	0	145.0	0
125	155	0	145.0	0
125	160	0	145.0	0
125	165	0	146.0	0
125	170	0	145.0	0
125	175	0	145.0	0
130	-180	0	146.0	0
130	-175	0	145.0	0
130	-170	0	146.0	0
130	-165	0	146.0	0
130	-160	0	146.0	0
130	-155	0	147.0	0
130	-150	0	146.0	0
130	-145	0	148.0	0
130	-140	0	148.0	0
130	-135	0	148.0	0
130	-130	0	149.0	0
130	-125	0	149.0	0
130	-120	0	148.0	0
130	-115	0	149.0	0
130	-110	0	150.0	0
130	-105	0	151.0	0
130	-100	0	150.0	0
130	-95	0	150.0	0
130	-90	0	150.0	0
130	-85	0	150.0	0
130	-80	0	152.0	0
130	-75	0	151.0	0
130	-70	0	151.0	0
130	-65	0	151.0	0
130	-60	0	151.0	0
130	-55	0	151.0	0
130	-50	0	151.0	0
130	-45	0	151.0	0
130	-40	0	151.0	0
130	-35	0	152.0	0
130	-30	0	151.0	0
130	-25	0	151.0	0
130	-20	0	151.0	0
130	-15	0	149.0	0
130	-10	0	148.0	0
130	-5	0	149.0	0
130	0	0	149.0	0
130	5	0	148.0	0
130	10	0	147.0	0
130	15	0	145.0	0
130	20	0	148.0	0
130	25	0	146.0	0
130	30	0	146.0	0
130	35	0	145.0	0
130	40	0	147.0	0
130	45	0	144.0	0
130	50	0	145.0	0
130	55	0	144.0	0
130	60	0	143.0	0
130	65	0	143.0	0
130	70	0	144.0	0
130	75	0	143.0	0
130	80	0	142.0	0
130	85	0	144.0	0
130	90	0	144.0	0
130	95	0	144.0	0
130	100	0	144.0	0
130	105	0	144.0	0
130	110	0	143.0	0
130	115	0	143.0	0
130	120	0	144.0	0
130	125	0	145.0	0
130	130	0	145.0	0
130	135	0	145.0	0
130	140	0	144.0	0
130	145	0	145.0	0
130	150	0	146.0	0
130	155	0	146.0	0
130	160	0	145.0	0
130	165	0	145.0	0
130	170	0	146.0	0
130	175	0	147.0	0
135	-180	0	145.0	0
135	-175	0	145.0	0
135	-170	0	145.0	0
135	-165	0	147.0	0
135	-160	0	146.0	0
135	-155	0	147.0	0
135	-150	0	147.0	0
135	-145	0	148.0	0
135	-140	0	150.0	0
135	-135	0	149.0	0
135	-130	0	149.0	0
135	-125	0	151.0	0
135	-120	0	149.0	0
135	-115	0	150.0	0
135	-110	0	150.0	0
135	-105	0	151.0	0
135	-100	0	151.0	0
135	-95	0	152.0	0
135	-90	0	150.0	0
135	-85	0	151.0	0
135	-80	0	153.0	0
135	-75	0	151.0	0
135	-70	0	150.0	0
135	-65	0	151.0	0
135	-60	0	150.0	0
135	-55	0	151.0	0
135	-50	0	150.0	0
135	-45	0	150.0	0
135	-40	0	152.0	0
135	-35	0	151.0	0
135	-30	0	151.0	0
135	-25	0	151.0	0
135	-20	0	150.0	0
135	-15	0	149.0	0
135	-10	0	147.0	0
135	-5	0	146.0	0
135	0	0	147.0	0
135	5	0	147.0	0
135	10	0	147.0	0
135	15	0	146.0	0
135	20	0	147.0	0
135	25	0	146.0	0
135	30	0	147.0	0
135	35	0	146.0	0
135	40	0	147.0	0
135	45	0	147.0	0
135	50	0	146.0	0
135	55	0	146.0	0
135	60	0	145.0	0
135	65	0	146.0	0
135	70	0	145.0	0
135	75	0	145.0	0
135	80	0	145.0	0
135	85	0	145.0	0
135	90	0	145.0	0
135	95	0	147.0	0
135	100	0	145.0	0
135	105	0	145.0	0
135	110	0	144.0	0
135	115	0	144.0	0
135	120	0	146.0	0
135	125	0	145.0	0
135	130	0	145.0	0
135	135	0	146.0	0
135	140	0	144.0	0
135	145	0	145.0	0
135	150	0	144.0	0
135	155	0	145.0	0
135	160	0	147.0	0
135	165	0	145.0	0
135	170	0	145.0	0
135	175	0	145.0	0
140	-180	0	145.0	0
140	-175	0	146.0	0
140	-170	0	147.0	0
140	-165	0	146.0	0
140	-160	0	147.0	0
140	-155	0	147.0	0
140	-150	0	146.0	0
140	-145	0	148.0	0
140	-140	0	149.0	0
140	-135	0	148.0	0
140	-130	0	149.0	0
140	-125	0	150.0	0
140	-120	0	149.0	0
140	-115	0	148.0	0
140	-110	0	149.0	0
140	-105	0	149.0	0
140	-100	0	149.0	0
140	-95	0	150.0	0
140	-90	0	150.0	0
140	-85	0	150.0	0
140	-80	0	150.0	0
140	-75	0	150.0	0
140	-70	0	150.0	0
140	-65	0	150.0	0
140	-60	0	150.0	0
140	-55	0	151.0	0
140	-50	0	151.0	0
140	-45	0	150.0	0
140	-40	0	151.0	0
140	-35	0	150.0	0
140	-30	0	149.0	0
140	-25	0	149.0	0
140	-20	0	150.0	0
140	-15	0	149.0	0
140	-10	0	147.0	0
140	-5	0	148.0	0
140	0	0	147.0	0
140	5	0	145.0	0
140	10	0	146.0	0
140	15	0	146.0	0
140	20	0	147.0	0
140	25	0	146.0	0
140	30	0	147.0	0
140	35	0	146.0	0
140	40	0	146.0	0
140	45	0	146.0	0
140	50	0	145.0	0
140	55	0	145.0	0
140	60	0	145.0	0
140	65	0	145.0	0
140	70	0	144.0	0
140	75	0	144.0	0
140	80	0	145.0	0
140	85	0	143.0	0
140	90	0	144.0	0
140	95	0	144.0	0
140	100	0	144.0	0
140	105	0	145.0	0
140	110	0	143.0	0
140	115	0	144.0	0
140	120	0	145.0	0
140	125	0	144.0	0
140	130	0	145.0	0
140	135	0	145.0	0
140	140	0	146.0	0
140	145	0	145.0	0
140	150	0	146.0	0
140	155	0	146.0	0
140	160	0	145.0	0
140	165	0	145.0	0
140	170	0	147.0	0
140	175	0	146.0	0
145	-180	0	146.0	0
145	-175	0	145.0	0
145	-170	0	147.0	0
145	-165	0	146.0	0
145	-160	0	147.0	0
145	-155	0	147.0	0
145	-150	0	145.0	0
145	-145	0	148.0	0
145	-140	0	148.0	0
145	-135	0	149.0	0
145	-130	0	149.0	0
145	-125	0	149.0	0
145	-120	0	149.0	0
145	-115	0	149.0	0
145	-110	0	150.0	0
145	-105	0	149.0	0
145	-100	0	149.0	0
145	-95	0	150.0	0
145	-90	0	150.0	0
145	-85	0	151.0	0
145	-80	0	152.0	0
145	-75	0	152.0	0
145	-70	0	150.0	0
145	-65	0	152.0	0
145	-60	0	152.0	0
145	-55	0	151.0	0
145	-50	0	152.0	0
145	-45	0	150.0	0
145	-40	0	151.0	0
145	-35	0	150.0	0
145	-30	0	149.0	0
145	-25	0	150.0	0
145	-20	0	148.0	0
145	-15	0	146.0	0
145	-10	0	147.0	0
145	-5	0	147.0	0
145	0	0	147.0	0
145	5	0	146.0	0
145	10	0	148.0	0
145	15	0	146.0	0
145	20	0	146.0	0
145	25	0	147.0	0
145	30	0	148.0	0
145	35	0	146.0	0
145	40	0	146.0	0
145	45	0	146.0	0
145	50	0	146.0	0
145	55	0	146.0	0
145	60	0	145.0	0
145	65	0	145.0	0
145	70	0	144.0	0
145	75	0	145.0	0
145	80	0	144.0	0
145	85	0	145.0	0
145	90	0	146.0	0
145	95	0	145.0	0
145	100	0	145.0	0
145	105	0	146.0	0
145	110	0	146.0	0
145	115	0	146.0	0
145	120	0	145.0	0
145	125	0	145.0	0
145	130	0	145.0	0
145	135	0	145.0	0
145	140	0	145.0	0
145	145	0	145.0	0
145	150	0	145.0	0
145	155	0	145.0	0
145	160	0	145.0	0
145	165	0	145.0	0
145	170	0	146.0	0
145	175	0	147.0	0
150	-180	0	145.0	0
150	-175	0	146.0	0
150	-170	0	146.0	0
150	-165	0	147.0	0
150	-160	0	145.0	0
150	-155	0	147.0	0
150	-150	0	148.0	0
150	-145	0	148.0	0
150	-140	0	149.0	0
150	-135	0	149.0	0
150	-130	0	149.0	0
150	-125	0	150.0	0
150	-120	0	150.0	0
150	-115	0	150.0	0
150	-110	0	151.0	0
150	-105	0	149.0	0
150	-100	0	149.0	0
150	-95	0	150.0	0
150	-90	0	149.0	0
150	-85	0	149.0	0
150	-80	0	150.0	0
150	-75	0	150.0	0
150	-70	0	150.0	0
150	-65	0	151.0	0
150	-60	0	149.0	0
150	-55	0	150.0	0
150	-50	0	150.0	0
150	-45	0	150.0	0
150	-40	0	151.0	0
150	-35	0	148.0	0
150	-30	0	149.0	0
150	-25	0	148.0	0
150	-20	0	147.0	0
150	-15	0	148.0	0
150	-10	0	149.0	0
150	-5	0	145.0	0
150	0	0	147.0	0
150	5	0	146.0	0
150	10	0	147.0	0
150	15	0	145.0	0
150	20	0	146.0	0
150	25	0	148.0	0
150	30	0	147.0	0
150	35	0	146.0	0
150	40	0	146.0	0
150	45	0	146.0	0
150	50	0	145.0	0
150	55	0	146.0	0
150	60	0	145.0	0
150	65	0	147.0	0
150	70	0	144.0	0
150	75	0	144.0	0
150	80	0	145.0	0
150	85	0	145.0	0
150	90	0	144.0	0
150	95	0	143.0	0
150	100	0	144.0	0
150	105	0	144.0	0
150	110	0	146.0	0
150	115	0	144.0	0
150	120	0	143.0	0
150	125	0	145.0	0
150	130	0	145.0	0
150	135	0	147.0	0
150	140	0	146.0	0
150	145	0	145.0	0
150	150	0	145.0	0
150	155	0	143.0	0
150	160	0	145.0	0
150	165	0	145.0	0
150	170	0	145.0	0
150	175	0	144.0	0
155	-180	0	146.0	0
155	-175	0	147.0	0
155	-170	0	148.0	0
155	-165	0	147.0	0
155	-160	0	147.0	0
155	-155	0	148.0	0
155	-150	0	149.0	0
155	-145	0	150.0	0
155	-140	0	151.0	0
155	-135	0	150.0	0
155	-130	0	150.0	0
155	-125	0	150.0	0
155	-120	0	150.0	0
155	-115	0	150.0	0
155	-110	0	150.0	0
155	-105	0	151.0	0
155	-100	0	150.0	0
155	-95	0	151.0	0
155	-90	0	151.0	0
155	-85	0	152.0	0
155	-80	0	152.0	0
155	-75	0	150.0	0
155	-70	0	152.0	0
155	-65	0	151.0	0
155	-60	0	151.0	0
155	-55	0	152.0	0
155	-50	0	152.0	0
155	-45	0	151.0	0
155	-40	0	151.0	0
155	-35	0	150.0	0
155	-30	0	151.0	0
155	-25	0	149.0	0
155	-20	0	150.0	0
155	-15	0	149.0	0
155	-10	0	150.0	0
155	-5	0	149.0	0
155	0	0	150.0	0
155	5	0	147.0	0
155	10	0	147.0	0
155	15	0	148.0	0
155	20	0	147.0	0
155	25	0	147.0	0
155	30	0	148.0	0
155	35	0	146.0	0
155	40	0	147.0	0
155	45	0	147.0	0
155	50	0	147.0	0
155	55	0	146.0	0
155	60	0	147.0	0
155	65	0	148.0	0
155	70	0	145.0	0
155	75	0	146.0	0
155	80	0	145.0	0
155	85	0	145.0	0
155	90	0	146.0	0
155	95	0	146.0	0
155	100	0	146.0	0
155	105	0	147.0	0
155	110	0	146.0	0
155	115	0	146.0	0
155	120	0	144.0	0
155	125	0	145.0	0
155	130	0	146.0	0
155	135	0	145.0	0
155	140	0	146.0	0
155	145	0	146.0	0
155	150	0	148.0	0
155	155	0	147.0	0
155	160	0	147.0	0
155	165	0	147.0	0
155	170	0	147.0	0
155	175	0	146.0	0
160	-180	0	146.0	0
160	-175	0	146.0	0
160	-170	0	144.0	0
160	-165	0	147.0	0
160	-160	0	145.0	0
160	-155	0	146.0	0
160	-150	0	147.0	0
160	-145	0	148.0	0
160	-140	0	147.0	0
160	-135	0	149.0	0
160	-130	0	147.0	0
160	-125	0	147.0	0
160	-120	0	147.0	0
160	-115	0	149.0	0
160	-110	0	149.0	0
160	-105	0	149.0	0
160	-100	0	149.0	0
160	-95	0	149.0	0
160	-90	0	149.0	0
160	-85	0	149.0	0
160	-80	0	150.0	0
160	-75	0	149.0	0
160	-70	0	149.0	0
160	-65	0	148.0	0
160	-60	0	149.0	0
160	-55	0	150.0	0
160	-50	0	150.0	0
160	-45	0	149.0	0
160	-40	0	149.0	0
160	-35	0	149.0	0
160	-30	0	147.0	0
160	-25	0	149.0	0
160	-20	0	149.0	0
160	-15	0	147.0	0
160	-10	0	147.0	0
160	-5	0	146.0	0
160	0	0	147.0	0
160	5	0	147.0	0
160	10	0	147.0	0
160	15	0	147.0	0
160	20	0	147.0	0
160	25	0	147.0	0
160	30	0	145.0	0
160	35	0	144.0	0
160	40	0	146.0	0
160	45	0	145.0	0
160	50	0	145.0	0
160	55	0	145.0	0
160	60	0	145.0	0
160	65	0	145.0	0
160	70	0	145.0	0
160	75	0	145.0	0
160	80	0	144.0	0
160	85	0	144.0	0
160	90	0	143.0	0
160	95	0	144.0	0
160	100	0	144.0	0
160	105	0	143.0	0
160	110	0	144.0	0
160	115	0	145.0	0
160	120	0	145.0	0
160	125	0	145.0	0
160	130	0	146.0	0
160	135	0	145.0	0
160	140	0	144.0	0
160	145	0	145.0	0
160	150	0	143.0	0
160	155	0	145.0	0
160	160	0	144.0	0
160	165	0	144.0	0
160	170	0	145.0	0
160	175	0	145.0	0
165	-180	0	144.0	0
165	-175	0	144.0	0
165	-170	0	144.0	0
165	-165	0	145.0	0
165	-160	0	146.0	0
165	-155	0	145.0	0
165	-150	0	146.0	0
165	-145	0	145.0	0
165	-140	0	148.0	0
165	-135	0	148.0	0
165	-130	0	148.0	0
165	-125	0	147.0	0
165	-120	0	147.0	0
165	-115	0	149.0	0
165	-110	0	149.0	0
165	-105	0	148.0	0
165	-100	0	149.0	0
165	-95	0	149.0	0
165	-90	0	148.0	0
165	-85	0	149.0	0
165	-80	0	150.0	0
165	-75	0	149.0	0
165	-70	0	148.0	0
165	-65	0	149.0	0
165	-60	0	147.0	0
165	-55	0	148.0	0
165	-50	0	148.0	0
165	-45	0	147.0	0
165	-40	0	148.0	0
165	-35	0	148.0	0
165	-30	0	147.0	0
165	-25	0	147.0	0
165	-20	0	145.0	0
165	-15	0	145.0	0
165	-10	0	145.0	0
165	-5	0	145.0	0
165	0	0	144.0	0
165	5	0	146.0	0
165	10	0	144.0	0
165	15	0	146.0	0
165	20	0	145.0	0
165	25	0	144.0	0
165	30	0	144.0	0
165	35	0	145.0	0
165	40	0	145.0	0
165	45	0	143.0	0
165	50	0	144.0	0
165	55	0	143.0	0
165	60	0	144.0	0
165	65	0	144.0	0
165	70	0	143.0	0
165	75	0	143.0	0
165	80	0	143.0	0
165	85	0	143.0	0
165	90	0	144.0	0
165	95	0	142.0	0
165	100	0	142.0	0
165	105	0	142.0	0
165	110	0	143.0	0
165	115	0	143.0	0
165	120	0	143.0	0
165	125	0	143.0	0
165	130	0	143.0	0
165	135	0	143.0	0
165	140	0	143.0	0
165	145	0	143.0	0
165	150	0	144.0	0
165	155	0	143.0	0
165	160	0	142.0	0
165	165	0	143.0	0
165	170	0	143.0	0
165	175	0	144.0	0
170	-180	0	143.0	0
170	-175	0	143.0	0
170	-170	0	145.0	0
170	-165	0	144.0	0
170	-160	0	146.0	0
170	-155	0	145.0	0
170	-150	0	146.0	0
170	-145	0	145.0	0
170	-140	0	146.0	0
170	-135	0	149.0	0
170	-130	0	148.0	0
170	-125	0	149.0	0
170	-120	0	147.0	0
170	-115	0	147.0	0
170	-110	0	149.0	0
170	-105	0	148.0	0
170	-100	0	148.0	0
170	-95	0	147.0	0
170	-90	0	149.0	0
170	-85	0	149.0	0
170	-80	0	149.0	0
170	-75	0	148.0	0
170	-70	0	147.0	0
170	-65	0	148.0	0
170	-60	0	147.0	0
170	-55	0	149.0	0
170	-50	0	147.0	0
170	-45	0	147.0	0
170	-40	0	146.0	0
170	-35	0	147.0	0
170	-30	0	147.0	0
170	-25	0	146.0	0
170	-20	0	146.0	0
170	-15	0	146.0	0
170	-10	0	144.0	0
170	-5	0	146.0	0
170	0	0	145.0	0
170	5	0	145.0	0
170	10	0	145.0	0
170	15	0	145.0	0
170	20	0	143.0	0
170	25	0	144.0	0
170	30	0	144.0	0
170	35	0	143.0	0
170	40	0	145.0	0
170	45	0	145.0	0
170	50	0	144.0	0
170	55	0	144.0	0
170	60	0	143.0	0
170	65	0	142.0	0
170	70	0	142.0	0
170	75	0	144.0	0
170	80	0	144.0	0
170	85	0	144.0	0
170	90	0	142.0	0
170	95	0	143.0	0
170	100	0	143.0	0
170	105	0	142.0	0
170	110	0	142.0	0
170	115	0	141.0	0
170	120	0	143.0	0
170	125	0	143.0	0
170	130	0	143.0	0
170	135	0	142.0	0
170	140	0	142.0	0
170	145	0	143.0	0
170	150	0	141.0	0
170	155	0	143.0	0
170	160	0	143.0	0
170	165	0	142.0	0
170	170	0	144.0	0
170	175	0	143.0	0
175	-180	0	142.0	0
175	-175	0	143.0	0
175	-170	0	144.0	0
175	-165	0	142.0	0
175	-160	0	145.0	0
175	-155	0	144.0	0
175	-150	0	146.0	0
175	-145	0	146.0	0
175	-140	0	147.0	0
175	-135	0	147.0	0
175	-130	0	147.0	0
175	-125	0	146.0	0
175	-120	0	147.0	0
175	-115	0	147.0	0
175	-110	0	148.0	0
175	-105	0	147.0	0
175	-100	0	148.0	0
175	-95	0	147.0	0
175	-90	0	148.0	0
175	-85	0	149.0	0
175	-80	0	148.0	0
175	-75	0	148.0	0
175	-70	0	147.0	0
175	-65	0	148.0	0
175	-60	0	146.0	0
175	-55	0	148.0	0
175	-50	0	146.0	0
175	-45	0	148.0	0
175	-40	0	147.0	0
175	-35	0	147.0	0
175	-30	0	146.0	0
175	-25	0	146.0	0
175	-20	0	145.0	0
175	-15	0	145.0	0
175	-10	0	144.0	0
175	-5	0	145.0	0
175	0	0	144.0	0
175	5	0	145.0	0
175	10	0	143.0	0
175	15	0	144.0	0
175	20	0	143.0	0
175	25	0	143.0	0
175	30	0	144.0	0
175	35	0	143.0	0
175	40	0	144.0	0
175	45	0	143.0	0
175	50	0	145.0	0
175	55	0	143.0	0
175	60	0	144.0	0
175	65	0	144.0	0
175	70	0	143.0	0
175	75	0	142.0	0
175	80	0	143.0	0
175	85	0	144.0	0
175	90	0	143.0	0
175	95	0	142.0	0
175	100	0	141.0	0
175	105	0	141.0	0
175	110	0	141.0	0
175	115	0	141.0	0
175	120	0	140.0	0
175	125	0	142.0	0
175	130	0	142.0	0
175	135	0	143.0	0
175	140	0	141.0	0
175	145	0	141.0	0
175	150	0	142.0	0
175	155	0	141.0	0
175	160	0	142.0	0
175	165	0	141.0	0
175	170	0	142.0	0
175	175	0	144.0	0
