Phi	Psi	max_obs_SA	max_theo_SA	obs_bin_pop
-180	-180	0	207.0	0
-180	-175	0	207.0	0
-180	-170	0	208.0	0
-180	-165	0	207.0	0
-180	-160	0	208.0	0
-180	-155	0	209.0	0
-180	-150	0	208.0	0
-180	-145	0	209.0	0
-180	-140	0	211.0	0
-180	-135	0	210.0	0
-180	-130	0	211.0	0
-180	-125	0	210.0	0
-180	-120	0	212.0	0
-180	-115	0	212.0	0
-180	-110	0	213.0	0
-180	-105	0	213.0	0
-180	-100	0	213.0	0
-180	-95	0	212.0	0
-180	-90	0	213.0	0
-180	-85	0	213.0	0
-180	-80	0	212.0	0
-180	-75	0	212.0	0
-180	-70	0	212.0	0
-180	-65	0	212.0	0
-180	-60	0	211.0	0
-180	-55	0	212.0	0
-180	-50	117.0	212.0	1
-180	-45	0	211.0	0
-180	-40	0	212.0	0
-180	-35	0	211.0	0
-180	-30	0	211.0	0
-180	-25	0	210.0	0
-180	-20	0	210.0	0
-180	-15	0	210.0	0
-180	-10	0	209.0	0
-180	-5	0	208.0	0
-180	0	0	208.0	0
-180	5	0	208.0	0
-180	10	0	209.0	0
-180	15	0	207.0	0
-180	20	0	208.0	0
-180	25	0	208.0	0
-180	30	0	208.0	0
-180	35	0	208.0	0
-180	40	0	208.0	0
-180	45	0	208.0	0
-180	50	0	208.0	0
-180	55	0	209.0	0
-180	60	0	208.0	0
-180	65	0	208.0	0
-180	70	0	208.0	0
-180	75	0	207.0	0
-180	80	0	207.0	0
-180	85	0	207.0	0
-180	90	0	208.0	0
-180	95	0	208.0	0
-180	100	0	207.0	0
-180	105	0	206.0	0
-180	110	0	207.0	0
-180	115	0	206.0	0
-180	120	0	206.0	0
-180	125	0	207.0	0
-180	130	0	206.0	0
-180	135	13.0	207.0	1
-180	140	90.0	207.0	1
-180	145	0	207.0	0
-180	150	0	207.0	0
-180	155	0	206.0	0
-180	160	74.0	206.0	1
-180	165	91.0	208.0	2
-180	170	0	207.0	0
-180	175	0	207.0	0
-175	-180	128.0	207.0	1
-175	-175	0	207.0	0
-175	-170	0	208.0	0
-175	-165	0	206.0	0
-175	-160	0	207.0	0
-175	-155	0	208.0	0
-175	-150	0	208.0	0
-175	-145	0	209.0	0
-175	-140	0	209.0	0
-175	-135	0	209.0	0
-175	-130	0	210.0	0
-175	-125	0	212.0	0
-175	-120	0	212.0	0
-175	-115	0	210.0	0
-175	-110	0	212.0	0
-175	-105	0	212.0	0
-175	-100	0	213.0	0
-175	-95	0	212.0	0
-175	-90	0	213.0	0
-175	-85	0	212.0	0
-175	-80	0	211.0	0
-175	-75	0	212.0	0
-175	-70	0	211.0	0
-175	-65	0	211.0	0
-175	-60	0	211.0	0
-175	-55	0	211.0	0
-175	-50	0	210.0	0
-175	-45	0	212.0	0
-175	-40	0	212.0	0
-175	-35	0	211.0	0
-175	-30	0	211.0	0
-175	-25	0	209.0	0
-175	-20	0	209.0	0
-175	-15	0	211.0	0
-175	-10	0	209.0	0
-175	-5	0	210.0	0
-175	0	0	209.0	0
-175	5	0	208.0	0
-175	10	0	209.0	0
-175	15	0	207.0	0
-175	20	0	208.0	0
-175	25	0	207.0	0
-175	30	0	208.0	0
-175	35	0	206.0	0
-175	40	0	207.0	0
-175	45	0	208.0	0
-175	50	0	206.0	0
-175	55	0	207.0	0
-175	60	0	207.0	0
-175	65	0	206.0	0
-175	70	0	206.0	0
-175	75	0	206.0	0
-175	80	55.0	206.0	1
-175	85	0	205.0	0
-175	90	0	207.0	0
-175	95	0	204.0	0
-175	100	0	206.0	0
-175	105	0	206.0	0
-175	110	120.0	205.0	2
-175	115	0	205.0	0
-175	120	0	205.0	0
-175	125	0	205.0	0
-175	130	0	205.0	0
-175	135	142.0	205.0	1
-175	140	34.0	206.0	1
-175	145	0	206.0	0
-175	150	71.0	207.0	1
-175	155	38.0	207.0	1
-175	160	113.0	207.0	3
-175	165	168.0	208.0	3
-175	170	79.0	208.0	2
-175	175	35.0	207.0	1
-170	-180	135.0	207.0	2
-170	-175	0	206.0	0
-170	-170	0	208.0	0
-170	-165	0	206.0	0
-170	-160	0	208.0	0
-170	-155	0	207.0	0
-170	-150	0	210.0	0
-170	-145	0	209.0	0
-170	-140	0	209.0	0
-170	-135	0	210.0	0
-170	-130	0	209.0	0
-170	-125	0	210.0	0
-170	-120	0	210.0	0
-170	-115	0	211.0	0
-170	-110	0	211.0	0
-170	-105	128.0	211.0	1
-170	-100	0	212.0	0
-170	-95	0	212.0	0
-170	-90	0	213.0	0
-170	-85	0	211.0	0
-170	-80	0	212.0	0
-170	-75	0	212.0	0
-170	-70	0	212.0	0
-170	-65	0	211.0	0
-170	-60	0	211.0	0
-170	-55	0	211.0	0
-170	-50	0	210.0	0
-170	-45	0	211.0	0
-170	-40	0	211.0	0
-170	-35	0	210.0	0
-170	-30	0	209.0	0
-170	-25	0	209.0	0
-170	-20	0	210.0	0
-170	-15	0	208.0	0
-170	-10	0	209.0	0
-170	-5	0	209.0	0
-170	0	0	209.0	0
-170	5	0	208.0	0
-170	10	0	209.0	0
-170	15	0	208.0	0
-170	20	0	208.0	0
-170	25	0	207.0	0
-170	30	25.0	208.0	1
-170	35	0	208.0	0
-170	40	0	206.0	0
-170	45	0	208.0	0
-170	50	0	207.0	0
-170	55	0	205.0	0
-170	60	0	205.0	0
-170	65	0	206.0	0
-170	70	0	206.0	0
-170	75	0	205.0	0
-170	80	0	206.0	0
-170	85	0	204.0	0
-170	90	0	206.0	0
-170	95	0	205.0	0
-170	100	73.0	206.0	1
-170	105	98.0	206.0	1
-170	110	0	206.0	0
-170	115	0	206.0	0
-170	120	0	205.0	0
-170	125	0	205.0	0
-170	130	0	206.0	0
-170	135	66.0	205.0	1
-170	140	81.0	206.0	2
-170	145	109.0	205.0	5
-170	150	126.0	204.0	4
-170	155	113.0	206.0	9
-170	160	83.0	205.0	4
-170	165	64.0	206.0	7
-170	170	104.0	207.0	1
-170	175	0	207.0	0
-165	-180	53.0	210.0	3
-165	-175	17.0	210.0	1
-165	-170	29.0	209.0	1
-165	-165	0	211.0	0
-165	-160	0	208.0	0
-165	-155	0	209.0	0
-165	-150	0	209.0	0
-165	-145	0	211.0	0
-165	-140	0	210.0	0
-165	-135	0	212.0	0
-165	-130	0	212.0	0
-165	-125	0	211.0	0
-165	-120	0	211.0	0
-165	-115	0	212.0	0
-165	-110	0	212.0	0
-165	-105	0	213.0	0
-165	-100	0	213.0	0
-165	-95	0	213.0	0
-165	-90	0	212.0	0
-165	-85	0	212.0	0
-165	-80	0	212.0	0
-165	-75	0	211.0	0
-165	-70	0	211.0	0
-165	-65	0	212.0	0
-165	-60	0	212.0	0
-165	-55	0	212.0	0
-165	-50	0	212.0	0
-165	-45	113.0	211.0	1
-165	-40	0	211.0	0
-165	-35	82.0	212.0	1
-165	-30	0	211.0	0
-165	-25	0	211.0	0
-165	-20	0	210.0	0
-165	-15	0	211.0	0
-165	-10	0	210.0	0
-165	-5	0	210.0	0
-165	0	174.0	210.0	1
-165	5	0	210.0	0
-165	10	0	212.0	0
-165	15	0	209.0	0
-165	20	0	210.0	0
-165	25	0	211.0	0
-165	30	0	209.0	0
-165	35	0	209.0	0
-165	40	0	208.0	0
-165	45	0	208.0	0
-165	50	0	207.0	0
-165	55	0	208.0	0
-165	60	0	207.0	0
-165	65	0	207.0	0
-165	70	0	206.0	0
-165	75	0	207.0	0
-165	80	112.0	207.0	1
-165	85	90.0	205.0	1
-165	90	0	206.0	1
-165	95	0	204.0	0
-165	100	3.0	205.0	1
-165	105	18.0	206.0	1
-165	110	0	206.0	0
-165	115	56.0	206.0	3
-165	120	117.0	207.0	2
-165	125	24.0	206.0	2
-165	130	75.0	207.0	4
-165	135	144.0	206.0	10
-165	140	105.0	206.0	13
-165	145	130.0	206.0	16
-165	150	133.0	207.0	13
-165	155	103.0	207.0	14
-165	160	131.0	208.0	21
-165	165	152.0	208.0	12
-165	170	137.0	209.0	5
-165	175	58.0	208.0	3
-160	-180	5.0	210.0	1
-160	-175	146.0	207.0	1
-160	-170	0	209.0	0
-160	-165	0	209.0	0
-160	-160	17.0	209.0	1
-160	-155	0	209.0	0
-160	-150	0	209.0	0
-160	-145	0	210.0	0
-160	-140	0	209.0	0
-160	-135	0	212.0	0
-160	-130	0	211.0	0
-160	-125	0	212.0	0
-160	-120	0	214.0	0
-160	-115	0	211.0	0
-160	-110	0	212.0	0
-160	-105	0	211.0	0
-160	-100	0	212.0	0
-160	-95	0	212.0	0
-160	-90	0	213.0	0
-160	-85	0	212.0	0
-160	-80	0	213.0	0
-160	-75	0	213.0	0
-160	-70	0	212.0	0
-160	-65	182.0	213.0	1
-160	-60	0	213.0	0
-160	-55	83.0	211.0	1
-160	-50	0	212.0	0
-160	-45	59.0	212.0	1
-160	-40	0	211.0	0
-160	-35	66.0	212.0	1
-160	-30	0	212.0	0
-160	-25	0	211.0	0
-160	-20	0	211.0	0
-160	-15	0	210.0	0
-160	-10	0	209.0	0
-160	-5	0	210.0	0
-160	0	0	209.0	0
-160	5	0	208.0	0
-160	10	0	209.0	0
-160	15	0	209.0	0
-160	20	0	209.0	0
-160	25	0	206.0	0
-160	30	129.0	208.0	1
-160	35	0	209.0	0
-160	40	0	206.0	0
-160	45	0	206.0	0
-160	50	0	208.0	0
-160	55	0	208.0	0
-160	60	0	207.0	0
-160	65	13.0	208.0	1
-160	70	0	208.0	0
-160	75	0	207.0	0
-160	80	0	206.0	0
-160	85	0	205.0	0
-160	90	0	206.0	0
-160	95	0	206.0	0
-160	100	0	206.0	0
-160	105	0	206.0	0
-160	110	165.0	205.0	2
-160	115	87.0	206.0	3
-160	120	129.0	206.0	2
-160	125	109.0	206.0	5
-160	130	108.0	206.0	10
-160	135	150.0	207.0	26
-160	140	154.0	206.0	18
-160	145	150.0	207.0	26
-160	150	164.0	208.0	22
-160	155	150.0	206.0	34
-160	160	142.0	208.0	40
-160	165	136.0	206.0	17
-160	170	95.0	208.0	4
-160	175	86.0	208.0	4
-155	-180	0	206.0	0
-155	-175	0	206.0	0
-155	-170	76.0	207.0	1
-155	-165	0	207.0	0
-155	-160	0	207.0	0
-155	-155	0	207.0	0
-155	-150	0	209.0	0
-155	-145	0	208.0	0
-155	-140	0	209.0	0
-155	-135	0	208.0	0
-155	-130	0	210.0	0
-155	-125	0	210.0	0
-155	-120	0	210.0	0
-155	-115	0	211.0	0
-155	-110	0	211.0	0
-155	-105	0	211.0	0
-155	-100	0	212.0	0
-155	-95	0	211.0	0
-155	-90	0	212.0	0
-155	-85	0	212.0	0
-155	-80	0	212.0	0
-155	-75	0	213.0	0
-155	-70	0	212.0	0
-155	-65	0	213.0	0
-155	-60	0	213.0	0
-155	-55	0	214.0	0
-155	-50	0	214.0	0
-155	-45	0	215.0	0
-155	-40	65.0	212.0	1
-155	-35	0	212.0	0
-155	-30	0	211.0	0
-155	-25	153.0	211.0	1
-155	-20	0	211.0	0
-155	-15	0	210.0	0
-155	-10	0	210.0	0
-155	-5	0	210.0	0
-155	0	0	207.0	0
-155	5	0	207.0	0
-155	10	0	208.0	0
-155	15	98.0	207.0	1
-155	20	0	206.0	0
-155	25	0	206.0	0
-155	30	106.0	206.0	1
-155	35	142.0	206.0	1
-155	40	0	206.0	0
-155	45	0	206.0	0
-155	50	0	206.0	0
-155	55	13.0	206.0	1
-155	60	0	206.0	0
-155	65	0	205.0	0
-155	70	0	205.0	0
-155	75	1.0	205.0	1
-155	80	127.0	205.0	2
-155	85	0	203.0	1
-155	90	37.0	205.0	2
-155	95	0	204.0	0
-155	100	51.0	204.0	1
-155	105	0	204.0	0
-155	110	80.0	205.0	3
-155	115	104.0	204.0	4
-155	120	102.0	205.0	7
-155	125	144.0	204.0	13
-155	130	134.0	206.0	26
-155	135	117.0	206.0	38
-155	140	162.0	206.0	32
-155	145	157.0	205.0	27
-155	150	158.0	205.0	46
-155	155	137.0	205.0	40
-155	160	151.0	206.0	30
-155	165	127.0	207.0	19
-155	170	98.0	206.0	9
-155	175	97.0	206.0	2
-150	-180	22.0	208.0	1
-150	-175	0	208.0	0
-150	-170	24.0	207.0	1
-150	-165	0	209.0	0
-150	-160	0	208.0	0
-150	-155	0	208.0	0
-150	-150	0	209.0	0
-150	-145	0	209.0	0
-150	-140	0	210.0	0
-150	-135	8.0	210.0	1
-150	-130	0	210.0	0
-150	-125	0	211.0	0
-150	-120	0	212.0	0
-150	-115	0	211.0	0
-150	-110	0	212.0	0
-150	-105	0	213.0	0
-150	-100	0	212.0	0
-150	-95	0	213.0	0
-150	-90	0	213.0	0
-150	-85	0	212.0	0
-150	-80	0	212.0	0
-150	-75	0	212.0	0
-150	-70	0	212.0	0
-150	-65	0	212.0	0
-150	-60	0	211.0	0
-150	-55	0	211.0	0
-150	-50	0	213.0	0
-150	-45	0	211.0	0
-150	-40	0	211.0	0
-150	-35	0	211.0	0
-150	-30	8.0	211.0	1
-150	-25	0	211.0	0
-150	-20	162.0	211.0	1
-150	-15	0	210.0	0
-150	-10	157.0	211.0	2
-150	-5	0	209.0	0
-150	0	154.0	210.0	1
-150	5	0	209.0	0
-150	10	0	208.0	0
-150	15	32.0	208.0	1
-150	20	0	209.0	0
-150	25	108.0	208.0	1
-150	30	0	207.0	0
-150	35	0	208.0	0
-150	40	0	208.0	0
-150	45	0	207.0	0
-150	50	0	207.0	0
-150	55	0	207.0	0
-150	60	121.0	207.0	3
-150	65	94.0	207.0	1
-150	70	95.0	206.0	2
-150	75	74.0	208.0	2
-150	80	62.0	208.0	2
-150	85	0	207.0	0
-150	90	124.0	206.0	2
-150	95	0	207.0	0
-150	100	129.0	206.0	4
-150	105	0	207.0	0
-150	110	149.0	205.0	5
-150	115	160.0	206.0	5
-150	120	134.0	205.0	10
-150	125	157.0	206.0	25
-150	130	131.0	206.0	29
-150	135	158.0	206.0	35
-150	140	147.0	207.0	40
-150	145	160.0	206.0	51
-150	150	176.0	207.0	45
-150	155	172.0	207.0	44
-150	160	163.0	207.0	32
-150	165	136.0	207.0	26
-150	170	136.0	207.0	15
-150	175	144.0	208.0	10
-145	-180	131.0	208.0	4
-145	-175	0	208.0	0
-145	-170	0	207.0	0
-145	-165	0	209.0	0
-145	-160	0	209.0	0
-145	-155	0	207.0	0
-145	-150	0	209.0	0
-145	-145	0	209.0	0
-145	-140	0	210.0	0
-145	-135	144.0	210.0	1
-145	-130	0	211.0	0
-145	-125	0	212.0	0
-145	-120	0	212.0	0
-145	-115	0	212.0	0
-145	-110	0	212.0	0
-145	-105	0	213.0	0
-145	-100	17.0	212.0	1
-145	-95	0	212.0	0
-145	-90	0	213.0	0
-145	-85	85.0	212.0	1
-145	-80	113.0	213.0	1
-145	-75	0	213.0	0
-145	-70	0	212.0	0
-145	-65	0	213.0	0
-145	-60	135.0	212.0	1
-145	-55	0	211.0	0
-145	-50	0	211.0	0
-145	-45	0	212.0	0
-145	-40	0	211.0	0
-145	-35	0	212.0	0
-145	-30	145.0	211.0	1
-145	-25	0	210.0	0
-145	-20	88.0	210.0	2
-145	-15	0	210.0	0
-145	-10	0	209.0	0
-145	-5	0	208.0	0
-145	0	160.0	209.0	2
-145	5	0	208.0	0
-145	10	0	208.0	0
-145	15	15.0	210.0	1
-145	20	64.0	208.0	1
-145	25	0	208.0	0
-145	30	151.0	207.0	1
-145	35	58.0	209.0	2
-145	40	8.0	208.0	1
-145	45	0	208.0	0
-145	50	170.0	208.0	1
-145	55	145.0	208.0	3
-145	60	0	208.0	0
-145	65	0	209.0	1
-145	70	159.0	207.0	1
-145	75	0	207.0	0
-145	80	159.0	207.0	3
-145	85	147.0	207.0	2
-145	90	141.0	207.0	3
-145	95	65.0	205.0	2
-145	100	9.0	206.0	1
-145	105	98.0	205.0	3
-145	110	154.0	205.0	7
-145	115	101.0	206.0	5
-145	120	146.0	207.0	14
-145	125	153.0	207.0	34
-145	130	188.0	206.0	39
-145	135	159.0	206.0	40
-145	140	168.0	206.0	55
-145	145	163.0	206.0	55
-145	150	166.0	206.0	53
-145	155	159.0	207.0	52
-145	160	163.0	206.0	35
-145	165	136.0	206.0	18
-145	170	113.0	206.0	10
-145	175	110.0	208.0	2
-140	-180	0	208.0	0
-140	-175	79.0	209.0	1
-140	-170	0	209.0	0
-140	-165	0	208.0	0
-140	-160	0	207.0	0
-140	-155	0	210.0	0
-140	-150	0	210.0	0
-140	-145	75.0	211.0	1
-140	-140	0	211.0	0
-140	-135	0	211.0	0
-140	-130	0	212.0	0
-140	-125	0	212.0	0
-140	-120	0	212.0	0
-140	-115	0	212.0	0
-140	-110	0	212.0	0
-140	-105	0	213.0	0
-140	-100	0	213.0	0
-140	-95	0	214.0	0
-140	-90	0	214.0	0
-140	-85	0	213.0	0
-140	-80	0	213.0	0
-140	-75	0	212.0	0
-140	-70	3.0	214.0	1
-140	-65	0	213.0	0
-140	-60	0	214.0	0
-140	-55	155.0	214.0	1
-140	-50	66.0	214.0	1
-140	-45	0	212.0	0
-140	-40	0	213.0	0
-140	-35	0	213.0	0
-140	-30	0	213.0	0
-140	-25	0	212.0	0
-140	-20	169.0	212.0	2
-140	-15	0	211.0	0
-140	-10	0	212.0	0
-140	-5	0	211.0	0
-140	0	0	210.0	0
-140	5	59.0	211.0	2
-140	10	12.0	211.0	2
-140	15	1.0	210.0	1
-140	20	0	210.0	0
-140	25	184.0	210.0	3
-140	30	0	211.0	0
-140	35	0	210.0	0
-140	40	90.0	209.0	2
-140	45	1.0	210.0	1
-140	50	186.0	209.0	4
-140	55	95.0	209.0	2
-140	60	117.0	210.0	5
-140	65	33.0	208.0	2
-140	70	89.0	209.0	5
-140	75	180.0	209.0	4
-140	80	185.0	209.0	5
-140	85	156.0	209.0	5
-140	90	101.0	208.0	2
-140	95	191.0	207.0	3
-140	100	105.0	207.0	5
-140	105	153.0	207.0	7
-140	110	185.0	206.0	11
-140	115	148.0	207.0	17
-140	120	150.0	208.0	20
-140	125	159.0	207.0	33
-140	130	148.0	208.0	56
-140	135	156.0	208.0	58
-140	140	147.0	209.0	53
-140	145	174.0	207.0	70
-140	150	180.0	207.0	71
-140	155	184.0	207.0	66
-140	160	146.0	209.0	42
-140	165	144.0	208.0	20
-140	170	145.0	208.0	8
-140	175	115.0	209.0	6
-135	-180	124.0	207.0	1
-135	-175	0	208.0	0
-135	-170	0	209.0	0
-135	-165	0	209.0	0
-135	-160	0	210.0	0
-135	-155	0	211.0	0
-135	-150	118.0	210.0	1
-135	-145	1.0	212.0	1
-135	-140	0	211.0	0
-135	-135	0	211.0	0
-135	-130	0	212.0	0
-135	-125	0	212.0	0
-135	-120	0	212.0	0
-135	-115	0	212.0	0
-135	-110	90.0	212.0	1
-135	-105	0	212.0	1
-135	-100	0	212.0	0
-135	-95	0	212.0	0
-135	-90	0	212.0	0
-135	-85	0	212.0	0
-135	-80	0	213.0	0
-135	-75	0	211.0	0
-135	-70	95.0	212.0	1
-135	-65	86.0	213.0	1
-135	-60	1.0	213.0	1
-135	-55	163.0	213.0	3
-135	-50	0	212.0	0
-135	-45	82.0	212.0	3
-135	-40	14.0	212.0	1
-135	-35	116.0	212.0	2
-135	-30	150.0	212.0	3
-135	-25	151.0	211.0	3
-135	-20	177.0	210.0	3
-135	-15	0	210.0	0
-135	-10	76.0	211.0	1
-135	-5	189.0	210.0	2
-135	0	41.0	211.0	2
-135	5	0	211.0	0
-135	10	157.0	211.0	2
-135	15	166.0	211.0	1
-135	20	180.0	212.0	2
-135	25	50.0	211.0	1
-135	30	147.0	211.0	4
-135	35	14.0	210.0	1
-135	40	99.0	210.0	2
-135	45	79.0	210.0	2
-135	50	0	210.0	0
-135	55	34.0	209.0	1
-135	60	69.0	209.0	4
-135	65	61.0	208.0	2
-135	70	148.0	209.0	4
-135	75	115.0	208.0	5
-135	80	164.0	208.0	2
-135	85	39.0	209.0	3
-135	90	30.0	208.0	2
-135	95	184.0	207.0	7
-135	100	110.0	207.0	3
-135	105	150.0	207.0	11
-135	110	159.0	208.0	16
-135	115	171.0	207.0	22
-135	120	144.0	205.0	27
-135	125	156.0	206.0	42
-135	130	144.0	205.0	53
-135	135	170.0	207.0	55
-135	140	172.0	207.0	73
-135	145	145.0	208.0	61
-135	150	148.0	208.0	62
-135	155	190.0	207.0	51
-135	160	153.0	208.0	27
-135	165	144.0	207.0	20
-135	170	162.0	209.0	8
-135	175	160.0	208.0	6
-130	-180	124.0	205.0	3
-130	-175	0	206.0	0
-130	-170	64.0	206.0	1
-130	-165	0	206.0	0
-130	-160	0	208.0	0
-130	-155	0	208.0	0
-130	-150	137.0	209.0	1
-130	-145	0	209.0	0
-130	-140	0	209.0	0
-130	-135	63.0	210.0	1
-130	-130	0	211.0	0
-130	-125	0	211.0	0
-130	-120	0	210.0	0
-130	-115	0	211.0	0
-130	-110	0	211.0	0
-130	-105	0	213.0	0
-130	-100	0	212.0	0
-130	-95	0	212.0	0
-130	-90	0	212.0	0
-130	-85	55.0	210.0	1
-130	-80	0	210.0	0
-130	-75	0	211.0	0
-130	-70	0	210.0	0
-130	-65	111.0	211.0	2
-130	-60	120.0	209.0	2
-130	-55	118.0	210.0	1
-130	-50	107.0	210.0	2
-130	-45	153.0	210.0	2
-130	-40	157.0	210.0	3
-130	-35	154.0	209.0	3
-130	-30	137.0	210.0	4
-130	-25	145.0	209.0	3
-130	-20	174.0	209.0	4
-130	-15	153.0	210.0	1
-130	-10	105.0	210.0	3
-130	-5	153.0	210.0	5
-130	0	120.0	209.0	5
-130	5	120.0	210.0	4
-130	10	163.0	211.0	4
-130	15	118.0	210.0	5
-130	20	175.0	210.0	5
-130	25	142.0	208.0	8
-130	30	150.0	209.0	1
-130	35	101.0	209.0	1
-130	40	82.0	209.0	3
-130	45	170.0	209.0	4
-130	50	111.0	209.0	1
-130	55	62.0	209.0	3
-130	60	85.0	208.0	4
-130	65	183.0	208.0	5
-130	70	145.0	209.0	6
-130	75	168.0	208.0	6
-130	80	132.0	207.0	6
-130	85	161.0	207.0	5
-130	90	110.0	207.0	3
-130	95	112.0	206.0	5
-130	100	133.0	206.0	3
-130	105	163.0	206.0	12
-130	110	129.0	206.0	14
-130	115	107.0	206.0	22
-130	120	163.0	207.0	31
-130	125	160.0	206.0	47
-130	130	198.0	206.0	50
-130	135	167.0	205.0	65
-130	140	173.0	206.0	75
-130	145	185.0	206.0	60
-130	150	152.0	206.0	48
-130	155	133.0	206.0	33
-130	160	129.0	206.0	14
-130	165	137.0	206.0	12
-130	170	100.0	206.0	7
-130	175	109.0	206.0	2
-125	-180	0	208.0	0
-125	-175	110.0	208.0	1
-125	-170	0	209.0	0
-125	-165	0	209.0	0
-125	-160	0	209.0	0
-125	-155	0	210.0	0
-125	-150	0	211.0	0
-125	-145	0	211.0	0
-125	-140	0	211.0	0
-125	-135	0	211.0	0
-125	-130	0	210.0	0
-125	-125	119.0	212.0	1
-125	-120	0	212.0	0
-125	-115	0	212.0	0
-125	-110	0	214.0	0
-125	-105	11.0	213.0	1
-125	-100	0	213.0	0
-125	-95	66.0	215.0	1
-125	-90	0	213.0	0
-125	-85	0	212.0	0
-125	-80	0	212.0	0
-125	-75	0	213.0	0
-125	-70	0	212.0	0
-125	-65	42.0	212.0	1
-125	-60	0	212.0	0
-125	-55	0	212.0	0
-125	-50	166.0	211.0	6
-125	-45	150.0	211.0	2
-125	-40	157.0	212.0	2
-125	-35	170.0	211.0	4
-125	-30	196.0	211.0	2
-125	-25	137.0	211.0	6
-125	-20	135.0	211.0	4
-125	-15	164.0	211.0	8
-125	-10	142.0	211.0	3
-125	-5	153.0	212.0	7
-125	0	161.0	212.0	11
-125	5	179.0	211.0	7
-125	10	167.0	212.0	13
-125	15	128.0	212.0	4
-125	20	166.0	212.0	4
-125	25	111.0	211.0	5
-125	30	166.0	212.0	4
-125	35	148.0	212.0	5
-125	40	131.0	212.0	5
-125	45	0	212.0	0
-125	50	154.0	212.0	4
-125	55	3.0	212.0	1
-125	60	161.0	213.0	2
-125	65	144.0	209.0	3
-125	70	111.0	211.0	4
-125	75	171.0	210.0	5
-125	80	161.0	212.0	10
-125	85	164.0	212.0	3
-125	90	183.0	209.0	8
-125	95	138.0	210.0	5
-125	100	155.0	209.0	8
-125	105	137.0	208.0	13
-125	110	164.0	208.0	21
-125	115	137.0	208.0	25
-125	120	148.0	208.0	31
-125	125	183.0	207.0	49
-125	130	184.0	206.0	74
-125	135	159.0	206.0	65
-125	140	139.0	206.0	51
-125	145	154.0	206.0	58
-125	150	161.0	207.0	48
-125	155	189.0	205.0	41
-125	160	136.0	207.0	19
-125	165	138.0	207.0	14
-125	170	154.0	207.0	9
-125	175	109.0	207.0	4
-120	-180	80.0	209.0	1
-120	-175	45.0	209.0	1
-120	-170	168.0	211.0	1
-120	-165	133.0	209.0	1
-120	-160	0	208.0	0
-120	-155	0	210.0	0
-120	-150	0	210.0	0
-120	-145	0	211.0	0
-120	-140	0	212.0	0
-120	-135	0	212.0	0
-120	-130	0	212.0	0
-120	-125	0	212.0	0
-120	-120	0	213.0	0
-120	-115	0	213.0	0
-120	-110	0	214.0	0
-120	-105	37.0	213.0	2
-120	-100	95.0	212.0	1
-120	-95	106.0	212.0	1
-120	-90	145.0	212.0	1
-120	-85	110.0	213.0	1
-120	-80	75.0	212.0	2
-120	-75	92.0	212.0	1
-120	-70	0	211.0	0
-120	-65	0	211.0	0
-120	-60	64.0	211.0	1
-120	-55	147.0	211.0	2
-120	-50	128.0	211.0	3
-120	-45	134.0	211.0	2
-120	-40	168.0	211.0	3
-120	-35	130.0	211.0	4
-120	-30	155.0	212.0	6
-120	-25	113.0	211.0	8
-120	-20	107.0	212.0	5
-120	-15	160.0	213.0	6
-120	-10	93.0	213.0	6
-120	-5	138.0	212.0	7
-120	0	166.0	212.0	9
-120	5	165.0	211.0	17
-120	10	152.0	213.0	9
-120	15	144.0	212.0	11
-120	20	133.0	214.0	9
-120	25	104.0	213.0	2
-120	30	135.0	212.0	3
-120	35	0	213.0	0
-120	40	111.0	213.0	2
-120	45	155.0	214.0	2
-120	50	0	213.0	0
-120	55	115.0	212.0	2
-120	60	194.0	211.0	1
-120	65	196.0	212.0	2
-120	70	134.0	212.0	4
-120	75	61.0	212.0	1
-120	80	160.0	211.0	5
-120	85	108.0	211.0	3
-120	90	142.0	210.0	10
-120	95	156.0	210.0	12
-120	100	148.0	209.0	6
-120	105	100.0	209.0	7
-120	110	164.0	209.0	15
-120	115	180.0	209.0	40
-120	120	184.0	208.0	46
-120	125	140.0	207.0	63
-120	130	197.0	207.0	60
-120	135	174.0	207.0	61
-120	140	154.0	207.0	60
-120	145	131.0	207.0	41
-120	150	164.0	206.0	48
-120	155	162.0	207.0	25
-120	160	177.0	207.0	21
-120	165	164.0	207.0	14
-120	170	127.0	207.0	8
-120	175	94.0	207.0	3
-115	-180	0	210.0	0
-115	-175	0	209.0	0
-115	-170	0	210.0	0
-115	-165	0	210.0	0
-115	-160	0	210.0	0
-115	-155	76.0	211.0	1
-115	-150	0	211.0	0
-115	-145	0	211.0	0
-115	-140	0	214.0	0
-115	-135	0	214.0	0
-115	-130	104.0	212.0	2
-115	-125	0	212.0	0
-115	-120	7.0	213.0	1
-115	-115	0	213.0	0
-115	-110	0	213.0	0
-115	-105	73.0	213.0	1
-115	-100	0	212.0	0
-115	-95	0	214.0	0
-115	-90	0	213.0	0
-115	-85	0	213.0	0
-115	-80	0	212.0	0
-115	-75	0	213.0	0
-115	-70	59.0	214.0	1
-115	-65	0	213.0	0
-115	-60	59.0	213.0	1
-115	-55	177.0	212.0	4
-115	-50	121.0	212.0	6
-115	-45	136.0	213.0	8
-115	-40	104.0	213.0	4
-115	-35	176.0	213.0	5
-115	-30	165.0	212.0	18
-115	-25	165.0	212.0	17
-115	-20	165.0	213.0	14
-115	-15	121.0	215.0	13
-115	-10	157.0	215.0	12
-115	-5	189.0	214.0	17
-115	0	154.0	213.0	15
-115	5	171.0	213.0	19
-115	10	178.0	213.0	10
-115	15	183.0	214.0	15
-115	20	150.0	215.0	6
-115	25	148.0	215.0	3
-115	30	0	214.0	0
-115	35	89.0	214.0	1
-115	40	20.0	213.0	2
-115	45	64.0	214.0	1
-115	50	113.0	214.0	1
-115	55	0	214.0	0
-115	60	105.0	212.0	1
-115	65	51.0	213.0	1
-115	70	54.0	213.0	2
-115	75	147.0	213.0	1
-115	80	0	213.0	0
-115	85	182.0	211.0	2
-115	90	98.0	211.0	4
-115	95	160.0	210.0	9
-115	100	129.0	210.0	8
-115	105	119.0	211.0	10
-115	110	169.0	209.0	19
-115	115	177.0	210.0	30
-115	120	171.0	209.0	56
-115	125	141.0	209.0	51
-115	130	140.0	208.0	46
-115	135	168.0	208.0	55
-115	140	159.0	208.0	40
-115	145	178.0	207.0	36
-115	150	147.0	208.0	33
-115	155	184.0	208.0	21
-115	160	143.0	208.0	15
-115	165	149.0	208.0	14
-115	170	153.0	208.0	6
-115	175	110.0	209.0	3
-110	-180	117.0	210.0	1
-110	-175	107.0	210.0	2
-110	-170	0	209.0	0
-110	-165	0	211.0	0
-110	-160	0	211.0	0
-110	-155	0	212.0	0
-110	-150	0	211.0	0
-110	-145	0	211.0	0
-110	-140	0	212.0	0
-110	-135	99.0	212.0	1
-110	-130	0	213.0	0
-110	-125	5.0	213.0	1
-110	-120	0	213.0	0
-110	-115	0	215.0	0
-110	-110	0	214.0	0
-110	-105	0	213.0	0
-110	-100	8.0	214.0	1
-110	-95	0	213.0	0
-110	-90	0	213.0	0
-110	-85	0	213.0	0
-110	-80	58.0	213.0	1
-110	-75	0	213.0	0
-110	-70	103.0	213.0	1
-110	-65	38.0	213.0	1
-110	-60	136.0	212.0	2
-110	-55	120.0	213.0	2
-110	-50	84.0	213.0	6
-110	-45	145.0	213.0	4
-110	-40	156.0	214.0	8
-110	-35	170.0	215.0	14
-110	-30	159.0	215.0	17
-110	-25	177.0	215.0	6
-110	-20	154.0	214.0	14
-110	-15	199.0	214.0	12
-110	-10	179.0	215.0	19
-110	-5	178.0	215.0	15
-110	0	198.0	216.0	27
-110	5	192.0	216.0	25
-110	10	172.0	217.0	19
-110	15	202.0	216.0	18
-110	20	137.0	216.0	9
-110	25	181.0	216.0	6
-110	30	92.0	216.0	5
-110	35	69.0	217.0	2
-110	40	0	216.0	0
-110	45	95.0	215.0	3
-110	50	0	216.0	0
-110	55	0	216.0	0
-110	60	0	215.0	0
-110	65	0	215.0	0
-110	70	0	214.0	0
-110	75	174.0	214.0	2
-110	80	23.0	213.0	1
-110	85	201.0	213.0	6
-110	90	157.0	213.0	3
-110	95	143.0	212.0	9
-110	100	118.0	211.0	8
-110	105	188.0	211.0	21
-110	110	176.0	211.0	20
-110	115	163.0	211.0	40
-110	120	156.0	209.0	43
-110	125	175.0	209.0	49
-110	130	183.0	210.0	57
-110	135	188.0	210.0	51
-110	140	135.0	209.0	43
-110	145	146.0	209.0	41
-110	150	138.0	209.0	28
-110	155	123.0	210.0	23
-110	160	154.0	210.0	15
-110	165	96.0	210.0	8
-110	170	128.0	210.0	5
-110	175	142.0	210.0	2
-105	-180	100.0	209.0	2
-105	-175	6.0	209.0	1
-105	-170	70.0	210.0	2
-105	-165	0	210.0	0
-105	-160	0	210.0	0
-105	-155	0	210.0	0
-105	-150	0	210.0	0
-105	-145	0	211.0	0
-105	-140	0	211.0	0
-105	-135	0	211.0	0
-105	-130	0	212.0	0
-105	-125	0	211.0	0
-105	-120	0	212.0	0
-105	-115	0	213.0	0
-105	-110	0	212.0	0
-105	-105	0	212.0	0
-105	-100	123.0	212.0	2
-105	-95	168.0	212.0	1
-105	-90	4.0	212.0	1
-105	-85	0	212.0	0
-105	-80	29.0	212.0	1
-105	-75	112.0	212.0	1
-105	-70	0	212.0	0
-105	-65	137.0	213.0	2
-105	-60	147.0	213.0	3
-105	-55	158.0	213.0	4
-105	-50	151.0	212.0	7
-105	-45	165.0	212.0	5
-105	-40	134.0	213.0	12
-105	-35	120.0	213.0	12
-105	-30	155.0	213.0	15
-105	-25	172.0	212.0	21
-105	-20	137.0	214.0	20
-105	-15	168.0	214.0	18
-105	-10	179.0	214.0	28
-105	-5	183.0	214.0	45
-105	0	193.0	216.0	38
-105	5	200.0	215.0	35
-105	10	184.0	217.0	42
-105	15	188.0	216.0	18
-105	20	168.0	216.0	13
-105	25	123.0	215.0	5
-105	30	106.0	216.0	1
-105	35	89.0	215.0	1
-105	40	0	216.0	0
-105	45	0	215.0	0
-105	50	130.0	215.0	1
-105	55	75.0	215.0	1
-105	60	0	213.0	0
-105	65	179.0	214.0	2
-105	70	102.0	213.0	3
-105	75	77.0	213.0	1
-105	80	59.0	212.0	1
-105	85	127.0	212.0	2
-105	90	190.0	212.0	5
-105	95	168.0	211.0	8
-105	100	156.0	211.0	10
-105	105	142.0	210.0	12
-105	110	180.0	211.0	32
-105	115	163.0	210.0	38
-105	120	189.0	209.0	53
-105	125	162.0	209.0	51
-105	130	144.0	209.0	67
-105	135	180.0	208.0	52
-105	140	169.0	208.0	34
-105	145	153.0	208.0	28
-105	150	192.0	208.0	28
-105	155	154.0	208.0	21
-105	160	132.0	208.0	13
-105	165	148.0	208.0	10
-105	170	179.0	209.0	6
-105	175	133.0	210.0	4
-100	-180	189.0	210.0	2
-100	-175	0	210.0	0
-100	-170	175.0	209.0	1
-100	-165	121.0	210.0	1
-100	-160	0	211.0	0
-100	-155	0	210.0	0
-100	-150	0	211.0	0
-100	-145	0	212.0	0
-100	-140	0	211.0	0
-100	-135	0	212.0	0
-100	-130	0	212.0	0
-100	-125	0	212.0	0
-100	-120	0	212.0	0
-100	-115	0	212.0	0
-100	-110	0	213.0	0
-100	-105	0	212.0	0
-100	-100	0	212.0	0
-100	-95	0	212.0	0
-100	-90	8.0	211.0	1
-100	-85	180.0	212.0	1
-100	-80	0	213.0	0
-100	-75	0	211.0	0
-100	-70	154.0	212.0	1
-100	-65	0	212.0	0
-100	-60	118.0	212.0	2
-100	-55	170.0	212.0	5
-100	-50	162.0	213.0	7
-100	-45	144.0	214.0	7
-100	-40	181.0	214.0	20
-100	-35	179.0	214.0	14
-100	-30	177.0	216.0	26
-100	-25	190.0	215.0	22
-100	-20	164.0	215.0	23
-100	-15	171.0	215.0	31
-100	-10	199.0	215.0	37
-100	-5	195.0	215.0	45
-100	0	191.0	216.0	69
-100	5	190.0	216.0	46
-100	10	184.0	217.0	24
-100	15	161.0	217.0	26
-100	20	167.0	217.0	6
-100	25	195.0	216.0	5
-100	30	107.0	216.0	2
-100	35	169.0	217.0	2
-100	40	0	217.0	0
-100	45	0	216.0	0
-100	50	100.0	217.0	2
-100	55	9.0	216.0	1
-100	60	95.0	216.0	1
-100	65	86.0	216.0	1
-100	70	0	213.0	0
-100	75	166.0	215.0	1
-100	80	165.0	214.0	2
-100	85	37.0	214.0	2
-100	90	134.0	212.0	6
-100	95	171.0	212.0	3
-100	100	142.0	211.0	13
-100	105	144.0	211.0	22
-100	110	191.0	208.0	34
-100	115	165.0	210.0	33
-100	120	172.0	210.0	45
-100	125	198.0	210.0	54
-100	130	189.0	210.0	53
-100	135	144.0	209.0	44
-100	140	172.0	208.0	39
-100	145	188.0	210.0	29
-100	150	157.0	209.0	31
-100	155	148.0	209.0	23
-100	160	157.0	208.0	14
-100	165	149.0	208.0	17
-100	170	139.0	209.0	10
-100	175	162.0	209.0	2
-95	-180	0	208.0	0
-95	-175	0	209.0	0
-95	-170	0	209.0	0
-95	-165	155.0	208.0	1
-95	-160	0	209.0	0
-95	-155	0	210.0	0
-95	-150	2.0	211.0	1
-95	-145	0	210.0	0
-95	-140	0	210.0	0
-95	-135	0	210.0	0
-95	-130	0	211.0	0
-95	-125	0	211.0	0
-95	-120	0	212.0	0
-95	-115	0	211.0	0
-95	-110	0	211.0	0
-95	-105	0	210.0	0
-95	-100	0	210.0	0
-95	-95	0	211.0	0
-95	-90	0	212.0	0
-95	-85	0	210.0	0
-95	-80	0	210.0	0
-95	-75	74.0	211.0	1
-95	-70	0	211.0	0
-95	-65	183.0	212.0	3
-95	-60	160.0	212.0	2
-95	-55	147.0	212.0	7
-95	-50	140.0	213.0	7
-95	-45	176.0	212.0	9
-95	-40	167.0	212.0	21
-95	-35	176.0	214.0	20
-95	-30	155.0	213.0	22
-95	-25	194.0	214.0	23
-95	-20	173.0	214.0	23
-95	-15	199.0	214.0	34
-95	-10	183.0	214.0	51
-95	-5	195.0	215.0	65
-95	0	179.0	215.0	80
-95	5	186.0	215.0	47
-95	10	174.0	216.0	18
-95	15	182.0	217.0	8
-95	20	173.0	217.0	6
-95	25	104.0	217.0	2
-95	30	150.0	217.0	1
-95	35	56.0	216.0	1
-95	40	82.0	216.0	1
-95	45	0	216.0	0
-95	50	0	216.0	0
-95	55	0	215.0	0
-95	60	122.0	215.0	3
-95	65	118.0	215.0	5
-95	70	182.0	215.0	7
-95	75	93.0	214.0	1
-95	80	173.0	213.0	2
-95	85	99.0	214.0	5
-95	90	132.0	213.0	8
-95	95	177.0	211.0	10
-95	100	138.0	210.0	12
-95	105	165.0	212.0	15
-95	110	163.0	211.0	27
-95	115	195.0	210.0	45
-95	120	182.0	210.0	46
-95	125	186.0	208.0	41
-95	130	183.0	209.0	57
-95	135	192.0	209.0	48
-95	140	196.0	207.0	44
-95	145	157.0	209.0	29
-95	150	186.0	208.0	30
-95	155	157.0	208.0	23
-95	160	166.0	207.0	15
-95	165	126.0	207.0	12
-95	170	145.0	207.0	6
-95	175	74.0	208.0	1
-90	-180	77.0	208.0	1
-90	-175	0	208.0	0
-90	-170	0	208.0	0
-90	-165	0	208.0	0
-90	-160	0	210.0	0
-90	-155	0	210.0	0
-90	-150	0	210.0	0
-90	-145	0	211.0	0
-90	-140	0	212.0	0
-90	-135	0	212.0	0
-90	-130	0	211.0	0
-90	-125	0	211.0	0
-90	-120	0	210.0	0
-90	-115	0	212.0	0
-90	-110	0	210.0	0
-90	-105	0	213.0	0
-90	-100	0	211.0	0
-90	-95	0	211.0	0
-90	-90	0	211.0	0
-90	-85	0	213.0	0
-90	-80	0	211.0	0
-90	-75	1.0	211.0	1
-90	-70	16.0	212.0	1
-90	-65	50.0	213.0	1
-90	-60	167.0	214.0	2
-90	-55	171.0	213.0	6
-90	-50	164.0	213.0	12
-90	-45	193.0	215.0	24
-90	-40	150.0	214.0	21
-90	-35	140.0	214.0	30
-90	-30	200.0	213.0	36
-90	-25	164.0	215.0	36
-90	-20	190.0	216.0	43
-90	-15	192.0	216.0	63
-90	-10	201.0	217.0	71
-90	-5	200.0	216.0	82
-90	0	190.0	216.0	68
-90	5	202.0	219.0	30
-90	10	164.0	216.0	7
-90	15	119.0	218.0	2
-90	20	105.0	218.0	2
-90	25	172.0	217.0	1
-90	30	0	218.0	0
-90	35	128.0	218.0	1
-90	40	82.0	218.0	1
-90	45	76.0	218.0	1
-90	50	186.0	216.0	4
-90	55	61.0	218.0	5
-90	60	161.0	218.0	6
-90	65	84.0	217.0	5
-90	70	163.0	216.0	8
-90	75	133.0	215.0	4
-90	80	205.0	215.0	7
-90	85	139.0	213.0	6
-90	90	161.0	214.0	7
-90	95	169.0	215.0	14
-90	100	156.0	214.0	11
-90	105	182.0	212.0	28
-90	110	172.0	212.0	31
-90	115	148.0	211.0	28
-90	120	159.0	211.0	38
-90	125	183.0	211.0	48
-90	130	161.0	210.0	52
-90	135	185.0	210.0	53
-90	140	172.0	210.0	36
-90	145	170.0	209.0	41
-90	150	146.0	208.0	35
-90	155	182.0	208.0	29
-90	160	175.0	208.0	19
-90	165	180.0	208.0	16
-90	170	140.0	208.0	4
-90	175	163.0	209.0	5
-85	-180	114.0	209.0	4
-85	-175	132.0	209.0	1
-85	-170	0	211.0	0
-85	-165	0	209.0	0
-85	-160	0	211.0	0
-85	-155	91.0	211.0	2
-85	-150	0	209.0	0
-85	-145	0	210.0	0
-85	-140	0	212.0	0
-85	-135	0	211.0	0
-85	-130	0	212.0	0
-85	-125	0	212.0	0
-85	-120	19.0	212.0	1
-85	-115	0	211.0	0
-85	-110	0	212.0	0
-85	-105	0	213.0	0
-85	-100	0	211.0	0
-85	-95	0	211.0	0
-85	-90	0	212.0	0
-85	-85	0	212.0	0
-85	-80	35.0	212.0	1
-85	-75	99.0	211.0	1
-85	-70	0	213.0	0
-85	-65	123.0	213.0	2
-85	-60	168.0	213.0	3
-85	-55	182.0	214.0	11
-85	-50	184.0	214.0	15
-85	-45	169.0	215.0	39
-85	-40	195.0	214.0	58
-85	-35	195.0	215.0	61
-85	-30	183.0	216.0	48
-85	-25	179.0	216.0	53
-85	-20	172.0	216.0	50
-85	-15	199.0	217.0	81
-85	-10	190.0	217.0	103
-85	-5	208.0	217.0	75
-85	0	207.0	218.0	60
-85	5	165.0	219.0	19
-85	10	164.0	218.0	3
-85	15	26.0	219.0	1
-85	20	0	219.0	0
-85	25	0	218.0	0
-85	30	0	219.0	0
-85	35	0	219.0	0
-85	40	0	218.0	0
-85	45	176.0	218.0	2
-85	50	37.0	218.0	1
-85	55	107.0	219.0	5
-85	60	186.0	218.0	4
-85	65	175.0	217.0	10
-85	70	174.0	217.0	4
-85	75	108.0	216.0	6
-85	80	193.0	216.0	6
-85	85	126.0	216.0	7
-85	90	150.0	214.0	4
-85	95	152.0	214.0	8
-85	100	170.0	214.0	14
-85	105	129.0	212.0	13
-85	110	143.0	212.0	17
-85	115	183.0	212.0	29
-85	120	146.0	212.0	41
-85	125	175.0	212.0	62
-85	130	185.0	210.0	50
-85	135	191.0	210.0	55
-85	140	159.0	209.0	49
-85	145	178.0	210.0	49
-85	150	164.0	209.0	42
-85	155	169.0	209.0	22
-85	160	191.0	208.0	27
-85	165	160.0	209.0	16
-85	170	142.0	209.0	8
-85	175	149.0	210.0	4
-80	-180	0	209.0	0
-80	-175	0	208.0	0
-80	-170	0	209.0	0
-80	-165	0	208.0	0
-80	-160	0	209.0	0
-80	-155	0	208.0	0
-80	-150	0	210.0	0
-80	-145	0	210.0	0
-80	-140	0	210.0	0
-80	-135	0	209.0	0
-80	-130	0	210.0	0
-80	-125	0	212.0	0
-80	-120	0	211.0	0
-80	-115	0	211.0	0
-80	-110	0	210.0	0
-80	-105	0	212.0	0
-80	-100	0	212.0	0
-80	-95	0	210.0	0
-80	-90	0	211.0	0
-80	-85	0	211.0	0
-80	-80	0	212.0	0
-80	-75	0	212.0	0
-80	-70	148.0	213.0	2
-80	-65	149.0	213.0	4
-80	-60	160.0	213.0	6
-80	-55	183.0	215.0	8
-80	-50	176.0	214.0	30
-80	-45	201.0	216.0	65
-80	-40	194.0	215.0	96
-80	-35	192.0	215.0	84
-80	-30	211.0	215.0	71
-80	-25	194.0	215.0	49
-80	-20	186.0	216.0	88
-80	-15	204.0	217.0	100
-80	-10	201.0	217.0	107
-80	-5	188.0	217.0	63
-80	0	180.0	218.0	30
-80	5	211.0	218.0	8
-80	10	192.0	219.0	7
-80	15	88.0	219.0	1
-80	20	124.0	219.0	1
-80	25	0	219.0	0
-80	30	0	219.0	0
-80	35	0	218.0	0
-80	40	0	217.0	0
-80	45	25.0	218.0	2
-80	50	0	219.0	0
-80	55	61.0	219.0	1
-80	60	185.0	218.0	6
-80	65	184.0	218.0	2
-80	70	128.0	217.0	1
-80	75	141.0	216.0	4
-80	80	72.0	217.0	1
-80	85	187.0	216.0	6
-80	90	191.0	215.0	5
-80	95	121.0	213.0	3
-80	100	134.0	213.0	3
-80	105	203.0	213.0	9
-80	110	200.0	212.0	19
-80	115	193.0	211.0	20
-80	120	191.0	210.0	42
-80	125	188.0	210.0	48
-80	130	194.0	210.0	58
-80	135	185.0	209.0	56
-80	140	194.0	209.0	57
-80	145	177.0	208.0	56
-80	150	186.0	207.0	59
-80	155	169.0	207.0	46
-80	160	174.0	208.0	23
-80	165	172.0	208.0	11
-80	170	186.0	207.0	12
-80	175	104.0	207.0	5
-75	-180	0	208.0	0
-75	-175	0	208.0	0
-75	-170	0	209.0	0
-75	-165	0	209.0	0
-75	-160	0	210.0	0
-75	-155	0	210.0	0
-75	-150	0	209.0	0
-75	-145	0	210.0	0
-75	-140	0	211.0	0
-75	-135	0	211.0	0
-75	-130	0	212.0	0
-75	-125	0	212.0	0
-75	-120	0	212.0	0
-75	-115	0	212.0	0
-75	-110	0	213.0	0
-75	-105	0	214.0	0
-75	-100	0	212.0	0
-75	-95	0	212.0	0
-75	-90	0	212.0	0
-75	-85	0	212.0	0
-75	-80	0	213.0	0
-75	-75	169.0	213.0	1
-75	-70	137.0	213.0	1
-75	-65	164.0	213.0	3
-75	-60	172.0	215.0	4
-75	-55	190.0	215.0	19
-75	-50	167.0	215.0	41
-75	-45	199.0	217.0	161
-75	-40	191.0	217.0	322
-75	-35	190.0	218.0	266
-75	-30	193.0	219.0	141
-75	-25	196.0	218.0	125
-75	-20	208.0	219.0	137
-75	-15	195.0	218.0	124
-75	-10	200.0	219.0	74
-75	-5	186.0	219.0	42
-75	0	189.0	219.0	10
-75	5	168.0	220.0	5
-75	10	0	220.0	0
-75	15	157.0	220.0	1
-75	20	188.0	220.0	1
-75	25	0	221.0	0
-75	30	0	222.0	0
-75	35	0	221.0	0
-75	40	26.0	221.0	1
-75	45	0	220.0	0
-75	50	0	219.0	0
-75	55	192.0	220.0	1
-75	60	0	219.0	0
-75	65	107.0	218.0	1
-75	70	182.0	218.0	2
-75	75	179.0	217.0	2
-75	80	192.0	218.0	3
-75	85	0	217.0	0
-75	90	0	216.0	0
-75	95	63.0	215.0	2
-75	100	128.0	215.0	3
-75	105	119.0	212.0	13
-75	110	121.0	213.0	7
-75	115	164.0	212.0	23
-75	120	188.0	212.0	35
-75	125	203.0	211.0	55
-75	130	185.0	211.0	68
-75	135	191.0	210.0	69
-75	140	191.0	209.0	79
-75	145	175.0	209.0	48
-75	150	191.0	209.0	54
-75	155	183.0	209.0	43
-75	160	186.0	208.0	32
-75	165	181.0	208.0	11
-75	170	105.0	208.0	5
-75	175	151.0	208.0	5
-70	-180	0	209.0	0
-70	-175	0	209.0	0
-70	-170	0	210.0	0
-70	-165	0	209.0	0
-70	-160	0	210.0	0
-70	-155	0	211.0	0
-70	-150	0	211.0	0
-70	-145	0	211.0	0
-70	-140	0	211.0	0
-70	-135	0	212.0	0
-70	-130	0	212.0	0
-70	-125	0	212.0	0
-70	-120	0	213.0	0
-70	-115	0	212.0	0
-70	-110	0	212.0	0
-70	-105	0	212.0	0
-70	-100	0	212.0	0
-70	-95	0	212.0	0
-70	-90	0	213.0	0
-70	-85	0	213.0	0
-70	-80	0	213.0	0
-70	-75	112.0	215.0	2
-70	-70	0	215.0	0
-70	-65	0	215.0	0
-70	-60	113.0	216.0	4
-70	-55	171.0	217.0	24
-70	-50	199.0	217.0	195
-70	-45	208.0	219.0	861
-70	-40	194.0	218.0	1219
-70	-35	205.0	219.0	678
-70	-30	199.0	219.0	284
-70	-25	206.0	220.0	249
-70	-20	209.0	221.0	232
-70	-15	196.0	220.0	205
-70	-10	204.0	220.0	76
-70	-5	169.0	221.0	17
-70	0	173.0	222.0	3
-70	5	75.0	222.0	1
-70	10	103.0	222.0	1
-70	15	130.0	223.0	1
-70	20	0	223.0	0
-70	25	0	223.0	0
-70	30	0	223.0	0
-70	35	0	223.0	0
-70	40	0	223.0	0
-70	45	0	222.0	0
-70	50	0	221.0	0
-70	55	0	222.0	0
-70	60	60.0	221.0	1
-70	65	0	220.0	0
-70	70	0	220.0	0
-70	75	0	220.0	0
-70	80	75.0	218.0	1
-70	85	0	218.0	0
-70	90	124.0	218.0	1
-70	95	0	218.0	0
-70	100	185.0	217.0	1
-70	105	0	215.0	0
-70	110	162.0	215.0	4
-70	115	189.0	214.0	12
-70	120	184.0	214.0	33
-70	125	175.0	213.0	52
-70	130	187.0	212.0	78
-70	135	196.0	212.0	77
-70	140	201.0	211.0	96
-70	145	201.0	211.0	72
-70	150	194.0	210.0	70
-70	155	169.0	211.0	61
-70	160	151.0	210.0	26
-70	165	142.0	210.0	9
-70	170	98.0	209.0	2
-70	175	0	209.0	0
-65	-180	0	208.0	0
-65	-175	0	209.0	0
-65	-170	0	208.0	0
-65	-165	0	208.0	0
-65	-160	0	208.0	0
-65	-155	0	209.0	0
-65	-150	0	210.0	0
-65	-145	0	211.0	0
-65	-140	0	210.0	0
-65	-135	0	210.0	0
-65	-130	0	210.0	0
-65	-125	0	211.0	0
-65	-120	0	211.0	0
-65	-115	0	212.0	0
-65	-110	0	212.0	0
-65	-105	0	212.0	0
-65	-100	0	211.0	0
-65	-95	0	212.0	0
-65	-90	0	212.0	0
-65	-85	174.0	213.0	1
-65	-80	98.0	213.0	1
-65	-75	0	214.0	0
-65	-70	102.0	216.0	1
-65	-65	96.0	215.0	1
-65	-60	164.0	216.0	8
-65	-55	171.0	217.0	67
-65	-50	195.0	216.0	598
-65	-45	197.0	217.0	2241
-65	-40	203.0	218.0	1850
-65	-35	202.0	218.0	767
-65	-30	203.0	218.0	348
-65	-25	199.0	219.0	281
-65	-20	200.0	220.0	222
-65	-15	210.0	221.0	77
-65	-10	182.0	220.0	20
-65	-5	174.0	221.0	4
-65	0	158.0	221.0	1
-65	5	0	221.0	0
-65	10	0	221.0	0
-65	15	143.0	222.0	1
-65	20	0	223.0	0
-65	25	0	222.0	0
-65	30	0	222.0	0
-65	35	0	222.0	0
-65	40	0	222.0	0
-65	45	0	221.0	0
-65	50	0	220.0	0
-65	55	19.0	221.0	1
-65	60	0	220.0	0
-65	65	0	219.0	0
-65	70	0	219.0	0
-65	75	0	219.0	0
-65	80	0	217.0	0
-65	85	0	218.0	0
-65	90	0	218.0	0
-65	95	137.0	217.0	2
-65	100	0	216.0	0
-65	105	12.0	216.0	1
-65	110	156.0	215.0	1
-65	115	176.0	213.0	13
-65	120	197.0	213.0	31
-65	125	190.0	212.0	54
-65	130	202.0	212.0	91
-65	135	193.0	211.0	127
-65	140	197.0	211.0	102
-65	145	189.0	210.0	81
-65	150	196.0	209.0	61
-65	155	165.0	209.0	31
-65	160	139.0	208.0	11
-65	165	134.0	208.0	4
-65	170	0	208.0	0
-65	175	0	208.0	0
-60	-180	0	208.0	0
-60	-175	0	209.0	0
-60	-170	0	208.0	0
-60	-165	0	209.0	0
-60	-160	0	210.0	0
-60	-155	0	210.0	0
-60	-150	0	209.0	0
-60	-145	0	210.0	0
-60	-140	0	210.0	0
-60	-135	0	211.0	0
-60	-130	0	211.0	0
-60	-125	0	212.0	0
-60	-120	0	211.0	0
-60	-115	0	211.0	0
-60	-110	0	212.0	0
-60	-105	0	213.0	0
-60	-100	0	213.0	0
-60	-95	0	214.0	0
-60	-90	0	214.0	0
-60	-85	0	215.0	0
-60	-80	0	215.0	0
-60	-75	0	214.0	0
-60	-70	158.0	215.0	1
-60	-65	123.0	217.0	1
-60	-60	180.0	217.0	15
-60	-55	172.0	217.0	89
-60	-50	204.0	218.0	756
-60	-45	203.0	218.0	1550
-60	-40	211.0	219.0	928
-60	-35	212.0	220.0	419
-60	-30	200.0	220.0	272
-60	-25	212.0	222.0	174
-60	-20	196.0	222.0	65
-60	-15	196.0	223.0	11
-60	-10	68.0	223.0	1
-60	-5	189.0	222.0	3
-60	0	0	221.0	0
-60	5	0	223.0	0
-60	10	0	223.0	0
-60	15	0	224.0	0
-60	20	0	224.0	0
-60	25	0	224.0	0
-60	30	0	224.0	0
-60	35	0	222.0	0
-60	40	0	224.0	0
-60	45	0	224.0	0
-60	50	0	223.0	0
-60	55	0	223.0	0
-60	60	0	222.0	0
-60	65	0	221.0	0
-60	70	0	221.0	0
-60	75	0	221.0	0
-60	80	0	218.0	0
-60	85	0	220.0	0
-60	90	0	218.0	0
-60	95	138.0	216.0	1
-60	100	97.0	216.0	1
-60	105	0	216.0	0
-60	110	189.0	215.0	1
-60	115	200.0	215.0	7
-60	120	195.0	214.0	25
-60	125	191.0	213.0	68
-60	130	203.0	212.0	101
-60	135	192.0	212.0	97
-60	140	199.0	213.0	79
-60	145	176.0	212.0	52
-60	150	174.0	210.0	35
-60	155	175.0	210.0	12
-60	160	93.0	210.0	4
-60	165	26.0	209.0	1
-60	170	0	208.0	0
-60	175	0	209.0	0
-55	-180	0	209.0	0
-55	-175	0	210.0	0
-55	-170	0	209.0	0
-55	-165	0	209.0	0
-55	-160	0	210.0	0
-55	-155	0	211.0	0
-55	-150	0	210.0	0
-55	-145	0	210.0	0
-55	-140	0	210.0	0
-55	-135	0	212.0	0
-55	-130	0	212.0	0
-55	-125	0	213.0	0
-55	-120	0	213.0	0
-55	-115	0	213.0	0
-55	-110	0	214.0	0
-55	-105	0	212.0	0
-55	-100	0	214.0	0
-55	-95	54.0	214.0	1
-55	-90	0	214.0	0
-55	-85	0	215.0	0
-55	-80	0	214.0	0
-55	-75	0	215.0	0
-55	-70	108.0	216.0	1
-55	-65	52.0	217.0	1
-55	-60	165.0	218.0	10
-55	-55	202.0	218.0	64
-55	-50	214.0	219.0	283
-55	-45	210.0	219.0	337
-55	-40	201.0	220.0	204
-55	-35	213.0	220.0	133
-55	-30	208.0	220.0	62
-55	-25	186.0	222.0	39
-55	-20	141.0	222.0	4
-55	-15	45.0	222.0	1
-55	-10	189.0	223.0	1
-55	-5	0	223.0	0
-55	0	0	223.0	0
-55	5	0	223.0	0
-55	10	0	223.0	0
-55	15	0	225.0	0
-55	20	0	225.0	0
-55	25	0	226.0	0
-55	30	0	225.0	0
-55	35	0	224.0	0
-55	40	0	225.0	0
-55	45	0	224.0	0
-55	50	0	224.0	0
-55	55	0	224.0	0
-55	60	0	223.0	0
-55	65	0	222.0	0
-55	70	0	221.0	0
-55	75	0	220.0	0
-55	80	0	219.0	0
-55	85	0	220.0	0
-55	90	0	219.0	0
-55	95	0	217.0	0
-55	100	0	217.0	0
-55	105	66.0	217.0	2
-55	110	20.0	215.0	1
-55	115	161.0	214.0	4
-55	120	202.0	214.0	17
-55	125	212.0	213.0	48
-55	130	202.0	213.0	75
-55	135	200.0	211.0	44
-55	140	183.0	212.0	39
-55	145	163.0	212.0	17
-55	150	186.0	210.0	9
-55	155	93.0	209.0	1
-55	160	12.0	209.0	1
-55	165	0	208.0	0
-55	170	0	208.0	0
-55	175	0	209.0	0
-50	-180	0	207.0	0
-50	-175	0	207.0	0
-50	-170	0	207.0	0
-50	-165	0	209.0	0
-50	-160	0	207.0	0
-50	-155	0	207.0	0
-50	-150	0	208.0	0
-50	-145	0	207.0	0
-50	-140	0	209.0	0
-50	-135	0	208.0	0
-50	-130	0	209.0	0
-50	-125	0	209.0	0
-50	-120	0	211.0	0
-50	-115	0	211.0	0
-50	-110	0	212.0	0
-50	-105	0	211.0	0
-50	-100	0	211.0	0
-50	-95	0	213.0	0
-50	-90	0	213.0	0
-50	-85	0	214.0	0
-50	-80	0	214.0	0
-50	-75	147.0	215.0	1
-50	-70	133.0	215.0	1
-50	-65	142.0	217.0	4
-50	-60	161.0	217.0	6
-50	-55	183.0	218.0	30
-50	-50	208.0	219.0	67
-50	-45	207.0	220.0	86
-50	-40	201.0	220.0	47
-50	-35	167.0	220.0	20
-50	-30	205.0	221.0	8
-50	-25	163.0	221.0	5
-50	-20	0	222.0	0
-50	-15	0	223.0	0
-50	-10	0	223.0	0
-50	-5	0	223.0	0
-50	0	0	224.0	0
-50	5	0	224.0	0
-50	10	0	222.0	0
-50	15	0	223.0	0
-50	20	0	223.0	0
-50	25	0	223.0	0
-50	30	0	223.0	0
-50	35	0	223.0	0
-50	40	0	224.0	0
-50	45	0	221.0	0
-50	50	0	222.0	0
-50	55	0	221.0	0
-50	60	0	222.0	0
-50	65	0	220.0	0
-50	70	0	221.0	0
-50	75	0	220.0	0
-50	80	0	217.0	0
-50	85	0	217.0	0
-50	90	0	217.0	0
-50	95	0	217.0	0
-50	100	0	215.0	0
-50	105	0	215.0	0
-50	110	158.0	213.0	3
-50	115	194.0	214.0	3
-50	120	174.0	213.0	16
-50	125	195.0	213.0	24
-50	130	202.0	214.0	37
-50	135	145.0	211.0	19
-50	140	146.0	210.0	7
-50	145	198.0	210.0	6
-50	150	3.0	209.0	1
-50	155	0	208.0	0
-50	160	0	208.0	0
-50	165	0	207.0	0
-50	170	0	207.0	0
-50	175	0	207.0	0
-45	-180	0	209.0	0
-45	-175	0	209.0	0
-45	-170	0	208.0	0
-45	-165	0	209.0	0
-45	-160	0	210.0	0
-45	-155	39.0	209.0	1
-45	-150	0	210.0	0
-45	-145	0	210.0	0
-45	-140	0	209.0	0
-45	-135	0	210.0	0
-45	-130	0	211.0	0
-45	-125	0	210.0	0
-45	-120	174.0	211.0	1
-45	-115	0	213.0	0
-45	-110	0	213.0	0
-45	-105	157.0	213.0	1
-45	-100	0	213.0	0
-45	-95	0	214.0	0
-45	-90	0	215.0	0
-45	-85	0	217.0	0
-45	-80	0	217.0	0
-45	-75	153.0	217.0	2
-45	-70	0	218.0	0
-45	-65	87.0	218.0	1
-45	-60	147.0	220.0	5
-45	-55	176.0	220.0	11
-45	-50	196.0	220.0	14
-45	-45	181.0	222.0	13
-45	-40	158.0	222.0	4
-45	-35	130.0	222.0	2
-45	-30	178.0	223.0	1
-45	-25	104.0	223.0	1
-45	-20	0	225.0	0
-45	-15	0	224.0	0
-45	-10	0	224.0	0
-45	-5	0	225.0	0
-45	0	0	225.0	0
-45	5	0	227.0	0
-45	10	0	227.0	0
-45	15	0	228.0	0
-45	20	0	228.0	0
-45	25	0	226.0	0
-45	30	0	226.0	0
-45	35	0	225.0	0
-45	40	0	226.0	0
-45	45	0	224.0	0
-45	50	0	225.0	0
-45	55	0	223.0	0
-45	60	0	221.0	0
-45	65	0	221.0	0
-45	70	0	222.0	0
-45	75	0	219.0	0
-45	80	0	220.0	0
-45	85	0	220.0	0
-45	90	0	218.0	0
-45	95	0	217.0	0
-45	100	0	217.0	0
-45	105	0	216.0	0
-45	110	0	215.0	0
-45	115	53.0	215.0	1
-45	120	169.0	214.0	4
-45	125	200.0	215.0	9
-45	130	175.0	214.0	5
-45	135	177.0	213.0	2
-45	140	190.0	212.0	1
-45	145	0	211.0	0
-45	150	0	211.0	0
-45	155	0	211.0	0
-45	160	0	210.0	0
-45	165	0	208.0	0
-45	170	0	207.0	0
-45	175	0	207.0	0
-40	-180	0	207.0	0
-40	-175	0	207.0	0
-40	-170	0	207.0	0
-40	-165	0	207.0	0
-40	-160	0	208.0	0
-40	-155	0	208.0	0
-40	-150	0	208.0	0
-40	-145	0	208.0	0
-40	-140	0	209.0	0
-40	-135	0	210.0	0
-40	-130	0	212.0	0
-40	-125	0	211.0	0
-40	-120	0	210.0	0
-40	-115	0	211.0	0
-40	-110	0	213.0	0
-40	-105	0	214.0	0
-40	-100	0	215.0	0
-40	-95	0	215.0	0
-40	-90	0	216.0	0
-40	-85	136.0	216.0	1
-40	-80	189.0	217.0	1
-40	-75	0	218.0	0
-40	-70	196.0	219.0	1
-40	-65	153.0	219.0	1
-40	-60	181.0	220.0	3
-40	-55	178.0	221.0	3
-40	-50	207.0	221.0	4
-40	-45	146.0	222.0	1
-40	-40	0	222.0	0
-40	-35	132.0	223.0	1
-40	-30	0	224.0	0
-40	-25	0	224.0	0
-40	-20	0	224.0	0
-40	-15	0	225.0	0
-40	-10	0	226.0	0
-40	-5	0	226.0	0
-40	0	0	226.0	0
-40	5	0	225.0	0
-40	10	0	226.0	0
-40	15	0	226.0	0
-40	20	0	227.0	0
-40	25	0	226.0	0
-40	30	0	226.0	0
-40	35	0	225.0	0
-40	40	0	224.0	0
-40	45	0	224.0	0
-40	50	0	224.0	0
-40	55	0	223.0	0
-40	60	0	222.0	0
-40	65	0	222.0	0
-40	70	0	220.0	0
-40	75	0	220.0	0
-40	80	0	219.0	0
-40	85	0	219.0	0
-40	90	0	217.0	0
-40	95	0	217.0	0
-40	100	140.0	216.0	1
-40	105	0	215.0	0
-40	110	135.0	215.0	1
-40	115	0	214.0	0
-40	120	143.0	213.0	3
-40	125	164.0	213.0	2
-40	130	189.0	212.0	3
-40	135	87.0	212.0	1
-40	140	61.0	211.0	1
-40	145	0	210.0	0
-40	150	0	210.0	0
-40	155	0	211.0	0
-40	160	0	209.0	0
-40	165	0	209.0	0
-40	170	0	208.0	0
-40	175	0	207.0	0
-35	-180	0	207.0	0
-35	-175	0	206.0	0
-35	-170	0	207.0	0
-35	-165	0	208.0	0
-35	-160	0	208.0	0
-35	-155	0	209.0	0
-35	-150	0	208.0	0
-35	-145	0	209.0	0
-35	-140	0	210.0	0
-35	-135	0	211.0	0
-35	-130	0	211.0	0
-35	-125	0	212.0	0
-35	-120	0	212.0	0
-35	-115	0	213.0	0
-35	-110	0	213.0	0
-35	-105	0	214.0	0
-35	-100	0	215.0	0
-35	-95	0	215.0	0
-35	-90	0	216.0	0
-35	-85	0	216.0	0
-35	-80	0	218.0	0
-35	-75	0	219.0	0
-35	-70	0	219.0	0
-35	-65	164.0	220.0	1
-35	-60	0	221.0	0
-35	-55	0	222.0	0
-35	-50	0	222.0	0
-35	-45	99.0	223.0	1
-35	-40	0	224.0	0
-35	-35	0	224.0	0
-35	-30	196.0	224.0	1
-35	-25	0	224.0	0
-35	-20	0	225.0	0
-35	-15	0	226.0	0
-35	-10	0	226.0	0
-35	-5	122.0	227.0	1
-35	0	0	228.0	0
-35	5	0	226.0	0
-35	10	0	226.0	0
-35	15	0	227.0	0
-35	20	0	227.0	0
-35	25	0	227.0	0
-35	30	0	226.0	0
-35	35	0	225.0	0
-35	40	0	226.0	0
-35	45	0	225.0	0
-35	50	0	223.0	0
-35	55	0	223.0	0
-35	60	0	223.0	0
-35	65	0	222.0	0
-35	70	0	221.0	0
-35	75	0	221.0	0
-35	80	0	219.0	0
-35	85	0	218.0	0
-35	90	0	218.0	0
-35	95	0	217.0	0
-35	100	0	216.0	0
-35	105	0	216.0	0
-35	110	0	215.0	0
-35	115	183.0	213.0	1
-35	120	134.0	213.0	1
-35	125	84.0	212.0	2
-35	130	0	212.0	0
-35	135	162.0	212.0	1
-35	140	115.0	211.0	1
-35	145	0	211.0	0
-35	150	0	210.0	0
-35	155	0	209.0	0
-35	160	0	208.0	0
-35	165	0	208.0	0
-35	170	0	208.0	0
-35	175	0	207.0	0
-30	-180	0	208.0	0
-30	-175	0	207.0	0
-30	-170	0	207.0	0
-30	-165	0	207.0	0
-30	-160	0	207.0	0
-30	-155	0	207.0	0
-30	-150	0	208.0	0
-30	-145	0	208.0	0
-30	-140	0	209.0	0
-30	-135	0	210.0	0
-30	-130	0	210.0	0
-30	-125	0	210.0	0
-30	-120	0	211.0	0
-30	-115	0	211.0	0
-30	-110	0	213.0	0
-30	-105	0	214.0	0
-30	-100	0	215.0	0
-30	-95	0	216.0	0
-30	-90	0	217.0	0
-30	-85	82.0	218.0	1
-30	-80	0	218.0	0
-30	-75	0	219.0	0
-30	-70	0	221.0	0
-30	-65	0	221.0	0
-30	-60	0	222.0	0
-30	-55	0	224.0	0
-30	-50	0	223.0	0
-30	-45	0	223.0	0
-30	-40	0	225.0	0
-30	-35	0	225.0	0
-30	-30	0	227.0	0
-30	-25	0	227.0	0
-30	-20	0	227.0	0
-30	-15	0	227.0	0
-30	-10	0	227.0	0
-30	-5	0	227.0	0
-30	0	0	228.0	0
-30	5	0	228.0	0
-30	10	0	228.0	0
-30	15	0	227.0	0
-30	20	0	229.0	0
-30	25	0	227.0	0
-30	30	0	227.0	0
-30	35	0	226.0	0
-30	40	0	225.0	0
-30	45	0	224.0	0
-30	50	0	225.0	0
-30	55	0	223.0	0
-30	60	0	222.0	0
-30	65	0	222.0	0
-30	70	0	220.0	0
-30	75	0	219.0	0
-30	80	0	219.0	0
-30	85	0	218.0	0
-30	90	0	217.0	0
-30	95	0	218.0	0
-30	100	0	217.0	0
-30	105	0	216.0	0
-30	110	0	215.0	0
-30	115	0	214.0	0
-30	120	0	214.0	0
-30	125	0	213.0	0
-30	130	0	213.0	0
-30	135	0	212.0	0
-30	140	0	210.0	0
-30	145	0	210.0	0
-30	150	0	209.0	0
-30	155	0	208.0	0
-30	160	0	208.0	0
-30	165	0	207.0	0
-30	170	0	207.0	0
-30	175	0	207.0	0
-25	-180	0	208.0	0
-25	-175	0	208.0	0
-25	-170	0	208.0	0
-25	-165	0	209.0	0
-25	-160	0	208.0	0
-25	-155	0	210.0	0
-25	-150	0	209.0	0
-25	-145	0	209.0	0
-25	-140	0	210.0	0
-25	-135	0	211.0	0
-25	-130	0	213.0	0
-25	-125	0	212.0	0
-25	-120	0	213.0	0
-25	-115	0	215.0	0
-25	-110	0	215.0	0
-25	-105	0	216.0	0
-25	-100	0	217.0	0
-25	-95	0	218.0	0
-25	-90	0	220.0	0
-25	-85	0	221.0	0
-25	-80	0	221.0	0
-25	-75	0	223.0	0
-25	-70	0	224.0	0
-25	-65	0	224.0	0
-25	-60	0	224.0	0
-25	-55	0	225.0	0
-25	-50	0	226.0	0
-25	-45	0	227.0	0
-25	-40	0	227.0	0
-25	-35	0	227.0	0
-25	-30	0	227.0	0
-25	-25	0	227.0	0
-25	-20	0	228.0	0
-25	-15	0	229.0	0
-25	-10	0	229.0	0
-25	-5	0	229.0	0
-25	0	0	231.0	0
-25	5	0	230.0	0
-25	10	0	230.0	0
-25	15	0	228.0	0
-25	20	0	229.0	0
-25	25	0	228.0	0
-25	30	0	228.0	0
-25	35	0	227.0	0
-25	40	0	225.0	0
-25	45	0	225.0	0
-25	50	0	225.0	0
-25	55	0	223.0	0
-25	60	0	224.0	0
-25	65	0	223.0	0
-25	70	0	222.0	0
-25	75	0	221.0	0
-25	80	0	220.0	0
-25	85	0	220.0	0
-25	90	0	219.0	0
-25	95	0	219.0	0
-25	100	0	218.0	0
-25	105	0	216.0	0
-25	110	0	215.0	0
-25	115	0	214.0	0
-25	120	0	214.0	0
-25	125	0	213.0	0
-25	130	0	213.0	0
-25	135	0	211.0	0
-25	140	0	210.0	0
-25	145	0	211.0	0
-25	150	0	209.0	0
-25	155	0	209.0	0
-25	160	0	208.0	0
-25	165	0	209.0	0
-25	170	0	208.0	0
-25	175	0	208.0	0
-20	-180	0	207.0	0
-20	-175	0	206.0	0
-20	-170	0	208.0	0
-20	-165	0	207.0	0
-20	-160	0	207.0	0
-20	-155	0	208.0	0
-20	-150	0	208.0	0
-20	-145	0	208.0	0
-20	-140	0	209.0	0
-20	-135	0	210.0	0
-20	-130	0	211.0	0
-20	-125	0	212.0	0
-20	-120	0	213.0	0
-20	-115	0	214.0	0
-20	-110	0	215.0	0
-20	-105	0	216.0	0
-20	-100	0	218.0	0
-20	-95	0	219.0	0
-20	-90	0	220.0	0
-20	-85	0	221.0	0
-20	-80	0	221.0	0
-20	-75	0	223.0	0
-20	-70	0	224.0	0
-20	-65	0	225.0	0
-20	-60	0	224.0	0
-20	-55	0	225.0	0
-20	-50	0	225.0	0
-20	-45	0	226.0	0
-20	-40	0	225.0	0
-20	-35	0	227.0	0
-20	-30	0	228.0	0
-20	-25	0	227.0	0
-20	-20	0	229.0	0
-20	-15	0	228.0	0
-20	-10	0	228.0	0
-20	-5	0	228.0	0
-20	0	0	228.0	0
-20	5	0	228.0	0
-20	10	0	230.0	0
-20	15	0	230.0	0
-20	20	0	228.0	0
-20	25	0	227.0	0
-20	30	0	227.0	0
-20	35	0	226.0	0
-20	40	0	226.0	0
-20	45	0	225.0	0
-20	50	0	224.0	0
-20	55	0	223.0	0
-20	60	0	223.0	0
-20	65	0	221.0	0
-20	70	0	220.0	0
-20	75	0	220.0	0
-20	80	0	219.0	0
-20	85	0	218.0	0
-20	90	0	218.0	0
-20	95	0	217.0	0
-20	100	166.0	216.0	1
-20	105	0	215.0	0
-20	110	0	213.0	0
-20	115	0	214.0	0
-20	120	0	213.0	0
-20	125	0	211.0	0
-20	130	0	211.0	0
-20	135	0	211.0	0
-20	140	0	210.0	0
-20	145	0	209.0	0
-20	150	0	208.0	0
-20	155	0	208.0	0
-20	160	0	207.0	0
-20	165	0	207.0	0
-20	170	0	208.0	0
-20	175	0	207.0	0
-15	-180	0	208.0	0
-15	-175	0	208.0	0
-15	-170	0	208.0	0
-15	-165	0	210.0	0
-15	-160	0	211.0	0
-15	-155	0	211.0	0
-15	-150	0	210.0	0
-15	-145	0	210.0	0
-15	-140	0	211.0	0
-15	-135	0	212.0	0
-15	-130	0	213.0	0
-15	-125	0	214.0	0
-15	-120	0	217.0	0
-15	-115	0	218.0	0
-15	-110	0	218.0	0
-15	-105	0	219.0	0
-15	-100	0	219.0	0
-15	-95	0	220.0	0
-15	-90	0	222.0	0
-15	-85	0	222.0	0
-15	-80	0	223.0	0
-15	-75	0	223.0	0
-15	-70	0	225.0	0
-15	-65	0	225.0	0
-15	-60	0	226.0	0
-15	-55	0	226.0	0
-15	-50	0	229.0	0
-15	-45	0	230.0	0
-15	-40	0	230.0	0
-15	-35	0	230.0	0
-15	-30	0	231.0	0
-15	-25	0	232.0	0
-15	-20	0	232.0	0
-15	-15	0	231.0	0
-15	-10	0	231.0	0
-15	-5	0	231.0	0
-15	0	0	231.0	0
-15	5	0	231.0	0
-15	10	0	230.0	0
-15	15	0	230.0	0
-15	20	0	230.0	0
-15	25	0	228.0	0
-15	30	0	230.0	0
-15	35	0	228.0	0
-15	40	0	227.0	0
-15	45	0	225.0	0
-15	50	0	225.0	0
-15	55	0	224.0	0
-15	60	0	223.0	0
-15	65	0	222.0	0
-15	70	0	221.0	0
-15	75	0	221.0	0
-15	80	0	220.0	0
-15	85	0	218.0	0
-15	90	0	218.0	0
-15	95	0	217.0	0
-15	100	0	216.0	0
-15	105	0	216.0	0
-15	110	0	216.0	0
-15	115	0	215.0	0
-15	120	0	214.0	0
-15	125	0	213.0	0
-15	130	0	212.0	0
-15	135	0	212.0	0
-15	140	0	211.0	0
-15	145	0	211.0	0
-15	150	0	210.0	0
-15	155	0	210.0	0
-15	160	0	209.0	0
-15	165	0	208.0	0
-15	170	0	208.0	0
-15	175	0	207.0	0
-10	-180	0	206.0	0
-10	-175	0	206.0	0
-10	-170	0	206.0	0
-10	-165	0	207.0	0
-10	-160	0	208.0	0
-10	-155	0	209.0	0
-10	-150	0	209.0	0
-10	-145	0	209.0	0
-10	-140	0	212.0	0
-10	-135	0	212.0	0
-10	-130	0	212.0	0
-10	-125	0	214.0	0
-10	-120	0	216.0	0
-10	-115	0	217.0	0
-10	-110	0	219.0	0
-10	-105	0	220.0	0
-10	-100	0	219.0	0
-10	-95	0	221.0	0
-10	-90	0	223.0	0
-10	-85	0	223.0	0
-10	-80	0	225.0	0
-10	-75	0	224.0	0
-10	-70	0	225.0	0
-10	-65	0	225.0	0
-10	-60	0	227.0	0
-10	-55	0	226.0	0
-10	-50	0	229.0	0
-10	-45	0	228.0	0
-10	-40	0	229.0	0
-10	-35	0	230.0	0
-10	-30	0	230.0	0
-10	-25	0	231.0	0
-10	-20	0	229.0	0
-10	-15	0	231.0	0
-10	-10	0	231.0	0
-10	-5	0	229.0	0
-10	0	0	228.0	0
-10	5	0	229.0	0
-10	10	0	227.0	0
-10	15	0	228.0	0
-10	20	0	228.0	0
-10	25	0	227.0	0
-10	30	0	227.0	0
-10	35	0	226.0	0
-10	40	0	225.0	0
-10	45	0	224.0	0
-10	50	0	224.0	0
-10	55	0	221.0	0
-10	60	0	222.0	0
-10	65	0	221.0	0
-10	70	0	220.0	0
-10	75	0	219.0	0
-10	80	0	219.0	0
-10	85	0	217.0	0
-10	90	0	217.0	0
-10	95	0	216.0	0
-10	100	0	215.0	0
-10	105	0	214.0	0
-10	110	0	214.0	0
-10	115	0	213.0	0
-10	120	0	212.0	0
-10	125	0	210.0	0
-10	130	0	210.0	0
-10	135	0	209.0	0
-10	140	0	209.0	0
-10	145	0	208.0	0
-10	150	0	207.0	0
-10	155	0	207.0	0
-10	160	0	208.0	0
-10	165	0	207.0	0
-10	170	0	206.0	0
-10	175	0	205.0	0
-5	-180	0	206.0	0
-5	-175	0	206.0	0
-5	-170	0	207.0	0
-5	-165	0	207.0	0
-5	-160	0	208.0	0
-5	-155	0	208.0	0
-5	-150	0	209.0	0
-5	-145	0	210.0	0
-5	-140	0	210.0	0
-5	-135	0	212.0	0
-5	-130	0	213.0	0
-5	-125	0	214.0	0
-5	-120	0	215.0	0
-5	-115	0	216.0	0
-5	-110	0	218.0	0
-5	-105	0	218.0	0
-5	-100	0	219.0	0
-5	-95	0	220.0	0
-5	-90	0	221.0	0
-5	-85	0	222.0	0
-5	-80	0	223.0	0
-5	-75	0	224.0	0
-5	-70	0	226.0	0
-5	-65	0	225.0	0
-5	-60	0	227.0	0
-5	-55	0	227.0	0
-5	-50	0	229.0	0
-5	-45	0	229.0	0
-5	-40	0	229.0	0
-5	-35	0	229.0	0
-5	-30	0	230.0	0
-5	-25	0	231.0	0
-5	-20	0	230.0	0
-5	-15	0	230.0	0
-5	-10	0	230.0	0
-5	-5	0	230.0	0
-5	0	0	230.0	0
-5	5	0	229.0	0
-5	10	0	228.0	0
-5	15	0	228.0	0
-5	20	0	228.0	0
-5	25	0	227.0	0
-5	30	0	227.0	0
-5	35	0	224.0	0
-5	40	0	224.0	0
-5	45	0	222.0	0
-5	50	0	222.0	0
-5	55	0	220.0	0
-5	60	0	220.0	0
-5	65	0	218.0	0
-5	70	0	218.0	0
-5	75	0	217.0	0
-5	80	0	216.0	0
-5	85	0	216.0	0
-5	90	0	214.0	0
-5	95	149.0	215.0	1
-5	100	0	213.0	0
-5	105	0	213.0	0
-5	110	0	213.0	0
-5	115	0	211.0	0
-5	120	0	210.0	0
-5	125	0	210.0	0
-5	130	0	209.0	0
-5	135	0	207.0	0
-5	140	0	206.0	0
-5	145	0	207.0	0
-5	150	0	207.0	0
-5	155	0	207.0	0
-5	160	0	206.0	0
-5	165	0	208.0	0
-5	170	0	206.0	0
-5	175	0	205.0	0
0	-180	0	209.0	0
0	-175	0	209.0	0
0	-170	0	208.0	0
0	-165	0	210.0	0
0	-160	0	210.0	0
0	-155	0	209.0	0
0	-150	0	211.0	0
0	-145	0	212.0	0
0	-140	0	214.0	0
0	-135	0	215.0	0
0	-130	0	215.0	0
0	-125	0	217.0	0
0	-120	0	217.0	0
0	-115	0	219.0	0
0	-110	0	219.0	0
0	-105	0	221.0	0
0	-100	0	223.0	0
0	-95	0	223.0	0
0	-90	0	224.0	0
0	-85	0	224.0	0
0	-80	0	226.0	0
0	-75	0	226.0	0
0	-70	0	228.0	0
0	-65	0	228.0	0
0	-60	0	229.0	0
0	-55	0	229.0	0
0	-50	0	230.0	0
0	-45	0	230.0	0
0	-40	0	230.0	0
0	-35	0	231.0	0
0	-30	0	231.0	0
0	-25	0	232.0	0
0	-20	0	232.0	0
0	-15	0	231.0	0
0	-10	0	231.0	0
0	-5	0	232.0	0
0	0	0	230.0	0
0	5	0	232.0	0
0	10	0	230.0	0
0	15	0	229.0	0
0	20	0	229.0	0
0	25	0	228.0	0
0	30	0	227.0	0
0	35	0	225.0	0
0	40	0	225.0	0
0	45	0	223.0	0
0	50	0	223.0	0
0	55	0	223.0	0
0	60	0	221.0	0
0	65	0	220.0	0
0	70	0	219.0	0
0	75	0	219.0	0
0	80	0	218.0	0
0	85	0	217.0	0
0	90	0	215.0	0
0	95	0	215.0	0
0	100	0	214.0	0
0	105	0	213.0	0
0	110	0	212.0	0
0	115	0	211.0	0
0	120	0	211.0	0
0	125	0	210.0	0
0	130	0	210.0	0
0	135	0	210.0	0
0	140	0	209.0	0
0	145	0	209.0	0
0	150	0	208.0	0
0	155	0	208.0	0
0	160	0	208.0	0
0	165	0	207.0	0
0	170	0	208.0	0
0	175	0	209.0	0
5	-180	0	207.0	0
5	-175	0	207.0	0
5	-170	0	207.0	0
5	-165	0	208.0	0
5	-160	0	209.0	0
5	-155	0	210.0	0
5	-150	0	210.0	0
5	-145	0	212.0	0
5	-140	0	213.0	0
5	-135	0	214.0	0
5	-130	0	216.0	0
5	-125	0	216.0	0
5	-120	0	218.0	0
5	-115	0	218.0	0
5	-110	0	219.0	0
5	-105	0	222.0	0
5	-100	0	222.0	0
5	-95	0	223.0	0
5	-90	0	223.0	0
5	-85	0	224.0	0
5	-80	0	226.0	0
5	-75	0	227.0	0
5	-70	0	228.0	0
5	-65	0	229.0	0
5	-60	0	229.0	0
5	-55	0	229.0	0
5	-50	0	231.0	0
5	-45	0	231.0	0
5	-40	0	229.0	0
5	-35	0	231.0	0
5	-30	0	231.0	0
5	-25	0	233.0	0
5	-20	0	230.0	0
5	-15	0	230.0	0
5	-10	0	230.0	0
5	-5	0	230.0	0
5	0	0	229.0	0
5	5	0	230.0	0
5	10	0	229.0	0
5	15	0	228.0	0
5	20	0	227.0	0
5	25	0	226.0	0
5	30	0	225.0	0
5	35	0	225.0	0
5	40	0	223.0	0
5	45	0	223.0	0
5	50	0	222.0	0
5	55	0	222.0	0
5	60	0	221.0	0
5	65	0	218.0	0
5	70	0	218.0	0
5	75	0	217.0	0
5	80	0	215.0	0
5	85	0	216.0	0
5	90	0	215.0	0
5	95	0	213.0	0
5	100	0	214.0	0
5	105	0	212.0	0
5	110	0	211.0	0
5	115	0	211.0	0
5	120	0	210.0	0
5	125	0	208.0	0
5	130	0	208.0	0
5	135	0	208.0	0
5	140	0	208.0	0
5	145	0	207.0	0
5	150	0	207.0	0
5	155	0	207.0	0
5	160	0	206.0	0
5	165	0	206.0	0
5	170	0	206.0	0
5	175	0	206.0	0
10	-180	0	207.0	0
10	-175	0	207.0	0
10	-170	0	208.0	0
10	-165	0	208.0	0
10	-160	0	210.0	0
10	-155	0	211.0	0
10	-150	0	212.0	0
10	-145	0	213.0	0
10	-140	0	214.0	0
10	-135	0	215.0	0
10	-130	0	216.0	0
10	-125	0	217.0	0
10	-120	0	219.0	0
10	-115	0	220.0	0
10	-110	0	222.0	0
10	-105	0	222.0	0
10	-100	0	222.0	0
10	-95	0	225.0	0
10	-90	0	225.0	0
10	-85	0	226.0	0
10	-80	0	226.0	0
10	-75	0	225.0	0
10	-70	0	226.0	0
10	-65	0	226.0	0
10	-60	0	228.0	0
10	-55	0	228.0	0
10	-50	0	229.0	0
10	-45	0	230.0	0
10	-40	0	230.0	0
10	-35	0	229.0	0
10	-30	0	230.0	0
10	-25	0	230.0	0
10	-20	0	231.0	0
10	-15	0	230.0	0
10	-10	0	229.0	0
10	-5	0	231.0	0
10	0	0	229.0	0
10	5	0	229.0	0
10	10	0	229.0	0
10	15	0	229.0	0
10	20	0	227.0	0
10	25	0	226.0	0
10	30	0	226.0	0
10	35	0	223.0	0
10	40	0	222.0	0
10	45	0	221.0	0
10	50	0	221.0	0
10	55	0	220.0	0
10	60	0	219.0	0
10	65	0	218.0	0
10	70	0	218.0	0
10	75	0	217.0	0
10	80	0	215.0	0
10	85	0	215.0	0
10	90	0	213.0	0
10	95	0	212.0	0
10	100	0	212.0	0
10	105	0	211.0	0
10	110	0	210.0	0
10	115	0	208.0	0
10	120	0	208.0	0
10	125	0	207.0	0
10	130	0	206.0	0
10	135	0	207.0	0
10	140	0	206.0	0
10	145	0	206.0	0
10	150	0	207.0	0
10	155	0	207.0	0
10	160	0	206.0	0
10	165	0	206.0	0
10	170	0	206.0	0
10	175	0	207.0	0
15	-180	0	208.0	0
15	-175	0	209.0	0
15	-170	0	210.0	0
15	-165	0	210.0	0
15	-160	0	211.0	0
15	-155	0	212.0	0
15	-150	0	213.0	0
15	-145	0	214.0	0
15	-140	0	216.0	0
15	-135	0	217.0	0
15	-130	0	219.0	0
15	-125	0	221.0	0
15	-120	0	221.0	0
15	-115	0	222.0	0
15	-110	0	224.0	0
15	-105	0	225.0	0
15	-100	0	225.0	0
15	-95	0	226.0	0
15	-90	0	227.0	0
15	-85	0	227.0	0
15	-80	0	227.0	0
15	-75	0	228.0	0
15	-70	0	229.0	0
15	-65	0	230.0	0
15	-60	0	230.0	0
15	-55	0	230.0	0
15	-50	0	232.0	0
15	-45	0	232.0	0
15	-40	0	231.0	0
15	-35	0	231.0	0
15	-30	0	232.0	0
15	-25	0	232.0	0
15	-20	0	232.0	0
15	-15	0	231.0	0
15	-10	0	231.0	0
15	-5	0	232.0	0
15	0	0	230.0	0
15	5	0	230.0	0
15	10	0	231.0	0
15	15	0	229.0	0
15	20	0	229.0	0
15	25	0	228.0	0
15	30	0	227.0	0
15	35	0	225.0	0
15	40	0	225.0	0
15	45	0	223.0	0
15	50	0	222.0	0
15	55	0	221.0	0
15	60	0	221.0	0
15	65	0	220.0	0
15	70	0	219.0	0
15	75	0	219.0	0
15	80	0	217.0	0
15	85	0	216.0	0
15	90	0	215.0	0
15	95	0	212.0	0
15	100	0	212.0	0
15	105	0	211.0	0
15	110	0	209.0	0
15	115	0	210.0	0
15	120	0	209.0	0
15	125	0	208.0	0
15	130	0	208.0	0
15	135	0	208.0	0
15	140	0	208.0	0
15	145	0	207.0	0
15	150	0	208.0	0
15	155	0	209.0	0
15	160	0	208.0	0
15	165	0	209.0	0
15	170	0	209.0	0
15	175	0	208.0	0
20	-180	0	208.0	0
20	-175	0	208.0	0
20	-170	0	208.0	0
20	-165	0	211.0	0
20	-160	0	211.0	0
20	-155	0	211.0	0
20	-150	0	211.0	0
20	-145	0	213.0	0
20	-140	0	215.0	0
20	-135	0	217.0	0
20	-130	0	218.0	0
20	-125	0	218.0	0
20	-120	0	220.0	0
20	-115	0	221.0	0
20	-110	0	222.0	0
20	-105	0	223.0	0
20	-100	0	223.0	0
20	-95	0	223.0	0
20	-90	0	225.0	0
20	-85	0	225.0	0
20	-80	0	227.0	0
20	-75	0	227.0	0
20	-70	0	228.0	0
20	-65	0	228.0	0
20	-60	0	230.0	0
20	-55	0	230.0	0
20	-50	0	230.0	0
20	-45	0	233.0	0
20	-40	0	231.0	0
20	-35	0	232.0	0
20	-30	0	232.0	0
20	-25	0	231.0	0
20	-20	0	231.0	0
20	-15	0	230.0	0
20	-10	0	231.0	0
20	-5	0	231.0	0
20	0	0	230.0	0
20	5	0	229.0	0
20	10	0	228.0	0
20	15	0	227.0	0
20	20	0	226.0	0
20	25	0	225.0	0
20	30	0	224.0	0
20	35	0	223.0	0
20	40	0	222.0	0
20	45	0	222.0	0
20	50	0	221.0	0
20	55	0	219.0	0
20	60	0	218.0	0
20	65	0	216.0	0
20	70	0	216.0	0
20	75	0	213.0	0
20	80	0	214.0	0
20	85	0	213.0	0
20	90	0	213.0	0
20	95	0	211.0	0
20	100	0	210.0	0
20	105	0	209.0	0
20	110	0	208.0	0
20	115	0	208.0	0
20	120	0	207.0	0
20	125	0	208.0	0
20	130	0	208.0	0
20	135	0	207.0	0
20	140	0	208.0	0
20	145	0	208.0	0
20	150	0	208.0	0
20	155	0	209.0	0
20	160	0	208.0	0
20	165	0	207.0	0
20	170	0	209.0	0
20	175	0	208.0	0
25	-180	0	208.0	0
25	-175	0	209.0	0
25	-170	0	210.0	0
25	-165	0	211.0	0
25	-160	0	210.0	0
25	-155	0	211.0	0
25	-150	0	212.0	0
25	-145	0	215.0	0
25	-140	0	215.0	0
25	-135	0	217.0	0
25	-130	0	217.0	0
25	-125	0	219.0	0
25	-120	0	220.0	0
25	-115	0	221.0	0
25	-110	0	222.0	0
25	-105	0	223.0	0
25	-100	0	224.0	0
25	-95	0	225.0	0
25	-90	0	225.0	0
25	-85	0	226.0	0
25	-80	0	227.0	0
25	-75	0	228.0	0
25	-70	0	229.0	0
25	-65	0	229.0	0
25	-60	0	229.0	0
25	-55	0	230.0	0
25	-50	0	231.0	0
25	-45	0	232.0	0
25	-40	0	232.0	0
25	-35	0	232.0	0
25	-30	0	232.0	0
25	-25	0	231.0	0
25	-20	0	231.0	0
25	-15	0	231.0	0
25	-10	0	230.0	0
25	-5	0	230.0	0
25	0	0	231.0	0
25	5	0	228.0	0
25	10	0	228.0	0
25	15	0	226.0	0
25	20	0	225.0	0
25	25	0	224.0	0
25	30	0	222.0	0
25	35	0	222.0	0
25	40	0	221.0	0
25	45	0	220.0	0
25	50	0	219.0	0
25	55	0	219.0	0
25	60	0	218.0	0
25	65	183.0	217.0	1
25	70	0	216.0	0
25	75	0	216.0	0
25	80	0	214.0	0
25	85	0	213.0	0
25	90	0	212.0	0
25	95	0	211.0	0
25	100	0	211.0	0
25	105	0	209.0	0
25	110	0	208.0	0
25	115	0	208.0	0
25	120	0	207.0	0
25	125	0	207.0	0
25	130	0	208.0	0
25	135	0	207.0	0
25	140	0	207.0	0
25	145	0	208.0	0
25	150	0	208.0	0
25	155	0	208.0	0
25	160	0	208.0	0
25	165	0	208.0	0
25	170	0	208.0	0
25	175	0	208.0	0
30	-180	0	208.0	0
30	-175	0	209.0	0
30	-170	0	208.0	0
30	-165	0	210.0	0
30	-160	0	212.0	0
30	-155	0	213.0	0
30	-150	0	214.0	0
30	-145	0	215.0	0
30	-140	0	216.0	0
30	-135	0	217.0	0
30	-130	0	218.0	0
30	-125	0	219.0	0
30	-120	0	222.0	0
30	-115	0	222.0	0
30	-110	0	223.0	0
30	-105	0	223.0	0
30	-100	0	225.0	0
30	-95	0	224.0	0
30	-90	0	225.0	0
30	-85	0	226.0	0
30	-80	0	226.0	0
30	-75	0	227.0	0
30	-70	0	227.0	0
30	-65	0	228.0	0
30	-60	0	228.0	0
30	-55	0	229.0	0
30	-50	0	229.0	0
30	-45	0	230.0	0
30	-40	0	230.0	0
30	-35	0	230.0	0
30	-30	0	229.0	0
30	-25	0	230.0	0
30	-20	0	229.0	0
30	-15	0	229.0	0
30	-10	0	228.0	0
30	-5	0	228.0	0
30	0	0	227.0	0
30	5	0	228.0	0
30	10	150.0	228.0	1
30	15	0	224.0	0
30	20	0	223.0	0
30	25	0	223.0	0
30	30	0	222.0	0
30	35	0	222.0	0
30	40	0	220.0	0
30	45	0	219.0	0
30	50	121.0	219.0	1
30	55	191.0	218.0	1
30	60	158.0	217.0	2
30	65	0	215.0	0
30	70	0	214.0	0
30	75	18.0	213.0	1
30	80	0	212.0	0
30	85	0	211.0	0
30	90	0	211.0	0
30	95	0	210.0	0
30	100	0	209.0	0
30	105	0	208.0	0
30	110	0	207.0	0
30	115	0	207.0	0
30	120	0	207.0	0
30	125	0	207.0	0
30	130	0	207.0	0
30	135	0	206.0	0
30	140	0	206.0	0
30	145	0	207.0	0
30	150	0	208.0	0
30	155	0	207.0	0
30	160	0	209.0	0
30	165	0	207.0	0
30	170	0	207.0	0
30	175	0	208.0	0
35	-180	0	207.0	0
35	-175	0	208.0	0
35	-170	0	209.0	0
35	-165	0	210.0	0
35	-160	0	210.0	0
35	-155	0	213.0	0
35	-150	0	213.0	0
35	-145	0	214.0	0
35	-140	0	215.0	0
35	-135	0	216.0	0
35	-130	0	217.0	0
35	-125	103.0	219.0	2
35	-120	0	221.0	0
35	-115	0	222.0	0
35	-110	0	222.0	0
35	-105	0	223.0	0
35	-100	0	224.0	0
35	-95	0	225.0	0
35	-90	0	226.0	0
35	-85	0	226.0	0
35	-80	0	227.0	0
35	-75	0	228.0	0
35	-70	0	228.0	0
35	-65	0	229.0	0
35	-60	0	229.0	0
35	-55	0	229.0	0
35	-50	0	229.0	0
35	-45	0	231.0	0
35	-40	0	230.0	0
35	-35	0	231.0	0
35	-30	0	231.0	0
35	-25	0	231.0	0
35	-20	0	229.0	0
35	-15	0	230.0	0
35	-10	0	228.0	0
35	-5	0	227.0	0
35	0	0	227.0	0
35	5	0	225.0	0
35	10	0	225.0	0
35	15	0	225.0	0
35	20	0	223.0	0
35	25	0	223.0	0
35	30	0	221.0	0
35	35	126.0	220.0	1
35	40	0	218.0	0
35	45	0	217.0	0
35	50	123.0	217.0	2
35	55	175.0	216.0	3
35	60	25.0	214.0	1
35	65	50.0	214.0	1
35	70	0	214.0	0
35	75	0	213.0	0
35	80	0	212.0	0
35	85	0	210.0	0
35	90	98.0	210.0	1
35	95	0	208.0	0
35	100	0	208.0	0
35	105	0	208.0	0
35	110	0	208.0	0
35	115	0	207.0	0
35	120	0	207.0	0
35	125	0	207.0	0
35	130	0	207.0	0
35	135	0	208.0	0
35	140	0	208.0	0
35	145	0	209.0	0
35	150	0	208.0	0
35	155	0	208.0	0
35	160	0	208.0	0
35	165	0	208.0	0
35	170	0	207.0	0
35	175	0	207.0	0
40	-180	0	209.0	0
40	-175	0	210.0	0
40	-170	65.0	210.0	1
40	-165	0	211.0	0
40	-160	0	211.0	0
40	-155	0	212.0	0
40	-150	0	213.0	0
40	-145	0	214.0	0
40	-140	0	216.0	0
40	-135	112.0	217.0	1
40	-130	0	219.0	0
40	-125	0	219.0	0
40	-120	0	219.0	0
40	-115	0	221.0	0
40	-110	0	223.0	0
40	-105	0	222.0	0
40	-100	0	223.0	0
40	-95	0	224.0	0
40	-90	0	225.0	0
40	-85	0	227.0	0
40	-80	0	227.0	0
40	-75	0	228.0	0
40	-70	0	228.0	0
40	-65	0	229.0	0
40	-60	0	229.0	0
40	-55	0	229.0	0
40	-50	0	229.0	0
40	-45	0	230.0	0
40	-40	0	229.0	0
40	-35	0	230.0	0
40	-30	0	229.0	0
40	-25	0	229.0	0
40	-20	0	229.0	0
40	-15	0	228.0	0
40	-10	0	228.0	0
40	-5	0	227.0	0
40	0	0	226.0	0
40	5	0	225.0	0
40	10	0	224.0	0
40	15	0	224.0	0
40	20	0	222.0	0
40	25	0	222.0	0
40	30	158.0	221.0	1
40	35	7.0	220.0	1
40	40	167.0	219.0	2
40	45	159.0	217.0	3
40	50	165.0	216.0	8
40	55	175.0	217.0	7
40	60	116.0	215.0	6
40	65	117.0	214.0	2
40	70	0	213.0	0
40	75	0	212.0	0
40	80	0	211.0	0
40	85	0	210.0	0
40	90	0	210.0	0
40	95	0	208.0	0
40	100	0	208.0	0
40	105	0	208.0	0
40	110	0	206.0	0
40	115	0	208.0	0
40	120	0	208.0	0
40	125	0	207.0	0
40	130	0	208.0	0
40	135	0	208.0	0
40	140	0	208.0	0
40	145	0	208.0	0
40	150	0	208.0	0
40	155	0	208.0	0
40	160	0	208.0	0
40	165	0	208.0	0
40	170	0	208.0	0
40	175	0	209.0	0
45	-180	0	209.0	0
45	-175	0	209.0	0
45	-170	0	210.0	0
45	-165	0	211.0	0
45	-160	0	211.0	0
45	-155	0	213.0	0
45	-150	0	213.0	0
45	-145	0	215.0	0
45	-140	0	215.0	0
45	-135	8.0	216.0	1
45	-130	147.0	218.0	1
45	-125	130.0	219.0	2
45	-120	178.0	220.0	2
45	-115	0	222.0	0
45	-110	0	222.0	0
45	-105	0	224.0	0
45	-100	0	224.0	0
45	-95	0	224.0	0
45	-90	173.0	225.0	1
45	-85	0	225.0	0
45	-80	0	228.0	0
45	-75	0	227.0	0
45	-70	0	228.0	0
45	-65	0	227.0	0
45	-60	0	228.0	0
45	-55	0	229.0	0
45	-50	0	228.0	0
45	-45	0	229.0	0
45	-40	0	229.0	0
45	-35	0	229.0	0
45	-30	0	229.0	0
45	-25	0	229.0	0
45	-20	0	228.0	0
45	-15	0	227.0	0
45	-10	0	227.0	0
45	-5	0	226.0	0
45	0	0	226.0	0
45	5	0	224.0	0
45	10	0	224.0	0
45	15	0	223.0	0
45	20	127.0	222.0	1
45	25	0	221.0	0
45	30	115.0	220.0	3
45	35	181.0	218.0	4
45	40	159.0	217.0	17
45	45	187.0	216.0	14
45	50	185.0	215.0	20
45	55	180.0	214.0	10
45	60	144.0	214.0	4
45	65	142.0	214.0	1
45	70	0	212.0	0
45	75	0	211.0	0
45	80	0	210.0	0
45	85	0	209.0	0
45	90	0	209.0	0
45	95	0	208.0	0
45	100	0	208.0	0
45	105	0	207.0	0
45	110	94.0	207.0	1
45	115	0	208.0	0
45	120	0	208.0	0
45	125	0	208.0	0
45	130	0	209.0	0
45	135	0	208.0	0
45	140	0	207.0	0
45	145	0	208.0	0
45	150	0	207.0	0
45	155	0	208.0	0
45	160	0	208.0	0
45	165	0	208.0	0
45	170	0	208.0	0
45	175	0	208.0	0
50	-180	0	210.0	0
50	-175	0	209.0	0
50	-170	0	210.0	0
50	-165	0	211.0	0
50	-160	0	212.0	0
50	-155	0	212.0	0
50	-150	0	214.0	0
50	-145	0	215.0	0
50	-140	5.0	216.0	1
50	-135	183.0	216.0	3
50	-130	163.0	219.0	4
50	-125	111.0	219.0	2
50	-120	149.0	220.0	1
50	-115	131.0	221.0	1
50	-110	0	222.0	0
50	-105	149.0	224.0	1
50	-100	0	224.0	0
50	-95	0	225.0	0
50	-90	0	225.0	0
50	-85	0	225.0	0
50	-80	0	226.0	0
50	-75	0	227.0	0
50	-70	0	228.0	0
50	-65	0	229.0	0
50	-60	0	228.0	0
50	-55	0	228.0	0
50	-50	0	228.0	0
50	-45	0	229.0	0
50	-40	0	229.0	0
50	-35	0	229.0	0
50	-30	0	230.0	0
50	-25	0	227.0	0
50	-20	0	227.0	0
50	-15	0	227.0	0
50	-10	0	227.0	0
50	-5	0	226.0	0
50	0	0	224.0	0
50	5	0	223.0	0
50	10	0	222.0	0
50	15	0	223.0	0
50	20	147.0	219.0	3
50	25	162.0	220.0	2
50	30	182.0	219.0	14
50	35	195.0	217.0	32
50	40	193.0	217.0	38
50	45	200.0	215.0	27
50	50	100.0	215.0	12
50	55	177.0	215.0	14
50	60	183.0	215.0	8
50	65	203.0	214.0	3
50	70	0	212.0	0
50	75	0	211.0	0
50	80	0	210.0	0
50	85	0	209.0	0
50	90	0	210.0	0
50	95	0	209.0	0
50	100	0	208.0	0
50	105	0	208.0	0
50	110	0	208.0	0
50	115	0	207.0	0
50	120	0	207.0	0
50	125	0	210.0	0
50	130	0	209.0	0
50	135	0	208.0	0
50	140	0	208.0	0
50	145	0	208.0	0
50	150	0	208.0	0
50	155	0	209.0	0
50	160	0	209.0	0
50	165	0	210.0	0
50	170	0	208.0	0
50	175	0	209.0	0
55	-180	0	209.0	0
55	-175	0	210.0	0
55	-170	0	210.0	0
55	-165	58.0	211.0	1
55	-160	0	212.0	0
55	-155	0	214.0	0
55	-150	0	214.0	0
55	-145	0	214.0	0
55	-140	0	216.0	0
55	-135	1.0	217.0	1
55	-130	113.0	218.0	2
55	-125	157.0	219.0	3
55	-120	151.0	219.0	1
55	-115	135.0	221.0	2
55	-110	0	221.0	0
55	-105	185.0	222.0	1
55	-100	0	223.0	0
55	-95	0	224.0	0
55	-90	0	224.0	0
55	-85	0	225.0	0
55	-80	0	226.0	0
55	-75	0	226.0	0
55	-70	0	226.0	0
55	-65	0	227.0	0
55	-60	0	227.0	0
55	-55	0	228.0	0
55	-50	0	228.0	0
55	-45	0	228.0	0
55	-40	0	228.0	0
55	-35	0	227.0	0
55	-30	0	228.0	0
55	-25	0	228.0	0
55	-20	0	226.0	0
55	-15	0	227.0	0
55	-10	0	226.0	0
55	-5	0	226.0	0
55	0	112.0	224.0	1
55	5	0	224.0	0
55	10	0	221.0	0
55	15	171.0	221.0	5
55	20	166.0	219.0	13
55	25	172.0	218.0	17
55	30	186.0	217.0	22
55	35	186.0	216.0	20
55	40	185.0	214.0	20
55	45	184.0	213.0	21
55	50	148.0	213.0	6
55	55	86.0	212.0	1
55	60	179.0	212.0	4
55	65	1.0	212.0	1
55	70	0	210.0	0
55	75	0	210.0	0
55	80	0	209.0	0
55	85	0	209.0	0
55	90	0	208.0	0
55	95	0	208.0	0
55	100	0	208.0	0
55	105	0	209.0	0
55	110	0	208.0	0
55	115	0	209.0	0
55	120	0	207.0	0
55	125	0	208.0	0
55	130	0	208.0	0
55	135	0	208.0	0
55	140	0	209.0	0
55	145	0	209.0	0
55	150	0	210.0	0
55	155	0	209.0	0
55	160	0	209.0	0
55	165	0	209.0	0
55	170	0	209.0	0
55	175	0	209.0	0
60	-180	0	209.0	0
60	-175	0	212.0	0
60	-170	0	212.0	0
60	-165	0	213.0	0
60	-160	113.0	214.0	1
60	-155	0	215.0	0
60	-150	0	215.0	0
60	-145	162.0	216.0	1
60	-140	0	217.0	0
60	-135	0	218.0	0
60	-130	0	219.0	0
60	-125	166.0	220.0	2
60	-120	145.0	220.0	1
60	-115	0	221.0	0
60	-110	129.0	222.0	1
60	-105	165.0	223.0	1
60	-100	0	224.0	0
60	-95	0	224.0	0
60	-90	131.0	225.0	1
60	-85	0	227.0	0
60	-80	0	227.0	0
60	-75	0	226.0	0
60	-70	0	227.0	0
60	-65	0	228.0	0
60	-60	0	229.0	0
60	-55	0	229.0	0
60	-50	0	229.0	0
60	-45	0	229.0	0
60	-40	0	229.0	0
60	-35	0	228.0	0
60	-30	0	229.0	0
60	-25	0	229.0	0
60	-20	181.0	228.0	1
60	-15	0	227.0	0
60	-10	0	227.0	0
60	-5	0	227.0	0
60	0	0	224.0	0
60	5	0	224.0	0
60	10	197.0	222.0	8
60	15	207.0	222.0	12
60	20	186.0	221.0	11
60	25	177.0	219.0	14
60	30	165.0	218.0	16
60	35	173.0	218.0	12
60	40	158.0	217.0	7
60	45	190.0	214.0	6
60	50	149.0	215.0	4
60	55	128.0	214.0	3
60	60	0	214.0	0
60	65	0	213.0	0
60	70	0	210.0	0
60	75	0	210.0	0
60	80	0	211.0	0
60	85	0	210.0	0
60	90	0	210.0	0
60	95	0	210.0	0
60	100	0	209.0	0
60	105	0	210.0	0
60	110	0	210.0	0
60	115	0	210.0	0
60	120	0	210.0	0
60	125	0	210.0	0
60	130	0	210.0	0
60	135	0	211.0	0
60	140	0	210.0	0
60	145	0	211.0	0
60	150	0	211.0	0
60	155	0	211.0	0
60	160	0	210.0	0
60	165	44.0	210.0	1
60	170	0	210.0	0
60	175	0	211.0	0
65	-180	0	209.0	0
65	-175	0	211.0	0
65	-170	10.0	210.0	1
65	-165	0	211.0	0
65	-160	0	211.0	0
65	-155	0	211.0	0
65	-150	0	213.0	0
65	-145	0	213.0	0
65	-140	0	215.0	0
65	-135	0	215.0	0
65	-130	0	217.0	0
65	-125	0	217.0	0
65	-120	0	217.0	0
65	-115	0	218.0	0
65	-110	0	219.0	0
65	-105	0	220.0	0
65	-100	0	221.0	0
65	-95	0	221.0	0
65	-90	0	223.0	0
65	-85	0	224.0	0
65	-80	0	224.0	0
65	-75	0	225.0	0
65	-70	0	226.0	0
65	-65	0	225.0	0
65	-60	141.0	226.0	1
65	-55	106.0	226.0	2
65	-50	0	227.0	0
65	-45	162.0	226.0	1
65	-40	2.0	226.0	1
65	-35	0	226.0	0
65	-30	0	225.0	0
65	-25	0	225.0	0
65	-20	0	224.0	0
65	-15	0	224.0	0
65	-10	0	222.0	0
65	-5	0	222.0	0
65	0	156.0	220.0	6
65	5	168.0	221.0	7
65	10	206.0	220.0	11
65	15	186.0	219.0	11
65	20	176.0	217.0	9
65	25	179.0	216.0	9
65	30	176.0	216.0	5
65	35	100.0	214.0	1
65	40	179.0	213.0	3
65	45	0	212.0	0
65	50	181.0	211.0	2
65	55	174.0	211.0	2
65	60	1.0	211.0	1
65	65	0	209.0	0
65	70	0	209.0	0
65	75	0	208.0	0
65	80	0	209.0	0
65	85	0	207.0	0
65	90	162.0	207.0	1
65	95	0	208.0	0
65	100	0	207.0	0
65	105	139.0	208.0	1
65	110	0	208.0	0
65	115	158.0	208.0	1
65	120	0	208.0	0
65	125	0	208.0	0
65	130	0	208.0	0
65	135	0	209.0	0
65	140	0	209.0	0
65	145	0	209.0	0
65	150	0	207.0	0
65	155	0	208.0	0
65	160	0	208.0	0
65	165	23.0	208.0	1
65	170	0	209.0	0
65	175	0	210.0	0
70	-180	0	210.0	0
70	-175	0	212.0	0
70	-170	0	210.0	0
70	-165	55.0	211.0	1
70	-160	0	212.0	0
70	-155	156.0	212.0	2
70	-150	0	212.0	0
70	-145	0	214.0	0
70	-140	0	215.0	0
70	-135	0	215.0	0
70	-130	0	217.0	0
70	-125	0	218.0	0
70	-120	0	218.0	0
70	-115	0	219.0	0
70	-110	0	220.0	0
70	-105	0	221.0	0
70	-100	0	221.0	0
70	-95	0	222.0	0
70	-90	162.0	223.0	1
70	-85	0	224.0	0
70	-80	0	225.0	0
70	-75	0	226.0	0
70	-70	0	225.0	0
70	-65	0	226.0	0
70	-60	45.0	226.0	2
70	-55	163.0	226.0	3
70	-50	111.0	226.0	1
70	-45	0	226.0	0
70	-40	0	226.0	0
70	-35	134.0	225.0	2
70	-30	0	226.0	0
70	-25	0	224.0	0
70	-20	0	224.0	0
70	-15	0	223.0	0
70	-10	178.0	223.0	2
70	-5	192.0	223.0	3
70	0	132.0	221.0	3
70	5	187.0	219.0	4
70	10	176.0	219.0	8
70	15	110.0	219.0	2
70	20	123.0	219.0	2
70	25	46.0	216.0	1
70	30	0	216.0	0
70	35	0	214.0	0
70	40	0	213.0	0
70	45	0	213.0	0
70	50	0	211.0	0
70	55	0	211.0	0
70	60	0	211.0	0
70	65	0	210.0	0
70	70	152.0	210.0	1
70	75	0	208.0	0
70	80	0	209.0	0
70	85	0	209.0	0
70	90	0	209.0	0
70	95	0	209.0	0
70	100	46.0	209.0	1
70	105	0	209.0	0
70	110	28.0	209.0	1
70	115	0	209.0	0
70	120	0	209.0	0
70	125	0	209.0	0
70	130	0	209.0	0
70	135	0	209.0	0
70	140	0	208.0	0
70	145	0	208.0	0
70	150	0	208.0	0
70	155	0	209.0	0
70	160	0	208.0	0
70	165	132.0	209.0	1
70	170	66.0	209.0	1
70	175	0	211.0	0
75	-180	0	211.0	0
75	-175	0	210.0	0
75	-170	0	210.0	0
75	-165	0	211.0	0
75	-160	0	211.0	0
75	-155	0	212.0	0
75	-150	0	213.0	0
75	-145	0	213.0	0
75	-140	0	215.0	0
75	-135	0	215.0	0
75	-130	0	216.0	0
75	-125	0	217.0	0
75	-120	0	218.0	0
75	-115	0	218.0	0
75	-110	0	219.0	0
75	-105	190.0	221.0	1
75	-100	0	221.0	0
75	-95	0	221.0	0
75	-90	0	222.0	0
75	-85	0	223.0	0
75	-80	0	224.0	0
75	-75	0	224.0	0
75	-70	0	224.0	0
75	-65	0	223.0	0
75	-60	21.0	224.0	1
75	-55	200.0	224.0	2
75	-50	0	225.0	0
75	-45	0	225.0	0
75	-40	0	225.0	0
75	-35	0	225.0	0
75	-30	0	225.0	0
75	-25	0	224.0	0
75	-20	0	223.0	0
75	-15	0	224.0	0
75	-10	161.0	220.0	4
75	-5	169.0	221.0	2
75	0	176.0	220.0	4
75	5	148.0	219.0	3
75	10	75.0	218.0	1
75	15	126.0	217.0	2
75	20	153.0	217.0	1
75	25	0	215.0	0
75	30	0	215.0	0
75	35	0	214.0	0
75	40	0	214.0	0
75	45	0	212.0	0
75	50	0	211.0	0
75	55	0	211.0	0
75	60	170.0	210.0	1
75	65	0	210.0	0
75	70	0	209.0	0
75	75	0	210.0	0
75	80	0	210.0	0
75	85	0	209.0	0
75	90	0	209.0	0
75	95	66.0	209.0	1
75	100	0	208.0	0
75	105	83.0	208.0	1
75	110	0	208.0	0
75	115	0	208.0	0
75	120	0	209.0	0
75	125	0	210.0	0
75	130	0	209.0	0
75	135	0	210.0	0
75	140	0	210.0	0
75	145	0	210.0	0
75	150	0	210.0	0
75	155	0	211.0	0
75	160	0	211.0	0
75	165	0	211.0	0
75	170	0	210.0	0
75	175	0	211.0	0
80	-180	63.0	213.0	1
80	-175	0	212.0	0
80	-170	0	213.0	0
80	-165	0	214.0	0
80	-160	0	214.0	0
80	-155	0	214.0	0
80	-150	0	215.0	0
80	-145	0	215.0	0
80	-140	0	216.0	0
80	-135	0	217.0	0
80	-130	0	218.0	0
80	-125	0	218.0	0
80	-120	0	219.0	0
80	-115	0	219.0	0
80	-110	0	221.0	0
80	-105	0	221.0	0
80	-100	0	222.0	0
80	-95	0	223.0	0
80	-90	0	224.0	0
80	-85	0	224.0	0
80	-80	0	225.0	0
80	-75	0	225.0	0
80	-70	0	226.0	0
80	-65	0	225.0	0
80	-60	0	226.0	0
80	-55	0	225.0	0
80	-50	135.0	226.0	1
80	-45	0	225.0	0
80	-40	0	225.0	0
80	-35	0	226.0	0
80	-30	98.0	224.0	1
80	-25	0	225.0	0
80	-20	0	223.0	0
80	-15	178.0	224.0	1
80	-10	147.0	224.0	1
80	-5	138.0	222.0	2
80	0	0	221.0	0
80	5	0	221.0	0
80	10	0	220.0	0
80	15	0	219.0	0
80	20	0	218.0	0
80	25	0	217.0	0
80	30	0	217.0	0
80	35	0	215.0	0
80	40	0	214.0	0
80	45	0	213.0	0
80	50	0	214.0	0
80	55	0	213.0	0
80	60	0	214.0	0
80	65	0	212.0	0
80	70	0	212.0	0
80	75	0	211.0	0
80	80	0	211.0	0
80	85	0	212.0	0
80	90	0	212.0	0
80	95	0	211.0	0
80	100	58.0	211.0	1
80	105	0	211.0	0
80	110	111.0	210.0	1
80	115	169.0	211.0	1
80	120	0	212.0	0
80	125	0	212.0	0
80	130	11.0	211.0	1
80	135	0	210.0	0
80	140	0	212.0	0
80	145	0	212.0	0
80	150	0	213.0	0
80	155	0	213.0	0
80	160	0	212.0	0
80	165	0	212.0	0
80	170	0	212.0	0
80	175	0	213.0	0
85	-180	0	211.0	0
85	-175	0	211.0	0
85	-170	0	211.0	0
85	-165	0	212.0	0
85	-160	0	213.0	0
85	-155	0	213.0	0
85	-150	0	213.0	0
85	-145	0	215.0	0
85	-140	0	214.0	0
85	-135	0	215.0	0
85	-130	98.0	216.0	1
85	-125	0	217.0	0
85	-120	0	217.0	0
85	-115	0	219.0	0
85	-110	0	218.0	0
85	-105	0	220.0	0
85	-100	0	221.0	0
85	-95	0	220.0	0
85	-90	0	221.0	0
85	-85	0	220.0	0
85	-80	0	221.0	0
85	-75	0	221.0	0
85	-70	0	221.0	0
85	-65	0	222.0	0
85	-60	0	224.0	0
85	-55	0	223.0	0
85	-50	0	224.0	0
85	-45	0	225.0	0
85	-40	0	224.0	0
85	-35	0	223.0	0
85	-30	0	223.0	0
85	-25	0	224.0	0
85	-20	0	221.0	0
85	-15	0	221.0	0
85	-10	0	221.0	0
85	-5	0	219.0	0
85	0	0	220.0	0
85	5	0	218.0	0
85	10	0	218.0	0
85	15	0	218.0	0
85	20	0	215.0	0
85	25	0	215.0	0
85	30	0	215.0	0
85	35	0	214.0	0
85	40	0	211.0	0
85	45	0	212.0	0
85	50	0	212.0	0
85	55	0	210.0	0
85	60	0	211.0	0
85	65	0	210.0	0
85	70	0	211.0	0
85	75	0	209.0	0
85	80	0	210.0	0
85	85	0	208.0	0
85	90	0	209.0	0
85	95	0	209.0	0
85	100	0	210.0	0
85	105	0	208.0	0
85	110	0	209.0	0
85	115	0	208.0	0
85	120	0	209.0	0
85	125	0	209.0	0
85	130	0	209.0	0
85	135	0	209.0	0
85	140	0	210.0	0
85	145	0	209.0	0
85	150	0	210.0	0
85	155	0	210.0	0
85	160	0	209.0	0
85	165	0	209.0	0
85	170	0	209.0	0
85	175	0	210.0	0
90	-180	0	214.0	0
90	-175	0	213.0	0
90	-170	0	215.0	0
90	-165	0	215.0	0
90	-160	0	214.0	0
90	-155	0	215.0	0
90	-150	0	215.0	0
90	-145	0	217.0	0
90	-140	0	217.0	0
90	-135	0	218.0	0
90	-130	0	218.0	0
90	-125	0	218.0	0
90	-120	0	219.0	0
90	-115	0	220.0	0
90	-110	0	220.0	0
90	-105	0	221.0	0
90	-100	0	221.0	0
90	-95	0	222.0	0
90	-90	0	221.0	0
90	-85	0	224.0	0
90	-80	0	225.0	0
90	-75	0	223.0	0
90	-70	0	225.0	0
90	-65	0	224.0	0
90	-60	171.0	226.0	1
90	-55	0	225.0	0
90	-50	0	224.0	0
90	-45	0	225.0	0
90	-40	0	225.0	0
90	-35	190.0	223.0	1
90	-30	0	223.0	0
90	-25	0	223.0	0
90	-20	0	223.0	0
90	-15	0	224.0	0
90	-10	0	222.0	0
90	-5	0	221.0	0
90	0	0	220.0	0
90	5	0	221.0	0
90	10	0	220.0	0
90	15	0	217.0	0
90	20	0	219.0	0
90	25	0	217.0	0
90	30	0	216.0	0
90	35	0	215.0	0
90	40	0	214.0	0
90	45	0	214.0	0
90	50	0	213.0	0
90	55	0	213.0	0
90	60	0	211.0	0
90	65	0	213.0	0
90	70	0	211.0	0
90	75	0	212.0	0
90	80	0	212.0	0
90	85	0	211.0	0
90	90	0	211.0	0
90	95	0	211.0	0
90	100	0	212.0	0
90	105	0	210.0	0
90	110	0	213.0	0
90	115	0	212.0	0
90	120	0	210.0	0
90	125	0	211.0	0
90	130	0	211.0	0
90	135	0	212.0	0
90	140	22.0	211.0	1
90	145	0	212.0	0
90	150	0	210.0	0
90	155	0	212.0	0
90	160	0	213.0	0
90	165	0	212.0	0
90	170	0	213.0	0
90	175	0	213.0	0
95	-180	0	213.0	0
95	-175	0	213.0	0
95	-170	0	213.0	0
95	-165	0	212.0	0
95	-160	0	214.0	0
95	-155	0	214.0	0
95	-150	0	214.0	0
95	-145	0	214.0	0
95	-140	0	214.0	0
95	-135	0	215.0	0
95	-130	0	216.0	0
95	-125	0	216.0	0
95	-120	0	217.0	0
95	-115	0	217.0	0
95	-110	0	218.0	0
95	-105	0	220.0	0
95	-100	0	219.0	0
95	-95	0	221.0	0
95	-90	0	221.0	0
95	-85	195.0	222.0	1
95	-80	0	221.0	0
95	-75	0	223.0	0
95	-70	0	223.0	0
95	-65	0	223.0	0
95	-60	0	223.0	0
95	-55	0	221.0	0
95	-50	0	222.0	0
95	-45	0	223.0	0
95	-40	0	222.0	0
95	-35	0	223.0	0
95	-30	0	223.0	0
95	-25	0	221.0	0
95	-20	0	223.0	0
95	-15	0	220.0	0
95	-10	0	220.0	0
95	-5	0	220.0	0
95	0	0	220.0	0
95	5	0	219.0	0
95	10	0	217.0	0
95	15	0	218.0	0
95	20	0	216.0	0
95	25	0	215.0	0
95	30	0	214.0	0
95	35	0	212.0	0
95	40	0	213.0	0
95	45	0	212.0	0
95	50	0	212.0	0
95	55	0	211.0	0
95	60	0	212.0	0
95	65	0	212.0	0
95	70	0	211.0	0
95	75	0	212.0	0
95	80	0	210.0	0
95	85	0	210.0	0
95	90	0	210.0	0
95	95	0	209.0	0
95	100	0	211.0	0
95	105	0	210.0	0
95	110	0	211.0	0
95	115	0	211.0	0
95	120	0	210.0	0
95	125	115.0	211.0	1
95	130	0	210.0	0
95	135	0	211.0	0
95	140	0	211.0	0
95	145	0	211.0	0
95	150	0	212.0	0
95	155	0	211.0	0
95	160	0	212.0	0
95	165	0	212.0	0
95	170	0	212.0	0
95	175	0	212.0	0
100	-180	0	211.0	0
100	-175	0	211.0	0
100	-170	0	211.0	0
100	-165	0	211.0	0
100	-160	0	210.0	0
100	-155	0	212.0	0
100	-150	0	212.0	0
100	-145	0	212.0	0
100	-140	0	212.0	0
100	-135	0	213.0	0
100	-130	0	212.0	0
100	-125	0	215.0	0
100	-120	0	216.0	0
100	-115	0	216.0	0
100	-110	0	217.0	0
100	-105	0	216.0	0
100	-100	0	217.0	0
100	-95	0	217.0	0
100	-90	0	218.0	0
100	-85	0	219.0	0
100	-80	0	220.0	0
100	-75	0	220.0	0
100	-70	0	219.0	0
100	-65	0	220.0	0
100	-60	0	219.0	0
100	-55	0	220.0	0
100	-50	0	221.0	0
100	-45	0	220.0	0
100	-40	0	222.0	0
100	-35	0	221.0	0
100	-30	0	221.0	0
100	-25	0	220.0	0
100	-20	0	219.0	0
100	-15	0	219.0	0
100	-10	0	218.0	0
100	-5	0	217.0	0
100	0	0	218.0	0
100	5	0	216.0	0
100	10	0	214.0	0
100	15	0	215.0	0
100	20	0	213.0	0
100	25	0	213.0	0
100	30	0	213.0	0
100	35	0	211.0	0
100	40	0	210.0	0
100	45	0	210.0	0
100	50	0	210.0	0
100	55	0	210.0	0
100	60	0	210.0	0
100	65	0	210.0	0
100	70	0	208.0	0
100	75	0	208.0	0
100	80	0	208.0	0
100	85	0	210.0	0
100	90	0	208.0	0
100	95	0	209.0	0
100	100	0	208.0	0
100	105	0	208.0	0
100	110	0	209.0	0
100	115	0	209.0	0
100	120	0	209.0	0
100	125	0	209.0	0
100	130	0	211.0	0
100	135	0	211.0	0
100	140	0	209.0	0
100	145	0	211.0	0
100	150	0	210.0	0
100	155	0	210.0	0
100	160	0	210.0	0
100	165	0	211.0	0
100	170	0	211.0	0
100	175	0	210.0	0
105	-180	0	213.0	0
105	-175	0	213.0	0
105	-170	0	214.0	0
105	-165	0	212.0	0
105	-160	0	214.0	0
105	-155	0	213.0	0
105	-150	0	214.0	0
105	-145	0	216.0	0
105	-140	0	215.0	0
105	-135	0	214.0	0
105	-130	0	216.0	0
105	-125	0	214.0	0
105	-120	0	216.0	0
105	-115	0	216.0	0
105	-110	0	217.0	0
105	-105	0	218.0	0
105	-100	0	219.0	0
105	-95	0	219.0	0
105	-90	0	219.0	0
105	-85	0	219.0	0
105	-80	0	219.0	0
105	-75	0	220.0	0
105	-70	0	220.0	0
105	-65	0	222.0	0
105	-60	0	222.0	0
105	-55	0	219.0	0
105	-50	0	222.0	0
105	-45	0	221.0	0
105	-40	0	222.0	0
105	-35	0	221.0	0
105	-30	0	220.0	0
105	-25	0	220.0	0
105	-20	0	220.0	0
105	-15	0	219.0	0
105	-10	0	218.0	0
105	-5	0	218.0	0
105	0	0	217.0	0
105	5	0	217.0	0
105	10	0	216.0	0
105	15	0	216.0	0
105	20	0	215.0	0
105	25	0	215.0	0
105	30	0	214.0	0
105	35	0	213.0	0
105	40	0	211.0	0
105	45	0	212.0	0
105	50	0	211.0	0
105	55	0	212.0	0
105	60	0	212.0	0
105	65	0	212.0	0
105	70	0	210.0	0
105	75	0	212.0	0
105	80	0	211.0	0
105	85	0	211.0	0
105	90	0	211.0	0
105	95	0	210.0	0
105	100	0	210.0	0
105	105	0	211.0	0
105	110	0	210.0	0
105	115	0	212.0	0
105	120	0	212.0	0
105	125	0	211.0	0
105	130	0	211.0	0
105	135	0	210.0	0
105	140	0	212.0	0
105	145	0	212.0	0
105	150	0	213.0	0
105	155	0	212.0	0
105	160	0	213.0	0
105	165	0	212.0	0
105	170	0	212.0	0
105	175	0	213.0	0
110	-180	0	213.0	0
110	-175	0	214.0	0
110	-170	0	212.0	0
110	-165	0	212.0	0
110	-160	0	214.0	0
110	-155	0	213.0	0
110	-150	0	214.0	0
110	-145	0	215.0	0
110	-140	0	214.0	0
110	-135	0	214.0	0
110	-130	0	215.0	0
110	-125	0	215.0	0
110	-120	0	216.0	0
110	-115	0	217.0	0
110	-110	0	217.0	0
110	-105	0	218.0	0
110	-100	0	219.0	0
110	-95	0	219.0	0
110	-90	0	220.0	0
110	-85	0	219.0	0
110	-80	0	219.0	0
110	-75	0	220.0	0
110	-70	0	221.0	0
110	-65	0	221.0	0
110	-60	0	221.0	0
110	-55	0	221.0	0
110	-50	0	222.0	0
110	-45	0	221.0	0
110	-40	0	220.0	0
110	-35	0	220.0	0
110	-30	0	220.0	0
110	-25	0	220.0	0
110	-20	0	219.0	0
110	-15	0	219.0	0
110	-10	0	219.0	0
110	-5	183.0	218.0	1
110	0	0	217.0	0
110	5	0	217.0	0
110	10	0	216.0	0
110	15	0	216.0	0
110	20	0	215.0	0
110	25	0	214.0	0
110	30	0	213.0	0
110	35	0	213.0	0
110	40	0	212.0	0
110	45	0	211.0	0
110	50	0	211.0	0
110	55	0	212.0	0
110	60	0	212.0	0
110	65	0	212.0	0
110	70	0	210.0	0
110	75	0	211.0	0
110	80	0	211.0	0
110	85	0	210.0	0
110	90	0	211.0	0
110	95	0	211.0	0
110	100	0	211.0	0
110	105	0	211.0	0
110	110	0	211.0	0
110	115	0	212.0	0
110	120	0	211.0	0
110	125	0	213.0	0
110	130	0	212.0	0
110	135	0	212.0	0
110	140	0	212.0	0
110	145	0	212.0	0
110	150	0	212.0	0
110	155	0	211.0	0
110	160	0	213.0	0
110	165	0	213.0	0
110	170	0	212.0	0
110	175	0	213.0	0
115	-180	0	214.0	0
115	-175	0	213.0	0
115	-170	0	213.0	0
115	-165	0	213.0	0
115	-160	0	213.0	0
115	-155	0	214.0	0
115	-150	0	214.0	0
115	-145	0	215.0	0
115	-140	0	216.0	0
115	-135	0	215.0	0
115	-130	0	216.0	0
115	-125	0	216.0	0
115	-120	0	216.0	0
115	-115	0	217.0	0
115	-110	0	216.0	0
115	-105	0	218.0	0
115	-100	0	217.0	0
115	-95	0	217.0	0
115	-90	0	219.0	0
115	-85	0	218.0	0
115	-80	0	220.0	0
115	-75	0	219.0	0
115	-70	0	220.0	0
115	-65	0	220.0	0
115	-60	0	219.0	0
115	-55	0	219.0	0
115	-50	0	220.0	0
115	-45	0	219.0	0
115	-40	0	220.0	0
115	-35	0	221.0	0
115	-30	0	219.0	0
115	-25	0	220.0	0
115	-20	0	220.0	0
115	-15	0	219.0	0
115	-10	0	218.0	0
115	-5	0	218.0	0
115	0	0	218.0	0
115	5	0	218.0	0
115	10	0	217.0	0
115	15	0	216.0	0
115	20	0	215.0	0
115	25	0	215.0	0
115	30	0	213.0	0
115	35	0	212.0	0
115	40	0	212.0	0
115	45	0	213.0	0
115	50	0	212.0	0
115	55	0	211.0	0
115	60	0	212.0	0
115	65	0	212.0	0
115	70	0	211.0	0
115	75	0	212.0	0
115	80	0	212.0	0
115	85	0	210.0	0
115	90	0	212.0	0
115	95	0	211.0	0
115	100	0	211.0	0
115	105	0	211.0	0
115	110	0	211.0	0
115	115	0	211.0	0
115	120	0	211.0	0
115	125	0	213.0	0
115	130	0	211.0	0
115	135	0	212.0	0
115	140	0	212.0	0
115	145	0	213.0	0
115	150	0	212.0	0
115	155	0	213.0	0
115	160	0	213.0	0
115	165	0	213.0	0
115	170	0	213.0	0
115	175	0	213.0	0
120	-180	0	214.0	0
120	-175	0	213.0	0
120	-170	0	215.0	0
120	-165	0	214.0	0
120	-160	0	215.0	0
120	-155	0	215.0	0
120	-150	0	215.0	0
120	-145	0	217.0	0
120	-140	0	216.0	0
120	-135	0	218.0	0
120	-130	0	218.0	0
120	-125	0	218.0	0
120	-120	0	219.0	0
120	-115	0	218.0	0
120	-110	0	219.0	0
120	-105	0	220.0	0
120	-100	0	220.0	0
120	-95	0	221.0	0
120	-90	0	221.0	0
120	-85	0	221.0	0
120	-80	0	221.0	0
120	-75	0	220.0	0
120	-70	0	222.0	0
120	-65	0	221.0	0
120	-60	0	222.0	0
120	-55	132.0	222.0	1
120	-50	0	221.0	0
120	-45	0	222.0	0
120	-40	0	220.0	0
120	-35	0	222.0	0
120	-30	0	221.0	0
120	-25	0	220.0	0
120	-20	0	221.0	0
120	-15	0	220.0	0
120	-10	0	221.0	0
120	-5	0	220.0	0
120	0	0	218.0	0
120	5	0	216.0	0
120	10	0	217.0	0
120	15	0	216.0	0
120	20	0	216.0	0
120	25	0	215.0	0
120	30	0	215.0	0
120	35	0	215.0	0
120	40	0	214.0	0
120	45	0	215.0	0
120	50	0	213.0	0
120	55	0	214.0	0
120	60	0	213.0	0
120	65	0	215.0	0
120	70	0	213.0	0
120	75	0	214.0	0
120	80	0	214.0	0
120	85	0	212.0	0
120	90	0	214.0	0
120	95	0	212.0	0
120	100	0	214.0	0
120	105	0	213.0	0
120	110	0	213.0	0
120	115	0	213.0	0
120	120	0	212.0	0
120	125	0	213.0	0
120	130	0	214.0	0
120	135	0	213.0	0
120	140	0	213.0	0
120	145	0	214.0	0
120	150	0	214.0	0
120	155	0	214.0	0
120	160	0	214.0	0
120	165	0	213.0	0
120	170	0	214.0	0
120	175	0	214.0	0
125	-180	0	213.0	0
125	-175	0	213.0	0
125	-170	0	214.0	0
125	-165	0	215.0	0
125	-160	0	216.0	0
125	-155	0	214.0	0
125	-150	0	216.0	0
125	-145	0	216.0	0
125	-140	0	216.0	0
125	-135	0	217.0	0
125	-130	0	217.0	0
125	-125	0	217.0	0
125	-120	0	217.0	0
125	-115	0	216.0	0
125	-110	0	217.0	0
125	-105	0	219.0	0
125	-100	0	218.0	0
125	-95	0	217.0	0
125	-90	0	220.0	0
125	-85	0	220.0	0
125	-80	0	219.0	0
125	-75	0	219.0	0
125	-70	0	221.0	0
125	-65	0	220.0	0
125	-60	0	220.0	0
125	-55	0	222.0	0
125	-50	0	220.0	0
125	-45	0	221.0	0
125	-40	0	221.0	0
125	-35	0	220.0	0
125	-30	0	220.0	0
125	-25	131.0	218.0	1
125	-20	0	219.0	0
125	-15	0	218.0	0
125	-10	0	219.0	0
125	-5	0	219.0	0
125	0	0	216.0	0
125	5	0	216.0	0
125	10	0	216.0	0
125	15	0	215.0	0
125	20	0	215.0	0
125	25	0	214.0	0
125	30	0	214.0	0
125	35	0	214.0	0
125	40	0	213.0	0
125	45	0	214.0	0
125	50	0	214.0	0
125	55	0	213.0	0
125	60	0	213.0	0
125	65	0	213.0	0
125	70	0	213.0	0
125	75	0	213.0	0
125	80	0	213.0	0
125	85	0	211.0	0
125	90	176.0	213.0	1
125	95	88.0	212.0	1
125	100	0	212.0	0
125	105	0	211.0	0
125	110	0	212.0	0
125	115	0	212.0	0
125	120	0	212.0	0
125	125	0	212.0	0
125	130	0	213.0	0
125	135	0	212.0	0
125	140	0	212.0	0
125	145	0	213.0	0
125	150	0	213.0	0
125	155	0	213.0	0
125	160	0	213.0	0
125	165	0	213.0	0
125	170	0	213.0	0
125	175	0	214.0	0
130	-180	0	213.0	0
130	-175	0	212.0	0
130	-170	0	213.0	0
130	-165	0	212.0	0
130	-160	0	212.0	0
130	-155	0	213.0	0
130	-150	0	213.0	0
130	-145	0	214.0	0
130	-140	0	214.0	0
130	-135	0	214.0	0
130	-130	0	215.0	0
130	-125	0	215.0	0
130	-120	0	215.0	0
130	-115	0	215.0	0
130	-110	0	215.0	0
130	-105	0	217.0	0
130	-100	0	218.0	0
130	-95	0	217.0	0
130	-90	0	218.0	0
130	-85	0	217.0	0
130	-80	0	219.0	0
130	-75	0	219.0	0
130	-70	0	218.0	0
130	-65	0	218.0	0
130	-60	0	218.0	0
130	-55	0	219.0	0
130	-50	0	218.0	0
130	-45	0	218.0	0
130	-40	0	218.0	0
130	-35	0	218.0	0
130	-30	0	218.0	0
130	-25	0	217.0	0
130	-20	0	216.0	0
130	-15	0	216.0	0
130	-10	0	214.0	0
130	-5	0	215.0	0
130	0	0	215.0	0
130	5	0	214.0	0
130	10	0	214.0	0
130	15	0	212.0	0
130	20	0	213.0	0
130	25	0	213.0	0
130	30	0	213.0	0
130	35	0	212.0	0
130	40	0	212.0	0
130	45	0	213.0	0
130	50	0	211.0	0
130	55	0	212.0	0
130	60	0	211.0	0
130	65	0	212.0	0
130	70	0	211.0	0
130	75	0	213.0	0
130	80	0	210.0	0
130	85	0	211.0	0
130	90	0	212.0	0
130	95	0	211.0	0
130	100	0	211.0	0
130	105	0	211.0	0
130	110	0	211.0	0
130	115	0	211.0	0
130	120	0	211.0	0
130	125	0	212.0	0
130	130	0	213.0	0
130	135	0	212.0	0
130	140	0	212.0	0
130	145	0	210.0	0
130	150	0	212.0	0
130	155	0	212.0	0
130	160	0	211.0	0
130	165	0	211.0	0
130	170	0	211.0	0
130	175	0	212.0	0
135	-180	0	211.0	0
135	-175	0	211.0	0
135	-170	0	212.0	0
135	-165	0	212.0	0
135	-160	0	213.0	0
135	-155	0	213.0	0
135	-150	0	213.0	0
135	-145	0	214.0	0
135	-140	0	215.0	0
135	-135	0	216.0	0
135	-130	0	214.0	0
135	-125	0	216.0	0
135	-120	0	214.0	0
135	-115	0	214.0	0
135	-110	0	216.0	0
135	-105	0	217.0	0
135	-100	0	216.0	0
135	-95	0	217.0	0
135	-90	0	217.0	0
135	-85	0	216.0	0
135	-80	0	218.0	0
135	-75	0	217.0	0
135	-70	0	217.0	0
135	-65	0	217.0	0
135	-60	0	216.0	0
135	-55	0	217.0	0
135	-50	0	216.0	0
135	-45	0	217.0	0
135	-40	0	217.0	0
135	-35	0	216.0	0
135	-30	0	217.0	0
135	-25	0	217.0	0
135	-20	0	216.0	0
135	-15	0	215.0	0
135	-10	0	214.0	0
135	-5	0	212.0	0
135	0	0	213.0	0
135	5	0	212.0	0
135	10	0	213.0	0
135	15	0	212.0	0
135	20	0	213.0	0
135	25	0	212.0	0
135	30	0	213.0	0
135	35	0	212.0	0
135	40	0	212.0	0
135	45	0	211.0	0
135	50	0	212.0	0
135	55	0	212.0	0
135	60	0	211.0	0
135	65	0	211.0	0
135	70	0	212.0	0
135	75	0	211.0	0
135	80	0	210.0	0
135	85	0	211.0	0
135	90	0	211.0	0
135	95	0	211.0	0
135	100	0	211.0	0
135	105	0	210.0	0
135	110	0	210.0	0
135	115	0	209.0	0
135	120	0	210.0	0
135	125	0	211.0	0
135	130	0	212.0	0
135	135	0	212.0	0
135	140	0	212.0	0
135	145	0	211.0	0
135	150	0	210.0	0
135	155	0	210.0	0
135	160	0	212.0	0
135	165	0	211.0	0
135	170	0	211.0	0
135	175	0	212.0	0
140	-180	0	211.0	0
140	-175	0	213.0	0
140	-170	0	212.0	0
140	-165	0	213.0	0
140	-160	0	213.0	0
140	-155	0	214.0	0
140	-150	0	213.0	0
140	-145	0	214.0	0
140	-140	0	215.0	0
140	-135	0	216.0	0
140	-130	0	215.0	0
140	-125	0	216.0	0
140	-120	0	215.0	0
140	-115	0	215.0	0
140	-110	0	215.0	0
140	-105	0	215.0	0
140	-100	0	216.0	0
140	-95	0	216.0	0
140	-90	0	216.0	0
140	-85	0	216.0	0
140	-80	0	216.0	0
140	-75	0	217.0	0
140	-70	0	216.0	0
140	-65	0	216.0	0
140	-60	0	217.0	0
140	-55	0	215.0	0
140	-50	0	217.0	0
140	-45	0	216.0	0
140	-40	0	216.0	0
140	-35	0	217.0	0
140	-30	0	217.0	0
140	-25	0	217.0	0
140	-20	0	216.0	0
140	-15	0	216.0	0
140	-10	0	215.0	0
140	-5	0	213.0	0
140	0	0	213.0	0
140	5	0	212.0	0
140	10	0	212.0	0
140	15	0	212.0	0
140	20	0	214.0	0
140	25	0	212.0	0
140	30	0	213.0	0
140	35	0	212.0	0
140	40	0	212.0	0
140	45	0	212.0	0
140	50	0	211.0	0
140	55	0	211.0	0
140	60	0	211.0	0
140	65	0	211.0	0
140	70	0	211.0	0
140	75	0	210.0	0
140	80	0	210.0	0
140	85	0	210.0	0
140	90	0	209.0	0
140	95	0	210.0	0
140	100	0	210.0	0
140	105	0	210.0	0
140	110	0	210.0	0
140	115	0	210.0	0
140	120	0	211.0	0
140	125	0	210.0	0
140	130	0	210.0	0
140	135	0	211.0	0
140	140	0	211.0	0
140	145	0	211.0	0
140	150	0	210.0	0
140	155	0	213.0	0
140	160	0	212.0	0
140	165	0	212.0	0
140	170	0	213.0	0
140	175	0	212.0	0
145	-180	0	210.0	0
145	-175	0	211.0	0
145	-170	0	211.0	0
145	-165	0	211.0	0
145	-160	0	212.0	0
145	-155	0	212.0	0
145	-150	0	212.0	0
145	-145	0	213.0	0
145	-140	0	214.0	0
145	-135	0	213.0	0
145	-130	0	214.0	0
145	-125	0	214.0	0
145	-120	0	215.0	0
145	-115	0	216.0	0
145	-110	0	215.0	0
145	-105	0	215.0	0
145	-100	0	214.0	0
145	-95	0	215.0	0
145	-90	0	217.0	0
145	-85	0	216.0	0
145	-80	0	216.0	0
145	-75	0	217.0	0
145	-70	0	216.0	0
145	-65	0	216.0	0
145	-60	0	217.0	0
145	-55	0	217.0	0
145	-50	0	217.0	0
145	-45	0	217.0	0
145	-40	0	216.0	0
145	-35	0	215.0	0
145	-30	0	215.0	0
145	-25	0	214.0	0
145	-20	0	214.0	0
145	-15	0	214.0	0
145	-10	0	212.0	0
145	-5	0	212.0	0
145	0	0	213.0	0
145	5	0	212.0	0
145	10	0	213.0	0
145	15	0	211.0	0
145	20	0	212.0	0
145	25	0	212.0	0
145	30	0	212.0	0
145	35	0	212.0	0
145	40	0	210.0	0
145	45	0	211.0	0
145	50	0	211.0	0
145	55	0	211.0	0
145	60	0	211.0	0
145	65	0	210.0	0
145	70	0	209.0	0
145	75	0	210.0	0
145	80	0	210.0	0
145	85	0	211.0	0
145	90	0	211.0	0
145	95	0	209.0	0
145	100	0	209.0	0
145	105	0	211.0	0
145	110	0	211.0	0
145	115	0	211.0	0
145	120	0	211.0	0
145	125	0	211.0	0
145	130	0	210.0	0
145	135	0	210.0	0
145	140	0	211.0	0
145	145	0	211.0	0
145	150	0	211.0	0
145	155	0	211.0	0
145	160	0	210.0	0
145	165	0	211.0	0
145	170	0	211.0	0
145	175	0	212.0	0
150	-180	0	211.0	0
150	-175	0	211.0	0
150	-170	0	211.0	0
150	-165	0	212.0	0
150	-160	0	212.0	0
150	-155	0	211.0	0
150	-150	0	211.0	0
150	-145	0	212.0	0
150	-140	0	213.0	0
150	-135	0	213.0	0
150	-130	0	213.0	0
150	-125	0	213.0	0
150	-120	0	213.0	0
150	-115	0	214.0	0
150	-110	0	214.0	0
150	-105	0	214.0	0
150	-100	0	214.0	0
150	-95	0	214.0	0
150	-90	0	214.0	0
150	-85	0	215.0	0
150	-80	0	214.0	0
150	-75	0	215.0	0
150	-70	0	215.0	0
150	-65	0	216.0	0
150	-60	0	215.0	0
150	-55	0	216.0	0
150	-50	0	215.0	0
150	-45	0	216.0	0
150	-40	0	216.0	0
150	-35	0	216.0	0
150	-30	0	216.0	0
150	-25	0	215.0	0
150	-20	0	216.0	0
150	-15	0	213.0	0
150	-10	0	213.0	0
150	-5	0	212.0	0
150	0	0	212.0	0
150	5	0	212.0	0
150	10	0	213.0	0
150	15	0	212.0	0
150	20	0	211.0	0
150	25	0	211.0	0
150	30	0	210.0	0
150	35	0	211.0	0
150	40	0	212.0	0
150	45	0	211.0	0
150	50	0	211.0	0
150	55	0	210.0	0
150	60	0	209.0	0
150	65	0	211.0	0
150	70	0	209.0	0
150	75	0	209.0	0
150	80	0	210.0	0
150	85	0	209.0	0
150	90	0	209.0	0
150	95	0	209.0	0
150	100	0	209.0	0
150	105	0	208.0	0
150	110	0	209.0	0
150	115	0	210.0	0
150	120	0	209.0	0
150	125	0	209.0	0
150	130	0	210.0	0
150	135	0	210.0	0
150	140	0	211.0	0
150	145	0	211.0	0
150	150	0	211.0	0
150	155	0	210.0	0
150	160	0	210.0	0
150	165	0	211.0	0
150	170	0	211.0	0
150	175	0	212.0	0
155	-180	0	210.0	0
155	-175	0	210.0	0
155	-170	0	209.0	0
155	-165	0	210.0	0
155	-160	0	210.0	0
155	-155	0	211.0	0
155	-150	0	211.0	0
155	-145	0	211.0	0
155	-140	0	213.0	0
155	-135	0	211.0	0
155	-130	0	212.0	0
155	-125	0	213.0	0
155	-120	0	212.0	0
155	-115	0	214.0	0
155	-110	0	214.0	0
155	-105	0	214.0	0
155	-100	0	214.0	0
155	-95	0	214.0	0
155	-90	116.0	214.0	1
155	-85	0	214.0	0
155	-80	0	214.0	0
155	-75	0	215.0	0
155	-70	0	214.0	0
155	-65	0	214.0	0
155	-60	0	213.0	0
155	-55	0	213.0	0
155	-50	0	214.0	0
155	-45	0	213.0	0
155	-40	0	214.0	0
155	-35	0	212.0	0
155	-30	0	213.0	0
155	-25	0	212.0	0
155	-20	0	212.0	0
155	-15	0	212.0	0
155	-10	0	212.0	0
155	-5	0	211.0	0
155	0	0	211.0	0
155	5	0	210.0	0
155	10	0	210.0	0
155	15	0	211.0	0
155	20	0	211.0	0
155	25	0	210.0	0
155	30	0	211.0	0
155	35	0	211.0	0
155	40	0	211.0	0
155	45	0	209.0	0
155	50	0	209.0	0
155	55	0	209.0	0
155	60	0	209.0	0
155	65	0	211.0	0
155	70	0	208.0	0
155	75	0	209.0	0
155	80	0	210.0	0
155	85	0	209.0	0
155	90	0	209.0	0
155	95	0	209.0	0
155	100	0	209.0	0
155	105	0	207.0	0
155	110	0	209.0	0
155	115	0	209.0	0
155	120	0	208.0	0
155	125	0	208.0	0
155	130	0	210.0	0
155	135	0	210.0	0
155	140	0	210.0	0
155	145	0	210.0	0
155	150	0	208.0	0
155	155	0	209.0	0
155	160	0	209.0	0
155	165	0	209.0	0
155	170	0	210.0	0
155	175	0	209.0	0
160	-180	0	209.0	0
160	-175	0	210.0	0
160	-170	0	209.0	0
160	-165	0	210.0	0
160	-160	0	209.0	0
160	-155	0	209.0	0
160	-150	0	211.0	0
160	-145	0	211.0	0
160	-140	0	211.0	0
160	-135	0	212.0	0
160	-130	0	212.0	0
160	-125	0	210.0	0
160	-120	0	211.0	0
160	-115	0	211.0	0
160	-110	0	212.0	0
160	-105	0	212.0	0
160	-100	0	212.0	0
160	-95	0	212.0	0
160	-90	0	213.0	0
160	-85	0	213.0	0
160	-80	0	213.0	0
160	-75	0	212.0	0
160	-70	0	212.0	0
160	-65	0	213.0	0
160	-60	0	212.0	0
160	-55	0	213.0	0
160	-50	0	213.0	0
160	-45	133.0	213.0	1
160	-40	117.0	212.0	1
160	-35	133.0	212.0	1
160	-30	0	212.0	0
160	-25	0	212.0	0
160	-20	0	211.0	0
160	-15	0	212.0	0
160	-10	0	211.0	0
160	-5	0	211.0	0
160	0	0	210.0	0
160	5	0	210.0	0
160	10	0	210.0	0
160	15	0	210.0	0
160	20	0	210.0	0
160	25	0	209.0	0
160	30	0	210.0	0
160	35	0	208.0	0
160	40	0	208.0	0
160	45	0	209.0	0
160	50	0	209.0	0
160	55	0	207.0	0
160	60	0	207.0	0
160	65	0	207.0	0
160	70	0	207.0	0
160	75	0	208.0	0
160	80	0	208.0	0
160	85	0	207.0	0
160	90	185.0	206.0	1
160	95	0	207.0	0
160	100	0	207.0	0
160	105	0	207.0	0
160	110	0	207.0	0
160	115	0	208.0	0
160	120	0	208.0	0
160	125	0	208.0	0
160	130	0	208.0	0
160	135	0	208.0	0
160	140	0	208.0	0
160	145	0	208.0	0
160	150	0	209.0	0
160	155	0	208.0	0
160	160	0	208.0	0
160	165	0	208.0	0
160	170	0	208.0	0
160	175	0	209.0	0
165	-180	0	208.0	0
165	-175	0	209.0	0
165	-170	0	209.0	0
165	-165	0	208.0	0
165	-160	0	209.0	0
165	-155	0	209.0	0
165	-150	0	210.0	0
165	-145	0	211.0	0
165	-140	0	211.0	0
165	-135	0	212.0	0
165	-130	0	212.0	0
165	-125	0	212.0	0
165	-120	0	212.0	0
165	-115	0	213.0	0
165	-110	0	213.0	0
165	-105	0	213.0	0
165	-100	0	213.0	0
165	-95	0	213.0	0
165	-90	0	213.0	0
165	-85	0	212.0	0
165	-80	0	213.0	0
165	-75	0	213.0	0
165	-70	0	212.0	0
165	-65	0	212.0	0
165	-60	0	212.0	0
165	-55	0	213.0	0
165	-50	0	213.0	0
165	-45	0	213.0	0
165	-40	0	213.0	0
165	-35	0	212.0	0
165	-30	0	211.0	0
165	-25	0	211.0	0
165	-20	0	212.0	0
165	-15	0	210.0	0
165	-10	0	209.0	0
165	-5	0	209.0	0
165	0	0	209.0	0
165	5	0	211.0	0
165	10	0	210.0	0
165	15	0	210.0	0
165	20	0	210.0	0
165	25	0	210.0	0
165	30	0	209.0	0
165	35	0	208.0	0
165	40	0	209.0	0
165	45	0	208.0	0
165	50	0	208.0	0
165	55	0	208.0	0
165	60	0	208.0	0
165	65	0	208.0	0
165	70	0	208.0	0
165	75	0	207.0	0
165	80	0	207.0	0
165	85	0	207.0	0
165	90	0	208.0	0
165	95	0	208.0	0
165	100	0	207.0	0
165	105	0	207.0	0
165	110	0	207.0	0
165	115	0	207.0	0
165	120	0	207.0	0
165	125	0	208.0	0
165	130	0	208.0	0
165	135	0	208.0	0
165	140	66.0	207.0	1
165	145	0	207.0	0
165	150	0	207.0	0
165	155	0	208.0	0
165	160	0	208.0	0
165	165	0	207.0	0
165	170	0	208.0	0
165	175	0	209.0	0
170	-180	0	207.0	0
170	-175	0	208.0	0
170	-170	0	208.0	0
170	-165	0	208.0	0
170	-160	0	209.0	0
170	-155	0	209.0	0
170	-150	0	209.0	0
170	-145	0	209.0	0
170	-140	0	210.0	0
170	-135	0	211.0	0
170	-130	0	212.0	0
170	-125	0	211.0	0
170	-120	0	211.0	0
170	-115	0	211.0	0
170	-110	0	212.0	0
170	-105	0	211.0	0
170	-100	0	211.0	0
170	-95	0	211.0	0
170	-90	0	213.0	0
170	-85	0	212.0	0
170	-80	0	212.0	0
170	-75	0	212.0	0
170	-70	0	212.0	0
170	-65	0	211.0	0
170	-60	0	210.0	0
170	-55	0	212.0	0
170	-50	0	211.0	0
170	-45	0	211.0	0
170	-40	0	211.0	0
170	-35	89.0	211.0	1
170	-30	0	211.0	0
170	-25	0	210.0	0
170	-20	0	209.0	0
170	-15	0	210.0	0
170	-10	0	209.0	0
170	-5	0	210.0	0
170	0	0	209.0	0
170	5	0	209.0	0
170	10	0	208.0	0
170	15	0	208.0	0
170	20	0	208.0	0
170	25	0	207.0	0
170	30	0	207.0	0
170	35	0	207.0	0
170	40	0	208.0	0
170	45	0	208.0	0
170	50	0	208.0	0
170	55	0	207.0	0
170	60	0	207.0	0
170	65	0	206.0	0
170	70	0	207.0	0
170	75	0	208.0	0
170	80	0	207.0	0
170	85	0	207.0	0
170	90	0	206.0	0
170	95	0	206.0	0
170	100	0	207.0	0
170	105	0	206.0	0
170	110	0	206.0	0
170	115	0	206.0	0
170	120	0	207.0	0
170	125	0	206.0	0
170	130	0	207.0	0
170	135	0	206.0	0
170	140	73.0	206.0	1
170	145	0	206.0	0
170	150	0	206.0	0
170	155	0	206.0	0
170	160	0	207.0	0
170	165	0	206.0	0
170	170	0	207.0	0
170	175	0	209.0	0
175	-180	0	207.0	0
175	-175	0	207.0	0
175	-170	0	207.0	0
175	-165	0	208.0	0
175	-160	0	210.0	0
175	-155	0	209.0	0
175	-150	0	209.0	0
175	-145	0	209.0	0
175	-140	0	209.0	0
175	-135	0	211.0	0
175	-130	0	211.0	0
175	-125	0	211.0	0
175	-120	0	212.0	0
175	-115	0	211.0	0
175	-110	0	212.0	0
175	-105	0	212.0	0
175	-100	0	212.0	0
175	-95	0	212.0	0
175	-90	23.0	213.0	1
175	-85	0	213.0	0
175	-80	0	212.0	0
175	-75	0	212.0	0
175	-70	0	211.0	0
175	-65	0	211.0	0
175	-60	0	211.0	0
175	-55	0	211.0	0
175	-50	0	211.0	0
175	-45	0	211.0	0
175	-40	0	211.0	0
175	-35	0	211.0	0
175	-30	0	211.0	0
175	-25	0	209.0	0
175	-20	0	209.0	0
175	-15	0	210.0	0
175	-10	0	209.0	0
175	-5	0	210.0	0
175	0	0	209.0	0
175	5	0	208.0	0
175	10	0	209.0	0
175	15	0	208.0	0
175	20	0	208.0	0
175	25	0	208.0	0
175	30	0	208.0	0
175	35	0	207.0	0
175	40	0	208.0	0
175	45	0	208.0	0
175	50	0	207.0	0
175	55	0	208.0	0
175	60	0	208.0	0
175	65	0	207.0	0
175	70	0	207.0	0
175	75	0	208.0	0
175	80	0	208.0	0
175	85	0	208.0	0
175	90	0	208.0	0
175	95	0	207.0	0
175	100	0	207.0	0
175	105	0	205.0	0
175	110	0	206.0	0
175	115	0	206.0	0
175	120	0	206.0	0
175	125	0	205.0	0
175	130	0	206.0	0
175	135	0	206.0	0
175	140	0	206.0	0
175	145	0	206.0	0
175	150	0	205.0	0
175	155	0	206.0	0
175	160	137.0	207.0	1
175	165	0	206.0	0
175	170	117.0	208.0	1
175	175	0	207.0	0
