Phi	Psi	max_obs_SA	max_theo_SA	obs_bin_pop
-180	-180	48.0	86.0	32
-180	-175	59.0	85.0	39
-180	-170	71.0	86.0	26
-180	-165	41.0	86.0	19
-180	-160	43.0	86.0	15
-180	-155	40.0	86.0	10
-180	-150	35.0	87.0	11
-180	-145	24.0	87.0	2
-180	-140	27.0	88.0	2
-180	-135	0	87.0	0
-180	-130	0	88.0	1
-180	-125	29.0	88.0	1
-180	-120	12.0	88.0	1
-180	-115	0	88.0	0
-180	-110	0	89.0	0
-180	-105	0	89.0	0
-180	-100	0	89.0	0
-180	-95	26.0	89.0	1
-180	-90	0	89.0	0
-180	-85	0	89.0	0
-180	-80	0	89.0	0
-180	-75	0	89.0	0
-180	-70	0	89.0	0
-180	-65	0	90.0	0
-180	-60	0	90.0	0
-180	-55	0	90.0	0
-180	-50	0	91.0	0
-180	-45	0	91.0	0
-180	-40	0	91.0	0
-180	-35	0	92.0	0
-180	-30	0	91.0	0
-180	-25	0	92.0	0
-180	-20	0	91.0	0
-180	-15	0	91.0	0
-180	-10	0	91.0	0
-180	-5	0	91.0	0
-180	0	0	90.0	0
-180	5	0	91.0	0
-180	10	0	91.0	0
-180	15	0	89.0	0
-180	20	0	90.0	0
-180	25	0	90.0	0
-180	30	0	90.0	0
-180	35	0	91.0	0
-180	40	0	92.0	1
-180	45	0	92.0	0
-180	50	0	93.0	0
-180	55	0	93.0	0
-180	60	0	91.0	0
-180	65	0	91.0	0
-180	70	0	90.0	0
-180	75	0	89.0	0
-180	80	0	89.0	0
-180	85	0	89.0	0
-180	90	0	90.0	0
-180	95	0	90.0	0
-180	100	0	89.0	0
-180	105	0	88.0	0
-180	110	0	88.0	1
-180	115	0	88.0	0
-180	120	0	87.0	0
-180	125	0	87.0	0
-180	130	23.0	87.0	1
-180	135	18.0	87.0	2
-180	140	49.0	88.0	1
-180	145	16.0	87.0	1
-180	150	28.0	87.0	5
-180	155	64.0	86.0	17
-180	160	33.0	86.0	6
-180	165	40.0	87.0	20
-180	170	59.0	86.0	32
-180	175	43.0	86.0	40
-175	-180	46.0	87.0	37
-175	-175	65.0	86.0	41
-175	-170	34.0	87.0	26
-175	-165	45.0	85.0	31
-175	-160	41.0	86.0	21
-175	-155	84.0	87.0	18
-175	-150	22.0	86.0	4
-175	-145	35.0	87.0	5
-175	-140	0	86.0	0
-175	-135	36.0	86.0	1
-175	-130	15.0	85.0	2
-175	-125	0	87.0	0
-175	-120	0	88.0	0
-175	-115	11.0	87.0	1
-175	-110	48.0	88.0	2
-175	-105	39.0	88.0	1
-175	-100	0	89.0	0
-175	-95	0	88.0	0
-175	-90	0	89.0	0
-175	-85	40.0	89.0	1
-175	-80	0	89.0	0
-175	-75	0	89.0	0
-175	-70	0	89.0	0
-175	-65	0	89.0	0
-175	-60	0	88.0	0
-175	-55	0	90.0	0
-175	-50	0	90.0	0
-175	-45	0	90.0	0
-175	-40	0	90.0	0
-175	-35	0	91.0	0
-175	-30	0	91.0	0
-175	-25	0	90.0	0
-175	-20	0	90.0	0
-175	-15	0	91.0	0
-175	-10	0	89.0	0
-175	-5	0	92.0	0
-175	0	0	92.0	0
-175	5	0	90.0	0
-175	10	0	91.0	0
-175	15	0	91.0	0
-175	20	0	91.0	0
-175	25	1.0	91.0	1
-175	30	0	90.0	0
-175	35	0	90.0	0
-175	40	0	90.0	0
-175	45	0	90.0	0
-175	50	0	89.0	0
-175	55	0	88.0	1
-175	60	0	89.0	0
-175	65	0	90.0	0
-175	70	0	90.0	0
-175	75	0	90.0	0
-175	80	0	89.0	0
-175	85	0	89.0	0
-175	90	17.0	89.0	1
-175	95	10.0	88.0	1
-175	100	0	88.0	1
-175	105	0	87.0	0
-175	110	0	86.0	0
-175	115	5.0	86.0	1
-175	120	0	86.0	1
-175	125	0	87.0	0
-175	130	40.0	86.0	2
-175	135	0	86.0	0
-175	140	16.0	86.0	5
-175	145	30.0	86.0	4
-175	150	29.0	87.0	8
-175	155	41.0	87.0	11
-175	160	45.0	86.0	27
-175	165	35.0	86.0	23
-175	170	43.0	86.0	32
-175	175	31.0	86.0	45
-170	-180	65.0	87.0	27
-170	-175	45.0	86.0	35
-170	-170	11.0	87.0	24
-170	-165	34.0	86.0	13
-170	-160	29.0	87.0	19
-170	-155	36.0	86.0	10
-170	-150	33.0	88.0	8
-170	-145	39.0	86.0	5
-170	-140	21.0	87.0	1
-170	-135	40.0	87.0	1
-170	-130	0	86.0	0
-170	-125	0	87.0	2
-170	-120	0	87.0	0
-170	-115	0	87.0	0
-170	-110	0	86.0	0
-170	-105	0	86.0	0
-170	-100	37.0	88.0	1
-170	-95	0	89.0	0
-170	-90	0	89.0	0
-170	-85	14.0	88.0	1
-170	-80	0	89.0	0
-170	-75	4.0	90.0	1
-170	-70	0	90.0	0
-170	-65	0	90.0	0
-170	-60	0	90.0	0
-170	-55	0	90.0	0
-170	-50	62.0	89.0	1
-170	-45	0	90.0	0
-170	-40	0	91.0	0
-170	-35	50.0	90.0	2
-170	-30	0	90.0	0
-170	-25	0	90.0	0
-170	-20	0	90.0	0
-170	-15	0	91.0	0
-170	-10	64.0	91.0	1
-170	-5	55.0	91.0	2
-170	0	0	91.0	0
-170	5	4.0	91.0	1
-170	10	0	93.0	0
-170	15	0	90.0	0
-170	20	0	90.0	0
-170	25	0	90.0	0
-170	30	0	90.0	0
-170	35	8.0	92.0	1
-170	40	0	91.0	0
-170	45	0	91.0	0
-170	50	0	91.0	0
-170	55	0	91.0	0
-170	60	0	90.0	0
-170	65	0	90.0	0
-170	70	2.0	91.0	1
-170	75	0	89.0	0
-170	80	0	89.0	0
-170	85	0	89.0	0
-170	90	0	89.0	0
-170	95	0	89.0	0
-170	100	0	89.0	0
-170	105	0	89.0	0
-170	110	0	88.0	0
-170	115	0	88.0	0
-170	120	0	87.0	0
-170	125	7.0	87.0	3
-170	130	34.0	87.0	1
-170	135	19.0	87.0	3
-170	140	47.0	86.0	6
-170	145	34.0	86.0	7
-170	150	21.0	85.0	13
-170	155	29.0	87.0	21
-170	160	35.0	86.0	29
-170	165	38.0	86.0	42
-170	170	38.0	86.0	41
-170	175	46.0	86.0	40
-165	-180	30.0	88.0	28
-165	-175	45.0	88.0	26
-165	-170	46.0	87.0	25
-165	-165	32.0	88.0	12
-165	-160	37.0	87.0	10
-165	-155	37.0	87.0	9
-165	-150	24.0	87.0	4
-165	-145	0	87.0	0
-165	-140	21.0	86.0	2
-165	-135	0	87.0	0
-165	-130	31.0	87.0	2
-165	-125	0	88.0	0
-165	-120	8.0	88.0	1
-165	-115	0	87.0	0
-165	-110	0	88.0	0
-165	-105	0	89.0	0
-165	-100	44.0	89.0	2
-165	-95	0	89.0	0
-165	-90	0	89.0	0
-165	-85	7.0	89.0	1
-165	-80	0	88.0	0
-165	-75	0	88.0	0
-165	-70	0	89.0	0
-165	-65	0	90.0	0
-165	-60	0	90.0	0
-165	-55	0	90.0	0
-165	-50	0	90.0	0
-165	-45	0	90.0	0
-165	-40	30.0	90.0	1
-165	-35	0	91.0	0
-165	-30	0	90.0	0
-165	-25	65.0	92.0	1
-165	-20	0	91.0	0
-165	-15	0	92.0	0
-165	-10	0	91.0	0
-165	-5	0	91.0	0
-165	0	0	92.0	0
-165	5	0	91.0	0
-165	10	0	92.0	0
-165	15	0	91.0	0
-165	20	0	91.0	0
-165	25	0	91.0	0
-165	30	34.0	90.0	2
-165	35	0	91.0	0
-165	40	0	90.0	0
-165	45	0	90.0	0
-165	50	0	91.0	0
-165	55	0	90.0	0
-165	60	7.0	90.0	2
-165	65	0	90.0	0
-165	70	14.0	89.0	1
-165	75	0	89.0	0
-165	80	0	89.0	0
-165	85	0	88.0	0
-165	90	0	88.0	0
-165	95	0	89.0	0
-165	100	0	88.0	0
-165	105	0	88.0	0
-165	110	0	88.0	0
-165	115	0	88.0	1
-165	120	0	87.0	0
-165	125	12.0	86.0	1
-165	130	7.0	87.0	2
-165	135	29.0	87.0	4
-165	140	17.0	86.0	8
-165	145	11.0	87.0	10
-165	150	44.0	86.0	16
-165	155	67.0	86.0	18
-165	160	24.0	87.0	23
-165	165	30.0	87.0	31
-165	170	39.0	86.0	43
-165	175	47.0	86.0	43
-160	-180	37.0	88.0	31
-160	-175	50.0	86.0	21
-160	-170	42.0	87.0	19
-160	-165	38.0	87.0	10
-160	-160	20.0	86.0	6
-160	-155	42.0	87.0	8
-160	-150	14.0	87.0	6
-160	-145	4.0	89.0	3
-160	-140	0	87.0	0
-160	-135	0	88.0	1
-160	-130	0	87.0	0
-160	-125	28.0	88.0	2
-160	-120	40.0	88.0	1
-160	-115	0	87.0	0
-160	-110	0	88.0	0
-160	-105	0	88.0	0
-160	-100	0	88.0	0
-160	-95	50.0	89.0	1
-160	-90	0	89.0	0
-160	-85	0	90.0	0
-160	-80	0	90.0	0
-160	-75	0	91.0	0
-160	-70	0	90.0	0
-160	-65	3.0	90.0	1
-160	-60	0	90.0	0
-160	-55	0	89.0	0
-160	-50	0	90.0	0
-160	-45	0	90.0	0
-160	-40	0	90.0	0
-160	-35	0	90.0	0
-160	-30	0	91.0	0
-160	-25	0	90.0	0
-160	-20	0	90.0	0
-160	-15	0	91.0	0
-160	-10	0	91.0	0
-160	-5	0	91.0	0
-160	0	0	92.0	0
-160	5	0	91.0	0
-160	10	0	92.0	0
-160	15	9.0	92.0	1
-160	20	0	91.0	0
-160	25	0	91.0	0
-160	30	54.0	91.0	2
-160	35	0	91.0	1
-160	40	0	91.0	0
-160	45	0	91.0	0
-160	50	0	91.0	0
-160	55	40.0	91.0	3
-160	60	0	90.0	0
-160	65	0	91.0	0
-160	70	0	90.0	0
-160	75	0	90.0	0
-160	80	0	89.0	0
-160	85	0	89.0	0
-160	90	1.0	88.0	1
-160	95	0	89.0	0
-160	100	0	88.0	0
-160	105	2.0	88.0	1
-160	110	0	88.0	0
-160	115	41.0	88.0	2
-160	120	0	88.0	0
-160	125	47.0	88.0	2
-160	130	5.0	88.0	2
-160	135	11.0	88.0	1
-160	140	27.0	87.0	6
-160	145	58.0	86.0	12
-160	150	54.0	87.0	24
-160	155	29.0	86.0	17
-160	160	24.0	87.0	28
-160	165	29.0	85.0	30
-160	170	35.0	86.0	29
-160	175	27.0	86.0	33
-155	-180	49.0	85.0	24
-155	-175	42.0	86.0	20
-155	-170	37.0	87.0	18
-155	-165	48.0	87.0	9
-155	-160	50.0	87.0	8
-155	-155	31.0	87.0	5
-155	-150	32.0	87.0	3
-155	-145	32.0	86.0	3
-155	-140	41.0	88.0	4
-155	-135	41.0	87.0	5
-155	-130	23.0	87.0	1
-155	-125	46.0	87.0	2
-155	-120	0	87.0	0
-155	-115	32.0	88.0	2
-155	-110	0	88.0	0
-155	-105	0	88.0	0
-155	-100	0	87.0	0
-155	-95	0	88.0	0
-155	-90	0	89.0	0
-155	-85	0	90.0	0
-155	-80	0	90.0	0
-155	-75	0	91.0	0
-155	-70	0	89.0	0
-155	-65	0	89.0	0
-155	-60	0	89.0	0
-155	-55	0	91.0	0
-155	-50	0	91.0	0
-155	-45	0	92.0	0
-155	-40	0	89.0	0
-155	-35	0	91.0	0
-155	-30	0	90.0	0
-155	-25	0	91.0	0
-155	-20	0	91.0	0
-155	-15	0	90.0	0
-155	-10	2.0	91.0	1
-155	-5	0	91.0	0
-155	0	0	91.0	1
-155	5	0	90.0	0
-155	10	0	92.0	0
-155	15	57.0	91.0	2
-155	20	0	90.0	0
-155	25	0	91.0	0
-155	30	0	91.0	1
-155	35	0	91.0	0
-155	40	2.0	91.0	1
-155	45	0	91.0	0
-155	50	35.0	91.0	1
-155	55	51.0	90.0	1
-155	60	0	91.0	0
-155	65	0	90.0	0
-155	70	0	90.0	0
-155	75	0	90.0	0
-155	80	0	89.0	0
-155	85	23.0	88.0	1
-155	90	0	88.0	0
-155	95	0	88.0	0
-155	100	0	88.0	0
-155	105	0	88.0	0
-155	110	43.0	88.0	1
-155	115	11.0	87.0	2
-155	120	0	88.0	0
-155	125	0	87.0	1
-155	130	37.0	88.0	4
-155	135	13.0	88.0	4
-155	140	38.0	87.0	12
-155	145	50.0	87.0	17
-155	150	27.0	87.0	15
-155	155	47.0	86.0	22
-155	160	38.0	87.0	30
-155	165	43.0	87.0	28
-155	170	45.0	86.0	28
-155	175	33.0	86.0	31
-150	-180	53.0	87.0	13
-150	-175	33.0	86.0	21
-150	-170	32.0	86.0	11
-150	-165	40.0	87.0	8
-150	-160	32.0	87.0	7
-150	-155	28.0	86.0	3
-150	-150	38.0	86.0	5
-150	-145	7.0	87.0	2
-150	-140	6.0	86.0	3
-150	-135	0	86.0	0
-150	-130	0	87.0	0
-150	-125	46.0	87.0	1
-150	-120	34.0	87.0	4
-150	-115	0	87.0	1
-150	-110	0	87.0	1
-150	-105	0	89.0	0
-150	-100	0	88.0	0
-150	-95	0	88.0	0
-150	-90	0	89.0	0
-150	-85	0	88.0	0
-150	-80	0	88.0	0
-150	-75	0	90.0	0
-150	-70	0	90.0	0
-150	-65	0	90.0	0
-150	-60	0	89.0	0
-150	-55	0	91.0	0
-150	-50	0	92.0	0
-150	-45	0	90.0	0
-150	-40	0	90.0	0
-150	-35	0	92.0	0
-150	-30	0	91.0	0
-150	-25	0	92.0	0
-150	-20	62.0	92.0	1
-150	-15	0	91.0	0
-150	-10	0	92.0	0
-150	-5	0	92.0	0
-150	0	0	92.0	0
-150	5	0	92.0	0
-150	10	0	90.0	0
-150	15	0	92.0	0
-150	20	0	91.0	0
-150	25	0	91.0	1
-150	30	83.0	91.0	1
-150	35	5.0	91.0	2
-150	40	0	91.0	0
-150	45	0	90.0	0
-150	50	0	90.0	0
-150	55	0	91.0	0
-150	60	0	90.0	0
-150	65	47.0	91.0	2
-150	70	0	90.0	0
-150	75	0	90.0	0
-150	80	0	90.0	0
-150	85	44.0	90.0	2
-150	90	0	89.0	0
-150	95	0	88.0	0
-150	100	0	89.0	0
-150	105	0	89.0	1
-150	110	0	88.0	1
-150	115	0	87.0	0
-150	120	0	87.0	0
-150	125	35.0	87.0	4
-150	130	0	87.0	0
-150	135	18.0	87.0	3
-150	140	10.0	87.0	8
-150	145	69.0	86.0	17
-150	150	36.0	87.0	20
-150	155	46.0	87.0	39
-150	160	41.0	87.0	25
-150	165	34.0	87.0	24
-150	170	51.0	87.0	26
-150	175	9.0	86.0	12
-145	-180	30.0	87.0	18
-145	-175	47.0	86.0	7
-145	-170	44.0	86.0	10
-145	-165	14.0	86.0	9
-145	-160	46.0	87.0	3
-145	-155	56.0	86.0	6
-145	-150	41.0	87.0	3
-145	-145	9.0	87.0	3
-145	-140	51.0	86.0	5
-145	-135	24.0	87.0	1
-145	-130	13.0	87.0	2
-145	-125	12.0	87.0	2
-145	-120	0	87.0	0
-145	-115	35.0	88.0	1
-145	-110	0	88.0	0
-145	-105	0	88.0	0
-145	-100	0	88.0	0
-145	-95	0	88.0	0
-145	-90	0	89.0	0
-145	-85	0	89.0	0
-145	-80	0	90.0	0
-145	-75	0	90.0	0
-145	-70	0	89.0	0
-145	-65	0	89.0	0
-145	-60	0	89.0	0
-145	-55	0	90.0	0
-145	-50	0	89.0	0
-145	-45	0	91.0	0
-145	-40	8.0	90.0	1
-145	-35	0	90.0	0
-145	-30	2.0	90.0	1
-145	-25	0	90.0	0
-145	-20	0	91.0	0
-145	-15	0	90.0	0
-145	-10	0	91.0	0
-145	-5	6.0	90.0	1
-145	0	0	91.0	0
-145	5	73.0	91.0	2
-145	10	0	91.0	1
-145	15	31.0	92.0	3
-145	20	52.0	92.0	3
-145	25	0	92.0	0
-145	30	3.0	91.0	2
-145	35	0	92.0	1
-145	40	3.0	92.0	1
-145	45	0	92.0	0
-145	50	7.0	91.0	1
-145	55	0	91.0	0
-145	60	0	90.0	0
-145	65	61.0	91.0	1
-145	70	7.0	90.0	1
-145	75	0	90.0	0
-145	80	0	89.0	0
-145	85	14.0	90.0	2
-145	90	0	89.0	0
-145	95	0	88.0	0
-145	100	0	89.0	2
-145	105	0	88.0	0
-145	110	0	87.0	0
-145	115	0	88.0	0
-145	120	0	88.0	0
-145	125	0	87.0	1
-145	130	26.0	87.0	4
-145	135	50.0	86.0	11
-145	140	46.0	87.0	13
-145	145	39.0	86.0	24
-145	150	25.0	86.0	17
-145	155	44.0	87.0	30
-145	160	43.0	85.0	25
-145	165	33.0	86.0	21
-145	170	43.0	86.0	20
-145	175	36.0	86.0	14
-140	-180	41.0	86.0	10
-140	-175	80.0	86.0	15
-140	-170	36.0	86.0	12
-140	-165	40.0	87.0	8
-140	-160	38.0	86.0	8
-140	-155	23.0	88.0	4
-140	-150	45.0	87.0	3
-140	-145	42.0	87.0	6
-140	-140	43.0	87.0	1
-140	-135	47.0	88.0	4
-140	-130	32.0	88.0	3
-140	-125	1.0	87.0	1
-140	-120	13.0	88.0	1
-140	-115	0	88.0	0
-140	-110	27.0	88.0	1
-140	-105	0	88.0	0
-140	-100	32.0	88.0	1
-140	-95	0	89.0	0
-140	-90	0	89.0	0
-140	-85	0	89.0	0
-140	-80	0	89.0	0
-140	-75	0	89.0	0
-140	-70	0	90.0	0
-140	-65	0	91.0	0
-140	-60	0	89.0	0
-140	-55	0	92.0	0
-140	-50	0	91.0	0
-140	-45	0	91.0	0
-140	-40	0	91.0	0
-140	-35	0	91.0	0
-140	-30	0	92.0	0
-140	-25	59.0	91.0	1
-140	-20	0	92.0	1
-140	-15	0	92.0	0
-140	-10	0	92.0	0
-140	-5	21.0	91.0	2
-140	0	72.0	91.0	2
-140	5	47.0	93.0	4
-140	10	81.0	93.0	2
-140	15	47.0	92.0	3
-140	20	0	92.0	0
-140	25	59.0	92.0	2
-140	30	0	93.0	0
-140	35	61.0	93.0	1
-140	40	0	92.0	0
-140	45	0	92.0	0
-140	50	1.0	92.0	1
-140	55	0	93.0	0
-140	60	0	93.0	0
-140	65	0	91.0	0
-140	70	5.0	90.0	1
-140	75	0	91.0	1
-140	80	0	90.0	1
-140	85	0	90.0	0
-140	90	53.0	90.0	2
-140	95	0	89.0	0
-140	100	0	88.0	0
-140	105	0	87.0	0
-140	110	0	87.0	0
-140	115	2.0	87.0	3
-140	120	8.0	87.0	3
-140	125	0	87.0	1
-140	130	0	87.0	3
-140	135	26.0	87.0	9
-140	140	48.0	88.0	16
-140	145	42.0	87.0	23
-140	150	57.0	86.0	26
-140	155	71.0	86.0	28
-140	160	36.0	87.0	15
-140	165	49.0	86.0	21
-140	170	30.0	88.0	14
-140	175	50.0	86.0	19
-135	-180	26.0	85.0	6
-135	-175	49.0	86.0	11
-135	-170	65.0	86.0	8
-135	-165	36.0	86.0	14
-135	-160	47.0	87.0	6
-135	-155	40.0	88.0	7
-135	-150	37.0	87.0	5
-135	-145	2.0	88.0	5
-135	-140	41.0	88.0	3
-135	-135	22.0	88.0	3
-135	-130	8.0	88.0	1
-135	-125	25.0	87.0	4
-135	-120	47.0	88.0	3
-135	-115	41.0	88.0	1
-135	-110	24.0	88.0	1
-135	-105	0	89.0	1
-135	-100	44.0	88.0	2
-135	-95	0	89.0	0
-135	-90	0	89.0	1
-135	-85	0	89.0	0
-135	-80	0	90.0	0
-135	-75	0	90.0	0
-135	-70	0	90.0	0
-135	-65	0	90.0	0
-135	-60	15.0	90.0	1
-135	-55	0	91.0	0
-135	-50	0	91.0	0
-135	-45	0	90.0	0
-135	-40	0	90.0	0
-135	-35	0	90.0	0
-135	-30	0	90.0	1
-135	-25	0	90.0	0
-135	-20	0	91.0	0
-135	-15	0	91.0	0
-135	-10	3.0	91.0	1
-135	-5	63.0	91.0	2
-135	0	21.0	91.0	2
-135	5	11.0	93.0	1
-135	10	6.0	93.0	1
-135	15	81.0	93.0	4
-135	20	75.0	93.0	5
-135	25	5.0	93.0	3
-135	30	30.0	94.0	3
-135	35	21.0	93.0	3
-135	40	0	93.0	1
-135	45	7.0	92.0	1
-135	50	0	93.0	0
-135	55	0	93.0	0
-135	60	0	92.0	0
-135	65	0	92.0	0
-135	70	0	92.0	0
-135	75	0	92.0	0
-135	80	0	90.0	1
-135	85	35.0	91.0	2
-135	90	0	90.0	0
-135	95	0	89.0	0
-135	100	0	89.0	0
-135	105	2.0	89.0	2
-135	110	56.0	89.0	2
-135	115	28.0	88.0	1
-135	120	0	87.0	1
-135	125	28.0	87.0	4
-135	130	57.0	86.0	15
-135	135	17.0	87.0	10
-135	140	50.0	87.0	18
-135	145	57.0	87.0	30
-135	150	41.0	86.0	25
-135	155	30.0	87.0	23
-135	160	13.0	87.0	18
-135	165	42.0	87.0	20
-135	170	54.0	88.0	17
-135	175	32.0	87.0	11
-130	-180	34.0	86.0	4
-130	-175	54.0	86.0	15
-130	-170	38.0	86.0	8
-130	-165	48.0	86.0	9
-130	-160	49.0	87.0	16
-130	-155	28.0	87.0	4
-130	-150	12.0	87.0	4
-130	-145	45.0	86.0	4
-130	-140	11.0	86.0	6
-130	-135	49.0	87.0	5
-130	-130	36.0	87.0	5
-130	-125	47.0	88.0	3
-130	-120	45.0	88.0	1
-130	-115	0	88.0	0
-130	-110	16.0	88.0	1
-130	-105	0	89.0	0
-130	-100	34.0	88.0	1
-130	-95	0	89.0	0
-130	-90	29.0	89.0	1
-130	-85	8.0	89.0	1
-130	-80	0	90.0	0
-130	-75	0	90.0	0
-130	-70	0	90.0	0
-130	-65	0	89.0	0
-130	-60	1.0	89.0	1
-130	-55	31.0	90.0	1
-130	-50	0	90.0	0
-130	-45	0	91.0	0
-130	-40	0	90.0	0
-130	-35	0	91.0	0
-130	-30	14.0	92.0	2
-130	-25	1.0	91.0	1
-130	-20	0	92.0	0
-130	-15	0	93.0	0
-130	-10	61.0	93.0	2
-130	-5	9.0	93.0	2
-130	0	63.0	93.0	3
-130	5	14.0	93.0	2
-130	10	7.0	94.0	1
-130	15	5.0	93.0	1
-130	20	19.0	94.0	4
-130	25	51.0	92.0	3
-130	30	0	93.0	0
-130	35	34.0	94.0	3
-130	40	0	93.0	0
-130	45	0	94.0	0
-130	50	5.0	94.0	1
-130	55	20.0	92.0	1
-130	60	0	93.0	2
-130	65	1.0	93.0	2
-130	70	18.0	93.0	1
-130	75	0	92.0	0
-130	80	0	92.0	0
-130	85	0	94.0	0
-130	90	0	91.0	0
-130	95	0	91.0	0
-130	100	0	90.0	0
-130	105	64.0	90.0	3
-130	110	30.0	89.0	6
-130	115	0	88.0	0
-130	120	4.0	88.0	4
-130	125	23.0	87.0	5
-130	130	22.0	87.0	11
-130	135	32.0	87.0	14
-130	140	17.0	87.0	18
-130	145	32.0	86.0	28
-130	150	26.0	86.0	27
-130	155	10.0	86.0	21
-130	160	38.0	86.0	18
-130	165	42.0	86.0	14
-130	170	39.0	85.0	12
-130	175	39.0	87.0	10
-125	-180	47.0	86.0	10
-125	-175	41.0	86.0	8
-125	-170	40.0	86.0	11
-125	-165	36.0	87.0	6
-125	-160	45.0	87.0	10
-125	-155	45.0	86.0	6
-125	-150	41.0	87.0	9
-125	-145	28.0	88.0	3
-125	-140	59.0	87.0	4
-125	-135	1.0	87.0	1
-125	-130	43.0	87.0	5
-125	-125	40.0	88.0	1
-125	-120	35.0	88.0	2
-125	-115	30.0	88.0	2
-125	-110	0	91.0	0
-125	-105	0	90.0	0
-125	-100	31.0	89.0	1
-125	-95	13.0	90.0	1
-125	-90	52.0	90.0	2
-125	-85	0	90.0	0
-125	-80	0	90.0	0
-125	-75	0	90.0	0
-125	-70	43.0	90.0	2
-125	-65	0	90.0	0
-125	-60	36.0	90.0	1
-125	-55	0	91.0	0
-125	-50	0	90.0	0
-125	-45	44.0	90.0	1
-125	-40	0	90.0	0
-125	-35	0	91.0	0
-125	-30	69.0	91.0	1
-125	-25	0	92.0	1
-125	-20	0	92.0	0
-125	-15	46.0	92.0	1
-125	-10	10.0	93.0	2
-125	-5	53.0	94.0	3
-125	0	70.0	94.0	5
-125	5	50.0	93.0	6
-125	10	83.0	95.0	4
-125	15	52.0	93.0	5
-125	20	66.0	94.0	3
-125	25	81.0	95.0	3
-125	30	1.0	95.0	2
-125	35	22.0	95.0	2
-125	40	0	95.0	0
-125	45	0	96.0	0
-125	50	3.0	95.0	1
-125	55	0	95.0	0
-125	60	0	96.0	0
-125	65	74.0	94.0	2
-125	70	0	93.0	1
-125	75	57.0	93.0	3
-125	80	0	93.0	0
-125	85	0	93.0	0
-125	90	0	92.0	1
-125	95	0	92.0	0
-125	100	0	91.0	2
-125	105	37.0	90.0	3
-125	110	74.0	89.0	5
-125	115	0	89.0	2
-125	120	30.0	89.0	14
-125	125	22.0	87.0	7
-125	130	31.0	88.0	7
-125	135	73.0	88.0	20
-125	140	57.0	87.0	22
-125	145	27.0	85.0	24
-125	150	60.0	86.0	13
-125	155	52.0	86.0	19
-125	160	46.0	86.0	16
-125	165	33.0	86.0	11
-125	170	30.0	85.0	10
-125	175	47.0	87.0	13
-120	-180	38.0	87.0	6
-120	-175	37.0	87.0	13
-120	-170	55.0	87.0	13
-120	-165	43.0	87.0	13
-120	-160	20.0	87.0	7
-120	-155	43.0	87.0	11
-120	-150	48.0	87.0	12
-120	-145	52.0	88.0	7
-120	-140	32.0	88.0	4
-120	-135	30.0	88.0	3
-120	-130	30.0	88.0	5
-120	-125	37.0	88.0	3
-120	-120	34.0	89.0	2
-120	-115	29.0	89.0	3
-120	-110	38.0	90.0	3
-120	-105	19.0	90.0	1
-120	-100	9.0	89.0	2
-120	-95	6.0	90.0	1
-120	-90	27.0	89.0	2
-120	-85	72.0	89.0	1
-120	-80	0	89.0	0
-120	-75	27.0	89.0	2
-120	-70	54.0	89.0	2
-120	-65	0	89.0	0
-120	-60	0	90.0	0
-120	-55	0	89.0	0
-120	-50	3.0	90.0	1
-120	-45	0	90.0	0
-120	-40	0	90.0	0
-120	-35	0	90.0	0
-120	-30	0	91.0	0
-120	-25	58.0	91.0	2
-120	-20	79.0	92.0	2
-120	-15	71.0	93.0	2
-120	-10	33.0	94.0	6
-120	-5	47.0	95.0	8
-120	0	44.0	95.0	5
-120	5	87.0	94.0	8
-120	10	70.0	95.0	13
-120	15	6.0	95.0	2
-120	20	79.0	97.0	6
-120	25	52.0	96.0	7
-120	30	76.0	95.0	1
-120	35	67.0	96.0	3
-120	40	21.0	95.0	1
-120	45	0	96.0	0
-120	50	0	95.0	1
-120	55	0	95.0	0
-120	60	0	95.0	0
-120	65	39.0	95.0	2
-120	70	0	96.0	0
-120	75	0	95.0	0
-120	80	0	94.0	0
-120	85	6.0	93.0	1
-120	90	2.0	93.0	3
-120	95	4.0	92.0	1
-120	100	85.0	91.0	3
-120	105	2.0	91.0	3
-120	110	39.0	90.0	6
-120	115	30.0	89.0	3
-120	120	29.0	89.0	9
-120	125	63.0	87.0	7
-120	130	55.0	87.0	17
-120	135	18.0	87.0	13
-120	140	29.0	86.0	20
-120	145	43.0	87.0	25
-120	150	36.0	86.0	23
-120	155	76.0	85.0	18
-120	160	38.0	85.0	20
-120	165	48.0	86.0	15
-120	170	37.0	86.0	10
-120	175	20.0	86.0	6
-115	-180	52.0	87.0	9
-115	-175	35.0	87.0	11
-115	-170	66.0	87.0	20
-115	-165	42.0	87.0	12
-115	-160	43.0	87.0	11
-115	-155	42.0	88.0	7
-115	-150	36.0	88.0	5
-115	-145	41.0	87.0	8
-115	-140	46.0	88.0	5
-115	-135	40.0	89.0	7
-115	-130	11.0	89.0	3
-115	-125	47.0	89.0	4
-115	-120	0	89.0	0
-115	-115	30.0	89.0	1
-115	-110	42.0	89.0	2
-115	-105	56.0	89.0	5
-115	-100	18.0	90.0	3
-115	-95	27.0	90.0	4
-115	-90	6.0	89.0	1
-115	-85	63.0	89.0	1
-115	-80	19.0	90.0	3
-115	-75	0	89.0	0
-115	-70	14.0	91.0	1
-115	-65	0	90.0	0
-115	-60	0	90.0	1
-115	-55	0	92.0	0
-115	-50	0	91.0	0
-115	-45	0	91.0	0
-115	-40	0	92.0	0
-115	-35	4.0	91.0	1
-115	-30	0	93.0	0
-115	-25	52.0	94.0	3
-115	-20	43.0	94.0	3
-115	-15	47.0	95.0	3
-115	-10	59.0	95.0	7
-115	-5	72.0	94.0	5
-115	0	81.0	95.0	10
-115	5	66.0	96.0	9
-115	10	75.0	96.0	9
-115	15	77.0	95.0	12
-115	20	45.0	97.0	7
-115	25	0	97.0	1
-115	30	87.0	97.0	1
-115	35	44.0	97.0	3
-115	40	0	96.0	0
-115	45	7.0	96.0	2
-115	50	0	97.0	0
-115	55	0	97.0	0
-115	60	0	96.0	1
-115	65	0	96.0	0
-115	70	36.0	96.0	1
-115	75	20.0	95.0	1
-115	80	0	95.0	0
-115	85	0	94.0	0
-115	90	0	93.0	0
-115	95	0	93.0	0
-115	100	10.0	93.0	2
-115	105	4.0	91.0	2
-115	110	47.0	91.0	6
-115	115	5.0	91.0	8
-115	120	62.0	90.0	5
-115	125	77.0	89.0	5
-115	130	10.0	89.0	12
-115	135	19.0	88.0	11
-115	140	76.0	88.0	24
-115	145	29.0	87.0	20
-115	150	35.0	87.0	18
-115	155	52.0	87.0	13
-115	160	50.0	87.0	10
-115	165	32.0	87.0	9
-115	170	26.0	87.0	8
-115	175	49.0	88.0	17
-110	-180	43.0	87.0	13
-110	-175	36.0	87.0	16
-110	-170	50.0	87.0	10
-110	-165	40.0	87.0	10
-110	-160	66.0	88.0	16
-110	-155	70.0	88.0	11
-110	-150	48.0	87.0	13
-110	-145	48.0	87.0	5
-110	-140	54.0	88.0	3
-110	-135	58.0	87.0	5
-110	-130	47.0	88.0	3
-110	-125	17.0	88.0	4
-110	-120	24.0	88.0	3
-110	-115	6.0	89.0	1
-110	-110	0	89.0	0
-110	-105	11.0	89.0	1
-110	-100	0	90.0	1
-110	-95	16.0	89.0	2
-110	-90	4.0	90.0	2
-110	-85	4.0	90.0	2
-110	-80	0	89.0	1
-110	-75	1.0	90.0	1
-110	-70	0	91.0	1
-110	-65	0	91.0	0
-110	-60	0	90.0	0
-110	-55	0	91.0	0
-110	-50	0	91.0	0
-110	-45	0	91.0	1
-110	-40	14.0	92.0	1
-110	-35	72.0	92.0	1
-110	-30	64.0	93.0	3
-110	-25	15.0	94.0	5
-110	-20	11.0	94.0	1
-110	-15	36.0	94.0	4
-110	-10	57.0	95.0	6
-110	-5	71.0	95.0	8
-110	0	74.0	96.0	13
-110	5	73.0	96.0	18
-110	10	85.0	97.0	14
-110	15	81.0	97.0	11
-110	20	63.0	98.0	6
-110	25	11.0	97.0	2
-110	30	49.0	97.0	1
-110	35	69.0	97.0	2
-110	40	0	98.0	0
-110	45	61.0	99.0	1
-110	50	7.0	97.0	1
-110	55	0	98.0	0
-110	60	0	97.0	0
-110	65	0	97.0	0
-110	70	0	95.0	0
-110	75	21.0	96.0	1
-110	80	0	96.0	0
-110	85	0	95.0	0
-110	90	25.0	94.0	2
-110	95	0	94.0	1
-110	100	0	92.0	2
-110	105	1.0	92.0	2
-110	110	3.0	91.0	3
-110	115	16.0	91.0	9
-110	120	8.0	90.0	6
-110	125	38.0	89.0	14
-110	130	30.0	89.0	17
-110	135	65.0	88.0	24
-110	140	25.0	88.0	22
-110	145	48.0	87.0	22
-110	150	59.0	87.0	12
-110	155	32.0	88.0	12
-110	160	41.0	88.0	18
-110	165	53.0	87.0	13
-110	170	63.0	88.0	14
-110	175	57.0	88.0	16
-105	-180	57.0	88.0	16
-105	-175	56.0	87.0	19
-105	-170	38.0	88.0	20
-105	-165	47.0	89.0	20
-105	-160	52.0	89.0	16
-105	-155	39.0	88.0	7
-105	-150	67.0	87.0	11
-105	-145	47.0	88.0	11
-105	-140	49.0	88.0	7
-105	-135	43.0	88.0	7
-105	-130	24.0	89.0	4
-105	-125	27.0	88.0	2
-105	-120	0	88.0	1
-105	-115	39.0	89.0	1
-105	-110	36.0	89.0	5
-105	-105	2.0	89.0	1
-105	-100	44.0	88.0	3
-105	-95	57.0	89.0	3
-105	-90	17.0	89.0	3
-105	-85	70.0	89.0	2
-105	-80	68.0	90.0	3
-105	-75	0	89.0	0
-105	-70	25.0	89.0	1
-105	-65	0	90.0	0
-105	-60	18.0	90.0	1
-105	-55	0	91.0	0
-105	-50	0	91.0	0
-105	-45	9.0	91.0	2
-105	-40	17.0	92.0	3
-105	-35	67.0	93.0	2
-105	-30	17.0	92.0	2
-105	-25	67.0	94.0	8
-105	-20	68.0	94.0	3
-105	-15	49.0	94.0	5
-105	-10	79.0	95.0	13
-105	-5	88.0	96.0	15
-105	0	89.0	97.0	20
-105	5	72.0	97.0	18
-105	10	81.0	99.0	21
-105	15	71.0	98.0	17
-105	20	75.0	98.0	8
-105	25	80.0	98.0	9
-105	30	77.0	98.0	4
-105	35	0	98.0	1
-105	40	79.0	98.0	2
-105	45	25.0	98.0	1
-105	50	0	97.0	1
-105	55	50.0	98.0	1
-105	60	79.0	97.0	1
-105	65	52.0	97.0	1
-105	70	0	97.0	0
-105	75	0	97.0	0
-105	80	0	97.0	1
-105	85	72.0	95.0	2
-105	90	0	95.0	0
-105	95	3.0	93.0	2
-105	100	3.0	93.0	1
-105	105	0	92.0	0
-105	110	0	92.0	3
-105	115	27.0	91.0	6
-105	120	63.0	91.0	17
-105	125	17.0	89.0	6
-105	130	41.0	90.0	21
-105	135	21.0	88.0	18
-105	140	58.0	88.0	21
-105	145	43.0	88.0	20
-105	150	42.0	87.0	12
-105	155	59.0	88.0	18
-105	160	34.0	88.0	13
-105	165	16.0	87.0	7
-105	170	67.0	87.0	18
-105	175	55.0	88.0	14
-100	-180	43.0	88.0	20
-100	-175	48.0	87.0	25
-100	-170	62.0	87.0	30
-100	-165	63.0	87.0	30
-100	-160	52.0	87.0	16
-100	-155	57.0	87.0	16
-100	-150	51.0	89.0	8
-100	-145	43.0	89.0	10
-100	-140	58.0	88.0	6
-100	-135	55.0	88.0	4
-100	-130	13.0	88.0	5
-100	-125	26.0	89.0	1
-100	-120	43.0	89.0	2
-100	-115	49.0	89.0	1
-100	-110	62.0	89.0	2
-100	-105	40.0	89.0	1
-100	-100	33.0	89.0	1
-100	-95	0	89.0	0
-100	-90	4.0	89.0	2
-100	-85	19.0	90.0	2
-100	-80	0	91.0	0
-100	-75	0	89.0	0
-100	-70	43.0	90.0	1
-100	-65	1.0	91.0	1
-100	-60	68.0	91.0	3
-100	-55	71.0	91.0	1
-100	-50	3.0	91.0	1
-100	-45	29.0	92.0	1
-100	-40	10.0	93.0	2
-100	-35	53.0	93.0	2
-100	-30	43.0	95.0	3
-100	-25	43.0	95.0	5
-100	-20	48.0	96.0	9
-100	-15	76.0	96.0	9
-100	-10	83.0	96.0	20
-100	-5	82.0	96.0	20
-100	0	91.0	97.0	40
-100	5	88.0	98.0	31
-100	10	84.0	98.0	28
-100	15	79.0	99.0	17
-100	20	21.0	99.0	7
-100	25	46.0	99.0	3
-100	30	70.0	99.0	4
-100	35	0	99.0	0
-100	40	16.0	100.0	1
-100	45	58.0	100.0	2
-100	50	0	99.0	0
-100	55	0	99.0	0
-100	60	0	98.0	0
-100	65	2.0	99.0	2
-100	70	0	97.0	0
-100	75	0	97.0	0
-100	80	0	96.0	0
-100	85	0	96.0	1
-100	90	0	95.0	0
-100	95	0	95.0	0
-100	100	17.0	94.0	3
-100	105	0	95.0	2
-100	110	12.0	93.0	4
-100	115	0	92.0	6
-100	120	50.0	92.0	7
-100	125	43.0	91.0	11
-100	130	54.0	90.0	19
-100	135	52.0	90.0	19
-100	140	51.0	89.0	19
-100	145	58.0	88.0	27
-100	150	27.0	88.0	15
-100	155	47.0	87.0	11
-100	160	39.0	88.0	17
-100	165	40.0	87.0	9
-100	170	46.0	88.0	21
-100	175	44.0	87.0	25
-95	-180	46.0	89.0	33
-95	-175	47.0	89.0	28
-95	-170	49.0	88.0	29
-95	-165	45.0	87.0	29
-95	-160	65.0	88.0	24
-95	-155	41.0	88.0	19
-95	-150	56.0	88.0	13
-95	-145	43.0	88.0	12
-95	-140	48.0	89.0	8
-95	-135	69.0	88.0	13
-95	-130	43.0	88.0	3
-95	-125	55.0	89.0	1
-95	-120	0	90.0	0
-95	-115	6.0	90.0	2
-95	-110	37.0	90.0	1
-95	-105	51.0	89.0	1
-95	-100	0	89.0	0
-95	-95	18.0	91.0	2
-95	-90	49.0	90.0	2
-95	-85	15.0	89.0	1
-95	-80	66.0	90.0	5
-95	-75	51.0	90.0	3
-95	-70	1.0	90.0	1
-95	-65	0	91.0	1
-95	-60	0	91.0	0
-95	-55	66.0	92.0	1
-95	-50	6.0	93.0	2
-95	-45	1.0	93.0	1
-95	-40	6.0	94.0	2
-95	-35	3.0	95.0	3
-95	-30	25.0	95.0	6
-95	-25	67.0	96.0	10
-95	-20	57.0	97.0	9
-95	-15	66.0	96.0	17
-95	-10	84.0	97.0	26
-95	-5	80.0	98.0	48
-95	0	91.0	98.0	80
-95	5	82.0	99.0	38
-95	10	86.0	99.0	36
-95	15	91.0	99.0	15
-95	20	76.0	101.0	12
-95	25	87.0	102.0	7
-95	30	93.0	102.0	6
-95	35	69.0	101.0	2
-95	40	58.0	100.0	1
-95	45	0	100.0	0
-95	50	0	100.0	0
-95	55	4.0	100.0	1
-95	60	19.0	99.0	1
-95	65	69.0	100.0	3
-95	70	77.0	99.0	2
-95	75	91.0	98.0	1
-95	80	26.0	98.0	1
-95	85	78.0	98.0	1
-95	90	53.0	97.0	2
-95	95	45.0	96.0	3
-95	100	0	95.0	1
-95	105	2.0	95.0	2
-95	110	10.0	94.0	8
-95	115	5.0	93.0	5
-95	120	59.0	92.0	7
-95	125	13.0	91.0	11
-95	130	61.0	90.0	15
-95	135	82.0	90.0	23
-95	140	40.0	89.0	24
-95	145	41.0	89.0	18
-95	150	17.0	88.0	12
-95	155	40.0	89.0	12
-95	160	54.0	88.0	10
-95	165	50.0	88.0	19
-95	170	76.0	88.0	23
-95	175	42.0	88.0	29
-90	-180	58.0	87.0	41
-90	-175	54.0	88.0	39
-90	-170	46.0	87.0	35
-90	-165	41.0	87.0	33
-90	-160	62.0	87.0	30
-90	-155	71.0	87.0	22
-90	-150	51.0	88.0	12
-90	-145	38.0	88.0	7
-90	-140	40.0	89.0	4
-90	-135	18.0	89.0	3
-90	-130	15.0	88.0	2
-90	-125	21.0	89.0	2
-90	-120	42.0	89.0	1
-90	-115	27.0	88.0	1
-90	-110	28.0	89.0	2
-90	-105	0	89.0	1
-90	-100	0	89.0	0
-90	-95	0	90.0	0
-90	-90	0	89.0	0
-90	-85	44.0	90.0	1
-90	-80	0	90.0	1
-90	-75	46.0	90.0	3
-90	-70	11.0	91.0	5
-90	-65	0	92.0	0
-90	-60	0	92.0	0
-90	-55	0	93.0	1
-90	-50	4.0	93.0	1
-90	-45	73.0	94.0	5
-90	-40	76.0	95.0	4
-90	-35	66.0	94.0	4
-90	-30	71.0	95.0	7
-90	-25	65.0	96.0	10
-90	-20	67.0	97.0	10
-90	-15	72.0	98.0	15
-90	-10	85.0	98.0	51
-90	-5	75.0	98.0	65
-90	0	88.0	98.0	81
-90	5	74.0	100.0	36
-90	10	86.0	100.0	23
-90	15	78.0	100.0	8
-90	20	89.0	101.0	10
-90	25	65.0	100.0	4
-90	30	24.0	100.0	1
-90	35	0	101.0	1
-90	40	0	101.0	0
-90	45	33.0	101.0	3
-90	50	0	101.0	0
-90	55	8.0	101.0	2
-90	60	0	101.0	1
-90	65	82.0	101.0	3
-90	70	15.0	101.0	2
-90	75	2.0	100.0	1
-90	80	54.0	99.0	2
-90	85	35.0	98.0	3
-90	90	19.0	98.0	3
-90	95	71.0	96.0	1
-90	100	19.0	96.0	6
-90	105	38.0	96.0	7
-90	110	31.0	94.0	5
-90	115	78.0	93.0	10
-90	120	5.0	93.0	3
-90	125	55.0	92.0	8
-90	130	64.0	90.0	19
-90	135	58.0	90.0	14
-90	140	42.0	91.0	16
-90	145	75.0	89.0	13
-90	150	54.0	88.0	25
-90	155	46.0	87.0	30
-90	160	47.0	87.0	25
-90	165	75.0	88.0	31
-90	170	56.0	88.0	37
-90	175	49.0	88.0	38
-85	-180	70.0	88.0	42
-85	-175	55.0	89.0	51
-85	-170	72.0	88.0	39
-85	-165	41.0	88.0	27
-85	-160	70.0	87.0	22
-85	-155	66.0	88.0	8
-85	-150	53.0	88.0	11
-85	-145	37.0	88.0	4
-85	-140	43.0	88.0	4
-85	-135	0	89.0	0
-85	-130	56.0	89.0	3
-85	-125	0	89.0	2
-85	-120	0	88.0	0
-85	-115	0	88.0	0
-85	-110	0	89.0	1
-85	-105	0	89.0	0
-85	-100	0	88.0	0
-85	-95	0	89.0	0
-85	-90	0	90.0	0
-85	-85	22.0	90.0	1
-85	-80	10.0	90.0	2
-85	-75	1.0	90.0	2
-85	-70	13.0	91.0	4
-85	-65	18.0	92.0	1
-85	-60	27.0	92.0	2
-85	-55	38.0	93.0	3
-85	-50	51.0	93.0	6
-85	-45	71.0	95.0	5
-85	-40	62.0	95.0	10
-85	-35	71.0	95.0	14
-85	-30	77.0	97.0	12
-85	-25	70.0	97.0	14
-85	-20	71.0	98.0	22
-85	-15	77.0	98.0	44
-85	-10	85.0	99.0	52
-85	-5	76.0	100.0	58
-85	0	89.0	100.0	70
-85	5	78.0	101.0	28
-85	10	89.0	101.0	12
-85	15	70.0	101.0	4
-85	20	77.0	102.0	3
-85	25	39.0	102.0	4
-85	30	18.0	103.0	2
-85	35	80.0	102.0	4
-85	40	17.0	102.0	3
-85	45	45.0	102.0	4
-85	50	24.0	102.0	3
-85	55	89.0	101.0	5
-85	60	79.0	101.0	8
-85	65	53.0	100.0	4
-85	70	21.0	100.0	6
-85	75	49.0	100.0	3
-85	80	58.0	99.0	1
-85	85	36.0	98.0	3
-85	90	49.0	98.0	7
-85	95	13.0	98.0	2
-85	100	31.0	97.0	2
-85	105	37.0	95.0	3
-85	110	9.0	94.0	5
-85	115	28.0	94.0	5
-85	120	55.0	93.0	6
-85	125	11.0	92.0	4
-85	130	40.0	91.0	10
-85	135	31.0	91.0	11
-85	140	52.0	91.0	20
-85	145	58.0	90.0	22
-85	150	52.0	90.0	14
-85	155	69.0	89.0	34
-85	160	77.0	89.0	44
-85	165	64.0	88.0	35
-85	170	64.0	88.0	54
-85	175	72.0	88.0	44
-80	-180	62.0	89.0	51
-80	-175	80.0	89.0	42
-80	-170	50.0	88.0	25
-80	-165	43.0	88.0	14
-80	-160	25.0	88.0	5
-80	-155	30.0	88.0	4
-80	-150	65.0	89.0	5
-80	-145	48.0	89.0	2
-80	-140	0	89.0	0
-80	-135	43.0	88.0	1
-80	-130	0	88.0	0
-80	-125	0	89.0	0
-80	-120	0	88.0	0
-80	-115	42.0	89.0	1
-80	-110	0	89.0	0
-80	-105	33.0	90.0	1
-80	-100	0	89.0	0
-80	-95	0	89.0	0
-80	-90	37.0	90.0	1
-80	-85	40.0	89.0	1
-80	-80	42.0	90.0	1
-80	-75	0	91.0	0
-80	-70	5.0	91.0	4
-80	-65	22.0	91.0	2
-80	-60	0	92.0	0
-80	-55	72.0	94.0	3
-80	-50	82.0	94.0	5
-80	-45	71.0	96.0	10
-80	-40	59.0	96.0	14
-80	-35	78.0	96.0	22
-80	-30	72.0	97.0	19
-80	-25	86.0	97.0	18
-80	-20	90.0	98.0	43
-80	-15	88.0	99.0	53
-80	-10	89.0	100.0	71
-80	-5	90.0	101.0	55
-80	0	81.0	102.0	32
-80	5	57.0	102.0	9
-80	10	58.0	102.0	3
-80	15	86.0	103.0	1
-80	20	0	103.0	1
-80	25	0	104.0	1
-80	30	0	104.0	0
-80	35	26.0	104.0	2
-80	40	42.0	104.0	2
-80	45	0	104.0	0
-80	50	31.0	103.0	5
-80	55	34.0	103.0	2
-80	60	25.0	104.0	1
-80	65	12.0	102.0	3
-80	70	53.0	102.0	4
-80	75	23.0	101.0	1
-80	80	12.0	100.0	1
-80	85	0	99.0	0
-80	90	42.0	98.0	5
-80	95	12.0	97.0	1
-80	100	12.0	96.0	1
-80	105	31.0	96.0	3
-80	110	2.0	95.0	2
-80	115	25.0	95.0	3
-80	120	59.0	92.0	11
-80	125	27.0	92.0	8
-80	130	33.0	92.0	10
-80	135	58.0	91.0	19
-80	140	64.0	90.0	28
-80	145	78.0	90.0	27
-80	150	54.0	89.0	28
-80	155	68.0	89.0	44
-80	160	60.0	89.0	48
-80	165	61.0	88.0	55
-80	170	49.0	88.0	58
-80	175	64.0	88.0	61
-75	-180	64.0	88.0	21
-75	-175	42.0	87.0	19
-75	-170	51.0	88.0	10
-75	-165	44.0	88.0	8
-75	-160	59.0	89.0	3
-75	-155	30.0	89.0	1
-75	-150	0	87.0	0
-75	-145	0	88.0	0
-75	-140	0	88.0	0
-75	-135	0	89.0	0
-75	-130	44.0	88.0	1
-75	-125	0	88.0	0
-75	-120	0	88.0	0
-75	-115	0	89.0	0
-75	-110	56.0	89.0	1
-75	-105	0	89.0	0
-75	-100	0	88.0	0
-75	-95	0	89.0	0
-75	-90	0	90.0	0
-75	-85	0	90.0	0
-75	-80	0	91.0	0
-75	-75	11.0	91.0	1
-75	-70	25.0	92.0	4
-75	-65	5.0	92.0	1
-75	-60	79.0	93.0	2
-75	-55	75.0	94.0	8
-75	-50	71.0	94.0	14
-75	-45	68.0	96.0	34
-75	-40	73.0	96.0	47
-75	-35	79.0	97.0	38
-75	-30	85.0	98.0	35
-75	-25	86.0	98.0	50
-75	-20	81.0	101.0	48
-75	-15	80.0	101.0	60
-75	-10	85.0	101.0	55
-75	-5	84.0	102.0	46
-75	0	74.0	102.0	15
-75	5	37.0	103.0	2
-75	10	4.0	104.0	1
-75	15	0	104.0	0
-75	20	48.0	104.0	3
-75	25	0	103.0	0
-75	30	0	104.0	1
-75	35	0	105.0	0
-75	40	0	105.0	0
-75	45	0	105.0	0
-75	50	33.0	104.0	3
-75	55	0	103.0	0
-75	60	47.0	103.0	1
-75	65	0	102.0	0
-75	70	0	102.0	0
-75	75	0	101.0	0
-75	80	0	101.0	0
-75	85	51.0	100.0	2
-75	90	0	101.0	0
-75	95	0	97.0	0
-75	100	62.0	98.0	1
-75	105	27.0	96.0	1
-75	110	0	96.0	0
-75	115	44.0	95.0	3
-75	120	50.0	95.0	7
-75	125	15.0	94.0	7
-75	130	81.0	93.0	20
-75	135	49.0	92.0	20
-75	140	57.0	90.0	34
-75	145	79.0	90.0	41
-75	150	57.0	90.0	58
-75	155	60.0	89.0	50
-75	160	71.0	88.0	57
-75	165	65.0	88.0	65
-75	170	62.0	88.0	62
-75	175	64.0	88.0	44
-70	-180	65.0	88.0	11
-70	-175	61.0	88.0	10
-70	-170	57.0	88.0	4
-70	-165	28.0	88.0	2
-70	-160	67.0	88.0	3
-70	-155	56.0	88.0	2
-70	-150	37.0	89.0	1
-70	-145	37.0	88.0	1
-70	-140	0	88.0	0
-70	-135	0	89.0	0
-70	-130	0	88.0	0
-70	-125	0	88.0	0
-70	-120	0	89.0	0
-70	-115	0	89.0	0
-70	-110	10.0	89.0	1
-70	-105	0	88.0	0
-70	-100	0	89.0	0
-70	-95	0	89.0	0
-70	-90	20.0	89.0	1
-70	-85	0	90.0	0
-70	-80	0	90.0	0
-70	-75	0	91.0	0
-70	-70	80.0	92.0	2
-70	-65	8.0	92.0	2
-70	-60	37.0	94.0	7
-70	-55	32.0	94.0	18
-70	-50	74.0	95.0	80
-70	-45	74.0	97.0	242
-70	-40	81.0	97.0	294
-70	-35	90.0	98.0	152
-70	-30	86.0	99.0	99
-70	-25	78.0	100.0	107
-70	-20	87.0	100.0	104
-70	-15	89.0	101.0	110
-70	-10	82.0	101.0	51
-70	-5	90.0	102.0	26
-70	0	83.0	104.0	6
-70	5	53.0	104.0	2
-70	10	0	104.0	0
-70	15	0	105.0	0
-70	20	0	105.0	0
-70	25	0	106.0	0
-70	30	0	105.0	0
-70	35	0	105.0	0
-70	40	42.0	105.0	1
-70	45	70.0	104.0	1
-70	50	13.0	105.0	1
-70	55	0	105.0	0
-70	60	0	104.0	0
-70	65	21.0	103.0	1
-70	70	0	102.0	0
-70	75	13.0	102.0	1
-70	80	0	100.0	0
-70	85	0	100.0	0
-70	90	0	100.0	0
-70	95	48.0	100.0	3
-70	100	18.0	99.0	1
-70	105	0	97.0	0
-70	110	0	97.0	0
-70	115	42.0	95.0	4
-70	120	31.0	95.0	1
-70	125	62.0	93.0	12
-70	130	58.0	92.0	11
-70	135	41.0	92.0	28
-70	140	57.0	91.0	47
-70	145	51.0	90.0	43
-70	150	72.0	90.0	63
-70	155	74.0	90.0	63
-70	160	62.0	89.0	66
-70	165	66.0	88.0	53
-70	170	66.0	88.0	41
-70	175	65.0	88.0	30
-65	-180	50.0	89.0	3
-65	-175	45.0	89.0	1
-65	-170	31.0	88.0	1
-65	-165	0	88.0	0
-65	-160	0	87.0	0
-65	-155	0	87.0	0
-65	-150	0	88.0	0
-65	-145	0	88.0	0
-65	-140	0	88.0	0
-65	-135	0	87.0	0
-65	-130	0	87.0	0
-65	-125	0	87.0	0
-65	-120	0	87.0	0
-65	-115	0	88.0	0
-65	-110	0	89.0	0
-65	-105	0	89.0	0
-65	-100	0	89.0	0
-65	-95	0	90.0	0
-65	-90	0	90.0	0
-65	-85	58.0	91.0	2
-65	-80	0	91.0	0
-65	-75	0	92.0	0
-65	-70	0	94.0	2
-65	-65	41.0	93.0	7
-65	-60	35.0	95.0	7
-65	-55	59.0	95.0	45
-65	-50	67.0	96.0	245
-65	-45	81.0	97.0	767
-65	-40	82.0	98.0	694
-65	-35	80.0	99.0	238
-65	-30	88.0	100.0	143
-65	-25	91.0	100.0	151
-65	-20	95.0	102.0	126
-65	-15	89.0	103.0	86
-65	-10	91.0	104.0	19
-65	-5	18.0	104.0	2
-65	0	0	104.0	0
-65	5	58.0	104.0	2
-65	10	0	105.0	0
-65	15	60.0	105.0	1
-65	20	0	106.0	0
-65	25	0	106.0	0
-65	30	0	106.0	0
-65	35	0	106.0	0
-65	40	0	105.0	0
-65	45	0	105.0	0
-65	50	0	105.0	0
-65	55	0	105.0	0
-65	60	0	105.0	0
-65	65	0	103.0	0
-65	70	0	103.0	0
-65	75	20.0	104.0	1
-65	80	0	102.0	0
-65	85	0	101.0	0
-65	90	0	101.0	0
-65	95	0	99.0	0
-65	100	0	98.0	0
-65	105	51.0	98.0	1
-65	110	0	98.0	0
-65	115	29.0	97.0	4
-65	120	80.0	96.0	6
-65	125	43.0	94.0	7
-65	130	63.0	94.0	24
-65	135	62.0	93.0	31
-65	140	47.0	92.0	44
-65	145	60.0	91.0	49
-65	150	66.0	90.0	48
-65	155	57.0	89.0	36
-65	160	68.0	89.0	39
-65	165	64.0	89.0	24
-65	170	66.0	87.0	18
-65	175	62.0	88.0	10
-60	-180	0	87.0	0
-60	-175	0	88.0	0
-60	-170	0	87.0	0
-60	-165	0	88.0	0
-60	-160	41.0	88.0	1
-60	-155	38.0	87.0	1
-60	-150	57.0	87.0	1
-60	-145	0	87.0	0
-60	-140	0	87.0	0
-60	-135	0	87.0	0
-60	-130	0	88.0	0
-60	-125	0	88.0	0
-60	-120	0	88.0	0
-60	-115	0	87.0	0
-60	-110	0	88.0	0
-60	-105	0	88.0	0
-60	-100	0	89.0	0
-60	-95	0	90.0	0
-60	-90	0	90.0	0
-60	-85	0	91.0	0
-60	-80	0	91.0	0
-60	-75	0	93.0	0
-60	-70	0	94.0	0
-60	-65	45.0	95.0	6
-60	-60	45.0	95.0	14
-60	-55	54.0	96.0	69
-60	-50	74.0	98.0	303
-60	-45	76.0	98.0	713
-60	-40	91.0	98.0	373
-60	-35	84.0	99.0	162
-60	-30	95.0	100.0	137
-60	-25	93.0	102.0	92
-60	-20	83.0	103.0	38
-60	-15	86.0	104.0	19
-60	-10	76.0	104.0	2
-60	-5	0	104.0	0
-60	0	64.0	105.0	1
-60	5	0	105.0	0
-60	10	0	106.0	0
-60	15	0	106.0	0
-60	20	0	106.0	0
-60	25	0	108.0	0
-60	30	0	107.0	0
-60	35	0	106.0	0
-60	40	0	107.0	0
-60	45	0	107.0	0
-60	50	0	106.0	0
-60	55	0	105.0	0
-60	60	44.0	105.0	1
-60	65	0	104.0	0
-60	70	0	104.0	0
-60	75	0	104.0	0
-60	80	0	102.0	0
-60	85	0	103.0	0
-60	90	0	102.0	0
-60	95	0	99.0	0
-60	100	0	100.0	0
-60	105	0	99.0	0
-60	110	0	97.0	0
-60	115	0	97.0	0
-60	120	34.0	96.0	2
-60	125	47.0	94.0	8
-60	130	62.0	95.0	24
-60	135	82.0	93.0	28
-60	140	49.0	92.0	35
-60	145	65.0	91.0	27
-60	150	38.0	91.0	20
-60	155	45.0	89.0	10
-60	160	47.0	89.0	11
-60	165	44.0	88.0	10
-60	170	63.0	89.0	3
-60	175	47.0	88.0	1
-55	-180	0	89.0	0
-55	-175	0	88.0	0
-55	-170	0	88.0	0
-55	-165	0	87.0	0
-55	-160	0	88.0	0
-55	-155	0	88.0	0
-55	-150	0	89.0	0
-55	-145	0	88.0	0
-55	-140	0	88.0	0
-55	-135	0	88.0	0
-55	-130	0	88.0	0
-55	-125	0	89.0	0
-55	-120	0	89.0	0
-55	-115	0	90.0	0
-55	-110	0	89.0	0
-55	-105	0	89.0	0
-55	-100	0	90.0	0
-55	-95	0	91.0	0
-55	-90	0	91.0	0
-55	-85	0	92.0	0
-55	-80	0	92.0	0
-55	-75	0	93.0	0
-55	-70	33.0	95.0	2
-55	-65	83.0	95.0	11
-55	-60	64.0	96.0	21
-55	-55	55.0	97.0	31
-55	-50	63.0	99.0	147
-55	-45	82.0	99.0	130
-55	-40	85.0	100.0	107
-55	-35	83.0	101.0	63
-55	-30	68.0	101.0	40
-55	-25	89.0	103.0	12
-55	-20	43.0	103.0	3
-55	-15	86.0	103.0	2
-55	-10	0	105.0	0
-55	-5	0	105.0	0
-55	0	0	106.0	0
-55	5	0	107.0	0
-55	10	0	107.0	0
-55	15	0	107.0	0
-55	20	78.0	109.0	2
-55	25	0	110.0	0
-55	30	0	109.0	0
-55	35	0	108.0	0
-55	40	0	109.0	0
-55	45	0	107.0	0
-55	50	0	108.0	0
-55	55	0	107.0	0
-55	60	0	107.0	0
-55	65	0	106.0	0
-55	70	0	105.0	0
-55	75	0	104.0	0
-55	80	0	103.0	0
-55	85	0	103.0	0
-55	90	0	101.0	0
-55	95	0	101.0	0
-55	100	0	100.0	0
-55	105	0	99.0	0
-55	110	0	97.0	0
-55	115	39.0	97.0	1
-55	120	1.0	95.0	1
-55	125	68.0	94.0	4
-55	130	86.0	93.0	13
-55	135	57.0	93.0	18
-55	140	62.0	92.0	22
-55	145	71.0	91.0	18
-55	150	62.0	90.0	5
-55	155	63.0	89.0	6
-55	160	64.0	88.0	5
-55	165	0	87.0	0
-55	170	37.0	88.0	1
-55	175	0	89.0	0
-50	-180	0	88.0	0
-50	-175	0	88.0	0
-50	-170	0	87.0	0
-50	-165	0	87.0	0
-50	-160	0	86.0	0
-50	-155	0	87.0	0
-50	-150	0	87.0	0
-50	-145	0	87.0	0
-50	-140	0	88.0	0
-50	-135	0	87.0	0
-50	-130	0	87.0	0
-50	-125	0	87.0	0
-50	-120	0	88.0	0
-50	-115	0	88.0	0
-50	-110	0	89.0	0
-50	-105	0	89.0	0
-50	-100	0	89.0	0
-50	-95	0	91.0	0
-50	-90	0	91.0	0
-50	-85	0	92.0	0
-50	-80	0	93.0	0
-50	-75	0	94.0	0
-50	-70	0	95.0	0
-50	-65	65.0	96.0	6
-50	-60	53.0	98.0	9
-50	-55	47.0	99.0	20
-50	-50	49.0	99.0	27
-50	-45	69.0	100.0	26
-50	-40	67.0	101.0	14
-50	-35	86.0	101.0	10
-50	-30	69.0	102.0	3
-50	-25	38.0	104.0	3
-50	-20	0	104.0	0
-50	-15	0	105.0	0
-50	-10	0	106.0	0
-50	-5	88.0	106.0	1
-50	0	0	107.0	0
-50	5	0	107.0	0
-50	10	0	107.0	0
-50	15	0	107.0	0
-50	20	0	108.0	0
-50	25	0	108.0	0
-50	30	0	109.0	0
-50	35	0	109.0	0
-50	40	0	110.0	0
-50	45	0	107.0	0
-50	50	0	107.0	0
-50	55	0	106.0	0
-50	60	0	107.0	0
-50	65	0	105.0	0
-50	70	0	106.0	0
-50	75	0	105.0	0
-50	80	0	103.0	0
-50	85	0	102.0	0
-50	90	0	101.0	0
-50	95	0	100.0	0
-50	100	0	99.0	0
-50	105	0	99.0	0
-50	110	0	98.0	0
-50	115	0	98.0	0
-50	120	7.0	97.0	1
-50	125	37.0	96.0	3
-50	130	46.0	95.0	7
-50	135	50.0	94.0	6
-50	140	82.0	93.0	3
-50	145	69.0	92.0	5
-50	150	44.0	91.0	2
-50	155	0	90.0	0
-50	160	0	89.0	1
-50	165	17.0	88.0	1
-50	170	0	87.0	0
-50	175	0	88.0	0
-45	-180	0	88.0	0
-45	-175	0	87.0	0
-45	-170	0	88.0	0
-45	-165	0	88.0	0
-45	-160	0	88.0	0
-45	-155	0	86.0	0
-45	-150	0	87.0	0
-45	-145	0	88.0	0
-45	-140	0	86.0	0
-45	-135	0	87.0	0
-45	-130	0	88.0	0
-45	-125	0	88.0	0
-45	-120	0	88.0	0
-45	-115	0	88.0	0
-45	-110	0	89.0	0
-45	-105	0	89.0	0
-45	-100	0	90.0	0
-45	-95	0	92.0	0
-45	-90	0	93.0	0
-45	-85	0	94.0	0
-45	-80	0	94.0	0
-45	-75	48.0	95.0	1
-45	-70	0	96.0	0
-45	-65	14.0	97.0	3
-45	-60	86.0	98.0	8
-45	-55	54.0	100.0	6
-45	-50	59.0	100.0	9
-45	-45	66.0	101.0	5
-45	-40	0	102.0	1
-45	-35	70.0	102.0	2
-45	-30	0	104.0	0
-45	-25	0	105.0	0
-45	-20	0	106.0	0
-45	-15	0	106.0	0
-45	-10	0	107.0	0
-45	-5	0	108.0	0
-45	0	0	108.0	0
-45	5	0	110.0	0
-45	10	0	109.0	0
-45	15	0	110.0	0
-45	20	0	109.0	0
-45	25	0	109.0	0
-45	30	0	109.0	0
-45	35	0	109.0	0
-45	40	0	110.0	0
-45	45	0	108.0	0
-45	50	0	109.0	0
-45	55	0	108.0	0
-45	60	0	105.0	0
-45	65	0	105.0	0
-45	70	0	105.0	0
-45	75	0	103.0	0
-45	80	0	104.0	0
-45	85	0	103.0	0
-45	90	0	101.0	0
-45	95	0	101.0	0
-45	100	0	100.0	0
-45	105	52.0	99.0	1
-45	110	0	98.0	0
-45	115	0	97.0	0
-45	120	0	96.0	0
-45	125	33.0	96.0	3
-45	130	0	95.0	1
-45	135	28.0	93.0	2
-45	140	0	92.0	0
-45	145	37.0	91.0	2
-45	150	0	91.0	0
-45	155	0	90.0	0
-45	160	0	90.0	0
-45	165	0	90.0	0
-45	170	0	87.0	0
-45	175	0	87.0	0
-40	-180	0	87.0	0
-40	-175	0	86.0	0
-40	-170	0	86.0	0
-40	-165	0	86.0	0
-40	-160	0	86.0	0
-40	-155	0	86.0	0
-40	-150	0	87.0	0
-40	-145	0	86.0	0
-40	-140	0	87.0	0
-40	-135	0	86.0	0
-40	-130	0	87.0	0
-40	-125	0	87.0	0
-40	-120	0	88.0	0
-40	-115	0	89.0	0
-40	-110	0	89.0	0
-40	-105	0	90.0	0
-40	-100	0	91.0	0
-40	-95	0	92.0	0
-40	-90	0	93.0	0
-40	-85	0	94.0	0
-40	-80	15.0	96.0	1
-40	-75	0	97.0	0
-40	-70	41.0	98.0	1
-40	-65	27.0	99.0	1
-40	-60	36.0	99.0	3
-40	-55	0	100.0	0
-40	-50	33.0	101.0	1
-40	-45	44.0	102.0	1
-40	-40	0	102.0	0
-40	-35	0	103.0	0
-40	-30	0	105.0	0
-40	-25	0	106.0	0
-40	-20	0	106.0	0
-40	-15	0	107.0	0
-40	-10	0	107.0	0
-40	-5	0	108.0	0
-40	0	0	109.0	0
-40	5	0	109.0	0
-40	10	0	109.0	0
-40	15	0	111.0	0
-40	20	0	111.0	0
-40	25	0	110.0	0
-40	30	0	109.0	0
-40	35	0	108.0	0
-40	40	0	108.0	0
-40	45	0	108.0	0
-40	50	0	108.0	0
-40	55	0	107.0	0
-40	60	0	107.0	0
-40	65	0	107.0	0
-40	70	0	103.0	0
-40	75	0	104.0	0
-40	80	0	103.0	0
-40	85	0	102.0	0
-40	90	0	101.0	0
-40	95	0	100.0	0
-40	100	0	100.0	0
-40	105	0	99.0	0
-40	110	0	98.0	0
-40	115	0	97.0	0
-40	120	0	95.0	0
-40	125	32.0	94.0	1
-40	130	29.0	94.0	1
-40	135	0	93.0	0
-40	140	0	92.0	0
-40	145	0	91.0	0
-40	150	0	91.0	0
-40	155	0	90.0	0
-40	160	0	90.0	0
-40	165	0	89.0	0
-40	170	55.0	88.0	1
-40	175	0	87.0	0
-35	-180	0	87.0	0
-35	-175	0	87.0	0
-35	-170	0	88.0	0
-35	-165	0	88.0	0
-35	-160	0	87.0	0
-35	-155	0	86.0	0
-35	-150	0	87.0	0
-35	-145	0	89.0	0
-35	-140	0	88.0	0
-35	-135	0	88.0	0
-35	-130	0	89.0	0
-35	-125	0	89.0	0
-35	-120	0	88.0	0
-35	-115	0	89.0	0
-35	-110	0	89.0	0
-35	-105	0	91.0	0
-35	-100	0	92.0	0
-35	-95	0	93.0	0
-35	-90	0	94.0	0
-35	-85	37.0	95.0	1
-35	-80	0	96.0	0
-35	-75	0	98.0	0
-35	-70	29.0	99.0	2
-35	-65	0	99.0	0
-35	-60	33.0	101.0	1
-35	-55	28.0	102.0	1
-35	-50	66.0	102.0	1
-35	-45	0	103.0	0
-35	-40	0	105.0	0
-35	-35	0	105.0	0
-35	-30	0	105.0	0
-35	-25	0	107.0	0
-35	-20	0	108.0	0
-35	-15	0	108.0	0
-35	-10	0	108.0	0
-35	-5	0	109.0	0
-35	0	0	110.0	0
-35	5	0	109.0	0
-35	10	0	110.0	0
-35	15	0	111.0	0
-35	20	0	111.0	0
-35	25	0	111.0	0
-35	30	0	112.0	0
-35	35	0	110.0	0
-35	40	0	111.0	0
-35	45	0	110.0	0
-35	50	0	108.0	0
-35	55	0	107.0	0
-35	60	0	107.0	0
-35	65	0	106.0	0
-35	70	0	105.0	0
-35	75	0	105.0	0
-35	80	0	103.0	0
-35	85	0	102.0	0
-35	90	0	101.0	0
-35	95	0	101.0	0
-35	100	0	99.0	0
-35	105	48.0	99.0	1
-35	110	0	98.0	0
-35	115	0	96.0	0
-35	120	0	96.0	0
-35	125	0	95.0	0
-35	130	0	95.0	0
-35	135	0	94.0	0
-35	140	0	93.0	0
-35	145	0	92.0	0
-35	150	0	89.0	0
-35	155	0	88.0	0
-35	160	0	88.0	0
-35	165	0	88.0	0
-35	170	0	88.0	0
-35	175	0	87.0	0
-30	-180	0	86.0	0
-30	-175	0	86.0	0
-30	-170	0	87.0	0
-30	-165	0	86.0	0
-30	-160	0	87.0	0
-30	-155	0	86.0	0
-30	-150	0	87.0	0
-30	-145	0	87.0	0
-30	-140	0	87.0	0
-30	-135	0	88.0	0
-30	-130	0	88.0	0
-30	-125	0	88.0	0
-30	-120	0	88.0	0
-30	-115	0	89.0	0
-30	-110	0	90.0	0
-30	-105	0	91.0	0
-30	-100	0	94.0	0
-30	-95	0	95.0	0
-30	-90	0	95.0	0
-30	-85	0	96.0	0
-30	-80	0	98.0	0
-30	-75	0	98.0	0
-30	-70	0	99.0	0
-30	-65	0	100.0	0
-30	-60	0	102.0	0
-30	-55	0	103.0	0
-30	-50	0	103.0	0
-30	-45	0	104.0	0
-30	-40	0	105.0	0
-30	-35	0	106.0	0
-30	-30	0	106.0	0
-30	-25	0	109.0	0
-30	-20	0	109.0	0
-30	-15	0	110.0	0
-30	-10	0	110.0	0
-30	-5	0	110.0	0
-30	0	0	109.0	0
-30	5	0	110.0	0
-30	10	0	111.0	0
-30	15	0	110.0	0
-30	20	0	110.0	0
-30	25	0	110.0	0
-30	30	0	110.0	0
-30	35	0	109.0	0
-30	40	0	111.0	0
-30	45	0	110.0	0
-30	50	0	109.0	0
-30	55	0	108.0	0
-30	60	0	107.0	0
-30	65	0	105.0	0
-30	70	0	105.0	0
-30	75	0	104.0	0
-30	80	0	103.0	0
-30	85	0	102.0	0
-30	90	0	101.0	0
-30	95	0	101.0	0
-30	100	0	100.0	0
-30	105	0	99.0	0
-30	110	0	98.0	0
-30	115	0	96.0	0
-30	120	0	96.0	0
-30	125	0	96.0	0
-30	130	0	95.0	0
-30	135	0	94.0	0
-30	140	0	91.0	0
-30	145	47.0	91.0	1
-30	150	0	90.0	0
-30	155	0	89.0	0
-30	160	0	88.0	0
-30	165	0	87.0	0
-30	170	0	87.0	0
-30	175	0	87.0	0
-25	-180	0	88.0	0
-25	-175	0	88.0	0
-25	-170	0	87.0	0
-25	-165	0	87.0	0
-25	-160	0	86.0	0
-25	-155	0	87.0	0
-25	-150	0	87.0	0
-25	-145	0	87.0	0
-25	-140	0	87.0	0
-25	-135	0	86.0	0
-25	-130	0	87.0	0
-25	-125	0	88.0	0
-25	-120	0	89.0	0
-25	-115	0	91.0	0
-25	-110	0	91.0	0
-25	-105	0	92.0	0
-25	-100	0	93.0	0
-25	-95	0	94.0	0
-25	-90	0	95.0	0
-25	-85	0	96.0	0
-25	-80	0	98.0	0
-25	-75	0	99.0	0
-25	-70	0	100.0	0
-25	-65	0	101.0	0
-25	-60	0	102.0	0
-25	-55	0	103.0	0
-25	-50	0	103.0	0
-25	-45	0	104.0	0
-25	-40	0	105.0	0
-25	-35	0	106.0	0
-25	-30	0	107.0	0
-25	-25	0	108.0	0
-25	-20	0	109.0	0
-25	-15	0	111.0	0
-25	-10	0	111.0	0
-25	-5	0	111.0	0
-25	0	0	111.0	0
-25	5	0	112.0	0
-25	10	0	112.0	0
-25	15	0	112.0	0
-25	20	0	112.0	0
-25	25	0	110.0	0
-25	30	0	111.0	0
-25	35	0	109.0	0
-25	40	0	108.0	0
-25	45	0	109.0	0
-25	50	0	107.0	0
-25	55	0	106.0	0
-25	60	0	107.0	0
-25	65	0	105.0	0
-25	70	0	105.0	0
-25	75	0	104.0	0
-25	80	0	103.0	0
-25	85	0	101.0	0
-25	90	0	101.0	0
-25	95	0	100.0	0
-25	100	0	99.0	0
-25	105	0	98.0	0
-25	110	0	97.0	0
-25	115	0	96.0	0
-25	120	0	95.0	0
-25	125	0	94.0	0
-25	130	0	93.0	0
-25	135	0	92.0	0
-25	140	0	91.0	0
-25	145	0	90.0	0
-25	150	0	89.0	0
-25	155	0	88.0	0
-25	160	0	89.0	0
-25	165	0	89.0	0
-25	170	0	88.0	0
-25	175	0	88.0	0
-20	-180	0	86.0	0
-20	-175	0	85.0	0
-20	-170	0	87.0	0
-20	-165	0	87.0	0
-20	-160	0	86.0	0
-20	-155	0	87.0	0
-20	-150	0	86.0	0
-20	-145	0	87.0	0
-20	-140	0	88.0	0
-20	-135	0	88.0	0
-20	-130	0	88.0	0
-20	-125	0	89.0	0
-20	-120	0	91.0	0
-20	-115	0	91.0	0
-20	-110	0	93.0	0
-20	-105	0	94.0	0
-20	-100	0	94.0	0
-20	-95	0	96.0	0
-20	-90	0	97.0	0
-20	-85	0	98.0	0
-20	-80	0	99.0	0
-20	-75	0	100.0	0
-20	-70	0	102.0	0
-20	-65	0	103.0	0
-20	-60	0	103.0	0
-20	-55	0	103.0	0
-20	-50	0	104.0	0
-20	-45	0	105.0	0
-20	-40	0	106.0	0
-20	-35	0	107.0	0
-20	-30	0	108.0	0
-20	-25	0	109.0	0
-20	-20	0	111.0	0
-20	-15	0	110.0	0
-20	-10	0	111.0	0
-20	-5	0	111.0	0
-20	0	0	111.0	0
-20	5	0	111.0	0
-20	10	0	112.0	0
-20	15	0	112.0	0
-20	20	0	111.0	0
-20	25	0	110.0	0
-20	30	0	111.0	0
-20	35	0	110.0	0
-20	40	0	110.0	0
-20	45	0	110.0	0
-20	50	0	108.0	0
-20	55	0	107.0	0
-20	60	0	106.0	0
-20	65	0	105.0	0
-20	70	0	104.0	0
-20	75	0	103.0	0
-20	80	0	102.0	0
-20	85	0	102.0	0
-20	90	0	100.0	0
-20	95	0	99.0	0
-20	100	0	99.0	0
-20	105	0	97.0	0
-20	110	0	95.0	0
-20	115	0	95.0	0
-20	120	0	94.0	0
-20	125	0	94.0	0
-20	130	0	93.0	0
-20	135	0	92.0	0
-20	140	0	90.0	0
-20	145	0	89.0	0
-20	150	0	88.0	0
-20	155	0	88.0	0
-20	160	0	87.0	0
-20	165	0	87.0	0
-20	170	0	87.0	0
-20	175	0	86.0	0
-15	-180	0	87.0	0
-15	-175	0	87.0	0
-15	-170	6.0	86.0	1
-15	-165	0	86.0	0
-15	-160	0	87.0	0
-15	-155	0	86.0	0
-15	-150	0	87.0	0
-15	-145	0	87.0	0
-15	-140	0	87.0	0
-15	-135	0	88.0	0
-15	-130	0	89.0	0
-15	-125	0	90.0	0
-15	-120	0	91.0	0
-15	-115	0	93.0	0
-15	-110	0	93.0	0
-15	-105	0	95.0	0
-15	-100	0	96.0	0
-15	-95	0	97.0	0
-15	-90	0	98.0	0
-15	-85	0	99.0	0
-15	-80	0	101.0	0
-15	-75	0	101.0	0
-15	-70	0	103.0	0
-15	-65	0	103.0	0
-15	-60	0	105.0	0
-15	-55	0	106.0	0
-15	-50	0	107.0	0
-15	-45	0	107.0	0
-15	-40	0	109.0	0
-15	-35	0	109.0	0
-15	-30	0	111.0	0
-15	-25	0	111.0	0
-15	-20	0	112.0	0
-15	-15	0	112.0	0
-15	-10	0	113.0	0
-15	-5	0	113.0	0
-15	0	0	113.0	0
-15	5	0	114.0	0
-15	10	0	113.0	0
-15	15	0	112.0	0
-15	20	0	112.0	0
-15	25	0	111.0	0
-15	30	0	111.0	0
-15	35	0	110.0	0
-15	40	0	110.0	0
-15	45	0	109.0	0
-15	50	0	108.0	0
-15	55	0	108.0	0
-15	60	0	107.0	0
-15	65	0	105.0	0
-15	70	0	105.0	0
-15	75	0	103.0	0
-15	80	0	103.0	0
-15	85	0	102.0	0
-15	90	0	101.0	0
-15	95	0	100.0	0
-15	100	0	99.0	0
-15	105	0	98.0	0
-15	110	0	98.0	0
-15	115	69.0	96.0	1
-15	120	0	96.0	0
-15	125	0	95.0	0
-15	130	0	93.0	0
-15	135	0	92.0	0
-15	140	0	91.0	0
-15	145	0	90.0	0
-15	150	0	89.0	0
-15	155	0	90.0	0
-15	160	0	88.0	0
-15	165	0	87.0	0
-15	170	0	86.0	0
-15	175	0	87.0	0
-10	-180	0	86.0	0
-10	-175	0	87.0	0
-10	-170	0	86.0	0
-10	-165	0	86.0	0
-10	-160	0	87.0	0
-10	-155	0	87.0	0
-10	-150	0	87.0	0
-10	-145	0	87.0	0
-10	-140	0	89.0	0
-10	-135	0	89.0	0
-10	-130	0	90.0	0
-10	-125	0	90.0	0
-10	-120	0	92.0	0
-10	-115	0	94.0	0
-10	-110	0	95.0	0
-10	-105	0	96.0	0
-10	-100	0	97.0	0
-10	-95	0	98.0	0
-10	-90	0	100.0	0
-10	-85	0	101.0	0
-10	-80	0	102.0	0
-10	-75	0	102.0	0
-10	-70	0	103.0	0
-10	-65	0	104.0	0
-10	-60	0	105.0	0
-10	-55	0	106.0	0
-10	-50	0	107.0	0
-10	-45	0	108.0	0
-10	-40	0	109.0	0
-10	-35	0	110.0	0
-10	-30	0	111.0	0
-10	-25	0	111.0	0
-10	-20	0	112.0	0
-10	-15	0	111.0	0
-10	-10	0	112.0	0
-10	-5	0	112.0	0
-10	0	0	114.0	0
-10	5	0	114.0	0
-10	10	63.0	112.0	1
-10	15	0	113.0	0
-10	20	0	112.0	0
-10	25	0	111.0	0
-10	30	0	111.0	0
-10	35	0	109.0	0
-10	40	0	109.0	0
-10	45	0	107.0	0
-10	50	0	108.0	0
-10	55	0	106.0	0
-10	60	0	106.0	0
-10	65	0	105.0	0
-10	70	0	104.0	0
-10	75	0	103.0	0
-10	80	0	103.0	0
-10	85	0	102.0	0
-10	90	0	100.0	0
-10	95	0	100.0	0
-10	100	0	99.0	0
-10	105	0	98.0	0
-10	110	0	97.0	0
-10	115	0	96.0	0
-10	120	0	94.0	0
-10	125	0	92.0	0
-10	130	0	92.0	0
-10	135	0	91.0	0
-10	140	0	90.0	0
-10	145	0	88.0	0
-10	150	0	88.0	0
-10	155	0	87.0	0
-10	160	0	88.0	0
-10	165	0	87.0	0
-10	170	0	87.0	0
-10	175	0	86.0	0
-5	-180	0	86.0	0
-5	-175	0	86.0	0
-5	-170	0	86.0	0
-5	-165	0	87.0	0
-5	-160	0	87.0	0
-5	-155	0	87.0	0
-5	-150	0	87.0	0
-5	-145	0	88.0	0
-5	-140	0	89.0	0
-5	-135	0	90.0	0
-5	-130	0	92.0	0
-5	-125	0	93.0	0
-5	-120	0	93.0	0
-5	-115	0	93.0	0
-5	-110	0	96.0	0
-5	-105	0	96.0	0
-5	-100	0	98.0	0
-5	-95	0	98.0	0
-5	-90	0	100.0	0
-5	-85	0	100.0	0
-5	-80	0	102.0	0
-5	-75	0	101.0	0
-5	-70	0	104.0	0
-5	-65	0	105.0	0
-5	-60	0	106.0	0
-5	-55	0	106.0	0
-5	-50	0	108.0	0
-5	-45	0	109.0	0
-5	-40	0	108.0	0
-5	-35	0	109.0	0
-5	-30	0	109.0	0
-5	-25	0	110.0	0
-5	-20	0	112.0	0
-5	-15	0	112.0	0
-5	-10	0	112.0	0
-5	-5	0	112.0	0
-5	0	0	112.0	0
-5	5	0	112.0	0
-5	10	0	111.0	0
-5	15	0	112.0	0
-5	20	0	111.0	0
-5	25	0	111.0	0
-5	30	0	111.0	0
-5	35	0	109.0	0
-5	40	0	110.0	0
-5	45	0	106.0	0
-5	50	0	107.0	0
-5	55	0	106.0	0
-5	60	0	105.0	0
-5	65	0	104.0	0
-5	70	0	104.0	0
-5	75	0	103.0	0
-5	80	0	102.0	0
-5	85	0	100.0	0
-5	90	0	98.0	0
-5	95	0	98.0	0
-5	100	0	97.0	0
-5	105	0	95.0	0
-5	110	0	95.0	0
-5	115	0	93.0	0
-5	120	0	93.0	0
-5	125	0	91.0	0
-5	130	0	91.0	0
-5	135	0	89.0	0
-5	140	0	89.0	0
-5	145	0	89.0	0
-5	150	0	88.0	0
-5	155	0	88.0	0
-5	160	0	87.0	0
-5	165	0	88.0	0
-5	170	0	86.0	0
-5	175	0	86.0	0
0	-180	0	86.0	0
0	-175	0	86.0	0
0	-170	0	87.0	0
0	-165	0	87.0	0
0	-160	0	88.0	0
0	-155	0	87.0	0
0	-150	0	88.0	0
0	-145	0	88.0	0
0	-140	0	90.0	0
0	-135	0	91.0	0
0	-130	0	91.0	0
0	-125	0	92.0	0
0	-120	0	93.0	0
0	-115	0	95.0	0
0	-110	0	95.0	0
0	-105	0	98.0	0
0	-100	0	99.0	0
0	-95	0	99.0	0
0	-90	0	100.0	0
0	-85	0	101.0	0
0	-80	0	102.0	0
0	-75	0	103.0	0
0	-70	0	105.0	0
0	-65	0	105.0	0
0	-60	0	107.0	0
0	-55	0	107.0	0
0	-50	0	108.0	0
0	-45	0	109.0	0
0	-40	0	110.0	0
0	-35	0	110.0	0
0	-30	0	111.0	0
0	-25	0	112.0	0
0	-20	0	112.0	0
0	-15	0	112.0	0
0	-10	0	113.0	0
0	-5	0	113.0	0
0	0	0	112.0	0
0	5	0	114.0	0
0	10	0	113.0	0
0	15	0	112.0	0
0	20	0	111.0	0
0	25	0	110.0	0
0	30	0	110.0	0
0	35	0	108.0	0
0	40	0	108.0	0
0	45	0	106.0	0
0	50	0	107.0	0
0	55	0	106.0	0
0	60	0	105.0	0
0	65	0	104.0	0
0	70	0	101.0	0
0	75	0	100.0	0
0	80	0	99.0	0
0	85	0	98.0	0
0	90	0	98.0	0
0	95	0	98.0	0
0	100	0	96.0	0
0	105	0	94.0	0
0	110	0	94.0	0
0	115	0	93.0	0
0	120	0	92.0	0
0	125	0	91.0	0
0	130	0	91.0	0
0	135	0	90.0	0
0	140	0	89.0	0
0	145	0	88.0	0
0	150	0	88.0	0
0	155	0	87.0	0
0	160	0	88.0	0
0	165	0	87.0	0
0	170	0	86.0	0
0	175	0	87.0	0
5	-180	0	86.0	0
5	-175	0	86.0	0
5	-170	0	86.0	0
5	-165	0	87.0	0
5	-160	0	87.0	0
5	-155	0	88.0	0
5	-150	0	87.0	0
5	-145	0	89.0	0
5	-140	0	91.0	0
5	-135	0	91.0	0
5	-130	0	93.0	0
5	-125	0	93.0	0
5	-120	0	93.0	0
5	-115	0	96.0	0
5	-110	0	98.0	0
5	-105	0	98.0	0
5	-100	0	99.0	0
5	-95	0	99.0	0
5	-90	0	100.0	0
5	-85	0	102.0	0
5	-80	0	103.0	0
5	-75	32.0	104.0	1
5	-70	0	106.0	0
5	-65	0	105.0	0
5	-60	0	107.0	0
5	-55	0	107.0	0
5	-50	0	109.0	0
5	-45	0	109.0	0
5	-40	0	109.0	0
5	-35	0	110.0	0
5	-30	0	110.0	0
5	-25	0	112.0	0
5	-20	0	111.0	0
5	-15	0	111.0	0
5	-10	0	111.0	0
5	-5	0	112.0	0
5	0	0	111.0	0
5	5	0	112.0	0
5	10	0	111.0	0
5	15	0	111.0	0
5	20	0	110.0	0
5	25	0	109.0	0
5	30	0	109.0	0
5	35	0	107.0	0
5	40	0	106.0	0
5	45	0	106.0	0
5	50	0	105.0	0
5	55	0	104.0	0
5	60	0	103.0	0
5	65	0	102.0	0
5	70	0	101.0	0
5	75	0	101.0	0
5	80	0	100.0	0
5	85	0	99.0	0
5	90	0	98.0	0
5	95	0	96.0	0
5	100	0	96.0	0
5	105	0	94.0	0
5	110	40.0	93.0	1
5	115	0	93.0	0
5	120	0	91.0	0
5	125	0	90.0	0
5	130	0	89.0	0
5	135	0	88.0	0
5	140	0	88.0	0
5	145	0	87.0	0
5	150	0	86.0	0
5	155	0	86.0	0
5	160	0	87.0	0
5	165	0	85.0	0
5	170	0	85.0	0
5	175	0	86.0	0
10	-180	0	87.0	0
10	-175	0	87.0	0
10	-170	0	88.0	0
10	-165	0	87.0	0
10	-160	0	89.0	0
10	-155	0	89.0	0
10	-150	0	90.0	0
10	-145	0	90.0	0
10	-140	0	92.0	0
10	-135	0	92.0	0
10	-130	0	93.0	0
10	-125	0	94.0	0
10	-120	0	96.0	0
10	-115	0	97.0	0
10	-110	0	97.0	0
10	-105	0	99.0	0
10	-100	0	100.0	0
10	-95	0	101.0	0
10	-90	0	102.0	0
10	-85	0	103.0	0
10	-80	0	104.0	0
10	-75	0	105.0	0
10	-70	0	104.0	0
10	-65	0	106.0	0
10	-60	0	108.0	0
10	-55	0	108.0	0
10	-50	0	109.0	0
10	-45	0	109.0	0
10	-40	0	110.0	0
10	-35	0	111.0	0
10	-30	0	112.0	0
10	-25	0	112.0	0
10	-20	0	111.0	0
10	-15	0	112.0	0
10	-10	0	112.0	0
10	-5	0	114.0	0
10	0	0	112.0	0
10	5	0	112.0	0
10	10	0	112.0	0
10	15	0	112.0	0
10	20	0	111.0	0
10	25	0	109.0	0
10	30	0	109.0	0
10	35	0	107.0	0
10	40	0	106.0	0
10	45	0	106.0	0
10	50	0	106.0	0
10	55	0	104.0	0
10	60	0	103.0	0
10	65	0	102.0	0
10	70	0	101.0	0
10	75	0	102.0	0
10	80	0	100.0	0
10	85	0	97.0	0
10	90	0	97.0	0
10	95	0	95.0	0
10	100	0	94.0	0
10	105	0	93.0	0
10	110	0	92.0	0
10	115	0	91.0	0
10	120	0	90.0	0
10	125	0	90.0	0
10	130	0	88.0	0
10	135	0	87.0	0
10	140	0	87.0	0
10	145	0	87.0	0
10	150	0	87.0	0
10	155	0	87.0	0
10	160	0	86.0	0
10	165	0	87.0	0
10	170	0	86.0	0
10	175	0	86.0	0
15	-180	0	86.0	0
15	-175	0	86.0	0
15	-170	0	87.0	0
15	-165	0	87.0	0
15	-160	0	87.0	0
15	-155	32.0	89.0	1
15	-150	0	90.0	0
15	-145	0	90.0	0
15	-140	0	92.0	0
15	-135	0	93.0	0
15	-130	0	94.0	0
15	-125	0	95.0	0
15	-120	0	96.0	0
15	-115	0	98.0	0
15	-110	0	99.0	0
15	-105	0	99.0	0
15	-100	0	100.0	0
15	-95	0	102.0	0
15	-90	0	102.0	0
15	-85	0	103.0	0
15	-80	0	104.0	0
15	-75	0	105.0	0
15	-70	0	105.0	0
15	-65	0	107.0	0
15	-60	0	108.0	0
15	-55	0	108.0	0
15	-50	0	109.0	0
15	-45	0	109.0	0
15	-40	0	110.0	0
15	-35	0	111.0	0
15	-30	0	111.0	0
15	-25	0	112.0	0
15	-20	0	112.0	0
15	-15	0	111.0	0
15	-10	0	111.0	0
15	-5	0	112.0	0
15	0	0	110.0	0
15	5	0	110.0	0
15	10	0	111.0	0
15	15	0	109.0	0
15	20	0	110.0	0
15	25	0	108.0	0
15	30	0	108.0	0
15	35	0	107.0	0
15	40	0	106.0	0
15	45	0	105.0	0
15	50	0	104.0	0
15	55	76.0	103.0	1
15	60	0	103.0	0
15	65	0	102.0	0
15	70	0	101.0	0
15	75	0	100.0	0
15	80	0	97.0	0
15	85	0	97.0	0
15	90	0	97.0	0
15	95	0	95.0	0
15	100	0	94.0	0
15	105	0	93.0	0
15	110	0	91.0	0
15	115	0	91.0	0
15	120	0	89.0	0
15	125	0	88.0	0
15	130	0	88.0	0
15	135	0	87.0	0
15	140	0	87.0	0
15	145	0	87.0	0
15	150	0	86.0	0
15	155	0	86.0	0
15	160	0	86.0	0
15	165	0	86.0	0
15	170	0	86.0	0
15	175	0	85.0	0
20	-180	0	86.0	0
20	-175	0	86.0	0
20	-170	0	87.0	0
20	-165	0	88.0	0
20	-160	0	89.0	0
20	-155	0	88.0	0
20	-150	0	89.0	0
20	-145	0	90.0	0
20	-140	0	92.0	0
20	-135	0	94.0	0
20	-130	29.0	94.0	1
20	-125	0	95.0	0
20	-120	20.0	96.0	1
20	-115	0	97.0	0
20	-110	0	98.0	0
20	-105	11.0	99.0	1
20	-100	0	101.0	0
20	-95	0	102.0	0
20	-90	0	101.0	0
20	-85	35.0	103.0	1
20	-80	0	104.0	0
20	-75	0	105.0	0
20	-70	0	106.0	0
20	-65	0	106.0	0
20	-60	0	108.0	0
20	-55	0	108.0	0
20	-50	0	108.0	0
20	-45	0	109.0	0
20	-40	0	110.0	0
20	-35	0	111.0	0
20	-30	0	110.0	0
20	-25	0	111.0	0
20	-20	0	111.0	0
20	-15	0	111.0	0
20	-10	0	111.0	0
20	-5	0	112.0	0
20	0	0	111.0	0
20	5	0	110.0	0
20	10	0	110.0	0
20	15	0	108.0	0
20	20	0	109.0	0
20	25	0	107.0	0
20	30	0	107.0	0
20	35	0	106.0	0
20	40	0	105.0	0
20	45	0	104.0	0
20	50	0	103.0	0
20	55	0	102.0	0
20	60	30.0	102.0	1
20	65	0	100.0	0
20	70	0	99.0	0
20	75	0	98.0	0
20	80	0	98.0	0
20	85	0	97.0	0
20	90	0	96.0	0
20	95	0	93.0	0
20	100	0	93.0	0
20	105	0	92.0	0
20	110	0	90.0	0
20	115	0	89.0	0
20	120	0	87.0	0
20	125	0	88.0	0
20	130	0	87.0	0
20	135	0	86.0	0
20	140	0	87.0	0
20	145	0	87.0	0
20	150	0	86.0	0
20	155	0	87.0	0
20	160	0	86.0	0
20	165	0	86.0	0
20	170	0	87.0	0
20	175	0	86.0	0
25	-180	0	86.0	0
25	-175	0	87.0	0
25	-170	0	87.0	0
25	-165	0	87.0	0
25	-160	0	88.0	0
25	-155	0	89.0	0
25	-150	0	90.0	0
25	-145	0	92.0	0
25	-140	0	93.0	0
25	-135	0	94.0	0
25	-130	0	94.0	0
25	-125	0	96.0	1
25	-120	0	97.0	0
25	-115	0	98.0	0
25	-110	0	99.0	0
25	-105	0	99.0	0
25	-100	0	101.0	0
25	-95	0	102.0	0
25	-90	0	103.0	0
25	-85	0	104.0	0
25	-80	0	105.0	0
25	-75	0	105.0	0
25	-70	0	106.0	0
25	-65	0	107.0	0
25	-60	0	108.0	0
25	-55	0	108.0	0
25	-50	0	109.0	0
25	-45	0	111.0	0
25	-40	0	111.0	0
25	-35	0	111.0	0
25	-30	0	111.0	0
25	-25	0	112.0	0
25	-20	0	110.0	0
25	-15	0	112.0	0
25	-10	0	111.0	0
25	-5	0	111.0	0
25	0	0	111.0	0
25	5	0	109.0	0
25	10	0	109.0	0
25	15	0	108.0	0
25	20	0	107.0	0
25	25	0	107.0	0
25	30	0	105.0	0
25	35	0	103.0	0
25	40	0	103.0	0
25	45	0	103.0	0
25	50	0	103.0	0
25	55	0	101.0	0
25	60	0	101.0	0
25	65	0	100.0	0
25	70	0	100.0	0
25	75	0	98.0	0
25	80	0	96.0	0
25	85	0	95.0	0
25	90	0	94.0	0
25	95	0	93.0	0
25	100	0	93.0	0
25	105	0	91.0	0
25	110	0	90.0	0
25	115	0	88.0	0
25	120	0	88.0	0
25	125	0	88.0	0
25	130	0	87.0	0
25	135	0	87.0	0
25	140	0	87.0	0
25	145	0	87.0	0
25	150	0	86.0	0
25	155	0	87.0	0
25	160	0	86.0	0
25	165	0	87.0	0
25	170	0	86.0	0
25	175	0	86.0	0
30	-180	0	86.0	0
30	-175	0	86.0	0
30	-170	0	87.0	0
30	-165	0	88.0	0
30	-160	0	89.0	0
30	-155	0	90.0	0
30	-150	0	92.0	0
30	-145	0	92.0	0
30	-140	0	92.0	0
30	-135	0	94.0	0
30	-130	0	95.0	0
30	-125	0	96.0	0
30	-120	12.0	98.0	1
30	-115	0	98.0	0
30	-110	25.0	100.0	2
30	-105	0	101.0	0
30	-100	0	102.0	0
30	-95	0	102.0	0
30	-90	0	103.0	0
30	-85	0	104.0	0
30	-80	0	105.0	0
30	-75	0	105.0	0
30	-70	0	106.0	0
30	-65	0	107.0	0
30	-60	0	109.0	0
30	-55	0	108.0	0
30	-50	0	108.0	0
30	-45	0	109.0	0
30	-40	0	109.0	0
30	-35	0	109.0	0
30	-30	0	109.0	0
30	-25	0	111.0	0
30	-20	0	110.0	0
30	-15	0	110.0	0
30	-10	0	110.0	0
30	-5	0	109.0	0
30	0	0	109.0	0
30	5	0	108.0	0
30	10	0	108.0	0
30	15	0	106.0	0
30	20	0	106.0	0
30	25	0	105.0	0
30	30	0	104.0	0
30	35	0	104.0	0
30	40	0	102.0	0
30	45	0	102.0	0
30	50	0	101.0	0
30	55	0	101.0	0
30	60	0	99.0	0
30	65	0	98.0	0
30	70	0	97.0	0
30	75	0	97.0	0
30	80	52.0	95.0	1
30	85	0	95.0	0
30	90	0	94.0	0
30	95	0	93.0	0
30	100	0	91.0	0
30	105	0	90.0	0
30	110	0	89.0	0
30	115	0	89.0	0
30	120	0	88.0	0
30	125	0	87.0	0
30	130	0	87.0	0
30	135	0	86.0	0
30	140	0	86.0	0
30	145	0	86.0	0
30	150	0	86.0	0
30	155	0	86.0	0
30	160	0	86.0	0
30	165	0	86.0	0
30	170	0	86.0	0
30	175	0	86.0	0
35	-180	0	87.0	0
35	-175	0	87.0	0
35	-170	0	87.0	0
35	-165	0	88.0	0
35	-160	0	88.0	0
35	-155	0	91.0	0
35	-150	0	91.0	0
35	-145	33.0	91.0	1
35	-140	0	93.0	0
35	-135	0	94.0	0
35	-130	85.0	95.0	2
35	-125	60.0	97.0	1
35	-120	59.0	98.0	3
35	-115	0	99.0	0
35	-110	0	99.0	0
35	-105	0	100.0	0
35	-100	0	101.0	0
35	-95	0	102.0	0
35	-90	0	103.0	0
35	-85	0	104.0	0
35	-80	0	105.0	0
35	-75	0	106.0	0
35	-70	0	106.0	0
35	-65	0	107.0	0
35	-60	5.0	108.0	1
35	-55	0	108.0	0
35	-50	0	108.0	0
35	-45	0	109.0	0
35	-40	0	109.0	0
35	-35	0	111.0	0
35	-30	0	110.0	0
35	-25	0	111.0	0
35	-20	0	110.0	0
35	-15	0	110.0	0
35	-10	0	110.0	0
35	-5	0	109.0	0
35	0	0	110.0	0
35	5	0	107.0	0
35	10	0	107.0	0
35	15	0	107.0	0
35	20	0	105.0	0
35	25	0	105.0	0
35	30	10.0	105.0	1
35	35	0	104.0	0
35	40	16.0	102.0	1
35	45	0	101.0	0
35	50	62.0	100.0	1
35	55	0	99.0	0
35	60	43.0	99.0	1
35	65	0	98.0	0
35	70	81.0	97.0	1
35	75	0	96.0	0
35	80	0	94.0	0
35	85	0	93.0	0
35	90	0	92.0	0
35	95	12.0	90.0	1
35	100	0	90.0	0
35	105	0	89.0	0
35	110	0	88.0	0
35	115	0	87.0	0
35	120	0	88.0	0
35	125	0	88.0	0
35	130	0	88.0	0
35	135	0	88.0	0
35	140	0	87.0	0
35	145	0	88.0	0
35	150	0	87.0	0
35	155	0	87.0	0
35	160	0	86.0	0
35	165	0	87.0	0
35	170	0	87.0	0
35	175	0	87.0	0
40	-180	0	86.0	0
40	-175	0	88.0	0
40	-170	0	87.0	0
40	-165	0	88.0	0
40	-160	0	88.0	0
40	-155	71.0	89.0	1
40	-150	0	90.0	0
40	-145	0	92.0	0
40	-140	6.0	93.0	3
40	-135	67.0	95.0	3
40	-130	14.0	95.0	3
40	-125	62.0	96.0	5
40	-120	0	96.0	0
40	-115	0	99.0	0
40	-110	71.0	99.0	1
40	-105	0	99.0	0
40	-100	0	100.0	0
40	-95	0	102.0	0
40	-90	0	102.0	0
40	-85	0	104.0	0
40	-80	0	105.0	0
40	-75	0	106.0	0
40	-70	0	106.0	0
40	-65	0	107.0	0
40	-60	0	108.0	0
40	-55	0	108.0	0
40	-50	0	108.0	0
40	-45	0	108.0	0
40	-40	0	108.0	0
40	-35	0	110.0	0
40	-30	0	109.0	0
40	-25	0	110.0	0
40	-20	0	110.0	0
40	-15	0	108.0	0
40	-10	0	108.0	0
40	-5	0	107.0	0
40	0	0	107.0	0
40	5	0	106.0	0
40	10	0	106.0	0
40	15	0	106.0	0
40	20	0	104.0	0
40	25	0	103.0	0
40	30	94.0	102.0	2
40	35	0	101.0	0
40	40	1.0	100.0	1
40	45	87.0	99.0	2
40	50	87.0	98.0	3
40	55	0	99.0	0
40	60	0	97.0	0
40	65	69.0	96.0	2
40	70	0	95.0	0
40	75	0	94.0	0
40	80	0	93.0	0
40	85	0	92.0	0
40	90	0	91.0	0
40	95	0	90.0	0
40	100	0	89.0	0
40	105	0	89.0	0
40	110	0	88.0	0
40	115	0	88.0	0
40	120	0	88.0	0
40	125	0	87.0	0
40	130	11.0	88.0	1
40	135	0	87.0	0
40	140	0	87.0	0
40	145	0	86.0	0
40	150	0	86.0	0
40	155	41.0	86.0	1
40	160	0	86.0	0
40	165	0	86.0	0
40	170	0	86.0	0
40	175	0	86.0	0
45	-180	0	87.0	0
45	-175	0	88.0	0
45	-170	0	88.0	0
45	-165	0	89.0	0
45	-160	27.0	89.0	1
45	-155	0	90.0	0
45	-150	3.0	90.0	1
45	-145	3.0	92.0	1
45	-140	32.0	92.0	4
45	-135	76.0	94.0	17
45	-130	85.0	95.0	24
45	-125	51.0	96.0	10
45	-120	86.0	97.0	6
45	-115	55.0	99.0	3
45	-110	0	100.0	0
45	-105	0	101.0	0
45	-100	0	101.0	0
45	-95	0	102.0	0
45	-90	0	103.0	0
45	-85	0	103.0	0
45	-80	0	105.0	0
45	-75	0	107.0	0
45	-70	0	106.0	0
45	-65	0	106.0	0
45	-60	0	107.0	0
45	-55	0	108.0	0
45	-50	0	108.0	0
45	-45	0	109.0	0
45	-40	0	108.0	0
45	-35	0	109.0	0
45	-30	0	109.0	0
45	-25	0	110.0	0
45	-20	0	110.0	0
45	-15	0	108.0	0
45	-10	0	109.0	0
45	-5	0	106.0	0
45	0	0	107.0	0
45	5	0	107.0	0
45	10	0	105.0	0
45	15	0	104.0	0
45	20	0	103.0	0
45	25	26.0	103.0	1
45	30	78.0	102.0	5
45	35	54.0	101.0	2
45	40	90.0	100.0	4
45	45	53.0	99.0	2
45	50	81.0	98.0	3
45	55	0	97.0	0
45	60	0	96.0	0
45	65	0	96.0	0
45	70	0	93.0	0
45	75	0	94.0	0
45	80	0	93.0	0
45	85	0	92.0	0
45	90	0	91.0	0
45	95	0	90.0	0
45	100	0	89.0	0
45	105	0	88.0	0
45	110	0	87.0	0
45	115	0	88.0	0
45	120	0	87.0	0
45	125	0	88.0	0
45	130	0	88.0	0
45	135	0	87.0	0
45	140	0	86.0	0
45	145	0	87.0	0
45	150	0	86.0	0
45	155	43.0	87.0	1
45	160	0	86.0	0
45	165	0	86.0	0
45	170	0	86.0	0
45	175	0	86.0	0
50	-180	39.0	86.0	2
50	-175	0	86.0	0
50	-170	0	87.0	0
50	-165	17.0	88.0	1
50	-160	20.0	89.0	2
50	-155	38.0	90.0	1
50	-150	68.0	91.0	12
50	-145	59.0	92.0	18
50	-140	78.0	93.0	36
50	-135	83.0	93.0	65
50	-130	72.0	95.0	40
50	-125	86.0	96.0	35
50	-120	70.0	96.0	5
50	-115	67.0	98.0	2
50	-110	76.0	98.0	1
50	-105	38.0	101.0	2
50	-100	0	101.0	1
50	-95	0	101.0	0
50	-90	0	102.0	0
50	-85	0	102.0	0
50	-80	0	103.0	0
50	-75	0	104.0	0
50	-70	0	105.0	0
50	-65	0	106.0	0
50	-60	0	106.0	0
50	-55	0	106.0	0
50	-50	0	107.0	0
50	-45	0	108.0	0
50	-40	0	107.0	0
50	-35	0	109.0	0
50	-30	0	108.0	0
50	-25	0	107.0	0
50	-20	0	108.0	0
50	-15	0	108.0	0
50	-10	0	107.0	0
50	-5	0	106.0	0
50	0	0	105.0	0
50	5	0	104.0	0
50	10	0	103.0	0
50	15	0	104.0	0
50	20	77.0	101.0	3
50	25	53.0	101.0	6
50	30	86.0	100.0	20
50	35	91.0	99.0	23
50	40	90.0	99.0	18
50	45	64.0	97.0	10
50	50	72.0	97.0	10
50	55	21.0	96.0	2
50	60	54.0	96.0	2
50	65	12.0	95.0	2
50	70	0	93.0	0
50	75	0	93.0	0
50	80	0	92.0	0
50	85	0	91.0	0
50	90	0	90.0	0
50	95	0	89.0	0
50	100	0	88.0	0
50	105	0	88.0	0
50	110	0	87.0	0
50	115	0	88.0	0
50	120	0	87.0	0
50	125	0	88.0	0
50	130	0	87.0	0
50	135	0	86.0	0
50	140	35.0	86.0	1
50	145	0	87.0	0
50	150	0	86.0	0
50	155	0	87.0	0
50	160	0	87.0	0
50	165	0	87.0	0
50	170	0	86.0	0
50	175	0	86.0	0
55	-180	0	86.0	0
55	-175	0	87.0	0
55	-170	43.0	87.0	1
55	-165	0	88.0	0
55	-160	38.0	89.0	2
55	-155	74.0	91.0	16
55	-150	70.0	91.0	29
55	-145	67.0	91.0	26
55	-140	76.0	93.0	69
55	-135	81.0	93.0	88
55	-130	83.0	94.0	104
55	-125	83.0	95.0	66
55	-120	89.0	97.0	16
55	-115	91.0	97.0	5
55	-110	83.0	98.0	5
55	-105	0	99.0	0
55	-100	0	99.0	0
55	-95	0	101.0	0
55	-90	0	102.0	0
55	-85	0	102.0	0
55	-80	34.0	103.0	1
55	-75	0	103.0	0
55	-70	0	105.0	0
55	-65	0	105.0	0
55	-60	0	106.0	0
55	-55	0	106.0	0
55	-50	0	106.0	0
55	-45	0	107.0	0
55	-40	0	107.0	0
55	-35	0	108.0	0
55	-30	0	107.0	0
55	-25	0	106.0	0
55	-20	0	106.0	0
55	-15	0	106.0	0
55	-10	57.0	105.0	1
55	-5	0	104.0	0
55	0	0	104.0	0
55	5	0	103.0	0
55	10	51.0	102.0	3
55	15	79.0	102.0	8
55	20	93.0	100.0	17
55	25	92.0	100.0	40
55	30	89.0	99.0	57
55	35	89.0	98.0	46
55	40	79.0	98.0	35
55	45	75.0	95.0	20
55	50	69.0	95.0	9
55	55	81.0	95.0	3
55	60	37.0	94.0	3
55	65	0	94.0	1
55	70	75.0	92.0	1
55	75	0	91.0	0
55	80	0	90.0	0
55	85	0	89.0	0
55	90	0	89.0	0
55	95	0	90.0	0
55	100	0	88.0	0
55	105	0	88.0	0
55	110	0	88.0	0
55	115	0	87.0	0
55	120	0	87.0	0
55	125	0	86.0	0
55	130	41.0	86.0	1
55	135	0	86.0	0
55	140	0	87.0	0
55	145	0	87.0	0
55	150	0	87.0	0
55	155	0	87.0	0
55	160	0	86.0	0
55	165	0	86.0	0
55	170	0	86.0	0
55	175	17.0	86.0	1
60	-180	32.0	86.0	2
60	-175	20.0	87.0	2
60	-170	63.0	87.0	7
60	-165	71.0	87.0	17
60	-160	71.0	89.0	26
60	-155	68.0	90.0	37
60	-150	73.0	90.0	52
60	-145	76.0	91.0	44
60	-140	79.0	93.0	43
60	-135	83.0	93.0	50
60	-130	87.0	95.0	76
60	-125	84.0	95.0	50
60	-120	85.0	96.0	21
60	-115	65.0	97.0	11
60	-110	0	98.0	0
60	-105	0	99.0	0
60	-100	60.0	99.0	1
60	-95	0	99.0	0
60	-90	28.0	100.0	1
60	-85	0	102.0	0
60	-80	0	102.0	0
60	-75	0	103.0	0
60	-70	0	103.0	0
60	-65	0	104.0	0
60	-60	0	106.0	0
60	-55	0	105.0	0
60	-50	0	106.0	0
60	-45	0	107.0	0
60	-40	0	107.0	0
60	-35	0	106.0	0
60	-30	0	108.0	0
60	-25	0	107.0	0
60	-20	0	106.0	0
60	-15	92.0	105.0	1
60	-10	70.0	106.0	1
60	-5	76.0	105.0	2
60	0	57.0	103.0	2
60	5	91.0	103.0	9
60	10	87.0	101.0	20
60	15	95.0	102.0	42
60	20	89.0	100.0	69
60	25	93.0	99.0	100
60	30	90.0	97.0	104
60	35	86.0	98.0	85
60	40	72.0	97.0	46
60	45	69.0	95.0	19
60	50	63.0	95.0	12
60	55	51.0	94.0	6
60	60	6.0	93.0	2
60	65	0	93.0	0
60	70	0	90.0	0
60	75	0	90.0	0
60	80	0	91.0	0
60	85	0	90.0	0
60	90	0	88.0	0
60	95	0	88.0	0
60	100	0	87.0	0
60	105	72.0	89.0	1
60	110	0	88.0	0
60	115	0	88.0	0
60	120	0	88.0	0
60	125	0	87.0	0
60	130	0	88.0	0
60	135	0	88.0	0
60	140	0	88.0	0
60	145	0	88.0	0
60	150	0	88.0	0
60	155	0	88.0	0
60	160	0	88.0	0
60	165	0	87.0	0
60	170	28.0	86.0	1
60	175	0	87.0	0
65	-180	47.0	87.0	9
65	-175	63.0	87.0	22
65	-170	70.0	87.0	40
65	-165	61.0	88.0	46
65	-160	68.0	89.0	46
65	-155	69.0	90.0	54
65	-150	78.0	91.0	40
65	-145	69.0	91.0	24
65	-140	75.0	93.0	18
65	-135	72.0	93.0	20
65	-130	74.0	94.0	37
65	-125	71.0	95.0	23
65	-120	70.0	95.0	13
65	-115	65.0	96.0	8
65	-110	66.0	96.0	3
65	-105	0	97.0	0
65	-100	0	98.0	0
65	-95	0	100.0	0
65	-90	0	100.0	0
65	-85	0	101.0	0
65	-80	0	102.0	0
65	-75	86.0	103.0	1
65	-70	0	103.0	0
65	-65	0	103.0	0
65	-60	0	104.0	0
65	-55	28.0	105.0	1
65	-50	81.0	105.0	1
65	-45	0	104.0	0
65	-40	0	106.0	1
65	-35	0	106.0	0
65	-30	64.0	105.0	1
65	-25	0	104.0	0
65	-20	0	104.0	0
65	-15	0	103.0	0
65	-10	80.0	103.0	2
65	-5	88.0	103.0	7
65	0	82.0	102.0	22
65	5	91.0	103.0	45
65	10	92.0	102.0	82
65	15	85.0	100.0	132
65	20	90.0	99.0	158
65	25	91.0	98.0	178
65	30	90.0	97.0	129
65	35	75.0	97.0	96
65	40	77.0	96.0	51
65	45	67.0	95.0	19
65	50	66.0	95.0	15
65	55	32.0	93.0	3
65	60	63.0	91.0	1
65	65	12.0	91.0	2
65	70	0	90.0	0
65	75	0	90.0	0
65	80	0	90.0	0
65	85	0	89.0	0
65	90	0	87.0	0
65	95	0	88.0	0
65	100	0	87.0	0
65	105	0	89.0	0
65	110	0	88.0	0
65	115	0	87.0	0
65	120	0	87.0	0
65	125	51.0	88.0	1
65	130	0	88.0	0
65	135	0	87.0	0
65	140	0	87.0	0
65	145	65.0	88.0	1
65	150	0	85.0	0
65	155	0	87.0	0
65	160	36.0	87.0	1
65	165	61.0	87.0	3
65	170	53.0	87.0	1
65	175	32.0	88.0	9
70	-180	50.0	87.0	23
70	-175	55.0	87.0	30
70	-170	62.0	88.0	55
70	-165	67.0	89.0	41
70	-160	75.0	88.0	44
70	-155	71.0	89.0	42
70	-150	67.0	89.0	28
70	-145	77.0	91.0	19
70	-140	67.0	92.0	14
70	-135	73.0	92.0	10
70	-130	69.0	93.0	11
70	-125	75.0	94.0	10
70	-120	74.0	95.0	6
70	-115	61.0	96.0	6
70	-110	78.0	96.0	3
70	-105	74.0	97.0	3
70	-100	22.0	99.0	1
70	-95	82.0	99.0	1
70	-90	25.0	100.0	1
70	-85	21.0	100.0	1
70	-80	0	101.0	0
70	-75	0	102.0	0
70	-70	0	102.0	0
70	-65	24.0	102.0	1
70	-60	0	103.0	0
70	-55	0	103.0	0
70	-50	0	104.0	0
70	-45	0	105.0	0
70	-40	0	104.0	0
70	-35	11.0	104.0	1
70	-30	82.0	104.0	1
70	-25	0	104.0	0
70	-20	51.0	103.0	1
70	-15	74.0	104.0	4
70	-10	81.0	103.0	9
70	-5	92.0	103.0	27
70	0	93.0	101.0	113
70	5	95.0	101.0	197
70	10	91.0	100.0	219
70	15	95.0	99.0	251
70	20	87.0	100.0	241
70	25	86.0	98.0	177
70	30	81.0	98.0	120
70	35	73.0	95.0	53
70	40	77.0	94.0	22
70	45	84.0	94.0	14
70	50	46.0	92.0	5
70	55	58.0	94.0	4
70	60	83.0	92.0	7
70	65	63.0	92.0	3
70	70	58.0	91.0	1
70	75	0	90.0	0
70	80	0	90.0	0
70	85	0	90.0	0
70	90	0	90.0	0
70	95	0	89.0	0
70	100	0	90.0	0
70	105	0	88.0	0
70	110	0	88.0	0
70	115	0	88.0	0
70	120	0	89.0	0
70	125	0	88.0	0
70	130	0	87.0	0
70	135	0	88.0	0
70	140	0	86.0	0
70	145	0	87.0	0
70	150	0	87.0	0
70	155	51.0	87.0	2
70	160	33.0	87.0	3
70	165	21.0	86.0	3
70	170	44.0	87.0	14
70	175	68.0	88.0	19
75	-180	71.0	87.0	46
75	-175	63.0	87.0	74
75	-170	72.0	87.0	50
75	-165	72.0	88.0	60
75	-160	79.0	88.0	37
75	-155	58.0	89.0	35
75	-150	65.0	89.0	25
75	-145	51.0	90.0	12
75	-140	40.0	91.0	6
75	-135	49.0	91.0	7
75	-130	76.0	93.0	7
75	-125	5.0	93.0	2
75	-120	75.0	94.0	6
75	-115	65.0	94.0	3
75	-110	69.0	96.0	1
75	-105	0	97.0	1
75	-100	16.0	98.0	2
75	-95	38.0	99.0	1
75	-90	47.0	99.0	1
75	-85	3.0	101.0	1
75	-80	0	102.0	0
75	-75	0	101.0	0
75	-70	70.0	101.0	2
75	-65	4.0	102.0	1
75	-60	67.0	102.0	6
75	-55	78.0	102.0	2
75	-50	0	104.0	0
75	-45	0	104.0	0
75	-40	0	103.0	0
75	-35	0	104.0	0
75	-30	56.0	104.0	4
75	-25	83.0	102.0	2
75	-20	67.0	102.0	5
75	-15	82.0	103.0	10
75	-10	87.0	101.0	45
75	-5	90.0	102.0	136
75	0	94.0	101.0	357
75	5	94.0	100.0	337
75	10	94.0	98.0	285
75	15	94.0	98.0	260
75	20	88.0	98.0	201
75	25	87.0	96.0	116
75	30	87.0	96.0	60
75	35	71.0	95.0	28
75	40	69.0	94.0	12
75	45	64.0	94.0	7
75	50	0	93.0	0
75	55	62.0	94.0	6
75	60	63.0	92.0	4
75	65	15.0	92.0	2
75	70	1.0	90.0	1
75	75	0	90.0	0
75	80	0	90.0	0
75	85	20.0	89.0	1
75	90	0	90.0	0
75	95	0	89.0	0
75	100	0	89.0	0
75	105	0	87.0	0
75	110	0	88.0	0
75	115	60.0	88.0	1
75	120	0	88.0	0
75	125	0	87.0	0
75	130	0	87.0	0
75	135	0	88.0	0
75	140	25.0	87.0	1
75	145	21.0	87.0	1
75	150	31.0	87.0	5
75	155	33.0	88.0	6
75	160	46.0	88.0	13
75	165	84.0	87.0	19
75	170	51.0	87.0	36
75	175	67.0	86.0	32
80	-180	71.0	87.0	39
80	-175	72.0	87.0	41
80	-170	68.0	87.0	51
80	-165	64.0	88.0	35
80	-160	65.0	89.0	24
80	-155	56.0	89.0	23
80	-150	83.0	89.0	15
80	-145	64.0	89.0	11
80	-140	58.0	91.0	7
80	-135	77.0	92.0	8
80	-130	46.0	92.0	4
80	-125	68.0	93.0	3
80	-120	58.0	94.0	3
80	-115	70.0	94.0	3
80	-110	0	96.0	0
80	-105	72.0	97.0	1
80	-100	0	97.0	1
80	-95	0	97.0	1
80	-90	0	98.0	1
80	-85	20.0	99.0	2
80	-80	51.0	99.0	2
80	-75	62.0	100.0	4
80	-70	75.0	101.0	5
80	-65	67.0	101.0	9
80	-60	74.0	101.0	5
80	-55	67.0	102.0	7
80	-50	90.0	102.0	8
80	-45	45.0	101.0	3
80	-40	74.0	102.0	3
80	-35	48.0	103.0	4
80	-30	86.0	102.0	4
80	-25	95.0	102.0	8
80	-20	89.0	102.0	16
80	-15	89.0	101.0	64
80	-10	93.0	100.0	154
80	-5	94.0	102.0	300
80	0	95.0	100.0	428
80	5	97.0	100.0	294
80	10	90.0	98.0	290
80	15	88.0	96.0	232
80	20	81.0	96.0	131
80	25	85.0	95.0	53
80	30	70.0	95.0	35
80	35	66.0	95.0	8
80	40	77.0	93.0	10
80	45	72.0	93.0	8
80	50	27.0	92.0	4
80	55	15.0	92.0	1
80	60	10.0	92.0	2
80	65	0	91.0	0
80	70	42.0	90.0	1
80	75	0	91.0	0
80	80	0	90.0	0
80	85	6.0	90.0	1
80	90	22.0	89.0	1
80	95	0	89.0	1
80	100	31.0	88.0	1
80	105	65.0	87.0	2
80	110	0	87.0	0
80	115	0	87.0	0
80	120	0	88.0	1
80	125	4.0	88.0	1
80	130	48.0	87.0	1
80	135	24.0	88.0	1
80	140	17.0	87.0	2
80	145	48.0	87.0	9
80	150	42.0	87.0	8
80	155	44.0	88.0	12
80	160	51.0	87.0	27
80	165	72.0	87.0	34
80	170	54.0	87.0	38
80	175	71.0	87.0	51
85	-180	68.0	87.0	33
85	-175	62.0	87.0	44
85	-170	74.0	87.0	34
85	-165	65.0	87.0	35
85	-160	47.0	88.0	22
85	-155	67.0	89.0	20
85	-150	52.0	89.0	12
85	-145	73.0	90.0	17
85	-140	79.0	90.0	13
85	-135	34.0	91.0	6
85	-130	37.0	92.0	9
85	-125	44.0	92.0	3
85	-120	5.0	93.0	2
85	-115	40.0	94.0	2
85	-110	6.0	95.0	2
85	-105	0	95.0	0
85	-100	0	97.0	0
85	-95	0	97.0	0
85	-90	74.0	98.0	4
85	-85	56.0	97.0	1
85	-80	80.0	99.0	3
85	-75	59.0	99.0	4
85	-70	39.0	99.0	3
85	-65	50.0	99.0	4
85	-60	66.0	100.0	5
85	-55	58.0	101.0	2
85	-50	53.0	101.0	2
85	-45	86.0	102.0	3
85	-40	89.0	101.0	4
85	-35	90.0	100.0	2
85	-30	84.0	101.0	7
85	-25	83.0	101.0	13
85	-20	93.0	100.0	47
85	-15	91.0	101.0	150
85	-10	93.0	100.0	286
85	-5	91.0	99.0	326
85	0	95.0	99.0	316
85	5	88.0	98.0	237
85	10	84.0	98.0	204
85	15	83.0	97.0	139
85	20	80.0	96.0	64
85	25	89.0	95.0	32
85	30	68.0	95.0	8
85	35	59.0	94.0	9
85	40	66.0	93.0	7
85	45	77.0	93.0	4
85	50	31.0	92.0	4
85	55	31.0	91.0	1
85	60	0	91.0	1
85	65	0	91.0	0
85	70	0	91.0	0
85	75	0	90.0	1
85	80	0	90.0	0
85	85	73.0	89.0	1
85	90	0	89.0	0
85	95	0	88.0	0
85	100	33.0	89.0	1
85	105	0	88.0	0
85	110	60.0	88.0	2
85	115	0	88.0	0
85	120	0	88.0	0
85	125	14.0	88.0	3
85	130	29.0	87.0	6
85	135	35.0	87.0	5
85	140	35.0	87.0	5
85	145	47.0	87.0	13
85	150	56.0	88.0	23
85	155	51.0	87.0	29
85	160	54.0	86.0	20
85	165	77.0	87.0	34
85	170	70.0	86.0	50
85	175	66.0	86.0	54
90	-180	73.0	87.0	30
90	-175	58.0	87.0	25
90	-170	70.0	88.0	31
90	-165	62.0	87.0	27
90	-160	62.0	87.0	12
90	-155	63.0	88.0	18
90	-150	67.0	88.0	8
90	-145	54.0	89.0	9
90	-140	59.0	89.0	4
90	-135	71.0	91.0	2
90	-130	84.0	91.0	1
90	-125	41.0	91.0	3
90	-120	0	92.0	1
90	-115	19.0	93.0	3
90	-110	26.0	94.0	1
90	-105	58.0	94.0	2
90	-100	51.0	94.0	2
90	-95	0	96.0	0
90	-90	38.0	97.0	2
90	-85	0	98.0	0
90	-80	46.0	99.0	1
90	-75	88.0	98.0	4
90	-70	55.0	99.0	1
90	-65	53.0	99.0	2
90	-60	52.0	100.0	2
90	-55	31.0	99.0	2
90	-50	11.0	99.0	1
90	-45	44.0	99.0	2
90	-40	81.0	100.0	7
90	-35	57.0	100.0	7
90	-30	85.0	99.0	14
90	-25	87.0	99.0	32
90	-20	91.0	100.0	88
90	-15	89.0	100.0	222
90	-10	92.0	98.0	265
90	-5	92.0	98.0	235
90	0	93.0	98.0	221
90	5	84.0	97.0	175
90	10	85.0	97.0	129
90	15	85.0	95.0	78
90	20	71.0	95.0	34
90	25	68.0	95.0	16
90	30	79.0	95.0	8
90	35	6.0	94.0	2
90	40	77.0	93.0	3
90	45	0	92.0	0
90	50	0	91.0	1
90	55	50.0	91.0	4
90	60	1.0	91.0	1
90	65	0	90.0	0
90	70	0	90.0	0
90	75	8.0	90.0	1
90	80	0	89.0	0
90	85	11.0	89.0	2
90	90	38.0	89.0	1
90	95	0	89.0	0
90	100	46.0	89.0	2
90	105	16.0	88.0	3
90	110	0	88.0	0
90	115	19.0	88.0	2
90	120	72.0	87.0	7
90	125	56.0	87.0	4
90	130	17.0	87.0	1
90	135	18.0	87.0	5
90	140	33.0	88.0	10
90	145	49.0	87.0	22
90	150	60.0	87.0	21
90	155	48.0	87.0	35
90	160	51.0	87.0	39
90	165	59.0	87.0	53
90	170	64.0	88.0	38
90	175	71.0	87.0	38
95	-180	59.0	88.0	20
95	-175	58.0	87.0	25
95	-170	57.0	87.0	13
95	-165	65.0	86.0	18
95	-160	67.0	87.0	10
95	-155	66.0	87.0	14
95	-150	29.0	88.0	10
95	-145	69.0	88.0	11
95	-140	24.0	89.0	2
95	-135	0	90.0	0
95	-130	38.0	90.0	2
95	-125	25.0	90.0	2
95	-120	65.0	92.0	1
95	-115	0	91.0	0
95	-110	5.0	93.0	1
95	-105	0	94.0	0
95	-100	0	95.0	0
95	-95	34.0	96.0	1
95	-90	2.0	96.0	1
95	-85	57.0	96.0	1
95	-80	25.0	96.0	2
95	-75	48.0	98.0	3
95	-70	0	98.0	0
95	-65	0	99.0	0
95	-60	0	98.0	0
95	-55	0	98.0	0
95	-50	49.0	99.0	2
95	-45	18.0	99.0	1
95	-40	73.0	100.0	3
95	-35	85.0	100.0	7
95	-30	86.0	100.0	19
95	-25	94.0	99.0	53
95	-20	96.0	99.0	96
95	-15	87.0	98.0	195
95	-10	91.0	98.0	150
95	-5	86.0	97.0	116
95	0	85.0	98.0	150
95	5	74.0	96.0	109
95	10	70.0	96.0	84
95	15	73.0	96.0	45
95	20	58.0	93.0	19
95	25	54.0	94.0	6
95	30	64.0	93.0	8
95	35	65.0	93.0	5
95	40	61.0	92.0	4
95	45	0	91.0	0
95	50	12.0	91.0	2
95	55	2.0	91.0	2
95	60	55.0	90.0	2
95	65	35.0	91.0	2
95	70	5.0	90.0	1
95	75	0	90.0	0
95	80	0	89.0	0
95	85	4.0	89.0	2
95	90	20.0	88.0	1
95	95	0	88.0	0
95	100	24.0	87.0	1
95	105	53.0	87.0	4
95	110	13.0	88.0	2
95	115	24.0	88.0	2
95	120	10.0	88.0	1
95	125	72.0	89.0	5
95	130	51.0	89.0	7
95	135	35.0	88.0	16
95	140	37.0	87.0	16
95	145	53.0	89.0	17
95	150	50.0	88.0	22
95	155	43.0	87.0	30
95	160	60.0	87.0	42
95	165	66.0	88.0	39
95	170	51.0	88.0	33
95	175	67.0	88.0	25
100	-180	64.0	87.0	15
100	-175	41.0	87.0	17
100	-170	61.0	87.0	11
100	-165	69.0	87.0	10
100	-160	34.0	87.0	11
100	-155	49.0	88.0	6
100	-150	46.0	87.0	7
100	-145	74.0	88.0	6
100	-140	58.0	89.0	3
100	-135	48.0	89.0	4
100	-130	10.0	90.0	1
100	-125	33.0	91.0	5
100	-120	1.0	92.0	1
100	-115	46.0	92.0	1
100	-110	33.0	92.0	1
100	-105	53.0	92.0	3
100	-100	35.0	94.0	1
100	-95	44.0	94.0	2
100	-90	0	95.0	0
100	-85	0	96.0	0
100	-80	0	97.0	0
100	-75	0	97.0	0
100	-70	38.0	97.0	1
100	-65	0	97.0	0
100	-60	0	98.0	0
100	-55	69.0	97.0	1
100	-50	42.0	98.0	1
100	-45	59.0	98.0	3
100	-40	79.0	99.0	3
100	-35	73.0	98.0	4
100	-30	88.0	99.0	23
100	-25	93.0	97.0	60
100	-20	85.0	97.0	72
100	-15	87.0	98.0	96
100	-10	83.0	97.0	74
100	-5	84.0	97.0	61
100	0	75.0	97.0	95
100	5	69.0	96.0	63
100	10	66.0	95.0	43
100	15	66.0	95.0	18
100	20	56.0	94.0	9
100	25	74.0	94.0	6
100	30	38.0	93.0	2
100	35	0	92.0	0
100	40	14.0	92.0	1
100	45	0	91.0	1
100	50	18.0	91.0	2
100	55	30.0	91.0	2
100	60	5.0	91.0	1
100	65	0	90.0	0
100	70	0	89.0	0
100	75	0	88.0	0
100	80	0	89.0	0
100	85	13.0	88.0	2
100	90	9.0	88.0	2
100	95	56.0	88.0	2
100	100	0	88.0	0
100	105	0	88.0	0
100	110	27.0	87.0	4
100	115	28.0	88.0	6
100	120	39.0	88.0	5
100	125	45.0	88.0	5
100	130	25.0	88.0	5
100	135	37.0	88.0	12
100	140	38.0	87.0	11
100	145	47.0	87.0	14
100	150	52.0	87.0	17
100	155	61.0	87.0	20
100	160	65.0	87.0	19
100	165	49.0	88.0	15
100	170	55.0	87.0	29
100	175	61.0	87.0	22
105	-180	61.0	88.0	15
105	-175	43.0	87.0	14
105	-170	48.0	87.0	11
105	-165	77.0	87.0	15
105	-160	73.0	87.0	13
105	-155	56.0	87.0	12
105	-150	57.0	87.0	10
105	-145	39.0	88.0	2
105	-140	0	89.0	2
105	-135	8.0	89.0	1
105	-130	0	88.0	1
105	-125	80.0	89.0	2
105	-120	50.0	90.0	1
105	-115	78.0	91.0	3
105	-110	0	91.0	0
105	-105	54.0	92.0	1
105	-100	0	93.0	0
105	-95	9.0	93.0	1
105	-90	0	94.0	0
105	-85	0	95.0	0
105	-80	0	95.0	0
105	-75	0	96.0	0
105	-70	0	95.0	0
105	-65	86.0	96.0	1
105	-60	84.0	96.0	1
105	-55	0	96.0	0
105	-50	0	98.0	0
105	-45	66.0	97.0	3
105	-40	76.0	98.0	5
105	-35	80.0	98.0	6
105	-30	83.0	97.0	19
105	-25	86.0	97.0	46
105	-20	84.0	96.0	56
105	-15	89.0	97.0	53
105	-10	90.0	96.0	50
105	-5	88.0	96.0	47
105	0	73.0	96.0	74
105	5	73.0	96.0	39
105	10	67.0	95.0	23
105	15	61.0	94.0	9
105	20	63.0	94.0	8
105	25	86.0	94.0	5
105	30	26.0	92.0	2
105	35	9.0	92.0	1
105	40	60.0	92.0	3
105	45	0	91.0	0
105	50	27.0	90.0	4
105	55	3.0	89.0	1
105	60	74.0	89.0	1
105	65	0	90.0	0
105	70	7.0	89.0	1
105	75	6.0	89.0	1
105	80	0	88.0	0
105	85	13.0	88.0	1
105	90	0	88.0	1
105	95	33.0	87.0	1
105	100	60.0	88.0	3
105	105	0	87.0	0
105	110	13.0	87.0	2
105	115	0	87.0	0
105	120	51.0	88.0	9
105	125	35.0	87.0	5
105	130	59.0	88.0	6
105	135	58.0	87.0	8
105	140	44.0	86.0	7
105	145	49.0	87.0	18
105	150	44.0	87.0	18
105	155	59.0	87.0	19
105	160	43.0	87.0	22
105	165	36.0	88.0	14
105	170	65.0	87.0	19
105	175	61.0	87.0	21
110	-180	51.0	86.0	4
110	-175	66.0	87.0	22
110	-170	51.0	87.0	12
110	-165	61.0	86.0	9
110	-160	69.0	86.0	5
110	-155	46.0	85.0	11
110	-150	47.0	86.0	7
110	-145	39.0	87.0	3
110	-140	30.0	87.0	4
110	-135	24.0	87.0	2
110	-130	34.0	88.0	2
110	-125	0	89.0	1
110	-120	44.0	89.0	1
110	-115	0	90.0	0
110	-110	47.0	91.0	1
110	-105	0	92.0	0
110	-100	0	92.0	0
110	-95	0	92.0	0
110	-90	69.0	93.0	3
110	-85	42.0	93.0	2
110	-80	0	93.0	0
110	-75	0	94.0	0
110	-70	0	94.0	0
110	-65	28.0	95.0	1
110	-60	0	95.0	0
110	-55	0	95.0	1
110	-50	53.0	96.0	1
110	-45	47.0	95.0	2
110	-40	82.0	96.0	6
110	-35	88.0	95.0	11
110	-30	94.0	95.0	10
110	-25	78.0	96.0	15
110	-20	71.0	95.0	25
110	-15	79.0	95.0	19
110	-10	81.0	94.0	38
110	-5	83.0	94.0	28
110	0	77.0	94.0	33
110	5	68.0	93.0	31
110	10	58.0	93.0	15
110	15	59.0	92.0	9
110	20	23.0	92.0	5
110	25	62.0	92.0	1
110	30	52.0	91.0	2
110	35	35.0	90.0	3
110	40	53.0	90.0	3
110	45	0	90.0	0
110	50	63.0	89.0	2
110	55	0	90.0	0
110	60	0	89.0	0
110	65	3.0	89.0	1
110	70	57.0	88.0	1
110	75	0	88.0	0
110	80	0	88.0	0
110	85	48.0	88.0	1
110	90	10.0	89.0	1
110	95	0	89.0	0
110	100	0	87.0	0
110	105	5.0	88.0	1
110	110	38.0	87.0	3
110	115	8.0	87.0	3
110	120	21.0	87.0	8
110	125	24.0	88.0	2
110	130	56.0	87.0	4
110	135	29.0	86.0	5
110	140	52.0	87.0	16
110	145	44.0	86.0	12
110	150	58.0	86.0	10
110	155	36.0	86.0	10
110	160	49.0	86.0	21
110	165	41.0	86.0	9
110	170	49.0	86.0	19
110	175	55.0	86.0	17
115	-180	62.0	86.0	13
115	-175	57.0	86.0	13
115	-170	53.0	87.0	7
115	-165	37.0	86.0	3
115	-160	59.0	85.0	11
115	-155	53.0	85.0	14
115	-150	44.0	85.0	4
115	-145	0	86.0	0
115	-140	61.0	87.0	6
115	-135	2.0	86.0	1
115	-130	40.0	88.0	2
115	-125	54.0	87.0	2
115	-120	17.0	88.0	1
115	-115	0	88.0	0
115	-110	0	89.0	0
115	-105	1.0	90.0	1
115	-100	0	91.0	0
115	-95	0	90.0	0
115	-90	0	91.0	0
115	-85	0	92.0	0
115	-80	0	94.0	0
115	-75	0	93.0	0
115	-70	0	94.0	0
115	-65	0	94.0	0
115	-60	0	94.0	0
115	-55	5.0	94.0	1
115	-50	81.0	94.0	2
115	-45	27.0	94.0	1
115	-40	0	95.0	3
115	-35	78.0	96.0	4
115	-30	57.0	94.0	12
115	-25	64.0	96.0	11
115	-20	80.0	96.0	8
115	-15	77.0	94.0	19
115	-10	67.0	95.0	14
115	-5	69.0	94.0	17
115	0	73.0	94.0	31
115	5	65.0	93.0	12
115	10	74.0	93.0	12
115	15	79.0	92.0	7
115	20	52.0	91.0	5
115	25	19.0	91.0	3
115	30	0	90.0	0
115	35	0	89.0	0
115	40	0	89.0	1
115	45	0	89.0	0
115	50	30.0	89.0	1
115	55	0	88.0	0
115	60	0	89.0	0
115	65	0	89.0	0
115	70	0	88.0	0
115	75	0	89.0	0
115	80	0	89.0	0
115	85	0	87.0	0
115	90	4.0	88.0	1
115	95	0	88.0	0
115	100	0	87.0	0
115	105	50.0	87.0	4
115	110	30.0	88.0	2
115	115	15.0	87.0	2
115	120	0	87.0	0
115	125	29.0	88.0	4
115	130	25.0	87.0	2
115	135	52.0	87.0	7
115	140	27.0	87.0	10
115	145	30.0	88.0	6
115	150	50.0	87.0	11
115	155	44.0	86.0	11
115	160	35.0	86.0	13
115	165	38.0	86.0	16
115	170	62.0	87.0	12
115	175	42.0	86.0	9
120	-180	56.0	86.0	10
120	-175	38.0	85.0	9
120	-170	27.0	86.0	10
120	-165	43.0	86.0	10
120	-160	64.0	88.0	9
120	-155	55.0	87.0	10
120	-150	10.0	86.0	4
120	-145	70.0	87.0	7
120	-140	31.0	87.0	4
120	-135	10.0	89.0	1
120	-130	3.0	88.0	2
120	-125	43.0	89.0	1
120	-120	0	89.0	0
120	-115	0	89.0	0
120	-110	50.0	90.0	1
120	-105	0	90.0	0
120	-100	64.0	91.0	2
120	-95	0	91.0	0
120	-90	0	92.0	0
120	-85	72.0	92.0	1
120	-80	0	93.0	0
120	-75	32.0	92.0	1
120	-70	7.0	94.0	1
120	-65	0	94.0	0
120	-60	0	93.0	0
120	-55	0	94.0	0
120	-50	0	94.0	0
120	-45	45.0	94.0	2
120	-40	69.0	94.0	1
120	-35	67.0	95.0	6
120	-30	51.0	93.0	5
120	-25	65.0	94.0	8
120	-20	65.0	95.0	12
120	-15	56.0	94.0	9
120	-10	67.0	94.0	10
120	-5	65.0	94.0	11
120	0	63.0	93.0	15
120	5	28.0	91.0	2
120	10	61.0	92.0	4
120	15	10.0	92.0	2
120	20	2.0	92.0	2
120	25	51.0	91.0	3
120	30	0	92.0	0
120	35	10.0	91.0	1
120	40	0	91.0	0
120	45	16.0	90.0	1
120	50	0	90.0	0
120	55	0	89.0	0
120	60	0	89.0	0
120	65	0	90.0	0
120	70	0	90.0	0
120	75	69.0	90.0	1
120	80	70.0	89.0	1
120	85	0	89.0	0
120	90	27.0	89.0	2
120	95	11.0	88.0	3
120	100	16.0	87.0	1
120	105	10.0	88.0	2
120	110	21.0	89.0	2
120	115	0	88.0	0
120	120	1.0	87.0	1
120	125	39.0	88.0	4
120	130	39.0	87.0	3
120	135	37.0	87.0	6
120	140	34.0	87.0	6
120	145	62.0	86.0	7
120	150	33.0	87.0	10
120	155	51.0	86.0	10
120	160	32.0	86.0	9
120	165	60.0	86.0	11
120	170	32.0	85.0	13
120	175	52.0	87.0	13
125	-180	50.0	86.0	13
125	-175	57.0	86.0	19
125	-170	61.0	85.0	14
125	-165	31.0	86.0	10
125	-160	44.0	88.0	11
125	-155	56.0	86.0	9
125	-150	61.0	86.0	4
125	-145	31.0	86.0	7
125	-140	24.0	86.0	3
125	-135	30.0	87.0	2
125	-130	47.0	87.0	4
125	-125	0	88.0	0
125	-120	53.0	88.0	1
125	-115	42.0	88.0	1
125	-110	0	89.0	0
125	-105	0	89.0	0
125	-100	0	90.0	0
125	-95	0	89.0	0
125	-90	76.0	91.0	1
125	-85	0	91.0	0
125	-80	18.0	91.0	1
125	-75	16.0	91.0	1
125	-70	51.0	92.0	2
125	-65	0	91.0	0
125	-60	55.0	93.0	2
125	-55	0	93.0	0
125	-50	0	92.0	0
125	-45	37.0	93.0	2
125	-40	2.0	93.0	1
125	-35	0	93.0	0
125	-30	58.0	92.0	2
125	-25	54.0	93.0	7
125	-20	64.0	92.0	7
125	-15	20.0	93.0	4
125	-10	68.0	94.0	14
125	-5	63.0	93.0	8
125	0	65.0	92.0	8
125	5	43.0	91.0	2
125	10	3.0	91.0	1
125	15	10.0	91.0	1
125	20	11.0	92.0	2
125	25	0	91.0	0
125	30	69.0	91.0	1
125	35	66.0	91.0	1
125	40	0	90.0	0
125	45	0	91.0	0
125	50	0	91.0	0
125	55	0	90.0	0
125	60	0	90.0	0
125	65	0	90.0	0
125	70	0	89.0	0
125	75	0	89.0	0
125	80	0	89.0	0
125	85	56.0	88.0	1
125	90	0	89.0	0
125	95	45.0	88.0	2
125	100	33.0	88.0	1
125	105	0	87.0	0
125	110	0	87.0	0
125	115	18.0	87.0	2
125	120	47.0	87.0	4
125	125	28.0	87.0	4
125	130	1.0	87.0	1
125	135	56.0	86.0	5
125	140	51.0	86.0	4
125	145	56.0	85.0	4
125	150	43.0	86.0	3
125	155	53.0	86.0	5
125	160	49.0	86.0	13
125	165	30.0	85.0	9
125	170	41.0	86.0	13
125	175	39.0	85.0	15
130	-180	40.0	86.0	8
130	-175	53.0	86.0	13
130	-170	62.0	87.0	17
130	-165	45.0	86.0	15
130	-160	57.0	86.0	7
130	-155	53.0	85.0	12
130	-150	27.0	85.0	6
130	-145	64.0	87.0	8
130	-140	34.0	87.0	2
130	-135	29.0	86.0	4
130	-130	40.0	87.0	4
130	-125	68.0	87.0	1
130	-120	0	87.0	0
130	-115	0	87.0	1
130	-110	0	87.0	0
130	-105	0	91.0	0
130	-100	0	91.0	0
130	-95	0	89.0	0
130	-90	0	90.0	0
130	-85	68.0	90.0	1
130	-80	0	91.0	0
130	-75	22.0	91.0	1
130	-70	0	91.0	0
130	-65	0	91.0	0
130	-60	0	92.0	1
130	-55	59.0	92.0	2
130	-50	21.0	92.0	1
130	-45	0	92.0	0
130	-40	36.0	93.0	2
130	-35	0	93.0	0
130	-30	29.0	92.0	3
130	-25	40.0	93.0	5
130	-20	79.0	93.0	7
130	-15	55.0	93.0	5
130	-10	53.0	92.0	7
130	-5	73.0	93.0	9
130	0	21.0	92.0	4
130	5	53.0	92.0	6
130	10	0	91.0	0
130	15	16.0	90.0	2
130	20	0	91.0	0
130	25	0	90.0	0
130	30	0	91.0	0
130	35	39.0	90.0	1
130	40	57.0	91.0	1
130	45	0	90.0	0
130	50	0	89.0	0
130	55	0	90.0	0
130	60	0	90.0	0
130	65	0	90.0	0
130	70	0	89.0	0
130	75	0	90.0	0
130	80	0	88.0	0
130	85	0	88.0	0
130	90	0	89.0	0
130	95	0	88.0	1
130	100	0	88.0	0
130	105	0	88.0	0
130	110	0	87.0	0
130	115	9.0	87.0	1
130	120	0	87.0	0
130	125	0	87.0	0
130	130	40.0	87.0	2
130	135	51.0	86.0	3
130	140	23.0	87.0	2
130	145	42.0	86.0	4
130	150	30.0	87.0	7
130	155	23.0	86.0	6
130	160	54.0	85.0	11
130	165	53.0	86.0	12
130	170	51.0	85.0	11
130	175	58.0	86.0	11
135	-180	40.0	85.0	6
135	-175	53.0	84.0	7
135	-170	36.0	85.0	16
135	-165	61.0	85.0	15
135	-160	50.0	86.0	8
135	-155	36.0	86.0	14
135	-150	74.0	85.0	8
135	-145	34.0	86.0	10
135	-140	26.0	86.0	3
135	-135	1.0	88.0	1
135	-130	26.0	87.0	2
135	-125	0	88.0	0
135	-120	0	87.0	0
135	-115	0	86.0	0
135	-110	56.0	87.0	1
135	-105	0	88.0	1
135	-100	0	89.0	0
135	-95	0	90.0	0
135	-90	0	90.0	0
135	-85	0	89.0	0
135	-80	0	91.0	0
135	-75	0	90.0	0
135	-70	0	90.0	0
135	-65	0	90.0	0
135	-60	0	90.0	1
135	-55	28.0	91.0	1
135	-50	0	91.0	0
135	-45	60.0	91.0	2
135	-40	44.0	92.0	4
135	-35	53.0	91.0	3
135	-30	28.0	91.0	1
135	-25	65.0	91.0	4
135	-20	0	91.0	0
135	-15	52.0	91.0	5
135	-10	26.0	92.0	4
135	-5	38.0	91.0	4
135	0	0	91.0	0
135	5	0	91.0	1
135	10	0	91.0	0
135	15	0	90.0	0
135	20	0	91.0	0
135	25	0	89.0	0
135	30	0	90.0	0
135	35	0	90.0	0
135	40	0	91.0	0
135	45	0	90.0	0
135	50	0	90.0	0
135	55	0	90.0	0
135	60	0	89.0	0
135	65	0	90.0	0
135	70	0	90.0	0
135	75	0	89.0	0
135	80	0	89.0	0
135	85	0	89.0	0
135	90	0	89.0	0
135	95	32.0	89.0	1
135	100	0	89.0	0
135	105	0	88.0	0
135	110	48.0	87.0	2
135	115	0	87.0	0
135	120	16.0	87.0	4
135	125	39.0	86.0	3
135	130	27.0	86.0	2
135	135	31.0	86.0	2
135	140	47.0	86.0	5
135	145	41.0	86.0	3
135	150	35.0	86.0	7
135	155	34.0	84.0	7
135	160	29.0	86.0	5
135	165	56.0	86.0	10
135	170	42.0	86.0	7
135	175	40.0	85.0	22
140	-180	32.0	87.0	10
140	-175	36.0	87.0	19
140	-170	52.0	86.0	16
140	-165	60.0	87.0	20
140	-160	59.0	86.0	13
140	-155	55.0	87.0	10
140	-150	79.0	87.0	6
140	-145	47.0	88.0	5
140	-140	48.0	88.0	5
140	-135	9.0	88.0	2
140	-130	0	87.0	0
140	-125	1.0	88.0	1
140	-120	0	88.0	0
140	-115	2.0	87.0	1
140	-110	0	87.0	0
140	-105	54.0	88.0	2
140	-100	41.0	89.0	1
140	-95	0	90.0	0
140	-90	0	90.0	0
140	-85	0	89.0	1
140	-80	0	91.0	0
140	-75	0	90.0	0
140	-70	51.0	91.0	1
140	-65	25.0	91.0	1
140	-60	0	91.0	0
140	-55	0	90.0	0
140	-50	0	91.0	0
140	-45	67.0	92.0	1
140	-40	47.0	91.0	2
140	-35	55.0	92.0	2
140	-30	68.0	92.0	3
140	-25	69.0	92.0	2
140	-20	26.0	91.0	2
140	-15	34.0	92.0	3
140	-10	13.0	92.0	3
140	-5	61.0	90.0	5
140	0	64.0	90.0	1
140	5	0	91.0	0
140	10	0	91.0	0
140	15	0	90.0	0
140	20	0	92.0	0
140	25	0	91.0	0
140	30	19.0	91.0	1
140	35	0	91.0	0
140	40	0	89.0	0
140	45	0	90.0	1
140	50	0	90.0	0
140	55	0	90.0	0
140	60	0	90.0	0
140	65	0	91.0	0
140	70	0	90.0	0
140	75	0	89.0	0
140	80	0	89.0	0
140	85	0	89.0	0
140	90	0	88.0	0
140	95	0	88.0	0
140	100	0	88.0	0
140	105	0	88.0	0
140	110	33.0	88.0	1
140	115	0	87.0	0
140	120	18.0	88.0	2
140	125	0	86.0	0
140	130	20.0	86.0	2
140	135	0	87.0	0
140	140	22.0	87.0	5
140	145	34.0	87.0	4
140	150	38.0	87.0	4
140	155	23.0	87.0	2
140	160	41.0	86.0	8
140	165	43.0	86.0	9
140	170	39.0	86.0	7
140	175	30.0	87.0	11
145	-180	32.0	86.0	12
145	-175	54.0	86.0	25
145	-170	59.0	86.0	22
145	-165	47.0	86.0	15
145	-160	61.0	85.0	18
145	-155	58.0	86.0	17
145	-150	31.0	86.0	9
145	-145	38.0	87.0	9
145	-140	19.0	87.0	3
145	-135	10.0	86.0	2
145	-130	0	86.0	0
145	-125	33.0	86.0	3
145	-120	0	87.0	0
145	-115	0	87.0	0
145	-110	0	87.0	0
145	-105	0	87.0	0
145	-100	0	87.0	0
145	-95	0	88.0	0
145	-90	0	89.0	0
145	-85	0	89.0	0
145	-80	0	89.0	0
145	-75	0	89.0	0
145	-70	59.0	90.0	1
145	-65	0	89.0	0
145	-60	39.0	90.0	1
145	-55	80.0	90.0	3
145	-50	0	90.0	0
145	-45	5.0	91.0	2
145	-40	59.0	91.0	2
145	-35	32.0	91.0	2
145	-30	0	91.0	0
145	-25	61.0	90.0	2
145	-20	34.0	90.0	3
145	-15	0	90.0	0
145	-10	20.0	90.0	1
145	-5	26.0	90.0	1
145	0	0	91.0	0
145	5	0	90.0	0
145	10	0	90.0	0
145	15	1.0	90.0	1
145	20	0	90.0	0
145	25	0	90.0	0
145	30	0	92.0	0
145	35	0	92.0	0
145	40	0	90.0	0
145	45	0	90.0	0
145	50	0	89.0	0
145	55	0	90.0	0
145	60	0	90.0	0
145	65	0	89.0	0
145	70	0	89.0	0
145	75	0	89.0	0
145	80	0	89.0	0
145	85	46.0	89.0	1
145	90	0	89.0	0
145	95	8.0	89.0	1
145	100	5.0	87.0	1
145	105	0	87.0	0
145	110	0	88.0	0
145	115	54.0	88.0	2
145	120	37.0	88.0	1
145	125	0	86.0	0
145	130	2.0	86.0	2
145	135	0	86.0	0
145	140	61.0	87.0	4
145	145	46.0	87.0	3
145	150	64.0	87.0	8
145	155	52.0	86.0	8
145	160	37.0	85.0	11
145	165	37.0	85.0	12
145	170	44.0	85.0	10
145	175	48.0	86.0	19
150	-180	76.0	86.0	15
150	-175	43.0	87.0	16
150	-170	50.0	86.0	25
150	-165	41.0	87.0	18
150	-160	38.0	86.0	18
150	-155	34.0	86.0	17
150	-150	64.0	85.0	8
150	-145	39.0	86.0	6
150	-140	6.0	86.0	5
150	-135	6.0	86.0	1
150	-130	0	86.0	0
150	-125	0	87.0	0
150	-120	0	87.0	0
150	-115	0	87.0	0
150	-110	0	88.0	0
150	-105	0	88.0	0
150	-100	0	88.0	0
150	-95	0	89.0	0
150	-90	0	88.0	0
150	-85	0	88.0	0
150	-80	0	89.0	0
150	-75	0	89.0	0
150	-70	0	89.0	0
150	-65	0	90.0	0
150	-60	69.0	89.0	2
150	-55	2.0	90.0	1
150	-50	0	90.0	0
150	-45	0	91.0	0
150	-40	0	91.0	0
150	-35	0	91.0	1
150	-30	0	91.0	0
150	-25	0	90.0	0
150	-20	0	91.0	0
150	-15	18.0	90.0	1
150	-10	0	92.0	0
150	-5	0	92.0	0
150	0	0	92.0	0
150	5	0	91.0	0
150	10	0	91.0	0
150	15	0	90.0	0
150	20	0	90.0	0
150	25	0	91.0	0
150	30	0	90.0	1
150	35	0	90.0	0
150	40	0	91.0	0
150	45	0	90.0	0
150	50	0	91.0	0
150	55	0	90.0	0
150	60	0	90.0	0
150	65	0	90.0	0
150	70	0	90.0	0
150	75	0	89.0	0
150	80	0	89.0	0
150	85	0	89.0	0
150	90	0	89.0	0
150	95	0	87.0	0
150	100	16.0	87.0	1
150	105	14.0	87.0	1
150	110	48.0	88.0	1
150	115	0	88.0	0
150	120	0	86.0	0
150	125	13.0	86.0	2
150	130	15.0	86.0	2
150	135	0	87.0	1
150	140	12.0	87.0	3
150	145	40.0	87.0	3
150	150	26.0	86.0	4
150	155	16.0	86.0	4
150	160	16.0	86.0	4
150	165	25.0	86.0	12
150	170	54.0	86.0	11
150	175	50.0	86.0	17
155	-180	58.0	85.0	18
155	-175	58.0	86.0	24
155	-170	38.0	86.0	30
155	-165	58.0	86.0	19
155	-160	53.0	85.0	17
155	-155	51.0	86.0	14
155	-150	20.0	87.0	12
155	-145	21.0	87.0	7
155	-140	22.0	87.0	4
155	-135	59.0	86.0	4
155	-130	3.0	86.0	3
155	-125	26.0	87.0	4
155	-120	42.0	87.0	1
155	-115	0	88.0	0
155	-110	0	88.0	0
155	-105	0	89.0	0
155	-100	0	89.0	0
155	-95	39.0	88.0	1
155	-90	0	89.0	0
155	-85	0	89.0	0
155	-80	0	90.0	0
155	-75	11.0	89.0	1
155	-70	0	89.0	0
155	-65	21.0	90.0	1
155	-60	0	89.0	1
155	-55	0	90.0	0
155	-50	38.0	91.0	2
155	-45	0	90.0	0
155	-40	24.0	90.0	1
155	-35	44.0	90.0	2
155	-30	25.0	90.0	1
155	-25	0	89.0	0
155	-20	0	89.0	0
155	-15	0	90.0	0
155	-10	0	90.0	0
155	-5	0	90.0	0
155	0	0	90.0	0
155	5	0	91.0	0
155	10	0	90.0	0
155	15	0	92.0	0
155	20	0	92.0	0
155	25	0	91.0	0
155	30	0	92.0	0
155	35	0	91.0	0
155	40	0	90.0	0
155	45	0	91.0	0
155	50	0	90.0	0
155	55	0	90.0	0
155	60	0	89.0	0
155	65	0	90.0	0
155	70	0	89.0	0
155	75	0	89.0	0
155	80	0	90.0	0
155	85	0	88.0	0
155	90	0	88.0	0
155	95	0	88.0	0
155	100	10.0	88.0	1
155	105	0	89.0	0
155	110	0	88.0	0
155	115	8.0	87.0	1
155	120	43.0	87.0	2
155	125	2.0	86.0	1
155	130	56.0	87.0	3
155	135	27.0	87.0	2
155	140	32.0	86.0	2
155	145	41.0	86.0	3
155	150	23.0	86.0	1
155	155	8.0	85.0	4
155	160	29.0	85.0	10
155	165	24.0	85.0	11
155	170	44.0	86.0	14
155	175	54.0	85.0	22
160	-180	51.0	86.0	27
160	-175	31.0	87.0	28
160	-170	47.0	87.0	19
160	-165	46.0	86.0	31
160	-160	53.0	86.0	25
160	-155	56.0	87.0	17
160	-150	48.0	88.0	10
160	-145	6.0	87.0	4
160	-140	18.0	87.0	5
160	-135	11.0	87.0	4
160	-130	64.0	87.0	1
160	-125	33.0	85.0	3
160	-120	3.0	86.0	1
160	-115	57.0	86.0	3
160	-110	35.0	87.0	1
160	-105	27.0	88.0	1
160	-100	0	88.0	0
160	-95	0	88.0	0
160	-90	0	89.0	0
160	-85	0	89.0	0
160	-80	0	89.0	0
160	-75	0	89.0	0
160	-70	0	90.0	0
160	-65	0	90.0	0
160	-60	27.0	90.0	1
160	-55	0	91.0	0
160	-50	0	91.0	0
160	-45	42.0	91.0	2
160	-40	0	91.0	1
160	-35	0	91.0	0
160	-30	0	90.0	0
160	-25	0	90.0	0
160	-20	1.0	90.0	1
160	-15	0	90.0	0
160	-10	0	89.0	0
160	-5	0	90.0	0
160	0	0	90.0	0
160	5	47.0	89.0	1
160	10	0	91.0	0
160	15	0	92.0	0
160	20	0	91.0	0
160	25	0	91.0	0
160	30	0	93.0	0
160	35	0	92.0	0
160	40	0	91.0	0
160	45	0	90.0	0
160	50	0	91.0	0
160	55	0	90.0	0
160	60	40.0	89.0	1
160	65	0	90.0	0
160	70	0	89.0	0
160	75	0	89.0	0
160	80	0	89.0	0
160	85	0	88.0	0
160	90	0	89.0	0
160	95	0	89.0	0
160	100	25.0	88.0	1
160	105	0	89.0	0
160	110	0	89.0	0
160	115	0	88.0	0
160	120	0	87.0	0
160	125	0	88.0	0
160	130	2.0	87.0	1
160	135	20.0	87.0	2
160	140	0	87.0	0
160	145	0	86.0	0
160	150	40.0	86.0	6
160	155	30.0	85.0	6
160	160	32.0	85.0	6
160	165	46.0	86.0	11
160	170	57.0	85.0	13
160	175	58.0	86.0	28
165	-180	35.0	85.0	37
165	-175	77.0	86.0	36
165	-170	59.0	86.0	32
165	-165	62.0	86.0	26
165	-160	48.0	86.0	27
165	-155	28.0	86.0	16
165	-150	48.0	85.0	15
165	-145	46.0	86.0	13
165	-140	28.0	87.0	7
165	-135	20.0	87.0	3
165	-130	6.0	88.0	1
165	-125	39.0	88.0	1
165	-120	1.0	87.0	1
165	-115	0	88.0	0
165	-110	13.0	88.0	1
165	-105	0	89.0	0
165	-100	0	89.0	0
165	-95	0	90.0	0
165	-90	0	90.0	0
165	-85	0	90.0	0
165	-80	0	90.0	0
165	-75	12.0	90.0	1
165	-70	52.0	90.0	1
165	-65	0	90.0	0
165	-60	0	91.0	0
165	-55	0	91.0	0
165	-50	17.0	91.0	1
165	-45	0	91.0	1
165	-40	0	90.0	0
165	-35	0	91.0	0
165	-30	1.0	90.0	1
165	-25	0	91.0	0
165	-20	16.0	91.0	1
165	-15	0	91.0	0
165	-10	0	90.0	0
165	-5	0	90.0	0
165	0	0	89.0	0
165	5	0	91.0	0
165	10	0	90.0	0
165	15	0	91.0	0
165	20	0	91.0	0
165	25	0	90.0	0
165	30	0	89.0	0
165	35	0	90.0	0
165	40	0	92.0	0
165	45	0	90.0	0
165	50	0	90.0	0
165	55	0	90.0	0
165	60	0	90.0	0
165	65	0	91.0	0
165	70	0	91.0	0
165	75	0	90.0	0
165	80	0	90.0	0
165	85	0	90.0	0
165	90	0	90.0	0
165	95	0	89.0	0
165	100	0	89.0	0
165	105	0	88.0	0
165	110	0	88.0	0
165	115	0	88.0	0
165	120	47.0	88.0	2
165	125	26.0	87.0	2
165	130	0	87.0	0
165	135	3.0	89.0	1
165	140	2.0	87.0	2
165	145	12.0	86.0	2
165	150	25.0	86.0	4
165	155	21.0	86.0	3
165	160	27.0	86.0	6
165	165	35.0	86.0	13
165	170	28.0	86.0	23
165	175	52.0	86.0	16
170	-180	47.0	86.0	30
170	-175	45.0	86.0	39
170	-170	44.0	85.0	33
170	-165	67.0	85.0	23
170	-160	42.0	86.0	30
170	-155	26.0	86.0	13
170	-150	28.0	86.0	11
170	-145	52.0	87.0	8
170	-140	36.0	87.0	6
170	-135	47.0	88.0	6
170	-130	0	88.0	1
170	-125	1.0	88.0	2
170	-120	26.0	88.0	1
170	-115	35.0	88.0	1
170	-110	0	89.0	0
170	-105	0	89.0	0
170	-100	0	88.0	0
170	-95	0	89.0	0
170	-90	0	89.0	0
170	-85	9.0	89.0	1
170	-80	0	90.0	0
170	-75	0	90.0	0
170	-70	0	90.0	0
170	-65	0	90.0	0
170	-60	0	89.0	0
170	-55	75.0	90.0	1
170	-50	13.0	89.0	1
170	-45	0	90.0	0
170	-40	0	89.0	0
170	-35	0	90.0	0
170	-30	1.0	90.0	1
170	-25	0	91.0	0
170	-20	0	89.0	0
170	-15	0	90.0	0
170	-10	0	90.0	0
170	-5	0	91.0	0
170	0	0	90.0	0
170	5	10.0	91.0	1
170	10	0	90.0	0
170	15	0	91.0	0
170	20	0	91.0	0
170	25	0	89.0	0
170	30	0	90.0	0
170	35	0	89.0	0
170	40	0	90.0	0
170	45	0	91.0	0
170	50	4.0	90.0	1
170	55	0	90.0	0
170	60	4.0	90.0	2
170	65	2.0	90.0	1
170	70	0	90.0	0
170	75	0	89.0	0
170	80	12.0	90.0	1
170	85	0	90.0	0
170	90	70.0	90.0	1
170	95	0	88.0	0
170	100	0	87.0	0
170	105	0	87.0	0
170	110	0	87.0	0
170	115	14.0	87.0	1
170	120	0	88.0	0
170	125	0	87.0	0
170	130	0	86.0	1
170	135	2.0	86.0	3
170	140	4.0	86.0	1
170	145	21.0	86.0	4
170	150	11.0	86.0	3
170	155	29.0	86.0	6
170	160	56.0	86.0	14
170	165	60.0	86.0	27
170	170	50.0	86.0	19
170	175	61.0	87.0	36
175	-180	43.0	86.0	33
175	-175	43.0	86.0	39
175	-170	33.0	86.0	39
175	-165	62.0	86.0	32
175	-160	28.0	87.0	11
175	-155	49.0	86.0	9
175	-150	43.0	88.0	11
175	-145	38.0	88.0	8
175	-140	21.0	88.0	2
175	-135	0	88.0	1
175	-130	0	88.0	0
175	-125	4.0	88.0	1
175	-120	0	88.0	0
175	-115	0	88.0	1
175	-110	0	89.0	0
175	-105	0	89.0	0
175	-100	0	89.0	0
175	-95	0	89.0	0
175	-90	0	89.0	0
175	-85	0	90.0	0
175	-80	0	89.0	0
175	-75	0	89.0	0
175	-70	52.0	89.0	1
175	-65	0	90.0	0
175	-60	0	89.0	0
175	-55	0	90.0	0
175	-50	0	90.0	0
175	-45	0	91.0	0
175	-40	0	91.0	0
175	-35	0	90.0	0
175	-30	0	91.0	0
175	-25	0	91.0	0
175	-20	15.0	91.0	1
175	-15	0	91.0	0
175	-10	0	91.0	0
175	-5	0	91.0	0
175	0	0	90.0	0
175	5	0	90.0	0
175	10	0	91.0	0
175	15	0	90.0	0
175	20	0	91.0	0
175	25	0	90.0	0
175	30	0	91.0	0
175	35	0	91.0	0
175	40	0	93.0	0
175	45	0	93.0	0
175	50	0	93.0	0
175	55	0	93.0	0
175	60	0	91.0	0
175	65	0	91.0	0
175	70	0	90.0	0
175	75	0	91.0	0
175	80	0	91.0	0
175	85	51.0	90.0	1
175	90	24.0	90.0	1
175	95	0	90.0	0
175	100	0	89.0	0
175	105	0	87.0	0
175	110	0	87.0	0
175	115	0	87.0	0
175	120	0	86.0	0
175	125	0	86.0	0
175	130	0	87.0	0
175	135	0	87.0	0
175	140	5.0	86.0	2
175	145	18.0	86.0	2
175	150	38.0	86.0	4
175	155	28.0	85.0	9
175	160	31.0	87.0	16
175	165	36.0	86.0	26
175	170	38.0	85.0	35
175	175	30.0	86.0	41
