Phi	Psi	max_obs_SA	max_theo_SA	obs_bin_pop
-180	-180	0	181.0	0
-180	-175	0	182.0	0
-180	-170	0	184.0	0
-180	-165	0	181.0	0
-180	-160	0	183.0	0
-180	-155	0	187.0	0
-180	-150	0	181.0	0
-180	-145	0	189.0	0
-180	-140	0	186.0	0
-180	-135	0	186.0	0
-180	-130	0	189.0	0
-180	-125	0	185.0	0
-180	-120	0	189.0	0
-180	-115	0	189.0	0
-180	-110	0	191.0	0
-180	-105	0	189.0	0
-180	-100	0	190.0	0
-180	-95	0	187.0	0
-180	-90	0	187.0	0
-180	-85	0	188.0	0
-180	-80	0	190.0	0
-180	-75	0	185.0	0
-180	-70	0	189.0	0
-180	-65	0	187.0	0
-180	-60	0	190.0	0
-180	-55	0	185.0	0
-180	-50	0	183.0	0
-180	-45	0	185.0	0
-180	-40	0	185.0	0
-180	-35	0	185.0	0
-180	-30	0	189.0	0
-180	-25	0	185.0	0
-180	-20	0	183.0	0
-180	-15	0	182.0	0
-180	-10	0	181.0	0
-180	-5	0	182.0	0
-180	0	0	182.0	0
-180	5	0	179.0	0
-180	10	0	181.0	0
-180	15	0	178.0	0
-180	20	0	179.0	0
-180	25	0	183.0	0
-180	30	0	181.0	0
-180	35	0	174.0	0
-180	40	0	178.0	0
-180	45	0	182.0	0
-180	50	0	179.0	0
-180	55	0	180.0	0
-180	60	0	181.0	0
-180	65	0	181.0	0
-180	70	0	180.0	0
-180	75	0	179.0	0
-180	80	0	181.0	0
-180	85	0	179.0	0
-180	90	0	181.0	0
-180	95	0	180.0	0
-180	100	0	180.0	0
-180	105	0	173.0	0
-180	110	0	180.0	0
-180	115	0	178.0	0
-180	120	0	179.0	0
-180	125	0	179.0	0
-180	130	0	181.0	0
-180	135	0	180.0	0
-180	140	0	181.0	0
-180	145	0	182.0	0
-180	150	0	181.0	0
-180	155	0	179.0	0
-180	160	0	179.0	0
-180	165	0	179.0	0
-180	170	0	183.0	0
-180	175	0	182.0	0
-175	-180	0	179.0	0
-175	-175	0	180.0	0
-175	-170	0	181.0	0
-175	-165	0	181.0	0
-175	-160	0	181.0	0
-175	-155	0	180.0	0
-175	-150	0	183.0	0
-175	-145	0	182.0	0
-175	-140	0	183.0	0
-175	-135	0	186.0	0
-175	-130	0	184.0	0
-175	-125	0	183.0	0
-175	-120	0	186.0	0
-175	-115	0	182.0	0
-175	-110	0	185.0	0
-175	-105	0	185.0	0
-175	-100	0	186.0	0
-175	-95	0	186.0	0
-175	-90	0	185.0	0
-175	-85	0	185.0	0
-175	-80	0	185.0	0
-175	-75	0	184.0	0
-175	-70	0	188.0	0
-175	-65	0	187.0	0
-175	-60	0	184.0	0
-175	-55	0	187.0	0
-175	-50	0	182.0	0
-175	-45	0	187.0	0
-175	-40	0	187.0	0
-175	-35	0	184.0	0
-175	-30	0	178.0	0
-175	-25	0	185.0	0
-175	-20	0	185.0	0
-175	-15	0	182.0	0
-175	-10	0	182.0	0
-175	-5	0	183.0	0
-175	0	0	183.0	0
-175	5	0	179.0	0
-175	10	0	183.0	0
-175	15	0	182.0	0
-175	20	0	181.0	0
-175	25	0	180.0	0
-175	30	0	180.0	0
-175	35	0	179.0	0
-175	40	0	177.0	0
-175	45	0	177.0	0
-175	50	0	179.0	0
-175	55	0	178.0	0
-175	60	0	176.0	0
-175	65	0	177.0	0
-175	70	0	175.0	0
-175	75	0	177.0	0
-175	80	0	177.0	0
-175	85	0	178.0	0
-175	90	0	177.0	0
-175	95	0	178.0	0
-175	100	0	178.0	0
-175	105	0	178.0	0
-175	110	0	176.0	0
-175	115	0	178.0	0
-175	120	0	177.0	0
-175	125	0	177.0	0
-175	130	0	178.0	0
-175	135	0	177.0	0
-175	140	5.0	177.0	1
-175	145	4.0	178.0	1
-175	150	0	179.0	0
-175	155	0	179.0	0
-175	160	0	176.0	0
-175	165	0	178.0	0
-175	170	0	176.0	0
-175	175	0	180.0	0
-170	-180	0	179.0	0
-170	-175	0	181.0	0
-170	-170	0	181.0	0
-170	-165	0	183.0	0
-170	-160	0	182.0	0
-170	-155	0	185.0	0
-170	-150	0	182.0	0
-170	-145	0	184.0	0
-170	-140	0	186.0	0
-170	-135	0	182.0	0
-170	-130	0	184.0	0
-170	-125	0	186.0	0
-170	-120	0	186.0	0
-170	-115	0	186.0	0
-170	-110	0	186.0	0
-170	-105	0	186.0	0
-170	-100	0	187.0	0
-170	-95	0	187.0	0
-170	-90	0	187.0	0
-170	-85	0	187.0	0
-170	-80	0	189.0	0
-170	-75	0	188.0	0
-170	-70	0	188.0	0
-170	-65	0	187.0	0
-170	-60	0	185.0	0
-170	-55	0	189.0	0
-170	-50	0	188.0	0
-170	-45	0	187.0	0
-170	-40	0	188.0	0
-170	-35	0	184.0	0
-170	-30	0	181.0	0
-170	-25	0	182.0	0
-170	-20	0	184.0	0
-170	-15	0	184.0	0
-170	-10	0	185.0	0
-170	-5	0	184.0	0
-170	0	0	178.0	0
-170	5	0	184.0	0
-170	10	0	177.0	0
-170	15	0	182.0	0
-170	20	0	182.0	0
-170	25	0	182.0	0
-170	30	0	180.0	0
-170	35	0	176.0	0
-170	40	0	179.0	0
-170	45	0	179.0	0
-170	50	0	178.0	0
-170	55	0	178.0	0
-170	60	0	176.0	0
-170	65	0	179.0	0
-170	70	0	179.0	0
-170	75	0	176.0	0
-170	80	0	178.0	0
-170	85	0	178.0	0
-170	90	0	180.0	0
-170	95	0	179.0	0
-170	100	0	180.0	0
-170	105	0	179.0	0
-170	110	0	181.0	0
-170	115	0	178.0	0
-170	120	0	178.0	0
-170	125	0	178.0	0
-170	130	0	180.0	0
-170	135	0	178.0	0
-170	140	34.0	180.0	2
-170	145	9.0	179.0	1
-170	150	1.0	178.0	1
-170	155	108.0	180.0	2
-170	160	0	178.0	0
-170	165	0	180.0	1
-170	170	0	180.0	0
-170	175	0	179.0	0
-165	-180	0	180.0	0
-165	-175	0	182.0	0
-165	-170	0	180.0	0
-165	-165	0	184.0	0
-165	-160	0	184.0	0
-165	-155	0	182.0	0
-165	-150	0	185.0	0
-165	-145	0	188.0	0
-165	-140	0	185.0	0
-165	-135	0	188.0	0
-165	-130	0	188.0	0
-165	-125	0	188.0	0
-165	-120	0	188.0	0
-165	-115	0	184.0	0
-165	-110	0	185.0	0
-165	-105	0	187.0	0
-165	-100	0	187.0	0
-165	-95	0	188.0	0
-165	-90	0	189.0	0
-165	-85	0	186.0	0
-165	-80	0	186.0	0
-165	-75	0	184.0	0
-165	-70	0	187.0	0
-165	-65	0	186.0	0
-165	-60	0	186.0	0
-165	-55	0	186.0	0
-165	-50	0	184.0	0
-165	-45	0	184.0	0
-165	-40	0	186.0	0
-165	-35	0	185.0	0
-165	-30	0	186.0	0
-165	-25	0	184.0	0
-165	-20	0	183.0	0
-165	-15	0	185.0	0
-165	-10	0	181.0	0
-165	-5	0	182.0	0
-165	0	0	182.0	0
-165	5	0	182.0	0
-165	10	0	181.0	0
-165	15	0	181.0	0
-165	20	0	181.0	0
-165	25	0	178.0	0
-165	30	0	179.0	0
-165	35	0	179.0	0
-165	40	0	179.0	0
-165	45	0	178.0	0
-165	50	0	176.0	0
-165	55	0	180.0	0
-165	60	0	176.0	0
-165	65	0	180.0	0
-165	70	0	174.0	0
-165	75	0	178.0	0
-165	80	0	179.0	0
-165	85	0	176.0	0
-165	90	0	179.0	0
-165	95	14.0	179.0	1
-165	100	0	179.0	0
-165	105	0	179.0	0
-165	110	0	174.0	0
-165	115	0	180.0	0
-165	120	0	179.0	0
-165	125	30.0	175.0	1
-165	130	56.0	179.0	2
-165	135	19.0	173.0	3
-165	140	98.0	175.0	4
-165	145	52.0	179.0	7
-165	150	66.0	176.0	8
-165	155	9.0	180.0	6
-165	160	0	178.0	1
-165	165	3.0	180.0	1
-165	170	0	179.0	0
-165	175	0	176.0	0
-160	-180	0	183.0	0
-160	-175	0	183.0	0
-160	-170	0	180.0	0
-160	-165	0	181.0	0
-160	-160	0	184.0	0
-160	-155	0	185.0	0
-160	-150	0	182.0	0
-160	-145	0	185.0	0
-160	-140	0	188.0	0
-160	-135	0	186.0	0
-160	-130	0	185.0	0
-160	-125	0	186.0	0
-160	-120	0	184.0	0
-160	-115	0	187.0	0
-160	-110	0	183.0	0
-160	-105	0	185.0	0
-160	-100	0	185.0	0
-160	-95	0	187.0	0
-160	-90	0	187.0	0
-160	-85	0	189.0	0
-160	-80	0	187.0	0
-160	-75	0	186.0	0
-160	-70	0	187.0	0
-160	-65	0	187.0	0
-160	-60	0	187.0	0
-160	-55	0	187.0	0
-160	-50	0	186.0	0
-160	-45	0	180.0	0
-160	-40	137.0	185.0	1
-160	-35	0	186.0	0
-160	-30	0	182.0	0
-160	-25	0	181.0	0
-160	-20	0	184.0	0
-160	-15	0	184.0	0
-160	-10	0	178.0	0
-160	-5	0	182.0	0
-160	0	0	179.0	0
-160	5	0	180.0	0
-160	10	0	180.0	0
-160	15	0	180.0	0
-160	20	0	177.0	0
-160	25	0	178.0	0
-160	30	0	180.0	0
-160	35	0	179.0	0
-160	40	0	177.0	0
-160	45	0	178.0	0
-160	50	0	179.0	0
-160	55	0	178.0	0
-160	60	0	178.0	0
-160	65	0	178.0	0
-160	70	0	177.0	0
-160	75	0	179.0	0
-160	80	0	179.0	0
-160	85	0	172.0	0
-160	90	0	176.0	0
-160	95	20.0	180.0	1
-160	100	0	181.0	0
-160	105	0	180.0	0
-160	110	1.0	174.0	1
-160	115	0	181.0	0
-160	120	0	181.0	0
-160	125	3.0	177.0	1
-160	130	51.0	182.0	6
-160	135	87.0	175.0	6
-160	140	63.0	179.0	14
-160	145	73.0	179.0	22
-160	150	44.0	176.0	19
-160	155	120.0	179.0	6
-160	160	31.0	178.0	5
-160	165	6.0	180.0	1
-160	170	0	181.0	0
-160	175	0	169.0	0
-155	-180	0	178.0	0
-155	-175	0	179.0	0
-155	-170	0	178.0	0
-155	-165	0	181.0	0
-155	-160	0	180.0	0
-155	-155	0	183.0	0
-155	-150	0	180.0	0
-155	-145	0	180.0	0
-155	-140	0	184.0	0
-155	-135	0	183.0	0
-155	-130	0	182.0	0
-155	-125	0	185.0	0
-155	-120	0	185.0	0
-155	-115	0	186.0	0
-155	-110	0	183.0	0
-155	-105	0	184.0	0
-155	-100	0	186.0	0
-155	-95	0	185.0	0
-155	-90	0	186.0	0
-155	-85	0	186.0	0
-155	-80	0	186.0	0
-155	-75	0	186.0	0
-155	-70	0	187.0	0
-155	-65	0	188.0	0
-155	-60	0	188.0	0
-155	-55	0	188.0	0
-155	-50	0	187.0	0
-155	-45	0	187.0	0
-155	-40	0	182.0	0
-155	-35	0	185.0	0
-155	-30	0	184.0	0
-155	-25	0	185.0	0
-155	-20	0	179.0	0
-155	-15	0	185.0	0
-155	-10	0	185.0	0
-155	-5	0	183.0	0
-155	0	0	182.0	0
-155	5	0	182.0	0
-155	10	0	181.0	0
-155	15	0	176.0	0
-155	20	0	181.0	0
-155	25	0	179.0	0
-155	30	0	177.0	0
-155	35	0	179.0	0
-155	40	62.0	178.0	1
-155	45	0	177.0	0
-155	50	0	174.0	0
-155	55	0	177.0	0
-155	60	0	177.0	0
-155	65	0	177.0	1
-155	70	5.0	175.0	1
-155	75	0	178.0	0
-155	80	0	176.0	0
-155	85	0	176.0	0
-155	90	0	173.0	0
-155	95	0	178.0	0
-155	100	0	174.0	0
-155	105	0	174.0	0
-155	110	0	177.0	0
-155	115	0	179.0	1
-155	120	23.0	178.0	1
-155	125	3.0	179.0	2
-155	130	92.0	177.0	6
-155	135	65.0	177.0	10
-155	140	97.0	177.0	25
-155	145	74.0	178.0	25
-155	150	103.0	179.0	18
-155	155	57.0	176.0	8
-155	160	2.0	180.0	4
-155	165	0	178.0	0
-155	170	0	180.0	0
-155	175	40.0	179.0	1
-150	-180	32.0	181.0	1
-150	-175	0	179.0	0
-150	-170	0	181.0	0
-150	-165	0	180.0	0
-150	-160	0	183.0	0
-150	-155	0	182.0	0
-150	-150	0	181.0	0
-150	-145	0	185.0	0
-150	-140	0	182.0	0
-150	-135	0	183.0	0
-150	-130	0	184.0	0
-150	-125	0	183.0	0
-150	-120	0	184.0	0
-150	-115	0	185.0	0
-150	-110	0	184.0	0
-150	-105	0	184.0	0
-150	-100	0	186.0	0
-150	-95	0	186.0	0
-150	-90	0	186.0	0
-150	-85	0	187.0	0
-150	-80	0	188.0	0
-150	-75	0	184.0	0
-150	-70	0	187.0	0
-150	-65	0	185.0	0
-150	-60	0	184.0	0
-150	-55	0	186.0	0
-150	-50	0	183.0	0
-150	-45	0	179.0	0
-150	-40	0	184.0	0
-150	-35	0	181.0	0
-150	-30	70.0	187.0	1
-150	-25	0	184.0	0
-150	-20	0	185.0	0
-150	-15	0	185.0	0
-150	-10	0	182.0	0
-150	-5	0	184.0	0
-150	0	0	184.0	0
-150	5	0	179.0	0
-150	10	0	181.0	0
-150	15	0	181.0	0
-150	20	0	180.0	0
-150	25	4.0	176.0	1
-150	30	0	177.0	1
-150	35	15.0	178.0	1
-150	40	0	179.0	0
-150	45	0	178.0	1
-150	50	0	180.0	0
-150	55	0	180.0	0
-150	60	0	177.0	0
-150	65	0	177.0	0
-150	70	0	176.0	0
-150	75	0	177.0	0
-150	80	9.0	179.0	1
-150	85	0	180.0	0
-150	90	2.0	180.0	1
-150	95	42.0	175.0	1
-150	100	0	175.0	0
-150	105	0	175.0	0
-150	110	0	175.0	0
-150	115	108.0	173.0	2
-150	120	48.0	180.0	6
-150	125	73.0	179.0	6
-150	130	58.0	179.0	21
-150	135	95.0	175.0	30
-150	140	78.0	178.0	44
-150	145	101.0	177.0	20
-150	150	52.0	179.0	13
-150	155	122.0	176.0	4
-150	160	66.0	179.0	7
-150	165	43.0	179.0	6
-150	170	46.0	179.0	1
-150	175	0	180.0	0
-145	-180	0	180.0	0
-145	-175	0	181.0	0
-145	-170	0	181.0	0
-145	-165	0	182.0	0
-145	-160	0	179.0	0
-145	-155	3.0	184.0	1
-145	-150	0	184.0	0
-145	-145	0	182.0	0
-145	-140	0	186.0	0
-145	-135	0	187.0	0
-145	-130	0	187.0	0
-145	-125	0	185.0	0
-145	-120	0	186.0	0
-145	-115	0	188.0	0
-145	-110	0	187.0	0
-145	-105	0	186.0	0
-145	-100	0	187.0	0
-145	-95	0	183.0	0
-145	-90	0	186.0	0
-145	-85	0	186.0	0
-145	-80	0	186.0	0
-145	-75	0	186.0	0
-145	-70	0	187.0	0
-145	-65	0	187.0	0
-145	-60	0	184.0	0
-145	-55	0	187.0	0
-145	-50	115.0	185.0	1
-145	-45	0	186.0	0
-145	-40	0	186.0	0
-145	-35	0	185.0	0
-145	-30	0	183.0	0
-145	-25	0	183.0	0
-145	-20	0	182.0	0
-145	-15	0	180.0	0
-145	-10	0	180.0	0
-145	-5	0	180.0	0
-145	0	0	179.0	1
-145	5	0	179.0	0
-145	10	0	181.0	0
-145	15	0	181.0	0
-145	20	0	181.0	1
-145	25	16.0	180.0	1
-145	30	0	179.0	0
-145	35	0	179.0	1
-145	40	6.0	180.0	1
-145	45	0	179.0	0
-145	50	0	178.0	0
-145	55	113.0	179.0	1
-145	60	0	180.0	0
-145	65	0	180.0	0
-145	70	0	176.0	0
-145	75	0	179.0	0
-145	80	0	175.0	0
-145	85	0	179.0	0
-145	90	0	179.0	0
-145	95	2.0	178.0	1
-145	100	66.0	179.0	2
-145	105	41.0	174.0	4
-145	110	101.0	174.0	7
-145	115	85.0	181.0	7
-145	120	98.0	179.0	13
-145	125	98.0	180.0	19
-145	130	77.0	175.0	29
-145	135	161.0	175.0	50
-145	140	83.0	177.0	33
-145	145	55.0	180.0	34
-145	150	101.0	176.0	28
-145	155	84.0	180.0	14
-145	160	105.0	177.0	18
-145	165	64.0	180.0	18
-145	170	102.0	180.0	5
-145	175	55.0	181.0	1
-140	-180	22.0	179.0	2
-140	-175	72.0	182.0	2
-140	-170	0	182.0	0
-140	-165	0	183.0	1
-140	-160	0	181.0	0
-140	-155	0	184.0	0
-140	-150	0	184.0	0
-140	-145	0	186.0	0
-140	-140	0	185.0	0
-140	-135	0	187.0	0
-140	-130	0	185.0	0
-140	-125	0	186.0	0
-140	-120	0	190.0	0
-140	-115	0	188.0	0
-140	-110	0	187.0	0
-140	-105	0	188.0	0
-140	-100	0	186.0	0
-140	-95	0	188.0	0
-140	-90	0	188.0	0
-140	-85	0	186.0	0
-140	-80	0	185.0	0
-140	-75	0	186.0	0
-140	-70	0	187.0	0
-140	-65	69.0	188.0	1
-140	-60	0	183.0	0
-140	-55	0	189.0	0
-140	-50	0	185.0	0
-140	-45	0	186.0	0
-140	-40	0	184.0	0
-140	-35	105.0	185.0	1
-140	-30	0	187.0	0
-140	-25	112.0	186.0	1
-140	-20	0	184.0	1
-140	-15	6.0	183.0	1
-140	-10	0	186.0	0
-140	-5	34.0	184.0	2
-140	0	82.0	185.0	1
-140	5	44.0	184.0	1
-140	10	4.0	183.0	1
-140	15	7.0	183.0	2
-140	20	0	182.0	0
-140	25	0	180.0	0
-140	30	0	181.0	0
-140	35	0	181.0	0
-140	40	8.0	181.0	1
-140	45	1.0	180.0	1
-140	50	0	180.0	0
-140	55	0	178.0	1
-140	60	8.0	178.0	1
-140	65	0	174.0	0
-140	70	37.0	177.0	2
-140	75	29.0	181.0	2
-140	80	0	179.0	0
-140	85	0	180.0	0
-140	90	27.0	177.0	2
-140	95	63.0	176.0	2
-140	100	72.0	176.0	3
-140	105	82.0	180.0	3
-140	110	41.0	177.0	11
-140	115	107.0	179.0	28
-140	120	89.0	178.0	30
-140	125	120.0	179.0	62
-140	130	121.0	178.0	89
-140	135	154.0	179.0	109
-140	140	120.0	179.0	53
-140	145	144.0	177.0	44
-140	150	142.0	176.0	44
-140	155	141.0	177.0	53
-140	160	161.0	178.0	68
-140	165	109.0	180.0	27
-140	170	96.0	180.0	14
-140	175	40.0	177.0	13
-135	-180	1.0	176.0	1
-135	-175	39.0	179.0	1
-135	-170	0	181.0	0
-135	-165	0	178.0	0
-135	-160	0	182.0	0
-135	-155	0	182.0	0
-135	-150	0	184.0	0
-135	-145	0	184.0	0
-135	-140	0	185.0	0
-135	-135	0	184.0	0
-135	-130	0	185.0	0
-135	-125	0	185.0	0
-135	-120	0	182.0	0
-135	-115	0	185.0	0
-135	-110	0	185.0	0
-135	-105	0	185.0	0
-135	-100	0	182.0	0
-135	-95	0	186.0	0
-135	-90	0	185.0	0
-135	-85	0	185.0	0
-135	-80	0	186.0	0
-135	-75	0	186.0	0
-135	-70	0	184.0	0
-135	-65	93.0	184.0	3
-135	-60	0	184.0	0
-135	-55	87.0	186.0	1
-135	-50	0	183.0	0
-135	-45	7.0	182.0	1
-135	-40	0	185.0	0
-135	-35	0	181.0	0
-135	-30	0	184.0	0
-135	-25	0	183.0	0
-135	-20	4.0	178.0	2
-135	-15	0	183.0	0
-135	-10	126.0	184.0	2
-135	-5	13.0	179.0	1
-135	0	126.0	178.0	5
-135	5	66.0	185.0	1
-135	10	2.0	180.0	4
-135	15	135.0	180.0	3
-135	20	0	180.0	0
-135	25	79.0	182.0	2
-135	30	0	178.0	0
-135	35	74.0	181.0	1
-135	40	0	179.0	1
-135	45	25.0	175.0	1
-135	50	0	180.0	0
-135	55	36.0	177.0	1
-135	60	22.0	176.0	3
-135	65	23.0	179.0	1
-135	70	31.0	179.0	6
-135	75	66.0	179.0	3
-135	80	10.0	176.0	4
-135	85	24.0	181.0	3
-135	90	113.0	176.0	5
-135	95	71.0	177.0	6
-135	100	58.0	179.0	10
-135	105	92.0	179.0	23
-135	110	126.0	178.0	39
-135	115	152.0	178.0	65
-135	120	154.0	178.0	102
-135	125	163.0	174.0	148
-135	130	131.0	180.0	179
-135	135	118.0	178.0	153
-135	140	149.0	177.0	88
-135	145	151.0	176.0	58
-135	150	155.0	179.0	56
-135	155	139.0	176.0	98
-135	160	145.0	177.0	107
-135	165	140.0	175.0	56
-135	170	86.0	179.0	22
-135	175	78.0	178.0	8
-130	-180	65.0	180.0	5
-130	-175	10.0	182.0	2
-130	-170	0	179.0	0
-130	-165	13.0	180.0	2
-130	-160	0	181.0	0
-130	-155	0	184.0	0
-130	-150	7.0	184.0	1
-130	-145	0	185.0	0
-130	-140	0	182.0	0
-130	-135	0	184.0	0
-130	-130	0	186.0	0
-130	-125	0	185.0	0
-130	-120	0	185.0	0
-130	-115	0	187.0	0
-130	-110	0	186.0	0
-130	-105	0	185.0	0
-130	-100	0	185.0	0
-130	-95	0	186.0	0
-130	-90	0	186.0	0
-130	-85	0	186.0	0
-130	-80	0	185.0	0
-130	-75	0	185.0	0
-130	-70	0	185.0	1
-130	-65	25.0	182.0	3
-130	-60	0	186.0	0
-130	-55	105.0	186.0	5
-130	-50	73.0	185.0	2
-130	-45	45.0	182.0	2
-130	-40	153.0	183.0	2
-130	-35	155.0	186.0	3
-130	-30	22.0	185.0	1
-130	-25	2.0	185.0	1
-130	-20	20.0	185.0	1
-130	-15	99.0	186.0	6
-130	-10	152.0	186.0	7
-130	-5	90.0	186.0	9
-130	0	163.0	180.0	9
-130	5	30.0	185.0	4
-130	10	92.0	184.0	7
-130	15	134.0	184.0	4
-130	20	132.0	181.0	3
-130	25	49.0	181.0	5
-130	30	69.0	182.0	2
-130	35	58.0	182.0	2
-130	40	13.0	181.0	4
-130	45	25.0	180.0	1
-130	50	0	180.0	2
-130	55	65.0	181.0	5
-130	60	0	181.0	0
-130	65	23.0	179.0	2
-130	70	5.0	178.0	2
-130	75	64.0	180.0	7
-130	80	94.0	180.0	7
-130	85	102.0	181.0	8
-130	90	107.0	177.0	12
-130	95	61.0	180.0	13
-130	100	88.0	175.0	21
-130	105	156.0	178.0	40
-130	110	139.0	175.0	59
-130	115	150.0	180.0	116
-130	120	102.0	0	199
-130	125	146.0	0	233
-130	130	152.0	0	247
-130	135	109.0	177.0	149
-130	140	95.0	178.0	84
-130	145	153.0	177.0	55
-130	150	117.0	179.0	85
-130	155	151.0	177.0	92
-130	160	95.0	180.0	97
-130	165	99.0	178.0	61
-130	170	147.0	179.0	23
-130	175	84.0	180.0	10
-125	-180	0	181.0	0
-125	-175	0	181.0	0
-125	-170	3.0	183.0	1
-125	-165	0	185.0	0
-125	-160	0	184.0	0
-125	-155	0	187.0	0
-125	-150	0	186.0	0
-125	-145	0	184.0	0
-125	-140	0	181.0	0
-125	-135	0	188.0	0
-125	-130	0	188.0	0
-125	-125	0	189.0	0
-125	-120	0	188.0	0
-125	-115	0	188.0	0
-125	-110	0	187.0	0
-125	-105	0	186.0	0
-125	-100	0	186.0	0
-125	-95	0	187.0	0
-125	-90	0	189.0	0
-125	-85	0	188.0	0
-125	-80	0	186.0	0
-125	-75	91.0	187.0	2
-125	-70	0	187.0	1
-125	-65	81.0	188.0	4
-125	-60	142.0	188.0	6
-125	-55	10.0	187.0	3
-125	-50	111.0	185.0	6
-125	-45	117.0	184.0	4
-125	-40	0	186.0	1
-125	-35	0	185.0	0
-125	-30	153.0	187.0	4
-125	-25	137.0	184.0	6
-125	-20	97.0	186.0	12
-125	-15	87.0	186.0	10
-125	-10	117.0	182.0	19
-125	-5	155.0	186.0	12
-125	0	129.0	185.0	17
-125	5	89.0	182.0	5
-125	10	171.0	184.0	16
-125	15	123.0	184.0	15
-125	20	98.0	184.0	9
-125	25	45.0	182.0	5
-125	30	54.0	183.0	7
-125	35	10.0	184.0	2
-125	40	109.0	184.0	3
-125	45	28.0	183.0	2
-125	50	0	185.0	0
-125	55	0	185.0	0
-125	60	0	181.0	0
-125	65	88.0	184.0	1
-125	70	141.0	184.0	4
-125	75	3.0	184.0	1
-125	80	21.0	179.0	4
-125	85	65.0	184.0	9
-125	90	104.0	182.0	16
-125	95	121.0	183.0	18
-125	100	99.0	183.0	31
-125	105	90.0	179.0	40
-125	110	159.0	179.0	80
-125	115	117.0	182.0	160
-125	120	135.0	0	276
-125	125	129.0	0	299
-125	130	126.0	0	269
-125	135	134.0	0	180
-125	140	90.0	179.0	79
-125	145	141.0	180.0	47
-125	150	115.0	180.0	72
-125	155	103.0	179.0	65
-125	160	117.0	178.0	56
-125	165	99.0	179.0	39
-125	170	102.0	178.0	22
-125	175	138.0	179.0	10
-120	-180	25.0	181.0	1
-120	-175	52.0	180.0	2
-120	-170	0	182.0	1
-120	-165	0	182.0	0
-120	-160	0	182.0	0
-120	-155	0	184.0	0
-120	-150	0	185.0	0
-120	-145	0	186.0	0
-120	-140	0	188.0	0
-120	-135	0	186.0	0
-120	-130	0	187.0	0
-120	-125	0	188.0	0
-120	-120	0	186.0	0
-120	-115	0	189.0	0
-120	-110	0	184.0	0
-120	-105	0	187.0	0
-120	-100	0	187.0	0
-120	-95	0	187.0	0
-120	-90	0	187.0	0
-120	-85	0	187.0	0
-120	-80	0	184.0	0
-120	-75	5.0	184.0	1
-120	-70	138.0	182.0	2
-120	-65	113.0	186.0	4
-120	-60	67.0	183.0	6
-120	-55	162.0	185.0	13
-120	-50	103.0	184.0	11
-120	-45	82.0	184.0	6
-120	-40	131.0	184.0	6
-120	-35	91.0	186.0	2
-120	-30	85.0	184.0	4
-120	-25	78.0	184.0	9
-120	-20	130.0	185.0	14
-120	-15	79.0	186.0	16
-120	-10	98.0	183.0	13
-120	-5	89.0	178.0	19
-120	0	150.0	181.0	12
-120	5	112.0	184.0	9
-120	10	89.0	182.0	14
-120	15	116.0	183.0	17
-120	20	79.0	184.0	10
-120	25	76.0	183.0	8
-120	30	44.0	182.0	6
-120	35	14.0	182.0	1
-120	40	0	181.0	0
-120	45	20.0	183.0	2
-120	50	0	184.0	0
-120	55	1.0	182.0	1
-120	60	0	180.0	0
-120	65	0	183.0	0
-120	70	0	184.0	0
-120	75	0	183.0	1
-120	80	13.0	182.0	1
-120	85	5.0	183.0	3
-120	90	120.0	182.0	7
-120	95	130.0	183.0	16
-120	100	149.0	182.0	31
-120	105	174.0	182.0	53
-120	110	153.0	175.0	128
-120	115	144.0	181.0	174
-120	120	141.0	0	284
-120	125	147.0	0	323
-120	130	121.0	0	253
-120	135	147.0	173.0	167
-120	140	146.0	178.0	57
-120	145	123.0	178.0	46
-120	150	103.0	177.0	48
-120	155	100.0	178.0	35
-120	160	119.0	177.0	30
-120	165	95.0	179.0	21
-120	170	61.0	178.0	6
-120	175	23.0	178.0	5
-115	-180	31.0	181.0	2
-115	-175	40.0	181.0	1
-115	-170	0	182.0	0
-115	-165	0	183.0	0
-115	-160	0	182.0	0
-115	-155	0	183.0	0
-115	-150	0	184.0	0
-115	-145	0	186.0	0
-115	-140	0	185.0	0
-115	-135	0	186.0	0
-115	-130	0	186.0	0
-115	-125	0	185.0	0
-115	-120	0	183.0	0
-115	-115	0	186.0	0
-115	-110	0	186.0	0
-115	-105	0	186.0	0
-115	-100	0	186.0	0
-115	-95	0	186.0	0
-115	-90	96.0	186.0	1
-115	-85	0	185.0	0
-115	-80	124.0	185.0	1
-115	-75	58.0	186.0	1
-115	-70	104.0	186.0	2
-115	-65	164.0	182.0	6
-115	-60	97.0	183.0	5
-115	-55	151.0	187.0	13
-115	-50	123.0	185.0	6
-115	-45	129.0	186.0	9
-115	-40	122.0	188.0	8
-115	-35	128.0	184.0	4
-115	-30	79.0	187.0	5
-115	-25	117.0	188.0	13
-115	-20	135.0	186.0	13
-115	-15	87.0	188.0	19
-115	-10	163.0	187.0	21
-115	-5	110.0	187.0	15
-115	0	161.0	186.0	19
-115	5	155.0	186.0	16
-115	10	153.0	186.0	21
-115	15	157.0	187.0	18
-115	20	52.0	186.0	8
-115	25	45.0	185.0	13
-115	30	111.0	186.0	2
-115	35	1.0	183.0	1
-115	40	0	184.0	0
-115	45	0	183.0	0
-115	50	0	184.0	0
-115	55	4.0	183.0	1
-115	60	0	184.0	0
-115	65	0	183.0	0
-115	70	132.0	183.0	1
-115	75	1.0	183.0	1
-115	80	0	182.0	0
-115	85	32.0	183.0	6
-115	90	37.0	180.0	8
-115	95	155.0	180.0	19
-115	100	90.0	181.0	36
-115	105	157.0	178.0	69
-115	110	128.0	181.0	110
-115	115	177.0	179.0	168
-115	120	170.0	0	314
-115	125	142.0	0	267
-115	130	173.0	0	232
-115	135	122.0	178.0	122
-115	140	95.0	178.0	55
-115	145	96.0	178.0	27
-115	150	138.0	177.0	26
-115	155	121.0	178.0	22
-115	160	57.0	178.0	15
-115	165	44.0	178.0	9
-115	170	23.0	179.0	3
-115	175	51.0	179.0	1
-110	-180	0	180.0	0
-110	-175	0	179.0	0
-110	-170	0	181.0	0
-110	-165	0	180.0	0
-110	-160	0	183.0	0
-110	-155	0	186.0	0
-110	-150	0	186.0	0
-110	-145	0	184.0	0
-110	-140	0	184.0	0
-110	-135	0	183.0	0
-110	-130	0	187.0	0
-110	-125	0	188.0	0
-110	-120	0	188.0	0
-110	-115	0	188.0	0
-110	-110	0	186.0	0
-110	-105	0	187.0	0
-110	-100	0	186.0	0
-110	-95	0	186.0	0
-110	-90	0	186.0	0
-110	-85	88.0	185.0	1
-110	-80	53.0	187.0	3
-110	-75	0	187.0	1
-110	-70	103.0	184.0	4
-110	-65	124.0	187.0	7
-110	-60	84.0	181.0	10
-110	-55	117.0	187.0	10
-110	-50	106.0	187.0	8
-110	-45	53.0	186.0	11
-110	-40	110.0	186.0	9
-110	-35	94.0	186.0	6
-110	-30	94.0	184.0	2
-110	-25	151.0	188.0	7
-110	-20	144.0	181.0	16
-110	-15	99.0	189.0	13
-110	-10	132.0	185.0	12
-110	-5	109.0	187.0	20
-110	0	160.0	188.0	24
-110	5	151.0	187.0	12
-110	10	150.0	187.0	19
-110	15	101.0	187.0	19
-110	20	90.0	187.0	13
-110	25	19.0	186.0	1
-110	30	0	187.0	0
-110	35	0	185.0	0
-110	40	0	186.0	0
-110	45	0	184.0	0
-110	50	0	184.0	0
-110	55	85.0	184.0	1
-110	60	0	184.0	0
-110	65	0	183.0	0
-110	70	0	180.0	0
-110	75	0	186.0	0
-110	80	47.0	181.0	3
-110	85	46.0	185.0	2
-110	90	41.0	180.0	5
-110	95	161.0	180.0	14
-110	100	84.0	183.0	33
-110	105	172.0	179.0	78
-110	110	144.0	177.0	116
-110	115	148.0	0	187
-110	120	167.0	0	251
-110	125	144.0	0	233
-110	130	141.0	0	197
-110	135	134.0	178.0	97
-110	140	136.0	179.0	38
-110	145	174.0	177.0	26
-110	150	109.0	180.0	17
-110	155	58.0	180.0	16
-110	160	106.0	180.0	8
-110	165	111.0	176.0	10
-110	170	78.0	178.0	6
-110	175	0	180.0	0
-105	-180	94.0	182.0	2
-105	-175	0	183.0	0
-105	-170	0	183.0	1
-105	-165	0	185.0	0
-105	-160	0	179.0	0
-105	-155	0	185.0	0
-105	-150	0	183.0	0
-105	-145	0	185.0	0
-105	-140	0	185.0	0
-105	-135	0	188.0	0
-105	-130	0	189.0	0
-105	-125	0	187.0	0
-105	-120	0	190.0	0
-105	-115	0	189.0	0
-105	-110	0	184.0	0
-105	-105	0	183.0	0
-105	-100	0	188.0	0
-105	-95	19.0	188.0	1
-105	-90	0	185.0	1
-105	-85	0	186.0	0
-105	-80	0	185.0	0
-105	-75	4.0	185.0	1
-105	-70	0	186.0	2
-105	-65	142.0	187.0	10
-105	-60	150.0	185.0	9
-105	-55	155.0	184.0	17
-105	-50	156.0	187.0	23
-105	-45	112.0	186.0	15
-105	-40	132.0	186.0	9
-105	-35	93.0	185.0	4
-105	-30	67.0	187.0	5
-105	-25	72.0	186.0	8
-105	-20	95.0	187.0	13
-105	-15	120.0	187.0	14
-105	-10	166.0	187.0	32
-105	-5	169.0	187.0	24
-105	0	158.0	188.0	18
-105	5	115.0	187.0	23
-105	10	93.0	188.0	18
-105	15	95.0	187.0	11
-105	20	33.0	187.0	3
-105	25	2.0	186.0	1
-105	30	0	187.0	0
-105	35	0	186.0	0
-105	40	23.0	181.0	1
-105	45	0	184.0	0
-105	50	0	188.0	0
-105	55	0	187.0	0
-105	60	124.0	188.0	1
-105	65	0	185.0	0
-105	70	0	186.0	0
-105	75	0	187.0	1
-105	80	3.0	182.0	2
-105	85	1.0	183.0	2
-105	90	118.0	185.0	5
-105	95	88.0	187.0	14
-105	100	81.0	180.0	35
-105	105	142.0	185.0	59
-105	110	135.0	180.0	101
-105	115	157.0	179.0	165
-105	120	169.0	0	219
-105	125	164.0	0	232
-105	130	114.0	184.0	153
-105	135	159.0	181.0	82
-105	140	146.0	182.0	27
-105	145	44.0	178.0	15
-105	150	40.0	180.0	9
-105	155	115.0	177.0	14
-105	160	36.0	180.0	4
-105	165	84.0	177.0	1
-105	170	55.0	180.0	4
-105	175	42.0	182.0	2
-100	-180	0	180.0	0
-100	-175	97.0	183.0	1
-100	-170	0	180.0	0
-100	-165	0	184.0	0
-100	-160	0	186.0	0
-100	-155	0	186.0	0
-100	-150	0	183.0	0
-100	-145	0	182.0	0
-100	-140	0	187.0	0
-100	-135	0	187.0	0
-100	-130	0	188.0	0
-100	-125	0	186.0	0
-100	-120	0	189.0	0
-100	-115	0	184.0	0
-100	-110	0	188.0	0
-100	-105	0	183.0	0
-100	-100	0	188.0	0
-100	-95	108.0	186.0	1
-100	-90	14.0	184.0	1
-100	-85	0	186.0	0
-100	-80	0	185.0	0
-100	-75	28.0	183.0	3
-100	-70	0	188.0	0
-100	-65	139.0	185.0	5
-100	-60	81.0	187.0	11
-100	-55	100.0	187.0	10
-100	-50	109.0	186.0	31
-100	-45	153.0	187.0	28
-100	-40	102.0	186.0	7
-100	-35	98.0	186.0	7
-100	-30	143.0	189.0	5
-100	-25	109.0	187.0	8
-100	-20	73.0	186.0	8
-100	-15	142.0	186.0	16
-100	-10	110.0	188.0	12
-100	-5	154.0	189.0	17
-100	0	128.0	186.0	21
-100	5	147.0	186.0	17
-100	10	105.0	186.0	19
-100	15	65.0	186.0	6
-100	20	35.0	188.0	3
-100	25	0	187.0	1
-100	30	0	183.0	0
-100	35	5.0	187.0	1
-100	40	0	188.0	0
-100	45	0	188.0	0
-100	50	0	188.0	0
-100	55	0	188.0	0
-100	60	0	188.0	0
-100	65	0	187.0	0
-100	70	39.0	188.0	2
-100	75	56.0	188.0	3
-100	80	3.0	183.0	3
-100	85	6.0	186.0	3
-100	90	139.0	186.0	8
-100	95	121.0	185.0	16
-100	100	92.0	185.0	23
-100	105	114.0	180.0	50
-100	110	174.0	184.0	87
-100	115	132.0	184.0	126
-100	120	140.0	0	190
-100	125	150.0	182.0	164
-100	130	144.0	182.0	112
-100	135	101.0	182.0	55
-100	140	132.0	176.0	24
-100	145	152.0	182.0	19
-100	150	65.0	180.0	7
-100	155	96.0	176.0	9
-100	160	56.0	180.0	7
-100	165	33.0	180.0	3
-100	170	38.0	179.0	1
-100	175	0	182.0	0
-95	-180	9.0	181.0	1
-95	-175	0	182.0	0
-95	-170	0	181.0	0
-95	-165	0	182.0	0
-95	-160	0	183.0	0
-95	-155	0	184.0	0
-95	-150	0	183.0	0
-95	-145	0	184.0	0
-95	-140	0	184.0	0
-95	-135	0	187.0	0
-95	-130	0	185.0	0
-95	-125	0	189.0	0
-95	-120	0	185.0	0
-95	-115	0	187.0	0
-95	-110	0	184.0	0
-95	-105	48.0	183.0	1
-95	-100	0	184.0	0
-95	-95	0	184.0	0
-95	-90	0	185.0	0
-95	-85	0	184.0	0
-95	-80	8.0	186.0	1
-95	-75	14.0	187.0	1
-95	-70	0	187.0	1
-95	-65	67.0	184.0	3
-95	-60	152.0	188.0	12
-95	-55	134.0	189.0	23
-95	-50	138.0	187.0	37
-95	-45	111.0	184.0	25
-95	-40	143.0	190.0	18
-95	-35	120.0	189.0	12
-95	-30	105.0	188.0	8
-95	-25	171.0	191.0	9
-95	-20	82.0	189.0	20
-95	-15	93.0	188.0	14
-95	-10	148.0	191.0	16
-95	-5	88.0	187.0	21
-95	0	133.0	184.0	25
-95	5	80.0	191.0	10
-95	10	79.0	190.0	7
-95	15	37.0	185.0	3
-95	20	145.0	190.0	1
-95	25	106.0	189.0	2
-95	30	0	188.0	0
-95	35	0	187.0	0
-95	40	0	186.0	0
-95	45	0	187.0	0
-95	50	0	187.0	0
-95	55	0	188.0	0
-95	60	0	185.0	0
-95	65	0	188.0	0
-95	70	74.0	186.0	2
-95	75	69.0	184.0	3
-95	80	35.0	185.0	10
-95	85	55.0	184.0	7
-95	90	52.0	187.0	11
-95	95	91.0	186.0	12
-95	100	110.0	186.0	35
-95	105	155.0	182.0	62
-95	110	148.0	180.0	76
-95	115	148.0	179.0	105
-95	120	143.0	181.0	142
-95	125	128.0	180.0	143
-95	130	143.0	183.0	88
-95	135	73.0	181.0	59
-95	140	65.0	181.0	12
-95	145	87.0	179.0	11
-95	150	119.0	181.0	9
-95	155	91.0	180.0	3
-95	160	83.0	181.0	2
-95	165	17.0	178.0	3
-95	170	116.0	180.0	1
-95	175	0	180.0	0
-90	-180	0	180.0	0
-90	-175	6.0	181.0	1
-90	-170	0	183.0	0
-90	-165	0	183.0	0
-90	-160	0	184.0	0
-90	-155	0	183.0	0
-90	-150	0	184.0	0
-90	-145	0	185.0	0
-90	-140	0	185.0	0
-90	-135	0	185.0	0
-90	-130	0	187.0	0
-90	-125	0	186.0	0
-90	-120	0	187.0	0
-90	-115	0	186.0	0
-90	-110	0	187.0	0
-90	-105	0	186.0	0
-90	-100	0	187.0	0
-90	-95	0	183.0	0
-90	-90	0	185.0	0
-90	-85	0	187.0	0
-90	-80	0	188.0	0
-90	-75	0	188.0	0
-90	-70	30.0	187.0	1
-90	-65	124.0	189.0	3
-90	-60	72.0	190.0	7
-90	-55	159.0	187.0	19
-90	-50	96.0	189.0	26
-90	-45	128.0	189.0	35
-90	-40	127.0	191.0	23
-90	-35	176.0	190.0	18
-90	-30	105.0	190.0	8
-90	-25	173.0	190.0	13
-90	-20	61.0	191.0	13
-90	-15	100.0	192.0	20
-90	-10	117.0	192.0	20
-90	-5	170.0	192.0	26
-90	0	136.0	190.0	16
-90	5	132.0	191.0	7
-90	10	117.0	193.0	1
-90	15	1.0	191.0	1
-90	20	67.0	189.0	1
-90	25	0	191.0	0
-90	30	0	189.0	1
-90	35	0	190.0	0
-90	40	0	189.0	0
-90	45	115.0	188.0	1
-90	50	0	187.0	0
-90	55	0	189.0	0
-90	60	0	188.0	0
-90	65	1.0	186.0	3
-90	70	121.0	188.0	2
-90	75	87.0	187.0	5
-90	80	56.0	186.0	9
-90	85	43.0	186.0	10
-90	90	40.0	186.0	6
-90	95	112.0	186.0	18
-90	100	97.0	186.0	27
-90	105	151.0	182.0	35
-90	110	161.0	183.0	63
-90	115	113.0	183.0	96
-90	120	168.0	183.0	119
-90	125	144.0	183.0	129
-90	130	165.0	182.0	100
-90	135	101.0	182.0	48
-90	140	91.0	182.0	26
-90	145	82.0	181.0	8
-90	150	65.0	181.0	6
-90	155	117.0	180.0	6
-90	160	5.0	180.0	2
-90	165	92.0	181.0	4
-90	170	28.0	181.0	3
-90	175	0	179.0	0
-85	-180	0	181.0	0
-85	-175	0	181.0	0
-85	-170	0	181.0	0
-85	-165	0	179.0	0
-85	-160	0	182.0	0
-85	-155	0	183.0	0
-85	-150	0	184.0	0
-85	-145	0	182.0	0
-85	-140	0	182.0	0
-85	-135	0	185.0	0
-85	-130	0	185.0	0
-85	-125	0	185.0	0
-85	-120	0	186.0	0
-85	-115	0	186.0	0
-85	-110	0	183.0	0
-85	-105	0	184.0	0
-85	-100	0	186.0	0
-85	-95	0	186.0	0
-85	-90	0	185.0	0
-85	-85	0	185.0	0
-85	-80	0	185.0	0
-85	-75	0	186.0	0
-85	-70	46.0	186.0	1
-85	-65	42.0	185.0	2
-85	-60	144.0	187.0	9
-85	-55	122.0	188.0	18
-85	-50	157.0	187.0	35
-85	-45	146.0	188.0	37
-85	-40	146.0	189.0	27
-85	-35	133.0	189.0	24
-85	-30	100.0	190.0	11
-85	-25	110.0	186.0	9
-85	-20	132.0	191.0	21
-85	-15	173.0	190.0	19
-85	-10	117.0	186.0	21
-85	-5	74.0	185.0	20
-85	0	139.0	191.0	8
-85	5	0	189.0	0
-85	10	0	189.0	0
-85	15	0	189.0	0
-85	20	0	188.0	0
-85	25	0	187.0	0
-85	30	0	188.0	0
-85	35	0	187.0	0
-85	40	0	187.0	0
-85	45	0	189.0	0
-85	50	0	187.0	0
-85	55	0	188.0	0
-85	60	0	186.0	0
-85	65	0	186.0	0
-85	70	1.0	188.0	1
-85	75	4.0	187.0	3
-85	80	140.0	188.0	8
-85	85	33.0	187.0	5
-85	90	97.0	177.0	5
-85	95	121.0	185.0	14
-85	100	147.0	184.0	21
-85	105	64.0	184.0	28
-85	110	126.0	183.0	52
-85	115	150.0	179.0	101
-85	120	162.0	183.0	139
-85	125	159.0	183.0	115
-85	130	147.0	181.0	81
-85	135	131.0	180.0	49
-85	140	96.0	178.0	18
-85	145	86.0	181.0	16
-85	150	121.0	177.0	5
-85	155	96.0	179.0	10
-85	160	164.0	179.0	11
-85	165	5.0	180.0	1
-85	170	0	178.0	0
-85	175	1.0	181.0	1
-80	-180	0	179.0	0
-80	-175	0	181.0	0
-80	-170	0	181.0	0
-80	-165	0	182.0	0
-80	-160	0	181.0	0
-80	-155	0	181.0	0
-80	-150	0	179.0	0
-80	-145	0	184.0	0
-80	-140	0	186.0	0
-80	-135	0	186.0	0
-80	-130	0	185.0	0
-80	-125	0	186.0	0
-80	-120	0	186.0	0
-80	-115	0	183.0	0
-80	-110	0	186.0	0
-80	-105	0	186.0	0
-80	-100	0	185.0	0
-80	-95	0	186.0	0
-80	-90	0	185.0	0
-80	-85	0	184.0	0
-80	-80	0	187.0	0
-80	-75	0	187.0	0
-80	-70	0	187.0	0
-80	-65	7.0	186.0	3
-80	-60	169.0	188.0	7
-80	-55	142.0	187.0	28
-80	-50	117.0	188.0	55
-80	-45	130.0	188.0	66
-80	-40	132.0	190.0	52
-80	-35	100.0	190.0	39
-80	-30	85.0	190.0	20
-80	-25	183.0	190.0	20
-80	-20	123.0	190.0	21
-80	-15	129.0	190.0	22
-80	-10	129.0	191.0	20
-80	-5	90.0	187.0	7
-80	0	110.0	191.0	6
-80	5	92.0	192.0	3
-80	10	0	191.0	0
-80	15	0	191.0	0
-80	20	0	190.0	0
-80	25	0	190.0	0
-80	30	0	189.0	0
-80	35	0	188.0	0
-80	40	0	187.0	0
-80	45	0	189.0	0
-80	50	0	189.0	0
-80	55	0	187.0	0
-80	60	0	189.0	0
-80	65	0	190.0	0
-80	70	0	185.0	0
-80	75	0	188.0	1
-80	80	0	188.0	1
-80	85	1.0	187.0	1
-80	90	60.0	187.0	3
-80	95	105.0	186.0	2
-80	100	36.0	182.0	8
-80	105	125.0	185.0	12
-80	110	142.0	185.0	36
-80	115	154.0	183.0	67
-80	120	171.0	183.0	108
-80	125	131.0	179.0	115
-80	130	180.0	183.0	93
-80	135	132.0	179.0	53
-80	140	108.0	178.0	24
-80	145	97.0	181.0	7
-80	150	21.0	180.0	4
-80	155	133.0	177.0	6
-80	160	62.0	179.0	10
-80	165	121.0	180.0	8
-80	170	51.0	177.0	2
-80	175	2.0	180.0	2
-75	-180	0	178.0	0
-75	-175	0	180.0	0
-75	-170	0	180.0	0
-75	-165	0	180.0	0
-75	-160	0	179.0	0
-75	-155	0	182.0	0
-75	-150	0	179.0	0
-75	-145	0	185.0	0
-75	-140	0	186.0	0
-75	-135	0	186.0	0
-75	-130	0	185.0	0
-75	-125	0	185.0	0
-75	-120	0	181.0	0
-75	-115	0	185.0	0
-75	-110	0	184.0	0
-75	-105	0	183.0	0
-75	-100	0	183.0	0
-75	-95	0	186.0	0
-75	-90	0	185.0	0
-75	-85	0	186.0	0
-75	-80	0	186.0	0
-75	-75	0	186.0	0
-75	-70	0	188.0	0
-75	-65	56.0	188.0	3
-75	-60	10.0	188.0	4
-75	-55	126.0	189.0	30
-75	-50	139.0	190.0	99
-75	-45	164.0	191.0	172
-75	-40	132.0	190.0	169
-75	-35	117.0	187.0	92
-75	-30	154.0	187.0	70
-75	-25	117.0	191.0	40
-75	-20	133.0	192.0	33
-75	-15	149.0	192.0	37
-75	-10	147.0	192.0	21
-75	-5	137.0	191.0	12
-75	0	97.0	193.0	4
-75	5	0	192.0	0
-75	10	0	193.0	0
-75	15	0	189.0	0
-75	20	0	192.0	0
-75	25	0	191.0	0
-75	30	0	191.0	0
-75	35	0	188.0	0
-75	40	0	190.0	0
-75	45	0	190.0	0
-75	50	0	192.0	0
-75	55	0	190.0	0
-75	60	0	189.0	0
-75	65	0	187.0	0
-75	70	0	187.0	0
-75	75	0	186.0	1
-75	80	0	187.0	0
-75	85	37.0	187.0	2
-75	90	0	187.0	0
-75	95	3.0	183.0	2
-75	100	53.0	182.0	4
-75	105	75.0	183.0	3
-75	110	97.0	185.0	10
-75	115	154.0	182.0	53
-75	120	143.0	184.0	90
-75	125	133.0	181.0	112
-75	130	167.0	182.0	99
-75	135	137.0	181.0	67
-75	140	143.0	179.0	32
-75	145	53.0	180.0	20
-75	150	161.0	179.0	12
-75	155	69.0	178.0	10
-75	160	104.0	179.0	9
-75	165	137.0	180.0	3
-75	170	24.0	179.0	4
-75	175	64.0	179.0	1
-70	-180	0	182.0	0
-70	-175	0	179.0	0
-70	-170	0	183.0	0
-70	-165	0	181.0	0
-70	-160	0	182.0	0
-70	-155	0	184.0	0
-70	-150	0	186.0	0
-70	-145	0	181.0	0
-70	-140	0	186.0	0
-70	-135	0	187.0	0
-70	-130	0	186.0	0
-70	-125	0	185.0	0
-70	-120	0	184.0	0
-70	-115	0	185.0	0
-70	-110	0	186.0	0
-70	-105	0	187.0	0
-70	-100	0	185.0	0
-70	-95	0	186.0	0
-70	-90	0	186.0	0
-70	-85	0	186.0	0
-70	-80	0	188.0	0
-70	-75	0	189.0	0
-70	-70	0	190.0	0
-70	-65	1.0	190.0	3
-70	-60	78.0	191.0	13
-70	-55	133.0	188.0	54
-70	-50	168.0	0	398
-70	-45	167.0	0	784
-70	-40	139.0	0	568
-70	-35	146.0	0	212
-70	-30	154.0	194.0	109
-70	-25	176.0	194.0	76
-70	-20	156.0	194.0	62
-70	-15	159.0	192.0	41
-70	-10	137.0	194.0	20
-70	-5	176.0	196.0	4
-70	0	23.0	194.0	3
-70	5	0	194.0	0
-70	10	0	194.0	0
-70	15	0	194.0	0
-70	20	0	193.0	0
-70	25	0	191.0	0
-70	30	0	193.0	0
-70	35	0	191.0	0
-70	40	0	188.0	0
-70	45	0	193.0	0
-70	50	0	190.0	0
-70	55	0	193.0	0
-70	60	0	191.0	0
-70	65	0	190.0	0
-70	70	109.0	191.0	1
-70	75	0	189.0	0
-70	80	0	189.0	0
-70	85	0	191.0	0
-70	90	0	187.0	0
-70	95	0	186.0	0
-70	100	56.0	189.0	1
-70	105	60.0	181.0	3
-70	110	85.0	186.0	6
-70	115	180.0	185.0	18
-70	120	108.0	183.0	49
-70	125	146.0	184.0	86
-70	130	150.0	182.0	85
-70	135	163.0	181.0	62
-70	140	117.0	183.0	31
-70	145	136.0	180.0	18
-70	150	88.0	183.0	17
-70	155	33.0	180.0	12
-70	160	91.0	178.0	10
-70	165	51.0	181.0	2
-70	170	0	179.0	0
-70	175	0	181.0	0
-65	-180	0	183.0	0
-65	-175	0	183.0	0
-65	-170	0	184.0	0
-65	-165	0	186.0	0
-65	-160	0	182.0	0
-65	-155	0	187.0	0
-65	-150	0	187.0	0
-65	-145	0	187.0	0
-65	-140	0	187.0	0
-65	-135	0	187.0	0
-65	-130	0	187.0	0
-65	-125	0	183.0	0
-65	-120	0	188.0	0
-65	-115	0	183.0	0
-65	-110	0	185.0	0
-65	-105	0	189.0	0
-65	-100	0	189.0	0
-65	-95	0	189.0	0
-65	-90	0	190.0	0
-65	-85	0	189.0	0
-65	-80	0	189.0	0
-65	-75	0	191.0	0
-65	-70	90.0	190.0	1
-65	-65	76.0	190.0	5
-65	-60	102.0	192.0	18
-65	-55	136.0	190.0	113
-65	-50	161.0	0	1067
-65	-45	160.0	0	1861
-65	-40	171.0	0	734
-65	-35	139.0	0	222
-65	-30	139.0	193.0	139
-65	-25	195.0	193.0	87
-65	-20	179.0	195.0	53
-65	-15	162.0	194.0	23
-65	-10	47.0	195.0	3
-65	-5	0	195.0	0
-65	0	0	194.0	0
-65	5	0	193.0	0
-65	10	0	195.0	0
-65	15	0	194.0	0
-65	20	0	194.0	0
-65	25	0	192.0	0
-65	30	0	194.0	0
-65	35	0	193.0	0
-65	40	0	195.0	0
-65	45	0	192.0	0
-65	50	0	194.0	0
-65	55	0	190.0	0
-65	60	0	189.0	0
-65	65	0	192.0	0
-65	70	0	193.0	0
-65	75	0	192.0	0
-65	80	0	193.0	0
-65	85	0	192.0	0
-65	90	0	187.0	0
-65	95	0	190.0	0
-65	100	29.0	189.0	1
-65	105	0	189.0	0
-65	110	2.0	189.0	1
-65	115	73.0	183.0	9
-65	120	125.0	188.0	46
-65	125	176.0	187.0	57
-65	130	138.0	187.0	75
-65	135	157.0	186.0	60
-65	140	139.0	179.0	31
-65	145	135.0	184.0	21
-65	150	151.0	182.0	24
-65	155	81.0	182.0	11
-65	160	55.0	181.0	6
-65	165	134.0	182.0	2
-65	170	0	182.0	0
-65	175	0	182.0	0
-60	-180	0	181.0	0
-60	-175	0	182.0	0
-60	-170	0	184.0	0
-60	-165	0	180.0	0
-60	-160	0	180.0	0
-60	-155	0	182.0	0
-60	-150	0	185.0	0
-60	-145	0	181.0	0
-60	-140	0	184.0	0
-60	-135	0	185.0	0
-60	-130	0	186.0	0
-60	-125	0	188.0	0
-60	-120	0	186.0	0
-60	-115	0	186.0	0
-60	-110	0	186.0	0
-60	-105	0	185.0	0
-60	-100	0	188.0	0
-60	-95	0	186.0	0
-60	-90	0	186.0	0
-60	-85	0	189.0	0
-60	-80	0	188.0	0
-60	-75	0	189.0	0
-60	-70	159.0	190.0	1
-60	-65	48.0	191.0	2
-60	-60	98.0	191.0	15
-60	-55	166.0	191.0	142
-60	-50	156.0	0	1038
-60	-45	182.0	0	1087
-60	-40	147.0	0	352
-60	-35	141.0	194.0	160
-60	-30	186.0	195.0	130
-60	-25	138.0	195.0	65
-60	-20	107.0	196.0	13
-60	-15	109.0	197.0	2
-60	-10	0	196.0	0
-60	-5	0	197.0	0
-60	0	0	196.0	0
-60	5	0	195.0	0
-60	10	0	195.0	0
-60	15	0	193.0	0
-60	20	0	190.0	0
-60	25	0	196.0	0
-60	30	0	194.0	0
-60	35	0	192.0	0
-60	40	0	195.0	0
-60	45	0	193.0	0
-60	50	0	194.0	0
-60	55	0	193.0	0
-60	60	0	192.0	0
-60	65	0	193.0	0
-60	70	0	188.0	0
-60	75	0	193.0	0
-60	80	0	192.0	0
-60	85	0	192.0	0
-60	90	0	190.0	0
-60	95	0	190.0	0
-60	100	18.0	190.0	1
-60	105	145.0	189.0	1
-60	110	4.0	185.0	1
-60	115	86.0	189.0	1
-60	120	115.0	183.0	15
-60	125	163.0	183.0	43
-60	130	158.0	182.0	49
-60	135	180.0	185.0	35
-60	140	128.0	185.0	15
-60	145	85.0	183.0	13
-60	150	107.0	183.0	11
-60	155	48.0	181.0	2
-60	160	0	179.0	0
-60	165	0	179.0	0
-60	170	0	180.0	0
-60	175	0	182.0	0
-55	-180	0	185.0	0
-55	-175	0	180.0	0
-55	-170	0	179.0	0
-55	-165	0	185.0	0
-55	-160	0	187.0	0
-55	-155	0	188.0	0
-55	-150	0	187.0	0
-55	-145	0	181.0	0
-55	-140	0	183.0	0
-55	-135	0	189.0	0
-55	-130	0	188.0	0
-55	-125	0	189.0	0
-55	-120	0	188.0	0
-55	-115	0	191.0	0
-55	-110	0	183.0	0
-55	-105	0	190.0	0
-55	-100	0	190.0	0
-55	-95	0	189.0	0
-55	-90	0	191.0	0
-55	-85	0	188.0	0
-55	-80	0	190.0	0
-55	-75	0	190.0	0
-55	-70	0	193.0	0
-55	-65	94.0	193.0	1
-55	-60	105.0	192.0	11
-55	-55	111.0	191.0	53
-55	-50	147.0	0	212
-55	-45	161.0	194.0	187
-55	-40	152.0	195.0	97
-55	-35	179.0	196.0	61
-55	-30	133.0	196.0	31
-55	-25	144.0	197.0	10
-55	-20	31.0	197.0	2
-55	-15	0	198.0	0
-55	-10	0	196.0	0
-55	-5	0	198.0	0
-55	0	0	199.0	0
-55	5	0	198.0	0
-55	10	0	198.0	0
-55	15	0	197.0	0
-55	20	0	198.0	0
-55	25	0	199.0	0
-55	30	0	197.0	0
-55	35	0	198.0	0
-55	40	0	195.0	0
-55	45	0	197.0	0
-55	50	0	196.0	0
-55	55	0	195.0	0
-55	60	0	194.0	0
-55	65	0	194.0	0
-55	70	0	195.0	0
-55	75	0	192.0	0
-55	80	0	189.0	0
-55	85	0	191.0	0
-55	90	0	185.0	0
-55	95	186.0	191.0	1
-55	100	0	193.0	0
-55	105	0	184.0	0
-55	110	0	182.0	0
-55	115	0	191.0	0
-55	120	168.0	189.0	7
-55	125	184.0	184.0	18
-55	130	176.0	181.0	24
-55	135	114.0	182.0	26
-55	140	136.0	186.0	7
-55	145	20.0	186.0	4
-55	150	0	181.0	0
-55	155	0	180.0	0
-55	160	0	180.0	0
-55	165	3.0	183.0	1
-55	170	0	180.0	0
-55	175	0	180.0	0
-50	-180	0	180.0	0
-50	-175	0	179.0	0
-50	-170	0	181.0	0
-50	-165	0	179.0	0
-50	-160	0	182.0	0
-50	-155	0	182.0	0
-50	-150	0	183.0	0
-50	-145	0	184.0	0
-50	-140	0	183.0	0
-50	-135	0	184.0	0
-50	-130	0	185.0	0
-50	-125	0	183.0	0
-50	-120	0	186.0	0
-50	-115	0	184.0	0
-50	-110	0	187.0	0
-50	-105	0	188.0	0
-50	-100	0	187.0	0
-50	-95	0	189.0	0
-50	-90	0	188.0	0
-50	-85	0	189.0	0
-50	-80	0	191.0	0
-50	-75	0	190.0	0
-50	-70	0	192.0	0
-50	-65	0	193.0	0
-50	-60	0	193.0	1
-50	-55	107.0	195.0	17
-50	-50	66.0	193.0	25
-50	-45	158.0	194.0	33
-50	-40	177.0	194.0	18
-50	-35	135.0	194.0	6
-50	-30	33.0	194.0	2
-50	-25	0	196.0	0
-50	-20	0	196.0	0
-50	-15	0	196.0	0
-50	-10	0	196.0	0
-50	-5	0	196.0	0
-50	0	0	194.0	0
-50	5	0	194.0	0
-50	10	0	194.0	0
-50	15	0	193.0	0
-50	20	0	195.0	0
-50	25	0	196.0	0
-50	30	0	192.0	0
-50	35	0	193.0	0
-50	40	0	194.0	0
-50	45	0	192.0	0
-50	50	0	190.0	0
-50	55	0	193.0	0
-50	60	0	192.0	0
-50	65	0	193.0	0
-50	70	0	189.0	0
-50	75	0	192.0	0
-50	80	0	191.0	0
-50	85	0	187.0	0
-50	90	0	190.0	0
-50	95	0	189.0	0
-50	100	0	190.0	0
-50	105	0	188.0	0
-50	110	0	187.0	0
-50	115	0	188.0	0
-50	120	172.0	184.0	4
-50	125	146.0	186.0	6
-50	130	105.0	183.0	12
-50	135	97.0	185.0	9
-50	140	24.0	184.0	7
-50	145	74.0	181.0	1
-50	150	0	181.0	0
-50	155	0	179.0	0
-50	160	0	181.0	0
-50	165	0	181.0	0
-50	170	0	181.0	0
-50	175	0	177.0	0
-45	-180	0	181.0	0
-45	-175	0	181.0	0
-45	-170	0	180.0	0
-45	-165	0	178.0	0
-45	-160	0	184.0	0
-45	-155	0	182.0	0
-45	-150	0	182.0	0
-45	-145	0	184.0	0
-45	-140	0	183.0	0
-45	-135	0	184.0	0
-45	-130	0	186.0	0
-45	-125	0	185.0	0
-45	-120	0	184.0	0
-45	-115	0	185.0	0
-45	-110	0	186.0	0
-45	-105	0	185.0	0
-45	-100	0	187.0	0
-45	-95	0	185.0	0
-45	-90	0	189.0	0
-45	-85	0	189.0	0
-45	-80	0	190.0	0
-45	-75	0	190.0	0
-45	-70	0	191.0	0
-45	-65	0	191.0	0
-45	-60	86.0	191.0	2
-45	-55	44.0	191.0	4
-45	-50	130.0	192.0	6
-45	-45	122.0	193.0	4
-45	-40	49.0	195.0	1
-45	-35	0	194.0	1
-45	-30	0	196.0	0
-45	-25	0	196.0	0
-45	-20	0	195.0	0
-45	-15	0	194.0	0
-45	-10	0	197.0	0
-45	-5	0	197.0	0
-45	0	0	197.0	0
-45	5	0	197.0	0
-45	10	0	196.0	0
-45	15	0	196.0	0
-45	20	0	196.0	0
-45	25	0	196.0	0
-45	30	0	194.0	0
-45	35	0	196.0	0
-45	40	0	193.0	0
-45	45	0	194.0	0
-45	50	0	194.0	0
-45	55	0	191.0	0
-45	60	0	192.0	0
-45	65	0	189.0	0
-45	70	0	190.0	0
-45	75	0	190.0	0
-45	80	0	190.0	0
-45	85	0	187.0	0
-45	90	0	189.0	0
-45	95	0	188.0	0
-45	100	0	183.0	0
-45	105	0	187.0	0
-45	110	0	186.0	0
-45	115	0	186.0	0
-45	120	0	181.0	0
-45	125	44.0	186.0	2
-45	130	148.0	182.0	3
-45	135	0	182.0	0
-45	140	0	179.0	0
-45	145	0	182.0	0
-45	150	0	181.0	0
-45	155	0	181.0	0
-45	160	0	180.0	0
-45	165	0	180.0	0
-45	170	0	180.0	0
-45	175	0	176.0	0
-40	-180	0	180.0	0
-40	-175	0	181.0	0
-40	-170	0	182.0	0
-40	-165	0	181.0	0
-40	-160	0	183.0	0
-40	-155	0	183.0	0
-40	-150	0	183.0	0
-40	-145	0	184.0	0
-40	-140	0	185.0	0
-40	-135	0	183.0	0
-40	-130	0	187.0	0
-40	-125	0	185.0	0
-40	-120	0	186.0	0
-40	-115	0	187.0	0
-40	-110	0	187.0	0
-40	-105	0	188.0	0
-40	-100	0	190.0	0
-40	-95	0	188.0	0
-40	-90	0	192.0	0
-40	-85	0	193.0	0
-40	-80	0	194.0	0
-40	-75	0	195.0	0
-40	-70	0	195.0	0
-40	-65	0	194.0	0
-40	-60	38.0	194.0	2
-40	-55	0	196.0	0
-40	-50	0	196.0	0
-40	-45	133.0	197.0	1
-40	-40	0	198.0	0
-40	-35	0	196.0	0
-40	-30	67.0	197.0	1
-40	-25	0	198.0	0
-40	-20	0	199.0	0
-40	-15	0	199.0	0
-40	-10	0	198.0	0
-40	-5	0	199.0	0
-40	0	0	200.0	0
-40	5	0	199.0	0
-40	10	0	199.0	0
-40	15	0	201.0	0
-40	20	0	197.0	0
-40	25	0	198.0	0
-40	30	0	197.0	0
-40	35	0	196.0	0
-40	40	0	195.0	0
-40	45	0	196.0	0
-40	50	0	194.0	0
-40	55	0	193.0	0
-40	60	0	194.0	0
-40	65	0	192.0	0
-40	70	0	191.0	0
-40	75	0	192.0	0
-40	80	0	191.0	0
-40	85	0	190.0	0
-40	90	0	190.0	0
-40	95	0	190.0	0
-40	100	0	190.0	0
-40	105	0	186.0	0
-40	110	0	188.0	0
-40	115	0	188.0	0
-40	120	0	187.0	0
-40	125	23.0	185.0	1
-40	130	0	184.0	0
-40	135	0	183.0	0
-40	140	0	183.0	0
-40	145	59.0	183.0	1
-40	150	0	182.0	0
-40	155	0	179.0	0
-40	160	0	179.0	0
-40	165	0	180.0	0
-40	170	0	180.0	0
-40	175	0	180.0	0
-35	-180	0	179.0	0
-35	-175	0	181.0	0
-35	-170	0	180.0	0
-35	-165	0	182.0	0
-35	-160	0	181.0	0
-35	-155	0	182.0	0
-35	-150	0	184.0	0
-35	-145	0	186.0	0
-35	-140	0	185.0	0
-35	-135	0	187.0	0
-35	-130	0	187.0	0
-35	-125	0	187.0	0
-35	-120	0	183.0	0
-35	-115	0	187.0	0
-35	-110	0	188.0	0
-35	-105	0	189.0	0
-35	-100	0	191.0	0
-35	-95	0	191.0	0
-35	-90	0	191.0	0
-35	-85	0	193.0	0
-35	-80	0	192.0	0
-35	-75	0	194.0	0
-35	-70	1.0	194.0	1
-35	-65	0	195.0	0
-35	-60	0	196.0	0
-35	-55	0	196.0	0
-35	-50	0	197.0	0
-35	-45	0	198.0	0
-35	-40	124.0	199.0	1
-35	-35	0	198.0	0
-35	-30	0	198.0	0
-35	-25	0	199.0	0
-35	-20	0	199.0	0
-35	-15	0	200.0	0
-35	-10	0	200.0	0
-35	-5	0	201.0	0
-35	0	0	198.0	0
-35	5	0	198.0	0
-35	10	0	200.0	0
-35	15	0	198.0	0
-35	20	0	198.0	0
-35	25	0	199.0	0
-35	30	0	197.0	0
-35	35	0	193.0	0
-35	40	0	196.0	0
-35	45	0	194.0	0
-35	50	0	191.0	0
-35	55	0	195.0	0
-35	60	0	195.0	0
-35	65	0	191.0	0
-35	70	0	194.0	0
-35	75	0	193.0	0
-35	80	0	187.0	0
-35	85	0	192.0	0
-35	90	0	186.0	0
-35	95	0	190.0	0
-35	100	0	189.0	0
-35	105	0	190.0	0
-35	110	0	189.0	0
-35	115	0	189.0	0
-35	120	0	186.0	0
-35	125	0	182.0	0
-35	130	0	186.0	0
-35	135	0	182.0	0
-35	140	0	184.0	0
-35	145	0	182.0	0
-35	150	0	180.0	0
-35	155	0	181.0	0
-35	160	0	178.0	0
-35	165	0	177.0	0
-35	170	0	177.0	0
-35	175	0	181.0	0
-30	-180	0	179.0	0
-30	-175	0	178.0	0
-30	-170	0	180.0	0
-30	-165	0	182.0	0
-30	-160	0	183.0	0
-30	-155	0	181.0	0
-30	-150	0	185.0	0
-30	-145	0	185.0	0
-30	-140	0	184.0	0
-30	-135	0	182.0	0
-30	-130	0	186.0	0
-30	-125	0	184.0	0
-30	-120	0	186.0	0
-30	-115	0	187.0	0
-30	-110	0	188.0	0
-30	-105	0	189.0	0
-30	-100	0	191.0	0
-30	-95	0	192.0	0
-30	-90	0	191.0	0
-30	-85	0	193.0	0
-30	-80	0	194.0	0
-30	-75	0	195.0	0
-30	-70	0	197.0	0
-30	-65	0	197.0	0
-30	-60	0	196.0	0
-30	-55	0	198.0	0
-30	-50	0	198.0	0
-30	-45	0	199.0	0
-30	-40	0	199.0	0
-30	-35	0	200.0	0
-30	-30	0	200.0	0
-30	-25	0	201.0	0
-30	-20	0	200.0	0
-30	-15	0	201.0	0
-30	-10	0	202.0	0
-30	-5	0	201.0	0
-30	0	0	201.0	0
-30	5	0	202.0	0
-30	10	0	199.0	0
-30	15	0	199.0	0
-30	20	0	199.0	0
-30	25	0	197.0	0
-30	30	0	196.0	0
-30	35	0	196.0	0
-30	40	0	195.0	0
-30	45	0	194.0	0
-30	50	0	195.0	0
-30	55	0	193.0	0
-30	60	0	193.0	0
-30	65	0	193.0	0
-30	70	0	191.0	0
-30	75	0	190.0	0
-30	80	0	192.0	0
-30	85	0	187.0	0
-30	90	0	187.0	0
-30	95	0	189.0	0
-30	100	0	190.0	0
-30	105	0	189.0	0
-30	110	0	189.0	0
-30	115	0	183.0	0
-30	120	0	182.0	0
-30	125	0	186.0	0
-30	130	0	183.0	0
-30	135	0	181.0	0
-30	140	0	180.0	0
-30	145	0	180.0	0
-30	150	0	179.0	0
-30	155	0	179.0	0
-30	160	0	178.0	0
-30	165	0	178.0	0
-30	170	0	178.0	0
-30	175	0	180.0	0
-25	-180	0	179.0	0
-25	-175	0	179.0	0
-25	-170	0	181.0	0
-25	-165	0	180.0	0
-25	-160	0	182.0	0
-25	-155	0	182.0	0
-25	-150	0	181.0	0
-25	-145	0	182.0	0
-25	-140	0	182.0	0
-25	-135	0	184.0	0
-25	-130	0	187.0	0
-25	-125	0	187.0	0
-25	-120	0	186.0	0
-25	-115	0	190.0	0
-25	-110	0	188.0	0
-25	-105	0	190.0	0
-25	-100	98.0	191.0	1
-25	-95	0	192.0	0
-25	-90	0	193.0	0
-25	-85	0	195.0	0
-25	-80	0	196.0	0
-25	-75	0	198.0	0
-25	-70	0	198.0	0
-25	-65	0	199.0	0
-25	-60	0	200.0	0
-25	-55	0	201.0	0
-25	-50	0	200.0	0
-25	-45	0	202.0	0
-25	-40	0	202.0	0
-25	-35	0	203.0	0
-25	-30	0	201.0	0
-25	-25	0	202.0	0
-25	-20	0	203.0	0
-25	-15	0	205.0	0
-25	-10	0	202.0	0
-25	-5	0	203.0	0
-25	0	0	203.0	0
-25	5	0	204.0	0
-25	10	0	201.0	0
-25	15	0	202.0	0
-25	20	0	200.0	0
-25	25	0	197.0	0
-25	30	0	200.0	0
-25	35	0	197.0	0
-25	40	0	194.0	0
-25	45	0	196.0	0
-25	50	0	194.0	0
-25	55	0	194.0	0
-25	60	0	193.0	0
-25	65	0	191.0	0
-25	70	0	191.0	0
-25	75	0	191.0	0
-25	80	0	190.0	0
-25	85	0	190.0	0
-25	90	0	188.0	0
-25	95	0	186.0	0
-25	100	0	188.0	0
-25	105	0	187.0	0
-25	110	0	187.0	0
-25	115	0	183.0	0
-25	120	0	185.0	0
-25	125	0	184.0	0
-25	130	0	183.0	0
-25	135	0	182.0	0
-25	140	0	182.0	0
-25	145	0	181.0	0
-25	150	0	180.0	0
-25	155	0	179.0	0
-25	160	0	180.0	0
-25	165	0	179.0	0
-25	170	0	180.0	0
-25	175	0	178.0	0
-20	-180	0	180.0	0
-20	-175	0	179.0	0
-20	-170	0	182.0	0
-20	-165	0	181.0	0
-20	-160	0	181.0	0
-20	-155	0	184.0	0
-20	-150	0	180.0	0
-20	-145	0	186.0	0
-20	-140	0	185.0	0
-20	-135	0	185.0	0
-20	-130	0	185.0	0
-20	-125	0	188.0	0
-20	-120	0	190.0	0
-20	-115	0	188.0	0
-20	-110	0	192.0	0
-20	-105	0	193.0	0
-20	-100	0	193.0	0
-20	-95	0	195.0	0
-20	-90	0	195.0	0
-20	-85	0	196.0	0
-20	-80	0	197.0	0
-20	-75	0	196.0	0
-20	-70	0	200.0	0
-20	-65	0	199.0	0
-20	-60	0	199.0	0
-20	-55	0	200.0	0
-20	-50	0	202.0	0
-20	-45	0	201.0	0
-20	-40	0	200.0	0
-20	-35	0	204.0	0
-20	-30	0	204.0	0
-20	-25	0	202.0	0
-20	-20	0	203.0	0
-20	-15	0	204.0	0
-20	-10	0	202.0	0
-20	-5	0	202.0	0
-20	0	0	198.0	0
-20	5	0	203.0	0
-20	10	0	203.0	0
-20	15	0	201.0	0
-20	20	0	201.0	0
-20	25	0	200.0	0
-20	30	0	198.0	0
-20	35	0	193.0	0
-20	40	0	198.0	0
-20	45	0	194.0	0
-20	50	0	193.0	0
-20	55	0	195.0	0
-20	60	0	195.0	0
-20	65	0	192.0	0
-20	70	0	192.0	0
-20	75	0	189.0	0
-20	80	0	191.0	0
-20	85	0	186.0	0
-20	90	0	190.0	0
-20	95	0	189.0	0
-20	100	0	186.0	0
-20	105	0	187.0	0
-20	110	0	186.0	0
-20	115	0	184.0	0
-20	120	0	185.0	0
-20	125	0	182.0	0
-20	130	0	182.0	0
-20	135	0	185.0	0
-20	140	0	181.0	0
-20	145	0	182.0	0
-20	150	0	181.0	0
-20	155	0	180.0	0
-20	160	0	179.0	0
-20	165	0	179.0	0
-20	170	0	181.0	0
-20	175	0	181.0	0
-15	-180	0	179.0	0
-15	-175	0	180.0	0
-15	-170	0	181.0	0
-15	-165	0	182.0	0
-15	-160	0	181.0	0
-15	-155	0	184.0	0
-15	-150	0	182.0	0
-15	-145	0	183.0	0
-15	-140	0	183.0	0
-15	-135	0	184.0	0
-15	-130	0	188.0	0
-15	-125	0	191.0	0
-15	-120	0	192.0	0
-15	-115	0	193.0	0
-15	-110	0	189.0	0
-15	-105	0	193.0	0
-15	-100	0	191.0	0
-15	-95	0	195.0	0
-15	-90	0	193.0	0
-15	-85	0	196.0	0
-15	-80	0	196.0	0
-15	-75	0	197.0	0
-15	-70	0	198.0	0
-15	-65	0	199.0	0
-15	-60	0	199.0	0
-15	-55	0	199.0	0
-15	-50	0	201.0	0
-15	-45	0	202.0	0
-15	-40	0	203.0	0
-15	-35	0	201.0	0
-15	-30	0	203.0	0
-15	-25	0	203.0	0
-15	-20	0	202.0	0
-15	-15	0	203.0	0
-15	-10	0	204.0	0
-15	-5	0	203.0	0
-15	0	0	204.0	0
-15	5	0	202.0	0
-15	10	0	200.0	0
-15	15	0	200.0	0
-15	20	0	201.0	0
-15	25	0	201.0	0
-15	30	0	199.0	0
-15	35	0	198.0	0
-15	40	0	196.0	0
-15	45	0	195.0	0
-15	50	0	195.0	0
-15	55	0	195.0	0
-15	60	0	191.0	0
-15	65	0	190.0	0
-15	70	0	191.0	0
-15	75	0	188.0	0
-15	80	0	190.0	0
-15	85	0	190.0	0
-15	90	0	191.0	0
-15	95	0	188.0	0
-15	100	0	189.0	0
-15	105	0	189.0	0
-15	110	0	188.0	0
-15	115	0	187.0	0
-15	120	0	184.0	0
-15	125	0	185.0	0
-15	130	0	185.0	0
-15	135	0	183.0	0
-15	140	0	183.0	0
-15	145	0	177.0	0
-15	150	0	179.0	0
-15	155	0	179.0	0
-15	160	0	178.0	0
-15	165	0	179.0	0
-15	170	0	179.0	0
-15	175	0	179.0	0
-10	-180	0	180.0	0
-10	-175	0	177.0	0
-10	-170	0	181.0	0
-10	-165	0	181.0	0
-10	-160	0	179.0	0
-10	-155	0	181.0	0
-10	-150	0	184.0	0
-10	-145	0	185.0	0
-10	-140	0	188.0	0
-10	-135	0	187.0	0
-10	-130	0	188.0	0
-10	-125	0	189.0	0
-10	-120	0	192.0	0
-10	-115	0	191.0	0
-10	-110	0	191.0	0
-10	-105	0	190.0	0
-10	-100	0	194.0	0
-10	-95	0	196.0	0
-10	-90	0	198.0	0
-10	-85	0	196.0	0
-10	-80	0	196.0	0
-10	-75	0	196.0	0
-10	-70	0	199.0	0
-10	-65	0	199.0	0
-10	-60	0	199.0	0
-10	-55	0	200.0	0
-10	-50	0	201.0	0
-10	-45	0	202.0	0
-10	-40	0	203.0	0
-10	-35	0	203.0	0
-10	-30	0	204.0	0
-10	-25	0	203.0	0
-10	-20	0	204.0	0
-10	-15	0	204.0	0
-10	-10	0	202.0	0
-10	-5	0	202.0	0
-10	0	0	202.0	0
-10	5	0	202.0	0
-10	10	0	201.0	0
-10	15	0	201.0	0
-10	20	0	199.0	0
-10	25	0	200.0	0
-10	30	0	198.0	0
-10	35	0	196.0	0
-10	40	0	195.0	0
-10	45	0	195.0	0
-10	50	0	192.0	0
-10	55	0	192.0	0
-10	60	0	191.0	0
-10	65	0	190.0	0
-10	70	0	190.0	0
-10	75	0	191.0	0
-10	80	0	187.0	0
-10	85	0	188.0	0
-10	90	0	188.0	0
-10	95	0	183.0	0
-10	100	0	186.0	0
-10	105	0	186.0	0
-10	110	0	184.0	0
-10	115	0	183.0	0
-10	120	0	183.0	0
-10	125	0	182.0	0
-10	130	0	181.0	0
-10	135	0	178.0	0
-10	140	0	180.0	0
-10	145	0	180.0	0
-10	150	0	176.0	0
-10	155	0	177.0	0
-10	160	0	177.0	0
-10	165	0	179.0	0
-10	170	0	180.0	0
-10	175	0	177.0	0
-5	-180	0	179.0	0
-5	-175	0	180.0	0
-5	-170	0	181.0	0
-5	-165	0	181.0	0
-5	-160	0	182.0	0
-5	-155	0	183.0	0
-5	-150	0	184.0	0
-5	-145	0	185.0	0
-5	-140	0	187.0	0
-5	-135	0	189.0	0
-5	-130	0	189.0	0
-5	-125	0	191.0	0
-5	-120	0	191.0	0
-5	-115	0	192.0	0
-5	-110	0	194.0	0
-5	-105	0	193.0	0
-5	-100	0	195.0	0
-5	-95	0	195.0	0
-5	-90	0	198.0	0
-5	-85	0	198.0	0
-5	-80	0	198.0	0
-5	-75	0	199.0	0
-5	-70	0	200.0	0
-5	-65	0	199.0	0
-5	-60	0	200.0	0
-5	-55	0	200.0	0
-5	-50	0	203.0	0
-5	-45	0	202.0	0
-5	-40	0	203.0	0
-5	-35	0	200.0	0
-5	-30	0	203.0	0
-5	-25	0	204.0	0
-5	-20	0	200.0	0
-5	-15	0	202.0	0
-5	-10	0	201.0	0
-5	-5	0	202.0	0
-5	0	0	199.0	0
-5	5	0	203.0	0
-5	10	0	198.0	0
-5	15	0	200.0	0
-5	20	0	199.0	0
-5	25	0	197.0	0
-5	30	0	196.0	0
-5	35	0	197.0	0
-5	40	0	195.0	0
-5	45	0	193.0	0
-5	50	0	192.0	0
-5	55	0	191.0	0
-5	60	0	190.0	0
-5	65	0	192.0	0
-5	70	0	189.0	0
-5	75	0	189.0	0
-5	80	0	185.0	0
-5	85	0	188.0	0
-5	90	0	188.0	0
-5	95	0	188.0	0
-5	100	0	186.0	0
-5	105	0	185.0	0
-5	110	0	184.0	0
-5	115	0	184.0	0
-5	120	0	180.0	0
-5	125	0	178.0	0
-5	130	0	178.0	0
-5	135	0	180.0	0
-5	140	0	179.0	0
-5	145	0	179.0	0
-5	150	0	178.0	0
-5	155	0	179.0	0
-5	160	0	178.0	0
-5	165	0	177.0	0
-5	170	0	178.0	0
-5	175	0	179.0	0
0	-180	0	181.0	0
0	-175	0	182.0	0
0	-170	0	182.0	0
0	-165	0	183.0	0
0	-160	0	184.0	0
0	-155	0	183.0	0
0	-150	0	187.0	0
0	-145	0	188.0	0
0	-140	0	190.0	0
0	-135	0	191.0	0
0	-130	0	190.0	0
0	-125	0	195.0	0
0	-120	0	195.0	0
0	-115	0	194.0	0
0	-110	0	193.0	0
0	-105	0	197.0	0
0	-100	0	199.0	0
0	-95	0	200.0	0
0	-90	0	200.0	0
0	-85	0	200.0	0
0	-80	0	201.0	0
0	-75	0	200.0	0
0	-70	0	203.0	0
0	-65	0	203.0	0
0	-60	0	205.0	0
0	-55	0	202.0	0
0	-50	0	204.0	0
0	-45	0	205.0	0
0	-40	0	205.0	0
0	-35	0	205.0	0
0	-30	0	206.0	0
0	-25	0	206.0	0
0	-20	0	206.0	0
0	-15	0	207.0	0
0	-10	0	206.0	0
0	-5	0	205.0	0
0	0	0	205.0	0
0	5	0	205.0	0
0	10	0	201.0	0
0	15	0	204.0	0
0	20	0	202.0	0
0	25	0	201.0	0
0	30	0	198.0	0
0	35	0	198.0	0
0	40	0	195.0	0
0	45	0	196.0	0
0	50	0	195.0	0
0	55	0	193.0	0
0	60	0	191.0	0
0	65	0	190.0	0
0	70	0	192.0	0
0	75	0	191.0	0
0	80	0	191.0	0
0	85	0	186.0	0
0	90	0	189.0	0
0	95	0	184.0	0
0	100	0	182.0	0
0	105	0	185.0	0
0	110	0	186.0	0
0	115	0	185.0	0
0	120	0	181.0	0
0	125	0	181.0	0
0	130	0	181.0	0
0	135	0	184.0	0
0	140	0	182.0	0
0	145	0	181.0	0
0	150	0	178.0	0
0	155	0	181.0	0
0	160	0	181.0	0
0	165	0	178.0	0
0	170	0	179.0	0
0	175	0	181.0	0
5	-180	0	180.0	0
5	-175	0	181.0	0
5	-170	0	181.0	0
5	-165	0	182.0	0
5	-160	0	185.0	0
5	-155	0	186.0	0
5	-150	0	188.0	0
5	-145	0	190.0	0
5	-140	0	186.0	0
5	-135	0	192.0	0
5	-130	0	188.0	0
5	-125	0	195.0	0
5	-120	0	191.0	0
5	-115	0	196.0	0
5	-110	0	192.0	0
5	-105	0	197.0	0
5	-100	0	197.0	0
5	-95	0	198.0	0
5	-90	0	195.0	0
5	-85	0	200.0	0
5	-80	0	200.0	0
5	-75	0	201.0	0
5	-70	0	198.0	0
5	-65	0	203.0	0
5	-60	0	204.0	0
5	-55	0	200.0	0
5	-50	0	205.0	0
5	-45	0	204.0	0
5	-40	0	205.0	0
5	-35	0	205.0	0
5	-30	0	207.0	0
5	-25	0	206.0	0
5	-20	0	200.0	0
5	-15	0	205.0	0
5	-10	0	203.0	0
5	-5	0	204.0	0
5	0	0	203.0	0
5	5	0	199.0	0
5	10	0	201.0	0
5	15	0	203.0	0
5	20	0	199.0	0
5	25	0	197.0	0
5	30	0	196.0	0
5	35	0	196.0	0
5	40	0	195.0	0
5	45	0	193.0	0
5	50	0	194.0	0
5	55	0	192.0	0
5	60	0	191.0	0
5	65	0	190.0	0
5	70	0	189.0	0
5	75	0	189.0	0
5	80	0	189.0	0
5	85	0	188.0	0
5	90	0	187.0	0
5	95	0	184.0	0
5	100	0	187.0	0
5	105	0	184.0	0
5	110	0	184.0	0
5	115	0	181.0	0
5	120	0	183.0	0
5	125	0	179.0	0
5	130	0	180.0	0
5	135	0	180.0	0
5	140	0	178.0	0
5	145	0	178.0	0
5	150	0	177.0	0
5	155	0	178.0	0
5	160	0	180.0	0
5	165	0	179.0	0
5	170	0	181.0	0
5	175	0	179.0	0
10	-180	0	180.0	0
10	-175	0	180.0	0
10	-170	0	181.0	0
10	-165	0	181.0	0
10	-160	0	184.0	0
10	-155	0	184.0	0
10	-150	0	186.0	0
10	-145	0	187.0	0
10	-140	0	189.0	0
10	-135	0	187.0	0
10	-130	0	192.0	0
10	-125	0	190.0	0
10	-120	0	195.0	0
10	-115	0	195.0	0
10	-110	0	193.0	0
10	-105	0	198.0	0
10	-100	0	196.0	0
10	-95	0	199.0	0
10	-90	0	198.0	0
10	-85	41.0	199.0	1
10	-80	0	201.0	0
10	-75	0	200.0	0
10	-70	0	201.0	0
10	-65	0	201.0	0
10	-60	0	203.0	0
10	-55	0	202.0	0
10	-50	0	204.0	0
10	-45	0	204.0	0
10	-40	0	201.0	0
10	-35	0	204.0	0
10	-30	0	205.0	0
10	-25	0	204.0	0
10	-20	0	204.0	0
10	-15	0	204.0	0
10	-10	0	204.0	0
10	-5	0	204.0	0
10	0	0	202.0	0
10	5	0	199.0	0
10	10	0	202.0	0
10	15	0	200.0	0
10	20	0	199.0	0
10	25	0	198.0	0
10	30	0	196.0	0
10	35	0	195.0	0
10	40	0	191.0	0
10	45	0	195.0	0
10	50	0	192.0	0
10	55	0	190.0	0
10	60	0	189.0	0
10	65	0	188.0	0
10	70	0	188.0	0
10	75	0	183.0	0
10	80	0	185.0	0
10	85	0	185.0	0
10	90	0	185.0	0
10	95	0	184.0	0
10	100	0	183.0	0
10	105	0	181.0	0
10	110	0	181.0	0
10	115	0	181.0	0
10	120	0	179.0	0
10	125	0	179.0	0
10	130	0	178.0	0
10	135	0	180.0	0
10	140	0	178.0	0
10	145	0	180.0	0
10	150	0	179.0	0
10	155	0	177.0	0
10	160	0	178.0	0
10	165	0	180.0	0
10	170	0	179.0	0
10	175	0	180.0	0
15	-180	0	182.0	0
15	-175	0	182.0	0
15	-170	0	184.0	0
15	-165	0	182.0	0
15	-160	0	184.0	0
15	-155	0	186.0	0
15	-150	0	187.0	0
15	-145	0	188.0	0
15	-140	0	190.0	0
15	-135	0	192.0	0
15	-130	0	193.0	0
15	-125	0	194.0	0
15	-120	0	195.0	0
15	-115	0	195.0	0
15	-110	0	198.0	0
15	-105	0	197.0	0
15	-100	0	198.0	0
15	-95	0	198.0	0
15	-90	0	200.0	0
15	-85	0	201.0	0
15	-80	0	204.0	0
15	-75	0	204.0	0
15	-70	0	204.0	0
15	-65	0	204.0	0
15	-60	0	204.0	0
15	-55	0	204.0	0
15	-50	0	204.0	0
15	-45	0	205.0	0
15	-40	0	203.0	0
15	-35	0	203.0	0
15	-30	0	204.0	0
15	-25	0	205.0	0
15	-20	0	204.0	0
15	-15	0	203.0	0
15	-10	0	202.0	0
15	-5	0	202.0	0
15	0	0	200.0	0
15	5	0	201.0	0
15	10	0	199.0	0
15	15	0	198.0	0
15	20	0	199.0	0
15	25	0	196.0	0
15	30	0	197.0	0
15	35	0	192.0	0
15	40	0	195.0	0
15	45	0	193.0	0
15	50	0	191.0	0
15	55	0	189.0	0
15	60	0	190.0	0
15	65	0	188.0	0
15	70	0	187.0	0
15	75	0	186.0	0
15	80	0	186.0	0
15	85	0	186.0	0
15	90	0	185.0	0
15	95	0	182.0	0
15	100	0	182.0	0
15	105	0	182.0	0
15	110	0	179.0	0
15	115	0	180.0	0
15	120	0	179.0	0
15	125	0	180.0	0
15	130	0	176.0	0
15	135	0	179.0	0
15	140	0	178.0	0
15	145	0	179.0	0
15	150	0	178.0	0
15	155	0	180.0	0
15	160	0	179.0	0
15	165	0	179.0	0
15	170	0	180.0	0
15	175	0	182.0	0
20	-180	0	181.0	0
20	-175	0	181.0	0
20	-170	0	184.0	0
20	-165	0	184.0	0
20	-160	0	187.0	0
20	-155	0	187.0	0
20	-150	0	187.0	0
20	-145	0	191.0	0
20	-140	0	193.0	0
20	-135	0	194.0	0
20	-130	0	193.0	0
20	-125	0	195.0	0
20	-120	0	198.0	0
20	-115	0	195.0	0
20	-110	0	198.0	0
20	-105	0	198.0	0
20	-100	0	199.0	0
20	-95	0	199.0	0
20	-90	0	200.0	0
20	-85	0	201.0	0
20	-80	0	202.0	0
20	-75	0	201.0	0
20	-70	0	204.0	0
20	-65	0	202.0	0
20	-60	0	204.0	0
20	-55	0	205.0	0
20	-50	0	206.0	0
20	-45	0	208.0	0
20	-40	0	201.0	0
20	-35	0	207.0	0
20	-30	0	208.0	0
20	-25	0	206.0	0
20	-20	0	205.0	0
20	-15	0	205.0	0
20	-10	0	205.0	0
20	-5	0	205.0	0
20	0	0	202.0	0
20	5	0	201.0	0
20	10	0	202.0	0
20	15	0	200.0	0
20	20	0	196.0	0
20	25	0	198.0	0
20	30	0	195.0	0
20	35	0	195.0	0
20	40	0	193.0	0
20	45	0	194.0	0
20	50	0	192.0	0
20	55	0	189.0	0
20	60	0	188.0	0
20	65	0	188.0	0
20	70	0	187.0	0
20	75	0	187.0	0
20	80	0	187.0	0
20	85	0	184.0	0
20	90	0	184.0	0
20	95	0	184.0	0
20	100	0	184.0	0
20	105	0	183.0	0
20	110	0	181.0	0
20	115	0	179.0	0
20	120	0	179.0	0
20	125	0	180.0	0
20	130	0	180.0	0
20	135	0	180.0	0
20	140	0	180.0	0
20	145	0	182.0	0
20	150	0	182.0	0
20	155	0	181.0	0
20	160	0	182.0	0
20	165	0	180.0	0
20	170	0	181.0	0
20	175	0	181.0	0
25	-180	0	181.0	0
25	-175	0	182.0	0
25	-170	0	183.0	0
25	-165	0	185.0	0
25	-160	0	184.0	0
25	-155	0	186.0	0
25	-150	0	189.0	0
25	-145	0	189.0	0
25	-140	0	190.0	0
25	-135	0	193.0	0
25	-130	0	194.0	0
25	-125	0	196.0	0
25	-120	0	196.0	0
25	-115	0	196.0	0
25	-110	0	195.0	0
25	-105	0	197.0	0
25	-100	0	200.0	0
25	-95	0	200.0	0
25	-90	0	198.0	0
25	-85	0	201.0	0
25	-80	0	201.0	0
25	-75	0	201.0	0
25	-70	0	203.0	0
25	-65	0	203.0	0
25	-60	0	203.0	0
25	-55	0	203.0	0
25	-50	0	205.0	0
25	-45	0	204.0	0
25	-40	0	204.0	0
25	-35	0	204.0	0
25	-30	0	204.0	0
25	-25	0	205.0	0
25	-20	0	204.0	0
25	-15	0	199.0	0
25	-10	0	203.0	0
25	-5	0	204.0	0
25	0	0	202.0	0
25	5	0	202.0	0
25	10	0	199.0	0
25	15	0	194.0	0
25	20	0	197.0	0
25	25	0	197.0	0
25	30	0	195.0	0
25	35	0	194.0	0
25	40	0	192.0	0
25	45	0	192.0	0
25	50	0	191.0	0
25	55	0	191.0	0
25	60	0	187.0	0
25	65	0	188.0	0
25	70	0	186.0	0
25	75	0	185.0	0
25	80	0	184.0	0
25	85	0	183.0	0
25	90	0	184.0	0
25	95	0	184.0	0
25	100	0	182.0	0
25	105	0	178.0	0
25	110	0	180.0	0
25	115	0	179.0	0
25	120	0	179.0	0
25	125	0	180.0	0
25	130	0	179.0	0
25	135	0	178.0	0
25	140	0	178.0	0
25	145	0	178.0	0
25	150	0	181.0	0
25	155	0	181.0	0
25	160	0	181.0	0
25	165	0	180.0	0
25	170	0	182.0	0
25	175	0	182.0	0
30	-180	0	185.0	0
30	-175	0	183.0	0
30	-170	0	185.0	0
30	-165	0	186.0	0
30	-160	0	187.0	0
30	-155	0	189.0	0
30	-150	0	188.0	0
30	-145	0	191.0	0
30	-140	0	193.0	0
30	-135	0	193.0	0
30	-130	0	192.0	0
30	-125	0	197.0	0
30	-120	0	195.0	0
30	-115	0	200.0	0
30	-110	0	200.0	0
30	-105	0	200.0	0
30	-100	0	200.0	0
30	-95	0	202.0	0
30	-90	0	201.0	0
30	-85	0	203.0	0
30	-80	0	203.0	0
30	-75	0	200.0	0
30	-70	0	204.0	0
30	-65	0	205.0	0
30	-60	0	207.0	0
30	-55	0	205.0	0
30	-50	0	206.0	0
30	-45	0	207.0	0
30	-40	0	206.0	0
30	-35	0	205.0	0
30	-30	0	207.0	0
30	-25	0	207.0	0
30	-20	0	205.0	0
30	-15	0	207.0	0
30	-10	0	205.0	0
30	-5	0	203.0	0
30	0	0	205.0	0
30	5	0	194.0	0
30	10	0	201.0	0
30	15	0	199.0	0
30	20	0	199.0	0
30	25	0	198.0	0
30	30	0	197.0	0
30	35	0	193.0	0
30	40	0	191.0	0
30	45	0	192.0	0
30	50	0	190.0	0
30	55	0	190.0	0
30	60	1.0	184.0	1
30	65	0	187.0	0
30	70	0	188.0	0
30	75	0	186.0	0
30	80	0	183.0	0
30	85	0	185.0	0
30	90	0	184.0	0
30	95	0	183.0	0
30	100	0	183.0	0
30	105	0	183.0	0
30	110	0	180.0	0
30	115	0	181.0	0
30	120	0	181.0	0
30	125	0	182.0	0
30	130	0	182.0	0
30	135	0	182.0	0
30	140	0	182.0	0
30	145	0	182.0	0
30	150	0	182.0	0
30	155	0	183.0	0
30	160	0	184.0	0
30	165	0	181.0	0
30	170	0	183.0	0
30	175	0	182.0	0
35	-180	0	182.0	0
35	-175	0	183.0	0
35	-170	0	183.0	0
35	-165	0	184.0	0
35	-160	0	184.0	0
35	-155	0	188.0	0
35	-150	0	189.0	0
35	-145	0	192.0	0
35	-140	0	194.0	0
35	-135	0	197.0	0
35	-130	0	197.0	0
35	-125	0	196.0	0
35	-120	0	199.0	0
35	-115	0	198.0	0
35	-110	0	199.0	0
35	-105	0	200.0	0
35	-100	0	202.0	0
35	-95	0	203.0	0
35	-90	0	202.0	0
35	-85	0	203.0	0
35	-80	0	203.0	0
35	-75	0	204.0	0
35	-70	0	203.0	0
35	-65	0	205.0	0
35	-60	0	203.0	0
35	-55	0	203.0	0
35	-50	0	205.0	0
35	-45	0	201.0	0
35	-40	0	203.0	0
35	-35	0	204.0	0
35	-30	0	202.0	0
35	-25	0	205.0	0
35	-20	0	204.0	0
35	-15	0	204.0	0
35	-10	0	201.0	0
35	-5	153.0	199.0	1
35	0	0	197.0	0
35	5	0	199.0	0
35	10	0	198.0	0
35	15	0	196.0	0
35	20	0	195.0	0
35	25	0	192.0	0
35	30	0	194.0	0
35	35	0	191.0	0
35	40	9.0	192.0	1
35	45	0	188.0	0
35	50	0	189.0	0
35	55	0	188.0	0
35	60	0	185.0	0
35	65	0	185.0	0
35	70	0	185.0	0
35	75	0	184.0	0
35	80	0	184.0	0
35	85	0	185.0	0
35	90	0	184.0	0
35	95	0	182.0	0
35	100	0	183.0	0
35	105	0	177.0	0
35	110	0	180.0	0
35	115	0	179.0	0
35	120	0	182.0	0
35	125	0	178.0	0
35	130	0	181.0	0
35	135	0	181.0	0
35	140	0	183.0	0
35	145	0	180.0	0
35	150	0	182.0	0
35	155	0	183.0	0
35	160	0	182.0	0
35	165	0	180.0	0
35	170	0	182.0	0
35	175	0	182.0	0
40	-180	0	183.0	0
40	-175	0	183.0	0
40	-170	0	184.0	0
40	-165	0	186.0	0
40	-160	0	188.0	0
40	-155	0	188.0	0
40	-150	0	186.0	0
40	-145	0	191.0	0
40	-140	0	192.0	0
40	-135	0	193.0	0
40	-130	0	193.0	0
40	-125	0	195.0	0
40	-120	0	196.0	0
40	-115	0	198.0	0
40	-110	0	198.0	0
40	-105	0	198.0	0
40	-100	0	199.0	0
40	-95	0	199.0	0
40	-90	0	200.0	0
40	-85	0	199.0	0
40	-80	0	202.0	0
40	-75	0	202.0	0
40	-70	0	202.0	0
40	-65	0	203.0	0
40	-60	0	204.0	0
40	-55	0	204.0	0
40	-50	0	205.0	0
40	-45	0	205.0	0
40	-40	0	200.0	0
40	-35	0	204.0	0
40	-30	0	203.0	0
40	-25	0	204.0	0
40	-20	0	202.0	0
40	-15	0	201.0	0
40	-10	0	202.0	0
40	-5	0	195.0	0
40	0	0	201.0	0
40	5	0	198.0	0
40	10	0	197.0	0
40	15	0	196.0	0
40	20	0	195.0	0
40	25	0	193.0	0
40	30	0	193.0	0
40	35	0	189.0	0
40	40	0	190.0	0
40	45	0	188.0	0
40	50	0	189.0	0
40	55	0	187.0	0
40	60	0	186.0	0
40	65	0	184.0	0
40	70	0	184.0	0
40	75	0	182.0	0
40	80	158.0	183.0	1
40	85	0	180.0	0
40	90	0	180.0	0
40	95	0	180.0	0
40	100	0	180.0	0
40	105	0	180.0	0
40	110	0	180.0	0
40	115	0	179.0	0
40	120	0	180.0	0
40	125	0	181.0	0
40	130	0	182.0	0
40	135	0	181.0	0
40	140	0	180.0	0
40	145	0	180.0	0
40	150	0	181.0	0
40	155	0	181.0	0
40	160	0	181.0	0
40	165	0	182.0	0
40	170	0	181.0	0
40	175	0	182.0	0
45	-180	0	183.0	0
45	-175	0	183.0	0
45	-170	0	183.0	0
45	-165	0	184.0	0
45	-160	0	185.0	0
45	-155	0	184.0	0
45	-150	100.0	186.0	1
45	-145	0	189.0	0
45	-140	0	190.0	0
45	-135	0	190.0	0
45	-130	0	193.0	0
45	-125	0	192.0	0
45	-120	0	193.0	0
45	-115	0	195.0	0
45	-110	0	195.0	0
45	-105	0	197.0	0
45	-100	0	196.0	0
45	-95	0	198.0	0
45	-90	0	198.0	0
45	-85	0	201.0	0
45	-80	0	202.0	0
45	-75	0	203.0	0
45	-70	0	201.0	0
45	-65	0	202.0	0
45	-60	0	200.0	0
45	-55	0	201.0	0
45	-50	0	206.0	0
45	-45	0	201.0	0
45	-40	0	201.0	0
45	-35	0	205.0	0
45	-30	0	203.0	0
45	-25	0	203.0	0
45	-20	0	202.0	0
45	-15	0	202.0	0
45	-10	0	194.0	0
45	-5	0	199.0	0
45	0	0	197.0	0
45	5	0	198.0	0
45	10	0	198.0	0
45	15	0	194.0	0
45	20	0	194.0	0
45	25	0	194.0	0
45	30	0	187.0	0
45	35	0	190.0	0
45	40	0	190.0	1
45	45	0	188.0	0
45	50	0	186.0	0
45	55	4.0	184.0	1
45	60	0	186.0	0
45	65	0	182.0	0
45	70	0	183.0	0
45	75	0	183.0	0
45	80	0	181.0	0
45	85	47.0	181.0	1
45	90	0	180.0	0
45	95	0	180.0	0
45	100	0	180.0	0
45	105	0	179.0	0
45	110	0	178.0	0
45	115	0	181.0	0
45	120	0	178.0	0
45	125	0	179.0	0
45	130	0	182.0	0
45	135	0	179.0	0
45	140	0	179.0	0
45	145	0	183.0	0
45	150	0	182.0	0
45	155	0	181.0	0
45	160	0	180.0	0
45	165	0	179.0	0
45	170	0	181.0	0
45	175	0	182.0	0
50	-180	0	182.0	0
50	-175	0	183.0	0
50	-170	0	184.0	0
50	-165	0	185.0	0
50	-160	0	187.0	0
50	-155	0	188.0	0
50	-150	0	191.0	0
50	-145	0	190.0	0
50	-140	2.0	190.0	1
50	-135	2.0	194.0	1
50	-130	0	196.0	0
50	-125	0	195.0	0
50	-120	0	193.0	0
50	-115	0	194.0	0
50	-110	0	198.0	0
50	-105	0	197.0	0
50	-100	0	198.0	0
50	-95	0	199.0	0
50	-90	0	198.0	0
50	-85	0	198.0	0
50	-80	0	200.0	0
50	-75	0	200.0	0
50	-70	0	200.0	0
50	-65	0	202.0	0
50	-60	0	200.0	0
50	-55	0	201.0	0
50	-50	0	202.0	0
50	-45	0	203.0	0
50	-40	0	202.0	0
50	-35	0	202.0	0
50	-30	0	202.0	0
50	-25	0	200.0	0
50	-20	0	202.0	0
50	-15	0	201.0	0
50	-10	0	199.0	0
50	-5	0	195.0	0
50	0	0	194.0	0
50	5	0	197.0	0
50	10	0	196.0	0
50	15	0	195.0	0
50	20	0	194.0	0
50	25	0	193.0	0
50	30	0	190.0	0
50	35	0	190.0	0
50	40	0	188.0	0
50	45	0	187.0	0
50	50	32.0	185.0	1
50	55	0	185.0	0
50	60	0	185.0	0
50	65	0	183.0	0
50	70	0	181.0	0
50	75	0	181.0	0
50	80	0	181.0	0
50	85	0	181.0	0
50	90	0	181.0	0
50	95	0	180.0	0
50	100	0	180.0	0
50	105	0	181.0	0
50	110	0	179.0	0
50	115	0	180.0	0
50	120	0	180.0	0
50	125	0	181.0	0
50	130	0	181.0	0
50	135	0	179.0	0
50	140	0	180.0	0
50	145	0	181.0	0
50	150	0	182.0	0
50	155	0	182.0	0
50	160	0	182.0	0
50	165	0	181.0	0
50	170	144.0	181.0	1
50	175	0	183.0	0
55	-180	0	182.0	0
55	-175	0	183.0	0
55	-170	0	184.0	0
55	-165	0	184.0	0
55	-160	0	185.0	0
55	-155	0	188.0	0
55	-150	0	189.0	0
55	-145	0	188.0	0
55	-140	0	191.0	0
55	-135	0	193.0	0
55	-130	0	194.0	0
55	-125	0	195.0	0
55	-120	0	196.0	0
55	-115	0	197.0	0
55	-110	0	196.0	0
55	-105	95.0	195.0	1
55	-100	0	199.0	0
55	-95	0	199.0	0
55	-90	0	201.0	0
55	-85	0	201.0	0
55	-80	0	202.0	0
55	-75	0	201.0	0
55	-70	0	201.0	0
55	-65	0	200.0	0
55	-60	0	203.0	0
55	-55	0	204.0	0
55	-50	0	201.0	0
55	-45	0	204.0	0
55	-40	0	203.0	0
55	-35	0	202.0	0
55	-30	0	199.0	0
55	-25	0	202.0	1
55	-20	0	199.0	0
55	-15	0	201.0	0
55	-10	0	198.0	0
55	-5	0	197.0	0
55	0	0	198.0	0
55	5	0	194.0	0
55	10	0	194.0	0
55	15	0	193.0	0
55	20	0	191.0	0
55	25	0	193.0	0
55	30	0	187.0	0
55	35	0	186.0	0
55	40	0	184.0	0
55	45	0	184.0	0
55	50	0	187.0	0
55	55	0	185.0	0
55	60	1.0	183.0	1
55	65	0	183.0	0
55	70	0	181.0	0
55	75	0	180.0	0
55	80	0	182.0	0
55	85	0	182.0	0
55	90	0	180.0	0
55	95	0	181.0	0
55	100	0	181.0	0
55	105	0	181.0	0
55	110	0	179.0	0
55	115	0	179.0	0
55	120	0	181.0	0
55	125	0	178.0	0
55	130	0	182.0	0
55	135	0	183.0	0
55	140	0	185.0	0
55	145	0	185.0	0
55	150	0	182.0	0
55	155	0	182.0	0
55	160	0	184.0	0
55	165	0	181.0	0
55	170	0	185.0	0
55	175	0	182.0	0
60	-180	0	182.0	0
60	-175	0	182.0	0
60	-170	0	182.0	0
60	-165	0	185.0	0
60	-160	0	187.0	0
60	-155	0	186.0	0
60	-150	0	189.0	0
60	-145	0	185.0	0
60	-140	0	193.0	0
60	-135	0	189.0	0
60	-130	0	193.0	0
60	-125	0	195.0	0
60	-120	0	195.0	0
60	-115	0	195.0	0
60	-110	0	196.0	0
60	-105	0	197.0	0
60	-100	0	197.0	0
60	-95	0	198.0	0
60	-90	0	197.0	0
60	-85	0	196.0	0
60	-80	0	200.0	0
60	-75	0	200.0	0
60	-70	0	200.0	0
60	-65	128.0	201.0	1
60	-60	0	200.0	0
60	-55	0	199.0	0
60	-50	0	201.0	0
60	-45	0	199.0	0
60	-40	0	193.0	0
60	-35	0	200.0	0
60	-30	0	201.0	0
60	-25	0	199.0	0
60	-20	0	198.0	0
60	-15	0	198.0	0
60	-10	0	197.0	0
60	-5	0	195.0	0
60	0	0	196.0	0
60	5	0	196.0	0
60	10	0	194.0	0
60	15	0	190.0	0
60	20	0	189.0	0
60	25	0	190.0	0
60	30	0	189.0	0
60	35	0	187.0	0
60	40	0	186.0	0
60	45	0	186.0	0
60	50	0	185.0	0
60	55	0	182.0	0
60	60	0	183.0	0
60	65	0	180.0	0
60	70	0	181.0	0
60	75	0	181.0	0
60	80	0	181.0	0
60	85	0	178.0	0
60	90	109.0	181.0	1
60	95	0	181.0	0
60	100	0	181.0	0
60	105	0	180.0	0
60	110	0	178.0	0
60	115	0	181.0	0
60	120	0	182.0	0
60	125	0	181.0	0
60	130	0	182.0	0
60	135	0	180.0	0
60	140	0	180.0	0
60	145	0	180.0	0
60	150	0	180.0	0
60	155	0	182.0	0
60	160	0	181.0	0
60	165	0	182.0	0
60	170	0	182.0	0
60	175	0	183.0	0
65	-180	0	184.0	0
65	-175	0	184.0	0
65	-170	0	183.0	0
65	-165	0	184.0	0
65	-160	0	185.0	0
65	-155	0	186.0	0
65	-150	0	186.0	0
65	-145	0	189.0	0
65	-140	0	190.0	0
65	-135	0	192.0	0
65	-130	0	191.0	0
65	-125	0	192.0	0
65	-120	0	193.0	0
65	-115	0	195.0	0
65	-110	0	194.0	0
65	-105	0	194.0	0
65	-100	0	196.0	0
65	-95	0	196.0	0
65	-90	0	197.0	0
65	-85	0	198.0	0
65	-80	92.0	199.0	1
65	-75	0	199.0	0
65	-70	0	198.0	0
65	-65	0	200.0	1
65	-60	28.0	198.0	2
65	-55	0	199.0	0
65	-50	0	199.0	0
65	-45	0	200.0	0
65	-40	0	197.0	0
65	-35	0	196.0	0
65	-30	0	199.0	0
65	-25	0	197.0	0
65	-20	0	198.0	0
65	-15	0	198.0	0
65	-10	0	197.0	0
65	-5	0	196.0	0
65	0	0	194.0	0
65	5	0	194.0	0
65	10	0	192.0	0
65	15	0	191.0	0
65	20	0	190.0	0
65	25	0	190.0	0
65	30	0	185.0	0
65	35	0	184.0	0
65	40	15.0	186.0	1
65	45	0	185.0	0
65	50	0	184.0	0
65	55	1.0	183.0	1
65	60	0	182.0	0
65	65	0	181.0	0
65	70	0	181.0	0
65	75	49.0	181.0	1
65	80	0	179.0	0
65	85	0	179.0	0
65	90	0	178.0	0
65	95	0	179.0	0
65	100	0	180.0	0
65	105	0	181.0	0
65	110	0	181.0	1
65	115	0	181.0	0
65	120	0	181.0	0
65	125	0	181.0	0
65	130	0	179.0	0
65	135	0	181.0	0
65	140	0	180.0	0
65	145	0	179.0	0
65	150	0	181.0	0
65	155	0	182.0	0
65	160	0	182.0	0
65	165	0	183.0	0
65	170	0	183.0	0
65	175	0	185.0	0
70	-180	0	184.0	0
70	-175	0	184.0	0
70	-170	0	183.0	0
70	-165	0	184.0	0
70	-160	0	184.0	0
70	-155	0	186.0	0
70	-150	0	187.0	0
70	-145	0	190.0	0
70	-140	0	185.0	0
70	-135	0	189.0	0
70	-130	0	190.0	0
70	-125	141.0	193.0	1
70	-120	0	191.0	0
70	-115	0	192.0	0
70	-110	0	192.0	0
70	-105	0	196.0	0
70	-100	0	194.0	0
70	-95	0	197.0	0
70	-90	1.0	198.0	1
70	-85	0	198.0	0
70	-80	0	198.0	0
70	-75	0	200.0	0
70	-70	110.0	199.0	1
70	-65	0	200.0	0
70	-60	0	200.0	0
70	-55	122.0	198.0	1
70	-50	0	202.0	0
70	-45	0	197.0	0
70	-40	84.0	199.0	1
70	-35	0	200.0	0
70	-30	0	199.0	0
70	-25	0	200.0	0
70	-20	0	198.0	0
70	-15	0	196.0	0
70	-10	0	196.0	0
70	-5	0	195.0	0
70	0	0	194.0	0
70	5	0	194.0	0
70	10	0	191.0	0
70	15	0	192.0	0
70	20	0	188.0	0
70	25	0	184.0	0
70	30	0	187.0	0
70	35	0	188.0	0
70	40	0	187.0	0
70	45	0	184.0	0
70	50	0	185.0	0
70	55	0	182.0	0
70	60	0	182.0	0
70	65	0	181.0	0
70	70	0	181.0	0
70	75	0	180.0	0
70	80	0	180.0	0
70	85	0	182.0	0
70	90	0	182.0	0
70	95	0	182.0	0
70	100	0	181.0	0
70	105	0	183.0	0
70	110	0	183.0	0
70	115	0	182.0	0
70	120	0	183.0	0
70	125	0	183.0	0
70	130	0	184.0	0
70	135	0	181.0	0
70	140	0	182.0	0
70	145	0	184.0	0
70	150	0	182.0	0
70	155	0	183.0	0
70	160	0	183.0	0
70	165	0	182.0	0
70	170	0	183.0	0
70	175	0	183.0	0
75	-180	0	184.0	0
75	-175	0	185.0	0
75	-170	0	184.0	0
75	-165	0	184.0	0
75	-160	0	184.0	0
75	-155	0	187.0	0
75	-150	0	187.0	0
75	-145	0	185.0	0
75	-140	0	191.0	0
75	-135	0	186.0	0
75	-130	0	192.0	0
75	-125	0	193.0	0
75	-120	0	193.0	0
75	-115	0	190.0	0
75	-110	0	195.0	0
75	-105	0	194.0	0
75	-100	0	195.0	0
75	-95	0	194.0	0
75	-90	0	196.0	0
75	-85	0	195.0	0
75	-80	0	196.0	0
75	-75	0	198.0	0
75	-70	0	198.0	0
75	-65	0	197.0	0
75	-60	0	198.0	0
75	-55	0	197.0	0
75	-50	0	196.0	0
75	-45	0	198.0	0
75	-40	0	197.0	0
75	-35	0	198.0	0
75	-30	0	198.0	0
75	-25	0	199.0	0
75	-20	0	198.0	0
75	-15	0	197.0	0
75	-10	0	196.0	0
75	-5	0	196.0	0
75	0	0	193.0	0
75	5	0	185.0	0
75	10	0	192.0	0
75	15	0	192.0	0
75	20	0	189.0	0
75	25	0	188.0	0
75	30	0	183.0	0
75	35	0	186.0	0
75	40	0	184.0	0
75	45	0	183.0	0
75	50	0	177.0	0
75	55	0	182.0	0
75	60	0	181.0	0
75	65	0	177.0	0
75	70	1.0	183.0	1
75	75	0	176.0	0
75	80	0	181.0	0
75	85	0	181.0	0
75	90	0	181.0	0
75	95	0	181.0	0
75	100	0	180.0	0
75	105	0	179.0	0
75	110	0	181.0	0
75	115	43.0	180.0	1
75	120	0	180.0	0
75	125	0	179.0	0
75	130	0	181.0	0
75	135	0	181.0	0
75	140	0	182.0	0
75	145	0	182.0	0
75	150	0	180.0	0
75	155	0	184.0	0
75	160	0	179.0	0
75	165	0	180.0	0
75	170	0	182.0	0
75	175	0	184.0	0
80	-180	0	183.0	0
80	-175	0	185.0	0
80	-170	0	185.0	0
80	-165	0	185.0	0
80	-160	0	185.0	0
80	-155	0	186.0	0
80	-150	0	186.0	0
80	-145	0	189.0	0
80	-140	0	190.0	0
80	-135	0	191.0	0
80	-130	0	191.0	0
80	-125	0	192.0	0
80	-120	0	189.0	0
80	-115	0	189.0	0
80	-110	0	193.0	0
80	-105	0	192.0	0
80	-100	0	194.0	0
80	-95	0	196.0	0
80	-90	0	195.0	0
80	-85	0	196.0	0
80	-80	0	196.0	0
80	-75	0	197.0	0
80	-70	0	197.0	0
80	-65	0	198.0	0
80	-60	0	200.0	0
80	-55	0	199.0	0
80	-50	1.0	198.0	1
80	-45	0	199.0	0
80	-40	0	198.0	0
80	-35	0	199.0	0
80	-30	0	198.0	0
80	-25	0	198.0	0
80	-20	0	195.0	0
80	-15	0	197.0	0
80	-10	0	194.0	0
80	-5	0	188.0	0
80	0	0	186.0	0
80	5	0	192.0	0
80	10	192.0	184.0	1
80	15	0	191.0	0
80	20	0	188.0	0
80	25	0	189.0	0
80	30	0	188.0	0
80	35	0	181.0	0
80	40	0	186.0	0
80	45	0	184.0	0
80	50	0	181.0	0
80	55	0	183.0	0
80	60	0	181.0	0
80	65	0	182.0	0
80	70	0	181.0	0
80	75	0	182.0	0
80	80	0	182.0	0
80	85	0	181.0	0
80	90	0	182.0	0
80	95	0	182.0	0
80	100	0	181.0	0
80	105	0	181.0	0
80	110	0	181.0	0
80	115	0	181.0	0
80	120	31.0	182.0	1
80	125	0	182.0	0
80	130	0	181.0	0
80	135	0	182.0	0
80	140	0	183.0	0
80	145	0	184.0	0
80	150	0	185.0	0
80	155	0	184.0	0
80	160	0	181.0	0
80	165	0	184.0	0
80	170	0	184.0	0
80	175	0	182.0	0
85	-180	0	184.0	0
85	-175	0	183.0	0
85	-170	0	184.0	0
85	-165	0	186.0	0
85	-160	0	187.0	0
85	-155	0	189.0	0
85	-150	0	190.0	0
85	-145	0	192.0	0
85	-140	0	191.0	0
85	-135	0	193.0	0
85	-130	0	194.0	0
85	-125	0	192.0	0
85	-120	0	194.0	0
85	-115	0	195.0	0
85	-110	0	196.0	0
85	-105	0	197.0	0
85	-100	0	194.0	0
85	-95	0	195.0	0
85	-90	0	194.0	0
85	-85	0	194.0	0
85	-80	0	193.0	0
85	-75	0	197.0	0
85	-70	0	196.0	0
85	-65	0	198.0	0
85	-60	0	196.0	0
85	-55	0	199.0	0
85	-50	0	198.0	0
85	-45	0	198.0	0
85	-40	0	193.0	0
85	-35	0	196.0	0
85	-30	0	192.0	0
85	-25	0	195.0	0
85	-20	0	197.0	0
85	-15	0	189.0	0
85	-10	0	193.0	0
85	-5	0	194.0	0
85	0	0	192.0	0
85	5	0	192.0	0
85	10	0	192.0	0
85	15	0	190.0	0
85	20	0	190.0	0
85	25	0	190.0	0
85	30	0	188.0	0
85	35	0	187.0	0
85	40	0	186.0	0
85	45	0	185.0	0
85	50	0	180.0	0
85	55	0	184.0	0
85	60	0	182.0	0
85	65	0	182.0	0
85	70	0	183.0	0
85	75	0	181.0	0
85	80	0	181.0	0
85	85	0	181.0	0
85	90	0	180.0	0
85	95	0	182.0	0
85	100	0	183.0	0
85	105	0	182.0	0
85	110	0	183.0	0
85	115	0	181.0	0
85	120	0	183.0	0
85	125	0	184.0	0
85	130	0	183.0	0
85	135	0	183.0	0
85	140	0	182.0	0
85	145	0	182.0	0
85	150	0	179.0	0
85	155	0	182.0	0
85	160	0	184.0	0
85	165	0	181.0	0
85	170	0	183.0	0
85	175	0	184.0	0
90	-180	0	185.0	0
90	-175	0	186.0	0
90	-170	0	184.0	0
90	-165	0	185.0	0
90	-160	0	183.0	0
90	-155	0	186.0	0
90	-150	0	185.0	0
90	-145	0	186.0	0
90	-140	0	188.0	0
90	-135	0	189.0	0
90	-130	0	189.0	0
90	-125	0	190.0	0
90	-120	0	188.0	0
90	-115	0	191.0	0
90	-110	0	191.0	0
90	-105	0	192.0	0
90	-100	0	191.0	0
90	-95	0	193.0	0
90	-90	0	193.0	0
90	-85	0	196.0	0
90	-80	0	196.0	0
90	-75	0	194.0	0
90	-70	0	195.0	0
90	-65	0	194.0	0
90	-60	0	195.0	0
90	-55	0	198.0	0
90	-50	0	198.0	0
90	-45	0	192.0	0
90	-40	0	197.0	0
90	-35	0	197.0	0
90	-30	0	195.0	0
90	-25	0	196.0	0
90	-20	0	189.0	0
90	-15	0	196.0	0
90	-10	0	195.0	0
90	-5	0	195.0	0
90	0	0	194.0	0
90	5	0	193.0	0
90	10	0	185.0	0
90	15	0	190.0	0
90	20	0	189.0	0
90	25	0	182.0	0
90	30	0	187.0	0
90	35	0	185.0	0
90	40	0	186.0	0
90	45	0	179.0	0
90	50	0	184.0	0
90	55	0	179.0	0
90	60	0	179.0	0
90	65	0	180.0	0
90	70	0	179.0	0
90	75	0	181.0	0
90	80	0	180.0	0
90	85	0	182.0	0
90	90	0	180.0	0
90	95	0	182.0	0
90	100	0	182.0	0
90	105	0	182.0	0
90	110	0	182.0	0
90	115	0	183.0	0
90	120	0	181.0	0
90	125	0	183.0	0
90	130	0	181.0	0
90	135	0	183.0	0
90	140	0	183.0	0
90	145	0	183.0	0
90	150	0	180.0	0
90	155	0	184.0	0
90	160	0	184.0	0
90	165	0	185.0	0
90	170	0	185.0	0
90	175	0	185.0	0
95	-180	0	187.0	0
95	-175	0	186.0	0
95	-170	0	187.0	0
95	-165	0	188.0	0
95	-160	0	187.0	0
95	-155	0	188.0	0
95	-150	0	187.0	0
95	-145	0	187.0	0
95	-140	0	189.0	0
95	-135	0	192.0	0
95	-130	0	192.0	0
95	-125	0	188.0	0
95	-120	0	193.0	0
95	-115	0	194.0	0
95	-110	0	192.0	0
95	-105	0	194.0	0
95	-100	0	189.0	0
95	-95	0	194.0	0
95	-90	0	194.0	0
95	-85	0	194.0	0
95	-80	0	195.0	0
95	-75	0	196.0	0
95	-70	0	196.0	0
95	-65	0	198.0	0
95	-60	0	196.0	0
95	-55	0	197.0	0
95	-50	0	195.0	0
95	-45	0	197.0	0
95	-40	0	195.0	0
95	-35	0	199.0	0
95	-30	0	197.0	0
95	-25	0	192.0	0
95	-20	0	188.0	0
95	-15	0	197.0	0
95	-10	0	195.0	0
95	-5	0	196.0	0
95	0	0	194.0	0
95	5	0	193.0	0
95	10	0	192.0	0
95	15	0	184.0	0
95	20	0	189.0	0
95	25	0	189.0	0
95	30	0	184.0	0
95	35	0	187.0	0
95	40	0	183.0	0
95	45	0	185.0	0
95	50	0	184.0	0
95	55	0	181.0	0
95	60	0	185.0	0
95	65	0	182.0	0
95	70	0	182.0	0
95	75	0	182.0	0
95	80	0	183.0	0
95	85	0	183.0	0
95	90	0	182.0	0
95	95	0	180.0	0
95	100	0	173.0	0
95	105	0	182.0	0
95	110	0	183.0	0
95	115	0	179.0	0
95	120	0	185.0	0
95	125	0	181.0	0
95	130	0	184.0	0
95	135	0	183.0	0
95	140	0	183.0	0
95	145	0	185.0	0
95	150	0	185.0	0
95	155	0	185.0	0
95	160	0	185.0	0
95	165	0	185.0	0
95	170	0	185.0	0
95	175	0	187.0	0
100	-180	0	186.0	0
100	-175	0	184.0	0
100	-170	0	185.0	0
100	-165	0	185.0	0
100	-160	0	185.0	0
100	-155	0	186.0	0
100	-150	0	186.0	0
100	-145	0	188.0	0
100	-140	0	188.0	0
100	-135	0	190.0	0
100	-130	0	189.0	0
100	-125	0	190.0	0
100	-120	0	191.0	0
100	-115	0	192.0	0
100	-110	0	192.0	0
100	-105	0	191.0	0
100	-100	0	192.0	0
100	-95	0	192.0	0
100	-90	0	194.0	0
100	-85	0	195.0	0
100	-80	0	195.0	0
100	-75	0	194.0	0
100	-70	0	194.0	0
100	-65	0	195.0	0
100	-60	0	194.0	0
100	-55	0	195.0	0
100	-50	0	196.0	0
100	-45	0	195.0	0
100	-40	0	189.0	0
100	-35	0	196.0	0
100	-30	0	193.0	0
100	-25	0	194.0	0
100	-20	0	194.0	0
100	-15	0	192.0	0
100	-10	0	193.0	0
100	-5	0	192.0	0
100	0	0	192.0	0
100	5	0	189.0	0
100	10	0	191.0	0
100	15	0	189.0	0
100	20	0	187.0	0
100	25	0	180.0	0
100	30	0	185.0	0
100	35	0	182.0	0
100	40	0	184.0	0
100	45	0	185.0	0
100	50	0	184.0	0
100	55	0	182.0	0
100	60	0	181.0	0
100	65	0	181.0	0
100	70	0	181.0	0
100	75	0	181.0	0
100	80	0	180.0	0
100	85	0	180.0	0
100	90	0	182.0	0
100	95	0	181.0	0
100	100	0	182.0	0
100	105	0	181.0	0
100	110	0	181.0	0
100	115	0	181.0	0
100	120	0	182.0	0
100	125	0	182.0	0
100	130	0	183.0	0
100	135	0	182.0	0
100	140	0	183.0	0
100	145	0	182.0	0
100	150	0	183.0	0
100	155	0	184.0	0
100	160	0	184.0	0
100	165	0	183.0	0
100	170	0	183.0	0
100	175	0	184.0	0
105	-180	0	180.0	0
105	-175	0	184.0	0
105	-170	0	184.0	0
105	-165	0	186.0	0
105	-160	0	184.0	0
105	-155	0	184.0	0
105	-150	0	186.0	0
105	-145	0	187.0	0
105	-140	0	183.0	0
105	-135	0	187.0	0
105	-130	0	187.0	0
105	-125	0	187.0	0
105	-120	0	189.0	0
105	-115	0	189.0	0
105	-110	0	190.0	0
105	-105	0	190.0	0
105	-100	0	188.0	0
105	-95	0	191.0	0
105	-90	0	193.0	0
105	-85	0	190.0	0
105	-80	0	191.0	0
105	-75	0	192.0	0
105	-70	0	192.0	0
105	-65	0	193.0	0
105	-60	0	195.0	0
105	-55	0	193.0	0
105	-50	0	191.0	0
105	-45	0	188.0	0
105	-40	0	194.0	0
105	-35	0	192.0	0
105	-30	0	194.0	0
105	-25	0	194.0	0
105	-20	0	192.0	0
105	-15	0	185.0	0
105	-10	0	191.0	0
105	-5	0	191.0	0
105	0	0	190.0	0
105	5	0	190.0	0
105	10	0	186.0	0
105	15	0	189.0	0
105	20	0	186.0	0
105	25	0	184.0	0
105	30	0	186.0	0
105	35	0	185.0	0
105	40	0	181.0	0
105	45	0	184.0	0
105	50	0	182.0	0
105	55	0	180.0	0
105	60	0	182.0	0
105	65	0	179.0	0
105	70	0	181.0	0
105	75	0	180.0	0
105	80	0	180.0	0
105	85	0	180.0	0
105	90	0	180.0	0
105	95	0	180.0	0
105	100	0	181.0	0
105	105	0	180.0	0
105	110	0	181.0	0
105	115	0	182.0	0
105	120	0	183.0	0
105	125	0	181.0	0
105	130	0	180.0	0
105	135	0	182.0	0
105	140	0	181.0	0
105	145	0	183.0	0
105	150	0	184.0	0
105	155	0	182.0	0
105	160	0	185.0	0
105	165	0	181.0	0
105	170	0	184.0	0
105	175	0	184.0	0
110	-180	0	185.0	0
110	-175	0	184.0	0
110	-170	0	186.0	0
110	-165	0	187.0	0
110	-160	0	186.0	0
110	-155	0	185.0	0
110	-150	0	184.0	0
110	-145	0	189.0	0
110	-140	0	189.0	0
110	-135	0	190.0	0
110	-130	0	190.0	0
110	-125	0	190.0	0
110	-120	0	190.0	0
110	-115	0	192.0	0
110	-110	0	191.0	0
110	-105	0	192.0	0
110	-100	0	191.0	0
110	-95	0	191.0	0
110	-90	0	193.0	0
110	-85	0	194.0	0
110	-80	0	193.0	0
110	-75	0	194.0	0
110	-70	0	194.0	0
110	-65	0	188.0	0
110	-60	0	195.0	0
110	-55	0	193.0	0
110	-50	0	189.0	0
110	-45	0	194.0	0
110	-40	0	194.0	0
110	-35	0	186.0	0
110	-30	0	194.0	0
110	-25	0	194.0	0
110	-20	0	193.0	0
110	-15	0	193.0	0
110	-10	0	188.0	0
110	-5	0	192.0	0
110	0	0	192.0	0
110	5	0	192.0	0
110	10	0	182.0	0
110	15	0	188.0	0
110	20	0	183.0	0
110	25	0	187.0	0
110	30	0	186.0	0
110	35	0	185.0	0
110	40	0	184.0	0
110	45	0	185.0	0
110	50	0	185.0	0
110	55	0	182.0	0
110	60	0	182.0	0
110	65	0	182.0	0
110	70	0	176.0	0
110	75	0	183.0	0
110	80	0	183.0	0
110	85	0	177.0	0
110	90	0	177.0	0
110	95	0	183.0	0
110	100	0	183.0	0
110	105	0	181.0	0
110	110	0	181.0	0
110	115	0	182.0	0
110	120	0	182.0	0
110	125	0	182.0	0
110	130	0	179.0	0
110	135	0	182.0	0
110	140	0	182.0	0
110	145	0	182.0	0
110	150	0	183.0	0
110	155	0	183.0	0
110	160	0	183.0	0
110	165	0	184.0	0
110	170	0	185.0	0
110	175	0	184.0	0
115	-180	0	185.0	0
115	-175	0	184.0	0
115	-170	0	187.0	0
115	-165	0	185.0	0
115	-160	0	185.0	0
115	-155	0	187.0	0
115	-150	0	186.0	0
115	-145	0	188.0	0
115	-140	0	187.0	0
115	-135	0	191.0	0
115	-130	0	187.0	0
115	-125	0	191.0	0
115	-120	0	191.0	0
115	-115	0	189.0	0
115	-110	0	189.0	0
115	-105	0	191.0	0
115	-100	0	192.0	0
115	-95	0	194.0	0
115	-90	0	193.0	0
115	-85	0	194.0	0
115	-80	0	194.0	0
115	-75	0	192.0	0
115	-70	0	197.0	0
115	-65	0	196.0	0
115	-60	0	195.0	0
115	-55	0	195.0	0
115	-50	0	195.0	0
115	-45	0	196.0	0
115	-40	0	195.0	0
115	-35	0	194.0	0
115	-30	0	195.0	0
115	-25	0	193.0	0
115	-20	0	189.0	0
115	-15	0	193.0	0
115	-10	0	193.0	0
115	-5	0	193.0	0
115	0	0	190.0	0
115	5	0	191.0	0
115	10	0	181.0	0
115	15	0	188.0	0
115	20	0	189.0	0
115	25	0	181.0	0
115	30	0	186.0	0
115	35	0	185.0	0
115	40	0	181.0	0
115	45	0	184.0	0
115	50	0	184.0	0
115	55	0	181.0	0
115	60	0	183.0	0
115	65	0	182.0	0
115	70	0	182.0	0
115	75	0	184.0	0
115	80	0	182.0	0
115	85	0	183.0	0
115	90	0	179.0	0
115	95	0	183.0	0
115	100	0	183.0	0
115	105	0	183.0	0
115	110	0	184.0	0
115	115	0	182.0	0
115	120	0	184.0	0
115	125	0	184.0	0
115	130	0	184.0	0
115	135	0	185.0	0
115	140	0	184.0	0
115	145	0	184.0	0
115	150	0	185.0	0
115	155	0	185.0	0
115	160	0	177.0	0
115	165	0	186.0	0
115	170	0	185.0	0
115	175	0	185.0	0
120	-180	0	183.0	0
120	-175	0	183.0	0
120	-170	0	185.0	0
120	-165	0	185.0	0
120	-160	0	186.0	0
120	-155	0	185.0	0
120	-150	0	189.0	0
120	-145	0	187.0	0
120	-140	0	190.0	0
120	-135	0	191.0	0
120	-130	0	188.0	0
120	-125	0	190.0	0
120	-120	0	189.0	0
120	-115	0	190.0	0
120	-110	0	189.0	0
120	-105	0	189.0	0
120	-100	0	189.0	0
120	-95	0	191.0	0
120	-90	0	191.0	0
120	-85	0	192.0	0
120	-80	0	192.0	0
120	-75	0	192.0	0
120	-70	0	191.0	0
120	-65	0	191.0	0
120	-60	0	194.0	0
120	-55	0	193.0	0
120	-50	0	193.0	0
120	-45	0	193.0	0
120	-40	0	193.0	0
120	-35	0	193.0	0
120	-30	0	193.0	0
120	-25	0	193.0	0
120	-20	0	193.0	0
120	-15	0	192.0	0
120	-10	0	191.0	0
120	-5	0	190.0	0
120	0	0	189.0	0
120	5	0	186.0	0
120	10	0	179.0	0
120	15	0	186.0	0
120	20	0	187.0	0
120	25	0	186.0	0
120	30	0	183.0	0
120	35	0	184.0	0
120	40	0	184.0	0
120	45	0	181.0	0
120	50	0	183.0	0
120	55	0	180.0	0
120	60	0	182.0	0
120	65	0	183.0	0
120	70	0	180.0	0
120	75	0	182.0	0
120	80	0	182.0	0
120	85	0	181.0	0
120	90	0	181.0	0
120	95	0	179.0	0
120	100	0	180.0	0
120	105	0	180.0	0
120	110	0	181.0	0
120	115	0	179.0	0
120	120	0	180.0	0
120	125	0	182.0	0
120	130	0	182.0	0
120	135	0	183.0	0
120	140	0	180.0	0
120	145	0	182.0	0
120	150	0	182.0	0
120	155	0	182.0	0
120	160	0	184.0	0
120	165	0	184.0	0
120	170	0	182.0	0
120	175	0	185.0	0
125	-180	0	186.0	0
125	-175	0	185.0	0
125	-170	0	186.0	0
125	-165	0	184.0	0
125	-160	0	187.0	0
125	-155	0	186.0	0
125	-150	0	184.0	0
125	-145	0	185.0	0
125	-140	0	185.0	0
125	-135	0	187.0	0
125	-130	0	191.0	0
125	-125	0	190.0	0
125	-120	0	191.0	0
125	-115	0	187.0	0
125	-110	0	190.0	0
125	-105	0	193.0	0
125	-100	0	190.0	0
125	-95	0	190.0	0
125	-90	0	193.0	0
125	-85	0	191.0	0
125	-80	0	193.0	0
125	-75	0	193.0	0
125	-70	0	194.0	0
125	-65	0	194.0	0
125	-60	0	188.0	0
125	-55	0	190.0	0
125	-50	0	190.0	0
125	-45	0	191.0	0
125	-40	0	193.0	0
125	-35	0	184.0	0
125	-30	0	193.0	0
125	-25	0	191.0	0
125	-20	0	188.0	0
125	-15	0	190.0	0
125	-10	0	188.0	0
125	-5	0	189.0	0
125	0	0	189.0	0
125	5	0	188.0	0
125	10	0	188.0	0
125	15	0	187.0	0
125	20	0	184.0	0
125	25	0	182.0	0
125	30	0	185.0	0
125	35	0	182.0	0
125	40	0	182.0	0
125	45	0	181.0	0
125	50	0	182.0	0
125	55	0	181.0	0
125	60	0	184.0	0
125	65	0	181.0	0
125	70	0	183.0	0
125	75	0	185.0	0
125	80	0	181.0	0
125	85	0	183.0	0
125	90	0	177.0	0
125	95	0	180.0	0
125	100	0	185.0	0
125	105	0	180.0	0
125	110	0	182.0	0
125	115	0	185.0	0
125	120	0	178.0	0
125	125	0	178.0	0
125	130	0	181.0	0
125	135	0	184.0	0
125	140	0	184.0	0
125	145	0	179.0	0
125	150	0	183.0	0
125	155	0	183.0	0
125	160	0	182.0	0
125	165	0	184.0	0
125	170	0	180.0	0
125	175	0	184.0	0
130	-180	0	185.0	0
130	-175	0	182.0	0
130	-170	0	186.0	0
130	-165	0	186.0	0
130	-160	0	184.0	0
130	-155	0	184.0	0
130	-150	0	185.0	0
130	-145	0	188.0	0
130	-140	0	187.0	0
130	-135	0	187.0	0
130	-130	0	191.0	0
130	-125	0	191.0	0
130	-120	0	189.0	0
130	-115	0	190.0	0
130	-110	0	192.0	0
130	-105	0	192.0	0
130	-100	0	189.0	0
130	-95	0	191.0	0
130	-90	0	190.0	0
130	-85	0	191.0	0
130	-80	0	193.0	0
130	-75	0	192.0	0
130	-70	0	193.0	0
130	-65	0	192.0	0
130	-60	0	194.0	0
130	-55	0	187.0	0
130	-50	0	193.0	0
130	-45	0	193.0	0
130	-40	0	190.0	0
130	-35	0	193.0	0
130	-30	0	191.0	0
130	-25	0	192.0	0
130	-20	0	191.0	0
130	-15	0	192.0	0
130	-10	0	191.0	0
130	-5	0	188.0	0
130	0	0	188.0	0
130	5	0	182.0	0
130	10	0	185.0	0
130	15	0	186.0	0
130	20	0	186.0	0
130	25	0	186.0	0
130	30	0	185.0	0
130	35	0	183.0	0
130	40	0	184.0	0
130	45	0	184.0	0
130	50	0	182.0	0
130	55	0	182.0	0
130	60	0	180.0	0
130	65	0	178.0	0
130	70	0	184.0	0
130	75	0	181.0	0
130	80	0	180.0	0
130	85	0	179.0	0
130	90	0	183.0	0
130	95	0	184.0	0
130	100	0	183.0	0
130	105	0	183.0	0
130	110	0	179.0	0
130	115	0	181.0	0
130	120	0	181.0	0
130	125	0	183.0	0
130	130	0	183.0	0
130	135	0	183.0	0
130	140	0	181.0	0
130	145	0	183.0	0
130	150	0	184.0	0
130	155	0	179.0	0
130	160	0	182.0	0
130	165	0	184.0	0
130	170	0	184.0	0
130	175	0	185.0	0
135	-180	0	183.0	0
135	-175	0	182.0	0
135	-170	0	182.0	0
135	-165	0	184.0	0
135	-160	0	186.0	0
135	-155	0	184.0	0
135	-150	0	187.0	0
135	-145	0	187.0	0
135	-140	0	188.0	0
135	-135	0	189.0	0
135	-130	0	189.0	0
135	-125	0	187.0	0
135	-120	0	186.0	0
135	-115	0	189.0	0
135	-110	0	190.0	0
135	-105	0	189.0	0
135	-100	0	191.0	0
135	-95	0	190.0	0
135	-90	0	190.0	0
135	-85	0	192.0	0
135	-80	0	193.0	0
135	-75	0	191.0	0
135	-70	0	192.0	0
135	-65	0	194.0	0
135	-60	0	187.0	0
135	-55	0	191.0	0
135	-50	0	190.0	0
135	-45	0	190.0	0
135	-40	0	192.0	0
135	-35	0	191.0	0
135	-30	0	191.0	0
135	-25	0	192.0	0
135	-20	0	191.0	0
135	-15	0	190.0	0
135	-10	0	189.0	0
135	-5	0	181.0	0
135	0	0	181.0	0
135	5	0	186.0	0
135	10	0	186.0	0
135	15	0	185.0	0
135	20	0	185.0	0
135	25	0	183.0	0
135	30	0	184.0	0
135	35	0	183.0	0
135	40	0	182.0	0
135	45	0	182.0	0
135	50	0	182.0	0
135	55	0	182.0	0
135	60	0	181.0	0
135	65	0	181.0	0
135	70	0	181.0	0
135	75	0	177.0	0
135	80	0	182.0	0
135	85	0	182.0	0
135	90	0	182.0	0
135	95	0	182.0	0
135	100	0	179.0	0
135	105	0	180.0	0
135	110	0	180.0	0
135	115	0	181.0	0
135	120	0	181.0	0
135	125	0	181.0	0
135	130	0	182.0	0
135	135	0	182.0	0
135	140	0	180.0	0
135	145	0	181.0	0
135	150	0	180.0	0
135	155	0	182.0	0
135	160	0	182.0	0
135	165	0	182.0	0
135	170	0	183.0	0
135	175	0	180.0	0
140	-180	0	183.0	0
140	-175	0	184.0	0
140	-170	0	184.0	0
140	-165	0	187.0	0
140	-160	0	188.0	0
140	-155	0	188.0	0
140	-150	0	188.0	0
140	-145	0	190.0	0
140	-140	0	191.0	0
140	-135	0	187.0	0
140	-130	0	191.0	0
140	-125	0	188.0	0
140	-120	0	188.0	0
140	-115	0	186.0	0
140	-110	0	190.0	0
140	-105	0	187.0	0
140	-100	0	189.0	0
140	-95	0	190.0	0
140	-90	0	190.0	0
140	-85	0	191.0	0
140	-80	0	191.0	0
140	-75	0	191.0	0
140	-70	0	192.0	0
140	-65	0	189.0	0
140	-60	0	192.0	0
140	-55	0	191.0	0
140	-50	0	187.0	0
140	-45	0	191.0	0
140	-40	0	183.0	0
140	-35	0	191.0	0
140	-30	0	182.0	0
140	-25	0	191.0	0
140	-20	0	190.0	0
140	-15	0	189.0	0
140	-10	0	187.0	0
140	-5	0	188.0	0
140	0	0	187.0	0
140	5	0	185.0	0
140	10	0	184.0	0
140	15	0	184.0	0
140	20	0	186.0	0
140	25	0	183.0	0
140	30	0	183.0	0
140	35	0	184.0	0
140	40	0	183.0	0
140	45	0	182.0	0
140	50	0	182.0	0
140	55	0	183.0	0
140	60	103.0	182.0	1
140	65	0	182.0	0
140	70	0	181.0	0
140	75	0	182.0	0
140	80	0	183.0	0
140	85	0	181.0	0
140	90	0	181.0	0
140	95	0	181.0	0
140	100	0	182.0	0
140	105	0	180.0	0
140	110	0	182.0	0
140	115	0	180.0	0
140	120	0	181.0	0
140	125	0	182.0	0
140	130	0	184.0	0
140	135	0	183.0	0
140	140	0	179.0	0
140	145	0	183.0	0
140	150	0	183.0	0
140	155	0	182.0	0
140	160	0	182.0	0
140	165	0	182.0	0
140	170	0	183.0	0
140	175	0	184.0	0
145	-180	0	185.0	0
145	-175	0	183.0	0
145	-170	0	183.0	0
145	-165	0	184.0	0
145	-160	0	186.0	0
145	-155	0	187.0	0
145	-150	0	182.0	0
145	-145	0	189.0	0
145	-140	0	189.0	0
145	-135	0	187.0	0
145	-130	0	190.0	0
145	-125	0	186.0	0
145	-120	0	189.0	0
145	-115	0	190.0	0
145	-110	0	187.0	0
145	-105	0	189.0	0
145	-100	0	189.0	0
145	-95	0	190.0	0
145	-90	0	190.0	0
145	-85	0	191.0	0
145	-80	0	192.0	0
145	-75	0	190.0	0
145	-70	0	192.0	0
145	-65	0	190.0	0
145	-60	0	191.0	0
145	-55	0	190.0	0
145	-50	0	191.0	0
145	-45	0	191.0	0
145	-40	0	189.0	0
145	-35	0	191.0	0
145	-30	0	190.0	0
145	-25	0	186.0	0
145	-20	0	188.0	0
145	-15	0	187.0	0
145	-10	0	188.0	0
145	-5	0	185.0	0
145	0	0	187.0	0
145	5	0	186.0	0
145	10	0	183.0	0
145	15	0	184.0	0
145	20	0	181.0	0
145	25	0	184.0	0
145	30	0	184.0	0
145	35	0	183.0	0
145	40	0	182.0	0
145	45	0	181.0	0
145	50	0	179.0	0
145	55	0	182.0	0
145	60	0	181.0	0
145	65	0	182.0	0
145	70	0	181.0	0
145	75	0	181.0	0
145	80	0	182.0	0
145	85	0	181.0	0
145	90	0	183.0	0
145	95	0	182.0	0
145	100	0	179.0	0
145	105	0	176.0	0
145	110	0	181.0	0
145	115	0	180.0	0
145	120	0	180.0	0
145	125	0	183.0	0
145	130	0	183.0	0
145	135	0	182.0	0
145	140	0	182.0	0
145	145	0	183.0	0
145	150	0	179.0	0
145	155	0	182.0	0
145	160	0	177.0	0
145	165	0	180.0	0
145	170	0	183.0	0
145	175	0	184.0	0
150	-180	0	183.0	0
150	-175	0	184.0	0
150	-170	0	181.0	0
150	-165	0	187.0	0
150	-160	0	186.0	0
150	-155	0	185.0	0
150	-150	0	187.0	0
150	-145	0	185.0	0
150	-140	0	190.0	0
150	-135	0	189.0	0
150	-130	0	189.0	0
150	-125	0	184.0	0
150	-120	0	189.0	0
150	-115	0	190.0	0
150	-110	0	189.0	0
150	-105	0	189.0	0
150	-100	0	188.0	0
150	-95	0	188.0	0
150	-90	0	187.0	0
150	-85	121.0	188.0	1
150	-80	0	189.0	0
150	-75	0	189.0	0
150	-70	0	190.0	0
150	-65	0	190.0	0
150	-60	0	188.0	0
150	-55	0	190.0	0
150	-50	0	190.0	0
150	-45	0	190.0	0
150	-40	0	190.0	0
150	-35	0	188.0	0
150	-30	0	189.0	0
150	-25	0	183.0	0
150	-20	0	187.0	0
150	-15	0	186.0	0
150	-10	0	187.0	0
150	-5	0	182.0	0
150	0	0	185.0	0
150	5	0	185.0	0
150	10	0	182.0	0
150	15	0	182.0	0
150	20	0	184.0	0
150	25	0	178.0	0
150	30	0	182.0	0
150	35	0	182.0	0
150	40	0	182.0	0
150	45	0	181.0	0
150	50	0	181.0	0
150	55	0	180.0	0
150	60	0	181.0	0
150	65	0	178.0	0
150	70	0	181.0	0
150	75	0	182.0	0
150	80	0	177.0	0
150	85	0	182.0	0
150	90	0	182.0	0
150	95	0	177.0	0
150	100	0	176.0	0
150	105	0	181.0	0
150	110	0	183.0	0
150	115	0	178.0	0
150	120	0	181.0	0
150	125	0	178.0	0
150	130	0	182.0	0
150	135	0	181.0	0
150	140	0	182.0	0
150	145	0	180.0	0
150	150	0	180.0	0
150	155	0	181.0	0
150	160	0	183.0	0
150	165	0	182.0	0
150	170	0	177.0	0
150	175	0	182.0	0
155	-180	0	182.0	0
155	-175	0	184.0	0
155	-170	0	186.0	0
155	-165	0	183.0	0
155	-160	0	183.0	0
155	-155	0	184.0	0
155	-150	0	187.0	0
155	-145	0	188.0	0
155	-140	0	186.0	0
155	-135	0	187.0	0
155	-130	0	189.0	0
155	-125	0	189.0	0
155	-120	0	189.0	0
155	-115	0	186.0	0
155	-110	0	190.0	0
155	-105	0	189.0	0
155	-100	0	189.0	0
155	-95	0	188.0	0
155	-90	0	188.0	0
155	-85	0	189.0	0
155	-80	0	186.0	0
155	-75	0	189.0	0
155	-70	0	189.0	0
155	-65	0	189.0	0
155	-60	0	187.0	0
155	-55	0	190.0	0
155	-50	0	185.0	0
155	-45	0	189.0	0
155	-40	0	188.0	0
155	-35	0	188.0	0
155	-30	0	187.0	0
155	-25	0	187.0	0
155	-20	0	187.0	0
155	-15	0	188.0	0
155	-10	0	182.0	0
155	-5	0	186.0	0
155	0	0	186.0	0
155	5	0	184.0	0
155	10	0	184.0	0
155	15	0	182.0	0
155	20	0	183.0	0
155	25	0	182.0	0
155	30	0	179.0	0
155	35	0	181.0	0
155	40	0	180.0	0
155	45	0	181.0	0
155	50	0	181.0	0
155	55	0	180.0	0
155	60	0	179.0	0
155	65	0	180.0	0
155	70	0	178.0	0
155	75	0	179.0	0
155	80	0	178.0	0
155	85	0	177.0	0
155	90	0	182.0	0
155	95	0	178.0	0
155	100	0	180.0	0
155	105	0	182.0	0
155	110	0	180.0	0
155	115	0	179.0	0
155	120	0	180.0	0
155	125	0	179.0	0
155	130	0	180.0	0
155	135	0	179.0	0
155	140	0	180.0	0
155	145	0	180.0	0
155	150	0	182.0	0
155	155	0	179.0	0
155	160	0	180.0	0
155	165	0	181.0	0
155	170	0	181.0	0
155	175	0	181.0	0
160	-180	0	183.0	0
160	-175	0	184.0	0
160	-170	0	184.0	0
160	-165	0	186.0	0
160	-160	0	186.0	0
160	-155	0	185.0	0
160	-150	0	188.0	0
160	-145	0	186.0	0
160	-140	0	183.0	0
160	-135	0	189.0	0
160	-130	0	184.0	0
160	-125	0	186.0	0
160	-120	0	187.0	0
160	-115	0	188.0	0
160	-110	0	188.0	0
160	-105	0	189.0	0
160	-100	0	189.0	0
160	-95	0	187.0	0
160	-90	0	188.0	0
160	-85	0	188.0	0
160	-80	0	187.0	0
160	-75	0	188.0	0
160	-70	0	188.0	0
160	-65	0	187.0	0
160	-60	0	191.0	0
160	-55	0	190.0	0
160	-50	114.0	190.0	1
160	-45	0	190.0	0
160	-40	0	190.0	0
160	-35	0	188.0	0
160	-30	0	187.0	0
160	-25	0	183.0	0
160	-20	0	184.0	0
160	-15	0	186.0	0
160	-10	0	186.0	0
160	-5	0	187.0	0
160	0	0	184.0	0
160	5	0	185.0	0
160	10	0	182.0	0
160	15	0	183.0	0
160	20	0	181.0	0
160	25	0	182.0	0
160	30	0	180.0	0
160	35	0	181.0	0
160	40	0	181.0	0
160	45	0	180.0	0
160	50	0	180.0	0
160	55	0	179.0	0
160	60	0	181.0	0
160	65	0	179.0	0
160	70	0	180.0	0
160	75	0	180.0	0
160	80	0	180.0	0
160	85	0	179.0	0
160	90	0	180.0	0
160	95	0	180.0	0
160	100	0	178.0	0
160	105	0	178.0	0
160	110	0	181.0	0
160	115	0	179.0	0
160	120	0	180.0	0
160	125	0	183.0	0
160	130	0	179.0	0
160	135	0	182.0	0
160	140	0	182.0	0
160	145	0	181.0	0
160	150	0	182.0	0
160	155	0	182.0	0
160	160	0	181.0	0
160	165	0	182.0	0
160	170	0	183.0	0
160	175	0	183.0	0
165	-180	0	183.0	0
165	-175	0	184.0	0
165	-170	0	181.0	0
165	-165	0	183.0	0
165	-160	0	185.0	0
165	-155	0	185.0	0
165	-150	0	186.0	0
165	-145	0	186.0	0
165	-140	0	187.0	0
165	-135	0	188.0	0
165	-130	0	191.0	0
165	-125	0	189.0	0
165	-120	0	186.0	0
165	-115	0	188.0	0
165	-110	0	188.0	0
165	-105	0	187.0	0
165	-100	0	189.0	0
165	-95	0	189.0	0
165	-90	0	189.0	0
165	-85	0	189.0	0
165	-80	0	190.0	0
165	-75	0	188.0	0
165	-70	0	191.0	0
165	-65	0	191.0	0
165	-60	0	188.0	0
165	-55	0	186.0	0
165	-50	0	191.0	0
165	-45	0	189.0	0
165	-40	0	188.0	0
165	-35	0	181.0	0
165	-30	0	188.0	0
165	-25	0	189.0	0
165	-20	0	188.0	0
165	-15	0	188.0	0
165	-10	0	179.0	0
165	-5	0	184.0	0
165	0	0	185.0	0
165	5	0	187.0	0
165	10	0	186.0	0
165	15	0	179.0	0
165	20	0	184.0	0
165	25	0	182.0	0
165	30	0	180.0	0
165	35	0	180.0	0
165	40	0	182.0	0
165	45	0	180.0	0
165	50	0	180.0	0
165	55	0	180.0	0
165	60	0	180.0	0
165	65	0	178.0	0
165	70	0	179.0	0
165	75	0	178.0	0
165	80	0	181.0	0
165	85	0	181.0	0
165	90	0	181.0	0
165	95	0	179.0	0
165	100	0	180.0	0
165	105	0	180.0	0
165	110	0	181.0	0
165	115	0	182.0	0
165	120	0	181.0	0
165	125	0	178.0	0
165	130	0	181.0	0
165	135	0	181.0	0
165	140	0	181.0	0
165	145	0	180.0	0
165	150	0	181.0	0
165	155	0	182.0	0
165	160	0	181.0	0
165	165	0	179.0	0
165	170	0	179.0	0
165	175	0	181.0	0
170	-180	0	181.0	0
170	-175	0	181.0	0
170	-170	0	182.0	0
170	-165	0	183.0	0
170	-160	0	184.0	0
170	-155	0	185.0	0
170	-150	0	185.0	0
170	-145	0	185.0	0
170	-140	0	186.0	0
170	-135	0	186.0	0
170	-130	0	187.0	0
170	-125	0	186.0	0
170	-120	0	187.0	0
170	-115	0	186.0	0
170	-110	0	186.0	0
170	-105	0	185.0	0
170	-100	0	186.0	0
170	-95	0	187.0	0
170	-90	0	187.0	0
170	-85	0	190.0	0
170	-80	0	188.0	0
170	-75	0	187.0	0
170	-70	0	190.0	0
170	-65	0	190.0	0
170	-60	96.0	184.0	1
170	-55	0	190.0	0
170	-50	0	187.0	0
170	-45	0	190.0	0
170	-40	0	186.0	0
170	-35	0	188.0	0
170	-30	0	186.0	0
170	-25	0	185.0	0
170	-20	0	185.0	0
170	-15	0	185.0	0
170	-10	0	184.0	0
170	-5	0	187.0	0
170	0	0	184.0	0
170	5	0	179.0	0
170	10	0	184.0	0
170	15	0	183.0	0
170	20	0	174.0	0
170	25	0	181.0	0
170	30	0	182.0	0
170	35	0	181.0	0
170	40	0	181.0	0
170	45	0	179.0	0
170	50	0	179.0	0
170	55	0	179.0	0
170	60	0	180.0	0
170	65	0	179.0	0
170	70	0	179.0	0
170	75	0	180.0	0
170	80	0	179.0	0
170	85	0	178.0	0
170	90	0	178.0	0
170	95	0	176.0	0
170	100	0	176.0	0
170	105	0	179.0	0
170	110	0	177.0	0
170	115	0	179.0	0
170	120	0	180.0	0
170	125	0	178.0	0
170	130	0	180.0	0
170	135	0	178.0	0
170	140	0	179.0	0
170	145	0	179.0	0
170	150	0	178.0	0
170	155	0	181.0	0
170	160	0	181.0	0
170	165	0	180.0	0
170	170	0	181.0	0
170	175	0	180.0	0
175	-180	0	180.0	0
175	-175	0	182.0	0
175	-170	0	182.0	0
175	-165	0	181.0	0
175	-160	0	182.0	0
175	-155	0	181.0	0
175	-150	0	184.0	0
175	-145	0	185.0	0
175	-140	0	187.0	0
175	-135	0	187.0	0
175	-130	0	182.0	0
175	-125	0	184.0	0
175	-120	0	186.0	0
175	-115	0	187.0	0
175	-110	0	186.0	0
175	-105	0	185.0	0
175	-100	0	185.0	0
175	-95	0	185.0	0
175	-90	0	187.0	0
175	-85	0	188.0	0
175	-80	0	187.0	0
175	-75	0	188.0	0
175	-70	0	187.0	0
175	-65	0	188.0	0
175	-60	0	183.0	0
175	-55	0	187.0	0
175	-50	0	188.0	0
175	-45	0	182.0	0
175	-40	0	182.0	0
175	-35	0	186.0	0
175	-30	0	186.0	0
175	-25	0	186.0	0
175	-20	0	186.0	0
175	-15	0	184.0	0
175	-10	0	183.0	0
175	-5	0	184.0	0
175	0	0	182.0	0
175	5	0	183.0	0
175	10	0	181.0	0
175	15	0	181.0	0
175	20	0	182.0	0
175	25	0	180.0	0
175	30	0	181.0	0
175	35	0	178.0	0
175	40	0	180.0	0
175	45	0	179.0	0
175	50	0	179.0	0
175	55	0	179.0	0
175	60	0	178.0	0
175	65	0	179.0	0
175	70	0	179.0	0
175	75	0	178.0	0
175	80	0	179.0	0
175	85	0	178.0	0
175	90	0	179.0	0
175	95	0	179.0	0
175	100	0	177.0	0
175	105	0	178.0	0
175	110	0	178.0	0
175	115	0	179.0	0
175	120	0	177.0	0
175	125	0	176.0	0
175	130	0	179.0	0
175	135	0	177.0	0
175	140	0	177.0	0
175	145	0	178.0	0
175	150	0	178.0	0
175	155	0	178.0	0
175	160	0	180.0	0
175	165	0	179.0	0
175	170	0	179.0	0
175	175	0	181.0	0
