Phi	Psi	max_obs_SA	max_theo_SA	obs_bin_pop
-180	-180	0	134.0	0
-180	-175	0	135.0	0
-180	-170	0	135.0	0
-180	-165	0	135.0	0
-180	-160	0	136.0	0
-180	-155	0	136.0	0
-180	-150	0	136.0	0
-180	-145	0	136.0	0
-180	-140	0	136.0	0
-180	-135	0	136.0	0
-180	-130	0	137.0	0
-180	-125	0	137.0	0
-180	-120	0	138.0	0
-180	-115	0	139.0	0
-180	-110	0	138.0	0
-180	-105	0	138.0	0
-180	-100	0	140.0	0
-180	-95	0	139.0	0
-180	-90	0	140.0	0
-180	-85	0	140.0	0
-180	-80	0	140.0	0
-180	-75	0	141.0	0
-180	-70	0	141.0	0
-180	-65	0	142.0	0
-180	-60	0	141.0	0
-180	-55	0	142.0	0
-180	-50	0	141.0	0
-180	-45	0	142.0	0
-180	-40	0	142.0	0
-180	-35	0	142.0	0
-180	-30	0	142.0	0
-180	-25	0	142.0	0
-180	-20	0	141.0	0
-180	-15	0	141.0	0
-180	-10	0	139.0	0
-180	-5	0	139.0	0
-180	0	0	139.0	0
-180	5	0	138.0	0
-180	10	0	138.0	0
-180	15	0	136.0	0
-180	20	0	137.0	0
-180	25	0	136.0	0
-180	30	0	136.0	0
-180	35	0	136.0	0
-180	40	0	135.0	0
-180	45	0	134.0	0
-180	50	0	135.0	0
-180	55	0	134.0	0
-180	60	0	135.0	0
-180	65	0	134.0	0
-180	70	0	133.0	0
-180	75	0	131.0	0
-180	80	0	131.0	0
-180	85	0	132.0	0
-180	90	0	132.0	0
-180	95	0	132.0	0
-180	100	0	132.0	0
-180	105	0	131.0	0
-180	110	0	131.0	0
-180	115	0	132.0	0
-180	120	0	132.0	0
-180	125	0	133.0	0
-180	130	0	133.0	0
-180	135	0	133.0	0
-180	140	0	133.0	0
-180	145	0	133.0	0
-180	150	0	134.0	0
-180	155	0	133.0	0
-180	160	0	134.0	0
-180	165	0	135.0	0
-180	170	0	134.0	0
-180	175	0	134.0	0
-175	-180	0	135.0	0
-175	-175	0	135.0	0
-175	-170	0	136.0	0
-175	-165	0	136.0	0
-175	-160	0	136.0	0
-175	-155	0	137.0	0
-175	-150	0	136.0	0
-175	-145	0	137.0	0
-175	-140	0	137.0	0
-175	-135	0	137.0	0
-175	-130	0	137.0	0
-175	-125	0	137.0	0
-175	-120	0	137.0	0
-175	-115	0	140.0	0
-175	-110	0	140.0	0
-175	-105	0	140.0	0
-175	-100	0	140.0	0
-175	-95	0	139.0	0
-175	-90	0	141.0	0
-175	-85	0	140.0	0
-175	-80	0	141.0	0
-175	-75	0	142.0	0
-175	-70	0	141.0	0
-175	-65	0	142.0	0
-175	-60	0	141.0	0
-175	-55	0	141.0	0
-175	-50	0	141.0	0
-175	-45	0	141.0	0
-175	-40	0	142.0	0
-175	-35	0	142.0	0
-175	-30	0	142.0	0
-175	-25	0	141.0	0
-175	-20	0	141.0	0
-175	-15	0	141.0	0
-175	-10	0	140.0	0
-175	-5	0	141.0	0
-175	0	0	140.0	0
-175	5	0	138.0	0
-175	10	0	139.0	0
-175	15	0	137.0	0
-175	20	0	137.0	0
-175	25	0	136.0	0
-175	30	0	136.0	0
-175	35	0	135.0	0
-175	40	0	134.0	0
-175	45	0	135.0	0
-175	50	0	134.0	0
-175	55	0	134.0	0
-175	60	0	134.0	0
-175	65	0	134.0	0
-175	70	0	135.0	0
-175	75	0	133.0	0
-175	80	0	132.0	0
-175	85	0	132.0	0
-175	90	0	131.0	0
-175	95	0	131.0	0
-175	100	0	132.0	0
-175	105	0	131.0	0
-175	110	0	131.0	0
-175	115	0	131.0	0
-175	120	0	130.0	0
-175	125	0	131.0	0
-175	130	0	131.0	0
-175	135	0	132.0	0
-175	140	0	132.0	0
-175	145	0	133.0	0
-175	150	0	134.0	0
-175	155	0	133.0	0
-175	160	0	133.0	0
-175	165	0	134.0	0
-175	170	0	134.0	0
-175	175	0	135.0	0
-170	-180	0	136.0	0
-170	-175	0	135.0	0
-170	-170	0	136.0	0
-170	-165	0	137.0	0
-170	-160	0	137.0	0
-170	-155	0	137.0	0
-170	-150	0	138.0	0
-170	-145	0	138.0	0
-170	-140	0	137.0	0
-170	-135	0	138.0	0
-170	-130	0	138.0	0
-170	-125	0	138.0	0
-170	-120	0	138.0	0
-170	-115	0	139.0	0
-170	-110	0	139.0	0
-170	-105	0	139.0	0
-170	-100	0	140.0	0
-170	-95	0	141.0	0
-170	-90	0	141.0	0
-170	-85	0	141.0	0
-170	-80	0	142.0	0
-170	-75	0	141.0	0
-170	-70	0	141.0	0
-170	-65	0	141.0	0
-170	-60	0	141.0	0
-170	-55	0	141.0	0
-170	-50	0	141.0	0
-170	-45	0	141.0	0
-170	-40	0	141.0	0
-170	-35	0	141.0	0
-170	-30	0	140.0	0
-170	-25	0	141.0	0
-170	-20	0	140.0	0
-170	-15	0	139.0	0
-170	-10	0	139.0	0
-170	-5	0	139.0	0
-170	0	0	137.0	0
-170	5	0	138.0	0
-170	10	0	139.0	0
-170	15	0	138.0	0
-170	20	0	137.0	0
-170	25	0	136.0	0
-170	30	0	136.0	0
-170	35	0	136.0	0
-170	40	0	135.0	0
-170	45	0	135.0	0
-170	50	0	135.0	0
-170	55	0	135.0	0
-170	60	0	134.0	0
-170	65	0	135.0	0
-170	70	0	133.0	0
-170	75	0	134.0	0
-170	80	0	134.0	0
-170	85	0	133.0	0
-170	90	0	133.0	0
-170	95	0	132.0	0
-170	100	0	132.0	0
-170	105	0	132.0	0
-170	110	0	131.0	0
-170	115	0	131.0	0
-170	120	0	131.0	0
-170	125	0	130.0	0
-170	130	0	132.0	0
-170	135	0	132.0	0
-170	140	0	132.0	0
-170	145	0	132.0	0
-170	150	0	131.0	0
-170	155	0	132.0	0
-170	160	0	133.0	0
-170	165	0	133.0	0
-170	170	0	134.0	0
-170	175	0	135.0	0
-165	-180	0	137.0	0
-165	-175	0	137.0	0
-165	-170	0	139.0	0
-165	-165	0	138.0	0
-165	-160	0	138.0	0
-165	-155	0	139.0	0
-165	-150	0	138.0	0
-165	-145	0	140.0	0
-165	-140	0	139.0	0
-165	-135	0	141.0	0
-165	-130	0	140.0	0
-165	-125	0	141.0	0
-165	-120	0	142.0	0
-165	-115	0	141.0	0
-165	-110	0	142.0	0
-165	-105	0	143.0	0
-165	-100	0	142.0	0
-165	-95	0	142.0	0
-165	-90	0	143.0	0
-165	-85	0	143.0	0
-165	-80	0	143.0	0
-165	-75	0	143.0	0
-165	-70	0	143.0	0
-165	-65	0	144.0	0
-165	-60	0	145.0	0
-165	-55	0	145.0	0
-165	-50	0	145.0	0
-165	-45	0	145.0	0
-165	-40	0	145.0	0
-165	-35	0	145.0	0
-165	-30	0	145.0	0
-165	-25	0	145.0	0
-165	-20	0	144.0	0
-165	-15	0	143.0	0
-165	-10	0	143.0	0
-165	-5	0	142.0	0
-165	0	0	142.0	0
-165	5	0	141.0	0
-165	10	0	141.0	0
-165	15	0	141.0	0
-165	20	0	140.0	0
-165	25	0	140.0	0
-165	30	0	139.0	0
-165	35	0	138.0	0
-165	40	0	137.0	0
-165	45	0	137.0	0
-165	50	0	138.0	0
-165	55	0	136.0	0
-165	60	0	136.0	0
-165	65	0	135.0	0
-165	70	0	135.0	0
-165	75	0	134.0	0
-165	80	0	134.0	0
-165	85	0	134.0	0
-165	90	0	134.0	0
-165	95	0	133.0	0
-165	100	0	134.0	0
-165	105	0	134.0	0
-165	110	0	133.0	0
-165	115	0	133.0	0
-165	120	0	133.0	0
-165	125	0	133.0	0
-165	130	0	134.0	0
-165	135	0	133.0	0
-165	140	0	136.0	0
-165	145	0	136.0	0
-165	150	0	137.0	0
-165	155	0	137.0	0
-165	160	0	136.0	0
-165	165	0	136.0	0
-165	170	0	137.0	0
-165	175	0	136.0	0
-160	-180	0	140.0	0
-160	-175	0	139.0	0
-160	-170	0	140.0	0
-160	-165	0	140.0	0
-160	-160	0	139.0	0
-160	-155	0	140.0	0
-160	-150	0	141.0	0
-160	-145	0	142.0	0
-160	-140	0	142.0	0
-160	-135	0	143.0	0
-160	-130	0	142.0	0
-160	-125	0	142.0	0
-160	-120	0	143.0	0
-160	-115	0	142.0	0
-160	-110	0	144.0	0
-160	-105	0	143.0	0
-160	-100	0	144.0	0
-160	-95	0	145.0	0
-160	-90	0	146.0	0
-160	-85	0	147.0	0
-160	-80	0	147.0	0
-160	-75	0	147.0	0
-160	-70	0	145.0	0
-160	-65	0	146.0	0
-160	-60	0	146.0	0
-160	-55	0	146.0	0
-160	-50	0	146.0	0
-160	-45	0	145.0	0
-160	-40	0	146.0	0
-160	-35	0	146.0	0
-160	-30	0	146.0	0
-160	-25	0	146.0	0
-160	-20	0	145.0	0
-160	-15	0	145.0	0
-160	-10	0	145.0	0
-160	-5	0	144.0	0
-160	0	0	143.0	0
-160	5	0	143.0	0
-160	10	0	142.0	0
-160	15	0	141.0	0
-160	20	0	141.0	0
-160	25	0	141.0	0
-160	30	0	140.0	0
-160	35	0	140.0	0
-160	40	0	138.0	0
-160	45	0	139.0	0
-160	50	0	139.0	0
-160	55	0	138.0	0
-160	60	0	138.0	0
-160	65	0	139.0	0
-160	70	0	138.0	0
-160	75	0	138.0	0
-160	80	0	137.0	0
-160	85	0	137.0	0
-160	90	0	137.0	0
-160	95	0	137.0	0
-160	100	0	137.0	0
-160	105	0	137.0	0
-160	110	0	136.0	0
-160	115	0	136.0	0
-160	120	0	137.0	0
-160	125	0	136.0	0
-160	130	0	137.0	0
-160	135	0	137.0	0
-160	140	0	137.0	0
-160	145	0	137.0	0
-160	150	0	137.0	0
-160	155	0	137.0	0
-160	160	0	137.0	0
-160	165	0	137.0	0
-160	170	0	138.0	0
-160	175	0	139.0	0
-155	-180	0	138.0	0
-155	-175	0	139.0	0
-155	-170	0	139.0	0
-155	-165	0	141.0	0
-155	-160	0	141.0	0
-155	-155	0	140.0	0
-155	-150	0	140.0	0
-155	-145	0	141.0	0
-155	-140	0	141.0	0
-155	-135	0	141.0	0
-155	-130	0	141.0	0
-155	-125	0	142.0	0
-155	-120	0	142.0	0
-155	-115	0	143.0	0
-155	-110	0	143.0	0
-155	-105	0	144.0	0
-155	-100	0	144.0	0
-155	-95	0	143.0	0
-155	-90	0	145.0	0
-155	-85	0	146.0	0
-155	-80	0	145.0	0
-155	-75	0	146.0	0
-155	-70	0	146.0	0
-155	-65	0	146.0	0
-155	-60	0	145.0	0
-155	-55	0	146.0	0
-155	-50	0	146.0	0
-155	-45	0	147.0	0
-155	-40	0	146.0	0
-155	-35	0	146.0	0
-155	-30	0	146.0	0
-155	-25	0	145.0	0
-155	-20	0	146.0	0
-155	-15	0	145.0	0
-155	-10	0	144.0	0
-155	-5	0	144.0	0
-155	0	0	144.0	0
-155	5	0	143.0	0
-155	10	0	142.0	0
-155	15	0	142.0	0
-155	20	0	141.0	0
-155	25	0	141.0	0
-155	30	0	140.0	0
-155	35	0	140.0	0
-155	40	0	139.0	0
-155	45	0	139.0	0
-155	50	0	138.0	0
-155	55	0	138.0	0
-155	60	0	138.0	0
-155	65	0	136.0	0
-155	70	0	137.0	0
-155	75	0	136.0	0
-155	80	0	137.0	0
-155	85	0	136.0	0
-155	90	0	136.0	0
-155	95	0	136.0	0
-155	100	0	136.0	0
-155	105	0	136.0	0
-155	110	0	136.0	0
-155	115	0	135.0	0
-155	120	0	137.0	0
-155	125	0	136.0	0
-155	130	0	137.0	0
-155	135	0	138.0	0
-155	140	0	137.0	0
-155	145	0	136.0	0
-155	150	0	137.0	0
-155	155	0	137.0	0
-155	160	0	139.0	0
-155	165	0	140.0	0
-155	170	0	139.0	0
-155	175	0	138.0	0
-150	-180	0	137.0	0
-150	-175	0	138.0	0
-150	-170	0	138.0	0
-150	-165	0	140.0	0
-150	-160	0	140.0	0
-150	-155	0	139.0	0
-150	-150	0	139.0	0
-150	-145	0	139.0	0
-150	-140	0	140.0	0
-150	-135	0	140.0	0
-150	-130	0	140.0	0
-150	-125	0	140.0	0
-150	-120	0	140.0	0
-150	-115	0	140.0	0
-150	-110	0	141.0	0
-150	-105	0	142.0	0
-150	-100	0	142.0	0
-150	-95	0	143.0	0
-150	-90	0	143.0	0
-150	-85	0	143.0	0
-150	-80	0	145.0	0
-150	-75	0	145.0	0
-150	-70	0	145.0	0
-150	-65	0	146.0	0
-150	-60	0	144.0	0
-150	-55	0	146.0	0
-150	-50	0	146.0	0
-150	-45	0	145.0	0
-150	-40	0	144.0	0
-150	-35	0	145.0	0
-150	-30	0	145.0	0
-150	-25	0	145.0	0
-150	-20	0	145.0	0
-150	-15	0	144.0	0
-150	-10	0	144.0	0
-150	-5	0	143.0	0
-150	0	0	143.0	0
-150	5	0	143.0	0
-150	10	0	142.0	0
-150	15	0	141.0	0
-150	20	0	141.0	0
-150	25	0	141.0	0
-150	30	0	140.0	0
-150	35	0	140.0	0
-150	40	0	139.0	0
-150	45	0	138.0	0
-150	50	0	137.0	0
-150	55	0	138.0	0
-150	60	0	138.0	0
-150	65	0	137.0	0
-150	70	0	138.0	0
-150	75	0	135.0	0
-150	80	0	135.0	0
-150	85	0	135.0	0
-150	90	0	134.0	0
-150	95	0	134.0	0
-150	100	0	134.0	0
-150	105	0	135.0	0
-150	110	0	135.0	0
-150	115	0	134.0	0
-150	120	0	134.0	0
-150	125	5.0	134.0	1
-150	130	0	135.0	0
-150	135	0	136.0	0
-150	140	0	135.0	0
-150	145	0	135.0	0
-150	150	0	137.0	0
-150	155	0	137.0	0
-150	160	0	138.0	0
-150	165	0	139.0	0
-150	170	0	138.0	0
-150	175	0	137.0	0
-145	-180	0	139.0	0
-145	-175	0	140.0	0
-145	-170	0	139.0	0
-145	-165	0	138.0	0
-145	-160	0	139.0	0
-145	-155	0	141.0	0
-145	-150	0	141.0	0
-145	-145	0	141.0	0
-145	-140	0	142.0	0
-145	-135	0	143.0	0
-145	-130	0	142.0	0
-145	-125	0	143.0	0
-145	-120	0	143.0	0
-145	-115	0	143.0	0
-145	-110	0	143.0	0
-145	-105	0	145.0	0
-145	-100	0	145.0	0
-145	-95	0	144.0	0
-145	-90	0	145.0	0
-145	-85	0	144.0	0
-145	-80	0	145.0	0
-145	-75	0	145.0	0
-145	-70	0	144.0	0
-145	-65	0	145.0	0
-145	-60	0	144.0	0
-145	-55	0	145.0	0
-145	-50	0	145.0	0
-145	-45	0	146.0	0
-145	-40	0	145.0	0
-145	-35	0	145.0	0
-145	-30	0	144.0	0
-145	-25	0	143.0	0
-145	-20	0	143.0	0
-145	-15	0	143.0	0
-145	-10	0	141.0	0
-145	-5	0	141.0	0
-145	0	0	142.0	0
-145	5	0	142.0	0
-145	10	0	141.0	0
-145	15	0	141.0	0
-145	20	0	141.0	0
-145	25	0	141.0	0
-145	30	0	141.0	0
-145	35	0	141.0	0
-145	40	0	140.0	0
-145	45	0	139.0	0
-145	50	0	140.0	0
-145	55	0	140.0	0
-145	60	0	139.0	0
-145	65	0	139.0	0
-145	70	0	137.0	0
-145	75	0	138.0	0
-145	80	0	137.0	0
-145	85	0	137.0	0
-145	90	0	136.0	0
-145	95	0	135.0	0
-145	100	0	136.0	0
-145	105	0	136.0	0
-145	110	0	135.0	0
-145	115	0	136.0	0
-145	120	0	135.0	0
-145	125	0	136.0	0
-145	130	0	136.0	0
-145	135	0	134.0	0
-145	140	0	136.0	0
-145	145	0	135.0	0
-145	150	0	136.0	0
-145	155	0	138.0	0
-145	160	0	137.0	0
-145	165	0	136.0	0
-145	170	0	137.0	0
-145	175	0	138.0	0
-140	-180	0	139.0	0
-140	-175	0	139.0	0
-140	-170	0	140.0	0
-140	-165	0	140.0	0
-140	-160	0	140.0	0
-140	-155	0	141.0	0
-140	-150	0	140.0	0
-140	-145	0	141.0	0
-140	-140	0	141.0	0
-140	-135	0	141.0	0
-140	-130	0	142.0	0
-140	-125	0	143.0	0
-140	-120	0	144.0	0
-140	-115	0	144.0	0
-140	-110	0	144.0	0
-140	-105	0	144.0	0
-140	-100	0	144.0	0
-140	-95	0	145.0	0
-140	-90	0	145.0	0
-140	-85	0	146.0	0
-140	-80	0	145.0	0
-140	-75	0	146.0	0
-140	-70	0	146.0	0
-140	-65	0	147.0	0
-140	-60	0	147.0	0
-140	-55	0	148.0	0
-140	-50	0	147.0	0
-140	-45	0	146.0	0
-140	-40	0	146.0	0
-140	-35	0	146.0	0
-140	-30	0	146.0	0
-140	-25	0	146.0	0
-140	-20	0	145.0	0
-140	-15	0	145.0	0
-140	-10	0	145.0	0
-140	-5	0	144.0	0
-140	0	0	143.0	0
-140	5	0	144.0	0
-140	10	0	143.0	0
-140	15	0	143.0	0
-140	20	0	143.0	0
-140	25	0	142.0	0
-140	30	0	143.0	0
-140	35	0	142.0	0
-140	40	0	141.0	0
-140	45	0	141.0	0
-140	50	0	141.0	0
-140	55	0	141.0	0
-140	60	0	139.0	0
-140	65	0	139.0	0
-140	70	0	138.0	0
-140	75	0	138.0	0
-140	80	0	138.0	0
-140	85	0	137.0	0
-140	90	0	137.0	0
-140	95	0	137.0	0
-140	100	0	136.0	0
-140	105	0	136.0	0
-140	110	0	136.0	0
-140	115	0	137.0	0
-140	120	0	136.0	0
-140	125	0	136.0	0
-140	130	0	135.0	0
-140	135	0	137.0	0
-140	140	0	138.0	0
-140	145	0	137.0	0
-140	150	0	137.0	0
-140	155	0	137.0	0
-140	160	0	138.0	0
-140	165	0	138.0	0
-140	170	0	139.0	0
-140	175	0	138.0	0
-135	-180	0	138.0	0
-135	-175	0	139.0	0
-135	-170	0	140.0	0
-135	-165	0	140.0	0
-135	-160	0	142.0	0
-135	-155	0	142.0	0
-135	-150	0	141.0	0
-135	-145	0	143.0	0
-135	-140	0	142.0	0
-135	-135	0	144.0	0
-135	-130	0	143.0	0
-135	-125	0	144.0	0
-135	-120	0	144.0	0
-135	-115	0	145.0	0
-135	-110	0	146.0	0
-135	-105	0	145.0	0
-135	-100	0	146.0	0
-135	-95	0	147.0	0
-135	-90	0	147.0	0
-135	-85	0	146.0	0
-135	-80	0	148.0	0
-135	-75	0	147.0	0
-135	-70	0	146.0	0
-135	-65	0	147.0	0
-135	-60	0	147.0	0
-135	-55	0	148.0	0
-135	-50	0	147.0	0
-135	-45	0	147.0	0
-135	-40	0	146.0	0
-135	-35	0	147.0	0
-135	-30	0	146.0	0
-135	-25	0	146.0	0
-135	-20	0	145.0	0
-135	-15	0	145.0	0
-135	-10	0	145.0	0
-135	-5	0	145.0	0
-135	0	0	144.0	0
-135	5	0	144.0	0
-135	10	0	144.0	0
-135	15	0	144.0	0
-135	20	0	144.0	0
-135	25	0	143.0	0
-135	30	0	143.0	0
-135	35	0	142.0	0
-135	40	0	141.0	0
-135	45	0	141.0	0
-135	50	0	142.0	0
-135	55	0	142.0	0
-135	60	0	142.0	0
-135	65	0	142.0	0
-135	70	0	141.0	0
-135	75	0	141.0	0
-135	80	0	139.0	0
-135	85	0	141.0	0
-135	90	0	139.0	0
-135	95	0	139.0	0
-135	100	0	139.0	0
-135	105	0	138.0	0
-135	110	0	138.0	0
-135	115	0	137.0	0
-135	120	0	137.0	0
-135	125	0	137.0	0
-135	130	0	136.0	0
-135	135	0	138.0	0
-135	140	0	138.0	0
-135	145	0	138.0	0
-135	150	0	138.0	0
-135	155	0	137.0	0
-135	160	0	137.0	0
-135	165	0	139.0	0
-135	170	0	139.0	0
-135	175	0	138.0	0
-130	-180	0	139.0	0
-130	-175	0	140.0	0
-130	-170	0	140.0	0
-130	-165	0	141.0	0
-130	-160	0	141.0	0
-130	-155	0	141.0	0
-130	-150	0	141.0	0
-130	-145	0	141.0	0
-130	-140	0	142.0	0
-130	-135	0	142.0	0
-130	-130	0	143.0	0
-130	-125	0	143.0	0
-130	-120	0	145.0	0
-130	-115	0	144.0	0
-130	-110	0	144.0	0
-130	-105	0	146.0	0
-130	-100	0	146.0	0
-130	-95	0	146.0	0
-130	-90	0	147.0	0
-130	-85	0	146.0	0
-130	-80	0	146.0	0
-130	-75	0	147.0	0
-130	-70	0	146.0	0
-130	-65	0	147.0	0
-130	-60	0	146.0	0
-130	-55	0	147.0	0
-130	-50	0	147.0	0
-130	-45	0	147.0	0
-130	-40	0	146.0	0
-130	-35	0	146.0	0
-130	-30	0	146.0	0
-130	-25	0	146.0	0
-130	-20	0	147.0	0
-130	-15	0	146.0	0
-130	-10	0	146.0	0
-130	-5	0	146.0	0
-130	0	0	145.0	0
-130	5	0	145.0	0
-130	10	0	145.0	0
-130	15	0	145.0	0
-130	20	0	144.0	0
-130	25	0	144.0	0
-130	30	0	143.0	0
-130	35	0	144.0	0
-130	40	0	143.0	0
-130	45	0	142.0	0
-130	50	0	142.0	0
-130	55	0	141.0	0
-130	60	0	142.0	0
-130	65	0	142.0	0
-130	70	0	142.0	0
-130	75	0	142.0	0
-130	80	0	140.0	0
-130	85	0	141.0	0
-130	90	0	139.0	0
-130	95	0	139.0	0
-130	100	0	139.0	0
-130	105	0	139.0	0
-130	110	0	138.0	0
-130	115	0	138.0	0
-130	120	0	138.0	0
-130	125	0	137.0	0
-130	130	0	138.0	0
-130	135	0	137.0	0
-130	140	0	138.0	0
-130	145	0	137.0	0
-130	150	0	139.0	0
-130	155	0	138.0	0
-130	160	0	138.0	0
-130	165	0	138.0	0
-130	170	0	138.0	0
-130	175	0	139.0	0
-125	-180	0	137.0	0
-125	-175	0	139.0	0
-125	-170	0	140.0	0
-125	-165	0	140.0	0
-125	-160	0	141.0	0
-125	-155	0	141.0	0
-125	-150	0	140.0	0
-125	-145	0	140.0	0
-125	-140	0	140.0	0
-125	-135	63.0	141.0	1
-125	-130	0	141.0	0
-125	-125	0	142.0	0
-125	-120	91.0	142.0	1
-125	-115	0	141.0	0
-125	-110	0	143.0	0
-125	-105	0	144.0	0
-125	-100	0	143.0	0
-125	-95	0	144.0	0
-125	-90	0	143.0	0
-125	-85	0	144.0	0
-125	-80	0	144.0	0
-125	-75	0	144.0	0
-125	-70	0	145.0	0
-125	-65	0	145.0	0
-125	-60	0	144.0	0
-125	-55	0	144.0	0
-125	-50	0	143.0	0
-125	-45	0	144.0	0
-125	-40	0	144.0	0
-125	-35	0	144.0	0
-125	-30	0	145.0	0
-125	-25	0	144.0	0
-125	-20	0	145.0	0
-125	-15	0	145.0	0
-125	-10	0	145.0	0
-125	-5	0	145.0	0
-125	0	0	145.0	0
-125	5	0	144.0	0
-125	10	0	145.0	0
-125	15	0	143.0	0
-125	20	0	144.0	0
-125	25	0	145.0	0
-125	30	0	145.0	0
-125	35	0	143.0	0
-125	40	0	143.0	0
-125	45	0	143.0	0
-125	50	0	142.0	0
-125	55	0	142.0	0
-125	60	0	142.0	0
-125	65	0	140.0	0
-125	70	0	139.0	0
-125	75	0	139.0	0
-125	80	0	139.0	0
-125	85	0	138.0	0
-125	90	0	138.0	0
-125	95	0	138.0	0
-125	100	0	137.0	0
-125	105	0	136.0	0
-125	110	0	136.0	0
-125	115	0	135.0	0
-125	120	0	135.0	0
-125	125	0	135.0	0
-125	130	0	135.0	0
-125	135	0	135.0	0
-125	140	0	135.0	0
-125	145	0	135.0	0
-125	150	0	136.0	0
-125	155	0	136.0	0
-125	160	0	137.0	0
-125	165	0	137.0	0
-125	170	0	137.0	0
-125	175	0	138.0	0
-120	-180	0	140.0	0
-120	-175	0	140.0	0
-120	-170	0	140.0	0
-120	-165	0	140.0	0
-120	-160	0	140.0	0
-120	-155	0	140.0	0
-120	-150	0	141.0	0
-120	-145	0	142.0	0
-120	-140	0	143.0	0
-120	-135	0	142.0	0
-120	-130	0	143.0	0
-120	-125	0	143.0	0
-120	-120	0	145.0	0
-120	-115	0	144.0	0
-120	-110	0	145.0	0
-120	-105	0	146.0	0
-120	-100	0	145.0	0
-120	-95	0	146.0	0
-120	-90	0	146.0	0
-120	-85	0	146.0	0
-120	-80	0	147.0	0
-120	-75	0	146.0	0
-120	-70	0	145.0	0
-120	-65	0	146.0	0
-120	-60	0	146.0	0
-120	-55	0	146.0	0
-120	-50	0	146.0	0
-120	-45	0	146.0	0
-120	-40	0	146.0	0
-120	-35	0	146.0	0
-120	-30	0	146.0	0
-120	-25	0	146.0	0
-120	-20	0	146.0	0
-120	-15	0	146.0	0
-120	-10	0	146.0	0
-120	-5	0	146.0	0
-120	0	0	147.0	0
-120	5	0	146.0	0
-120	10	0	147.0	0
-120	15	0	146.0	0
-120	20	0	145.0	0
-120	25	0	145.0	0
-120	30	0	144.0	0
-120	35	0	144.0	0
-120	40	0	144.0	0
-120	45	0	144.0	0
-120	50	0	144.0	0
-120	55	0	143.0	0
-120	60	0	144.0	0
-120	65	0	143.0	0
-120	70	0	144.0	0
-120	75	0	142.0	0
-120	80	0	142.0	0
-120	85	0	141.0	0
-120	90	0	141.0	0
-120	95	0	140.0	0
-120	100	0	139.0	0
-120	105	0	139.0	0
-120	110	0	139.0	0
-120	115	0	138.0	0
-120	120	0	138.0	0
-120	125	0	137.0	0
-120	130	0	137.0	0
-120	135	0	137.0	0
-120	140	0	138.0	0
-120	145	0	137.0	0
-120	150	0	137.0	0
-120	155	0	137.0	0
-120	160	0	137.0	0
-120	165	0	138.0	0
-120	170	0	139.0	0
-120	175	0	139.0	0
-115	-180	0	141.0	0
-115	-175	0	142.0	0
-115	-170	0	142.0	0
-115	-165	0	141.0	0
-115	-160	0	141.0	0
-115	-155	0	143.0	0
-115	-150	0	143.0	0
-115	-145	0	143.0	0
-115	-140	0	142.0	0
-115	-135	0	144.0	0
-115	-130	0	144.0	0
-115	-125	0	144.0	0
-115	-120	0	144.0	0
-115	-115	0	144.0	0
-115	-110	0	145.0	0
-115	-105	0	145.0	0
-115	-100	0	145.0	0
-115	-95	0	146.0	0
-115	-90	0	145.0	0
-115	-85	0	147.0	0
-115	-80	0	147.0	0
-115	-75	0	146.0	0
-115	-70	0	147.0	0
-115	-65	0	148.0	0
-115	-60	0	146.0	0
-115	-55	0	147.0	0
-115	-50	0	147.0	0
-115	-45	0	147.0	0
-115	-40	0	148.0	0
-115	-35	0	148.0	0
-115	-30	0	148.0	0
-115	-25	0	148.0	0
-115	-20	0	148.0	0
-115	-15	0	148.0	0
-115	-10	0	148.0	0
-115	-5	0	147.0	0
-115	0	111.0	148.0	3
-115	5	17.0	147.0	1
-115	10	0	148.0	0
-115	15	0	148.0	0
-115	20	0	148.0	0
-115	25	0	147.0	0
-115	30	0	146.0	0
-115	35	0	148.0	0
-115	40	0	146.0	0
-115	45	0	146.0	0
-115	50	0	145.0	0
-115	55	100.0	145.0	1
-115	60	0	144.0	0
-115	65	0	144.0	0
-115	70	0	144.0	0
-115	75	0	143.0	0
-115	80	0	143.0	0
-115	85	0	143.0	0
-115	90	0	141.0	0
-115	95	0	141.0	0
-115	100	0	139.0	0
-115	105	0	140.0	0
-115	110	0	139.0	0
-115	115	0	139.0	0
-115	120	0	139.0	0
-115	125	0	138.0	0
-115	130	0	138.0	0
-115	135	0	137.0	0
-115	140	0	139.0	0
-115	145	0	138.0	0
-115	150	37.0	138.0	1
-115	155	0	139.0	0
-115	160	0	139.0	0
-115	165	0	139.0	0
-115	170	0	140.0	0
-115	175	0	140.0	0
-110	-180	0	140.0	0
-110	-175	0	140.0	0
-110	-170	0	142.0	0
-110	-165	0	143.0	0
-110	-160	0	143.0	0
-110	-155	0	143.0	0
-110	-150	0	143.0	0
-110	-145	0	143.0	0
-110	-140	0	143.0	0
-110	-135	0	143.0	0
-110	-130	0	143.0	0
-110	-125	0	144.0	0
-110	-120	0	145.0	0
-110	-115	0	146.0	0
-110	-110	0	146.0	0
-110	-105	0	146.0	0
-110	-100	0	147.0	0
-110	-95	0	146.0	0
-110	-90	0	147.0	0
-110	-85	0	147.0	0
-110	-80	0	146.0	0
-110	-75	0	147.0	0
-110	-70	0	148.0	0
-110	-65	0	147.0	0
-110	-60	0	148.0	0
-110	-55	0	147.0	0
-110	-50	0	148.0	0
-110	-45	0	148.0	0
-110	-40	0	148.0	0
-110	-35	0	148.0	0
-110	-30	0	148.0	0
-110	-25	0	148.0	0
-110	-20	0	148.0	0
-110	-15	0	148.0	0
-110	-10	0	149.0	0
-110	-5	0	148.0	2
-110	0	0	149.0	0
-110	5	96.0	149.0	4
-110	10	0	148.0	0
-110	15	35.0	148.0	1
-110	20	0	148.0	0
-110	25	0	148.0	0
-110	30	0	148.0	0
-110	35	0	148.0	0
-110	40	77.0	147.0	2
-110	45	51.0	148.0	1
-110	50	0	148.0	1
-110	55	0	148.0	0
-110	60	0	148.0	0
-110	65	0	146.0	0
-110	70	0	146.0	0
-110	75	0	144.0	0
-110	80	0	144.0	0
-110	85	0	144.0	0
-110	90	0	143.0	0
-110	95	0	143.0	0
-110	100	0	141.0	0
-110	105	0	141.0	0
-110	110	0	140.0	0
-110	115	0	140.0	0
-110	120	0	138.0	0
-110	125	0	139.0	0
-110	130	0	139.0	1
-110	135	0	139.0	0
-110	140	53.0	139.0	1
-110	145	1.0	139.0	1
-110	150	0	140.0	0
-110	155	23.0	140.0	1
-110	160	0	140.0	0
-110	165	6.0	141.0	1
-110	170	0	142.0	0
-110	175	36.0	141.0	1
-105	-180	37.0	141.0	2
-105	-175	7.0	140.0	1
-105	-170	0	140.0	0
-105	-165	0	141.0	0
-105	-160	0	141.0	0
-105	-155	0	141.0	0
-105	-150	0	141.0	0
-105	-145	0	143.0	0
-105	-140	0	143.0	0
-105	-135	0	143.0	0
-105	-130	0	143.0	0
-105	-125	0	143.0	0
-105	-120	0	143.0	0
-105	-115	0	145.0	0
-105	-110	0	144.0	0
-105	-105	0	145.0	0
-105	-100	0	144.0	0
-105	-95	0	145.0	0
-105	-90	0	145.0	0
-105	-85	0	145.0	0
-105	-80	0	146.0	0
-105	-75	0	146.0	0
-105	-70	0	146.0	0
-105	-65	0	146.0	0
-105	-60	0	147.0	0
-105	-55	0	147.0	0
-105	-50	0	147.0	0
-105	-45	0	147.0	0
-105	-40	0	148.0	0
-105	-35	0	147.0	0
-105	-30	0	148.0	0
-105	-25	0	148.0	0
-105	-20	1.0	148.0	1
-105	-15	91.0	148.0	1
-105	-10	64.0	148.0	2
-105	-5	100.0	148.0	3
-105	0	80.0	148.0	7
-105	5	6.0	148.0	3
-105	10	76.0	149.0	5
-105	15	52.0	149.0	3
-105	20	32.0	148.0	2
-105	25	29.0	148.0	1
-105	30	104.0	148.0	2
-105	35	21.0	147.0	1
-105	40	69.0	146.0	2
-105	45	0	145.0	0
-105	50	33.0	146.0	2
-105	55	0	146.0	0
-105	60	0	145.0	0
-105	65	0	146.0	0
-105	70	0	144.0	0
-105	75	0	144.0	0
-105	80	0	144.0	0
-105	85	0	142.0	1
-105	90	0	142.0	0
-105	95	0	142.0	0
-105	100	0	142.0	0
-105	105	0	141.0	0
-105	110	0	140.0	0
-105	115	0	140.0	0
-105	120	0	140.0	0
-105	125	0	138.0	0
-105	130	0	139.0	0
-105	135	7.0	137.0	1
-105	140	0	138.0	1
-105	145	0	139.0	0
-105	150	1.0	138.0	1
-105	155	0	138.0	0
-105	160	7.0	138.0	1
-105	165	75.0	138.0	1
-105	170	40.0	140.0	2
-105	175	0	140.0	1
-100	-180	86.0	144.0	1
-100	-175	86.0	144.0	2
-100	-170	25.0	143.0	1
-100	-165	0	143.0	0
-100	-160	0	144.0	0
-100	-155	0	145.0	0
-100	-150	0	144.0	0
-100	-145	0	144.0	0
-100	-140	0	145.0	0
-100	-135	0	145.0	0
-100	-130	0	145.0	0
-100	-125	0	146.0	0
-100	-120	0	146.0	0
-100	-115	0	146.0	0
-100	-110	0	147.0	0
-100	-105	0	147.0	0
-100	-100	0	147.0	0
-100	-95	0	147.0	0
-100	-90	0	148.0	0
-100	-85	108.0	148.0	1
-100	-80	0	149.0	0
-100	-75	0	149.0	0
-100	-70	0	150.0	0
-100	-65	0	149.0	0
-100	-60	0	149.0	0
-100	-55	0	151.0	0
-100	-50	0	150.0	0
-100	-45	0	150.0	0
-100	-40	0	150.0	0
-100	-35	0	150.0	0
-100	-30	0	150.0	0
-100	-25	0	150.0	0
-100	-20	25.0	151.0	1
-100	-15	65.0	150.0	2
-100	-10	93.0	151.0	5
-100	-5	120.0	150.0	14
-100	0	109.0	150.0	15
-100	5	86.0	150.0	9
-100	10	108.0	151.0	9
-100	15	127.0	152.0	10
-100	20	82.0	151.0	5
-100	25	124.0	151.0	9
-100	30	81.0	152.0	3
-100	35	71.0	151.0	2
-100	40	0	151.0	0
-100	45	0	151.0	0
-100	50	0	150.0	1
-100	55	39.0	149.0	2
-100	60	0	148.0	0
-100	65	0	148.0	0
-100	70	0	147.0	0
-100	75	0	148.0	0
-100	80	0	147.0	0
-100	85	0	147.0	0
-100	90	0	145.0	0
-100	95	4.0	144.0	1
-100	100	0	144.0	0
-100	105	0	143.0	0
-100	110	0	143.0	0
-100	115	0	142.0	0
-100	120	0	142.0	0
-100	125	0	141.0	1
-100	130	76.0	141.0	2
-100	135	9.0	141.0	1
-100	140	72.0	140.0	2
-100	145	66.0	141.0	1
-100	150	14.0	141.0	5
-100	155	4.0	140.0	1
-100	160	4.0	140.0	2
-100	165	2.0	141.0	3
-100	170	47.0	142.0	3
-100	175	0	142.0	1
-95	-180	39.0	141.0	4
-95	-175	24.0	142.0	1
-95	-170	0	143.0	0
-95	-165	0	143.0	0
-95	-160	0	143.0	0
-95	-155	0	143.0	0
-95	-150	0	144.0	0
-95	-145	0	145.0	0
-95	-140	0	144.0	0
-95	-135	0	145.0	0
-95	-130	0	145.0	0
-95	-125	0	146.0	0
-95	-120	0	146.0	0
-95	-115	0	146.0	0
-95	-110	0	145.0	0
-95	-105	0	146.0	0
-95	-100	0	146.0	0
-95	-95	0	148.0	0
-95	-90	0	147.0	0
-95	-85	0	147.0	0
-95	-80	0	148.0	0
-95	-75	0	148.0	0
-95	-70	0	148.0	0
-95	-65	0	149.0	0
-95	-60	0	149.0	0
-95	-55	0	149.0	0
-95	-50	0	150.0	0
-95	-45	0	150.0	0
-95	-40	0	150.0	0
-95	-35	0	151.0	0
-95	-30	0	151.0	0
-95	-25	127.0	151.0	1
-95	-20	69.0	152.0	4
-95	-15	134.0	151.0	5
-95	-10	118.0	152.0	12
-95	-5	125.0	152.0	12
-95	0	141.0	152.0	36
-95	5	123.0	152.0	31
-95	10	134.0	152.0	13
-95	15	137.0	153.0	15
-95	20	121.0	151.0	11
-95	25	128.0	151.0	11
-95	30	83.0	152.0	4
-95	35	23.0	151.0	2
-95	40	1.0	151.0	1
-95	45	0	150.0	0
-95	50	0	150.0	0
-95	55	0	150.0	0
-95	60	79.0	150.0	2
-95	65	0	149.0	0
-95	70	0	149.0	0
-95	75	0	148.0	0
-95	80	0	147.0	0
-95	85	0	148.0	0
-95	90	0	146.0	0
-95	95	0	146.0	0
-95	100	98.0	144.0	1
-95	105	1.0	145.0	1
-95	110	54.0	143.0	2
-95	115	0	143.0	0
-95	120	54.0	143.0	3
-95	125	80.0	141.0	3
-95	130	108.0	141.0	4
-95	135	121.0	141.0	4
-95	140	86.0	140.0	12
-95	145	82.0	141.0	12
-95	150	92.0	141.0	13
-95	155	43.0	141.0	7
-95	160	117.0	141.0	10
-95	165	104.0	142.0	15
-95	170	103.0	142.0	7
-95	175	90.0	142.0	5
-90	-180	80.0	142.0	10
-90	-175	60.0	142.0	2
-90	-170	0	143.0	1
-90	-165	0	143.0	0
-90	-160	0	143.0	0
-90	-155	0	143.0	0
-90	-150	12.0	144.0	1
-90	-145	13.0	144.0	1
-90	-140	0	146.0	0
-90	-135	0	147.0	0
-90	-130	0	145.0	0
-90	-125	0	146.0	0
-90	-120	0	145.0	0
-90	-115	0	145.0	0
-90	-110	0	145.0	0
-90	-105	0	147.0	0
-90	-100	0	148.0	0
-90	-95	0	148.0	0
-90	-90	0	147.0	0
-90	-85	0	148.0	0
-90	-80	0	148.0	0
-90	-75	96.0	148.0	1
-90	-70	0	149.0	0
-90	-65	0	149.0	0
-90	-60	0	150.0	0
-90	-55	0	150.0	0
-90	-50	77.0	150.0	1
-90	-45	0	151.0	0
-90	-40	0	152.0	0
-90	-35	0	151.0	0
-90	-30	111.0	152.0	1
-90	-25	96.0	152.0	4
-90	-20	118.0	153.0	16
-90	-15	131.0	153.0	18
-90	-10	133.0	153.0	29
-90	-5	131.0	153.0	41
-90	0	131.0	153.0	49
-90	5	120.0	153.0	42
-90	10	135.0	153.0	25
-90	15	113.0	153.0	11
-90	20	121.0	153.0	11
-90	25	94.0	153.0	2
-90	30	115.0	153.0	5
-90	35	57.0	153.0	2
-90	40	90.0	153.0	5
-90	45	41.0	152.0	2
-90	50	133.0	150.0	7
-90	55	91.0	150.0	5
-90	60	90.0	150.0	7
-90	65	0	150.0	1
-90	70	37.0	149.0	3
-90	75	59.0	149.0	2
-90	80	1.0	148.0	2
-90	85	79.0	148.0	2
-90	90	0	146.0	1
-90	95	0	146.0	0
-90	100	84.0	145.0	2
-90	105	105.0	145.0	1
-90	110	97.0	145.0	3
-90	115	6.0	144.0	4
-90	120	83.0	142.0	3
-90	125	103.0	142.0	7
-90	130	81.0	142.0	5
-90	135	89.0	141.0	14
-90	140	99.0	141.0	27
-90	145	105.0	141.0	23
-90	150	103.0	140.0	20
-90	155	87.0	141.0	26
-90	160	125.0	141.0	20
-90	165	97.0	141.0	26
-90	170	84.0	142.0	19
-90	175	67.0	142.0	8
-85	-180	114.0	142.0	17
-85	-175	35.0	142.0	5
-85	-170	74.0	143.0	6
-85	-165	33.0	143.0	2
-85	-160	29.0	144.0	3
-85	-155	0	145.0	0
-85	-150	0	145.0	0
-85	-145	0	144.0	0
-85	-140	0	145.0	0
-85	-135	0	145.0	0
-85	-130	0	145.0	0
-85	-125	0	145.0	0
-85	-120	0	145.0	0
-85	-115	0	146.0	0
-85	-110	0	145.0	0
-85	-105	0	146.0	0
-85	-100	0	147.0	0
-85	-95	0	147.0	0
-85	-90	0	147.0	0
-85	-85	0	148.0	0
-85	-80	0	147.0	0
-85	-75	105.0	148.0	1
-85	-70	0	150.0	0
-85	-65	3.0	150.0	1
-85	-60	0	150.0	0
-85	-55	0	151.0	0
-85	-50	0	151.0	0
-85	-45	6.0	152.0	1
-85	-40	0	153.0	0
-85	-35	82.0	153.0	1
-85	-30	120.0	153.0	8
-85	-25	112.0	152.0	17
-85	-20	128.0	153.0	19
-85	-15	125.0	153.0	37
-85	-10	136.0	154.0	58
-85	-5	133.0	153.0	70
-85	0	135.0	154.0	61
-85	5	136.0	154.0	25
-85	10	133.0	154.0	21
-85	15	127.0	153.0	12
-85	20	22.0	153.0	1
-85	25	98.0	154.0	5
-85	30	83.0	154.0	5
-85	35	63.0	155.0	4
-85	40	120.0	154.0	11
-85	45	105.0	154.0	10
-85	50	143.0	153.0	16
-85	55	125.0	152.0	26
-85	60	122.0	151.0	32
-85	65	134.0	152.0	40
-85	70	108.0	151.0	29
-85	75	52.0	149.0	13
-85	80	77.0	148.0	8
-85	85	86.0	148.0	5
-85	90	103.0	147.0	3
-85	95	34.0	147.0	5
-85	100	108.0	146.0	4
-85	105	47.0	145.0	2
-85	110	35.0	145.0	3
-85	115	86.0	144.0	13
-85	120	96.0	143.0	15
-85	125	73.0	144.0	16
-85	130	121.0	143.0	25
-85	135	109.0	142.0	35
-85	140	90.0	142.0	44
-85	145	121.0	142.0	58
-85	150	140.0	142.0	55
-85	155	126.0	141.0	69
-85	160	127.0	141.0	75
-85	165	123.0	140.0	76
-85	170	110.0	141.0	46
-85	175	82.0	141.0	32
-80	-180	126.0	142.0	15
-80	-175	129.0	143.0	12
-80	-170	70.0	143.0	3
-80	-165	36.0	143.0	3
-80	-160	10.0	144.0	1
-80	-155	0	145.0	0
-80	-150	68.0	145.0	1
-80	-145	0	145.0	0
-80	-140	0	144.0	0
-80	-135	0	144.0	0
-80	-130	0	144.0	0
-80	-125	0	144.0	0
-80	-120	0	145.0	0
-80	-115	0	146.0	0
-80	-110	0	146.0	0
-80	-105	0	147.0	0
-80	-100	0	147.0	0
-80	-95	0	147.0	0
-80	-90	0	146.0	0
-80	-85	106.0	147.0	1
-80	-80	0	148.0	1
-80	-75	0	148.0	0
-80	-70	0	150.0	0
-80	-65	0	149.0	0
-80	-60	0	149.0	0
-80	-55	0	151.0	0
-80	-50	0	151.0	0
-80	-45	81.0	151.0	1
-80	-40	16.0	153.0	1
-80	-35	99.0	153.0	4
-80	-30	133.0	152.0	9
-80	-25	129.0	153.0	45
-80	-20	140.0	154.0	56
-80	-15	136.0	153.0	106
-80	-10	148.0	154.0	87
-80	-5	118.0	154.0	73
-80	0	133.0	155.0	46
-80	5	128.0	155.0	15
-80	10	132.0	154.0	11
-80	15	73.0	154.0	2
-80	20	85.0	154.0	3
-80	25	128.0	154.0	3
-80	30	83.0	154.0	2
-80	35	132.0	155.0	3
-80	40	133.0	154.0	4
-80	45	93.0	154.0	6
-80	50	107.0	153.0	11
-80	55	98.0	153.0	23
-80	60	136.0	153.0	38
-80	65	134.0	151.0	33
-80	70	120.0	151.0	34
-80	75	111.0	150.0	15
-80	80	133.0	149.0	15
-80	85	137.0	148.0	9
-80	90	44.0	147.0	6
-80	95	23.0	146.0	4
-80	100	81.0	146.0	11
-80	105	122.0	145.0	13
-80	110	91.0	145.0	13
-80	115	116.0	144.0	18
-80	120	118.0	143.0	27
-80	125	94.0	144.0	27
-80	130	106.0	143.0	54
-80	135	108.0	142.0	85
-80	140	129.0	142.0	82
-80	145	121.0	142.0	110
-80	150	114.0	142.0	142
-80	155	127.0	143.0	178
-80	160	131.0	142.0	165
-80	165	119.0	142.0	136
-80	170	128.0	142.0	83
-80	175	103.0	143.0	43
-75	-180	52.0	141.0	12
-75	-175	90.0	142.0	5
-75	-170	83.0	142.0	5
-75	-165	21.0	141.0	1
-75	-160	0	142.0	0
-75	-155	0	142.0	0
-75	-150	0	141.0	0
-75	-145	0	142.0	0
-75	-140	0	144.0	0
-75	-135	0	143.0	0
-75	-130	0	144.0	0
-75	-125	0	142.0	0
-75	-120	0	143.0	0
-75	-115	0	144.0	0
-75	-110	0	145.0	0
-75	-105	0	145.0	0
-75	-100	0	144.0	0
-75	-95	0	145.0	0
-75	-90	0	145.0	0
-75	-85	0	146.0	0
-75	-80	0	146.0	0
-75	-75	0	146.0	0
-75	-70	0	148.0	0
-75	-65	0	149.0	0
-75	-60	0	149.0	0
-75	-55	0	150.0	0
-75	-50	19.0	150.0	1
-75	-45	22.0	152.0	1
-75	-40	122.0	151.0	5
-75	-35	124.0	152.0	24
-75	-30	134.0	152.0	54
-75	-25	142.0	153.0	85
-75	-20	142.0	154.0	115
-75	-15	145.0	153.0	121
-75	-10	134.0	154.0	125
-75	-5	139.0	154.0	68
-75	0	112.0	154.0	25
-75	5	130.0	155.0	4
-75	10	53.0	155.0	3
-75	15	81.0	154.0	2
-75	20	112.0	154.0	2
-75	25	108.0	153.0	4
-75	30	59.0	153.0	2
-75	35	74.0	153.0	2
-75	40	0	153.0	0
-75	45	51.0	153.0	2
-75	50	117.0	151.0	7
-75	55	75.0	151.0	7
-75	60	101.0	150.0	6
-75	65	122.0	150.0	7
-75	70	126.0	149.0	8
-75	75	122.0	148.0	5
-75	80	79.0	148.0	4
-75	85	74.0	148.0	6
-75	90	45.0	146.0	3
-75	95	62.0	145.0	2
-75	100	51.0	145.0	6
-75	105	131.0	144.0	14
-75	110	115.0	144.0	11
-75	115	124.0	143.0	17
-75	120	84.0	143.0	34
-75	125	101.0	143.0	52
-75	130	122.0	142.0	67
-75	135	123.0	141.0	142
-75	140	128.0	141.0	222
-75	145	130.0	141.0	225
-75	150	133.0	141.0	299
-75	155	129.0	141.0	304
-75	160	126.0	141.0	266
-75	165	125.0	140.0	178
-75	170	121.0	141.0	81
-75	175	107.0	141.0	34
-70	-180	107.0	142.0	4
-70	-175	3.0	142.0	2
-70	-170	0	143.0	0
-70	-165	0	143.0	1
-70	-160	0	143.0	0
-70	-155	0	144.0	0
-70	-150	0	144.0	0
-70	-145	0	144.0	0
-70	-140	0	143.0	0
-70	-135	0	144.0	0
-70	-130	7.0	144.0	1
-70	-125	0	144.0	0
-70	-120	0	144.0	0
-70	-115	0	144.0	0
-70	-110	0	144.0	0
-70	-105	0	144.0	0
-70	-100	0	145.0	0
-70	-95	0	145.0	0
-70	-90	0	145.0	0
-70	-85	0	147.0	0
-70	-80	45.0	147.0	1
-70	-75	0	148.0	0
-70	-70	0	150.0	0
-70	-65	0	149.0	0
-70	-60	139.0	150.0	1
-70	-55	107.0	151.0	4
-70	-50	105.0	152.0	6
-70	-45	66.0	152.0	3
-70	-40	144.0	153.0	34
-70	-35	138.0	154.0	92
-70	-30	137.0	155.0	173
-70	-25	140.0	155.0	213
-70	-20	152.0	155.0	243
-70	-15	145.0	156.0	246
-70	-10	132.0	156.0	141
-70	-5	144.0	157.0	27
-70	0	129.0	157.0	8
-70	5	131.0	156.0	2
-70	10	117.0	156.0	2
-70	15	102.0	156.0	1
-70	20	124.0	156.0	1
-70	25	0	155.0	0
-70	30	0	156.0	0
-70	35	72.0	155.0	1
-70	40	0	155.0	0
-70	45	145.0	155.0	1
-70	50	25.0	155.0	1
-70	55	113.0	155.0	3
-70	60	31.0	153.0	1
-70	65	86.0	152.0	3
-70	70	105.0	152.0	1
-70	75	81.0	150.0	1
-70	80	81.0	149.0	1
-70	85	0	149.0	0
-70	90	0	148.0	1
-70	95	84.0	147.0	2
-70	100	92.0	146.0	5
-70	105	113.0	145.0	3
-70	110	130.0	145.0	12
-70	115	140.0	144.0	21
-70	120	136.0	144.0	32
-70	125	136.0	143.0	63
-70	130	133.0	142.0	124
-70	135	137.0	142.0	207
-70	140	133.0	141.0	328
-70	145	129.0	141.0	427
-70	150	132.0	142.0	486
-70	155	132.0	142.0	397
-70	160	126.0	141.0	279
-70	165	135.0	142.0	117
-70	170	120.0	141.0	52
-70	175	81.0	141.0	17
-65	-180	0	142.0	0
-65	-175	31.0	142.0	1
-65	-170	0	143.0	0
-65	-165	0	143.0	0
-65	-160	0	143.0	0
-65	-155	0	142.0	0
-65	-150	0	145.0	0
-65	-145	0	144.0	0
-65	-140	0	144.0	0
-65	-135	0	143.0	0
-65	-130	0	144.0	0
-65	-125	0	144.0	0
-65	-120	0	145.0	0
-65	-115	0	146.0	0
-65	-110	0	146.0	0
-65	-105	0	145.0	0
-65	-100	0	146.0	0
-65	-95	0	147.0	0
-65	-90	0	148.0	0
-65	-85	0	148.0	0
-65	-80	2.0	149.0	1
-65	-75	96.0	149.0	1
-65	-70	102.0	151.0	1
-65	-65	0	151.0	0
-65	-60	97.0	152.0	1
-65	-55	66.0	153.0	4
-65	-50	132.0	153.0	11
-65	-45	135.0	154.0	65
-65	-40	130.0	154.0	217
-65	-35	138.0	155.0	397
-65	-30	146.0	156.0	443
-65	-25	154.0	156.0	416
-65	-20	145.0	157.0	446
-65	-15	148.0	157.0	213
-65	-10	136.0	157.0	57
-65	-5	126.0	158.0	14
-65	0	112.0	159.0	2
-65	5	50.0	159.0	2
-65	10	0	157.0	0
-65	15	0	158.0	0
-65	20	123.0	158.0	1
-65	25	0	156.0	0
-65	30	0	156.0	0
-65	35	0	156.0	0
-65	40	0	156.0	0
-65	45	0	155.0	0
-65	50	0	155.0	0
-65	55	0	155.0	0
-65	60	0	154.0	0
-65	65	44.0	153.0	1
-65	70	0	152.0	0
-65	75	0	151.0	0
-65	80	0	150.0	0
-65	85	0	150.0	0
-65	90	0	149.0	0
-65	95	2.0	148.0	1
-65	100	70.0	148.0	1
-65	105	69.0	147.0	3
-65	110	96.0	146.0	3
-65	115	131.0	147.0	12
-65	120	142.0	147.0	50
-65	125	138.0	144.0	104
-65	130	139.0	144.0	191
-65	135	133.0	144.0	323
-65	140	134.0	144.0	482
-65	145	140.0	142.0	597
-65	150	135.0	142.0	524
-65	155	132.0	142.0	320
-65	160	133.0	142.0	165
-65	165	120.0	142.0	70
-65	170	125.0	143.0	18
-65	175	60.0	143.0	5
-60	-180	0	142.0	0
-60	-175	0	143.0	0
-60	-170	0	142.0	0
-60	-165	0	142.0	0
-60	-160	0	142.0	0
-60	-155	0	142.0	0
-60	-150	0	142.0	0
-60	-145	0	144.0	0
-60	-140	0	143.0	0
-60	-135	0	144.0	0
-60	-130	0	144.0	0
-60	-125	0	145.0	0
-60	-120	0	144.0	0
-60	-115	0	146.0	0
-60	-110	115.0	146.0	1
-60	-105	0	147.0	0
-60	-100	0	147.0	0
-60	-95	0	148.0	0
-60	-90	0	148.0	0
-60	-85	0	148.0	0
-60	-80	0	149.0	0
-60	-75	38.0	149.0	1
-60	-70	0	151.0	0
-60	-65	0	151.0	0
-60	-60	127.0	152.0	3
-60	-55	112.0	153.0	14
-60	-50	128.0	154.0	63
-60	-45	133.0	155.0	265
-60	-40	141.0	155.0	536
-60	-35	148.0	155.0	573
-60	-30	149.0	156.0	481
-60	-25	149.0	157.0	365
-60	-20	141.0	157.0	200
-60	-15	138.0	157.0	56
-60	-10	112.0	157.0	13
-60	-5	124.0	156.0	3
-60	0	103.0	157.0	1
-60	5	0	158.0	0
-60	10	0	158.0	0
-60	15	94.0	159.0	1
-60	20	0	158.0	0
-60	25	0	157.0	0
-60	30	0	157.0	0
-60	35	0	157.0	0
-60	40	0	157.0	0
-60	45	0	157.0	0
-60	50	0	156.0	0
-60	55	0	156.0	0
-60	60	8.0	154.0	1
-60	65	0	154.0	0
-60	70	102.0	154.0	1
-60	75	0	154.0	0
-60	80	32.0	151.0	1
-60	85	0	152.0	0
-60	90	0	150.0	0
-60	95	0	149.0	0
-60	100	0	148.0	0
-60	105	116.0	147.0	3
-60	110	138.0	146.0	2
-60	115	132.0	146.0	8
-60	120	133.0	146.0	38
-60	125	138.0	144.0	123
-60	130	136.0	144.0	275
-60	135	145.0	143.0	456
-60	140	139.0	144.0	613
-60	145	139.0	143.0	585
-60	150	135.0	141.0	348
-60	155	132.0	141.0	166
-60	160	117.0	141.0	73
-60	165	80.0	140.0	20
-60	170	3.0	141.0	1
-60	175	67.0	141.0	1
-55	-180	0	143.0	0
-55	-175	0	143.0	0
-55	-170	0	142.0	0
-55	-165	0	143.0	0
-55	-160	0	142.0	0
-55	-155	0	143.0	0
-55	-150	0	143.0	0
-55	-145	0	142.0	0
-55	-140	0	143.0	0
-55	-135	0	143.0	0
-55	-130	0	144.0	0
-55	-125	0	145.0	0
-55	-120	0	144.0	0
-55	-115	0	145.0	0
-55	-110	0	146.0	0
-55	-105	0	147.0	0
-55	-100	0	148.0	0
-55	-95	0	148.0	0
-55	-90	0	149.0	0
-55	-85	109.0	150.0	1
-55	-80	0	151.0	0
-55	-75	0	152.0	0
-55	-70	0	152.0	0
-55	-65	144.0	153.0	1
-55	-60	51.0	154.0	4
-55	-55	132.0	155.0	23
-55	-50	134.0	156.0	103
-55	-45	146.0	156.0	322
-55	-40	145.0	155.0	453
-55	-35	148.0	156.0	348
-55	-30	149.0	156.0	245
-55	-25	141.0	157.0	115
-55	-20	141.0	159.0	35
-55	-15	146.0	159.0	5
-55	-10	49.0	160.0	1
-55	-5	0	160.0	0
-55	0	0	158.0	0
-55	5	0	159.0	0
-55	10	120.0	159.0	3
-55	15	0	159.0	0
-55	20	0	159.0	0
-55	25	0	159.0	0
-55	30	107.0	158.0	1
-55	35	0	158.0	0
-55	40	0	159.0	0
-55	45	0	157.0	0
-55	50	0	157.0	0
-55	55	0	157.0	0
-55	60	0	157.0	0
-55	65	0	156.0	0
-55	70	0	154.0	0
-55	75	0	153.0	0
-55	80	0	152.0	0
-55	85	53.0	153.0	1
-55	90	0	150.0	0
-55	95	0	150.0	0
-55	100	0	149.0	0
-55	105	80.0	148.0	1
-55	110	126.0	148.0	4
-55	115	138.0	147.0	12
-55	120	134.0	147.0	44
-55	125	136.0	144.0	138
-55	130	140.0	144.0	295
-55	135	140.0	144.0	394
-55	140	143.0	143.0	370
-55	145	132.0	143.0	222
-55	150	125.0	142.0	108
-55	155	125.0	141.0	32
-55	160	109.0	142.0	9
-55	165	74.0	142.0	2
-55	170	67.0	143.0	1
-55	175	0	142.0	0
-50	-180	0	142.0	0
-50	-175	0	142.0	0
-50	-170	0	142.0	0
-50	-165	0	142.0	0
-50	-160	0	142.0	0
-50	-155	0	142.0	0
-50	-150	0	143.0	0
-50	-145	0	144.0	0
-50	-140	0	143.0	0
-50	-135	0	143.0	0
-50	-130	0	143.0	0
-50	-125	0	143.0	0
-50	-120	0	144.0	0
-50	-115	0	145.0	0
-50	-110	59.0	146.0	1
-50	-105	0	147.0	0
-50	-100	0	148.0	0
-50	-95	0	149.0	0
-50	-90	0	150.0	0
-50	-85	0	150.0	0
-50	-80	0	152.0	0
-50	-75	0	152.0	0
-50	-70	115.0	153.0	1
-50	-65	0	154.0	0
-50	-60	106.0	154.0	4
-50	-55	139.0	155.0	18
-50	-50	146.0	156.0	61
-50	-45	138.0	156.0	173
-50	-40	146.0	156.0	164
-50	-35	144.0	156.0	86
-50	-30	147.0	157.0	34
-50	-25	104.0	158.0	9
-50	-20	0	159.0	0
-50	-15	37.0	160.0	2
-50	-10	129.0	160.0	1
-50	-5	0	160.0	0
-50	0	0	159.0	0
-50	5	0	159.0	0
-50	10	0	159.0	0
-50	15	0	159.0	0
-50	20	0	159.0	0
-50	25	0	159.0	0
-50	30	0	158.0	0
-50	35	0	158.0	0
-50	40	0	158.0	0
-50	45	0	157.0	0
-50	50	0	157.0	0
-50	55	0	156.0	0
-50	60	0	155.0	0
-50	65	0	154.0	0
-50	70	0	154.0	0
-50	75	141.0	154.0	1
-50	80	0	152.0	0
-50	85	0	152.0	0
-50	90	0	150.0	0
-50	95	0	150.0	0
-50	100	0	149.0	0
-50	105	74.0	148.0	1
-50	110	88.0	148.0	2
-50	115	143.0	147.0	6
-50	120	131.0	146.0	29
-50	125	134.0	144.0	70
-50	130	127.0	144.0	120
-50	135	127.0	143.0	103
-50	140	122.0	143.0	72
-50	145	112.0	144.0	24
-50	150	114.0	143.0	10
-50	155	43.0	142.0	2
-50	160	80.0	142.0	1
-50	165	118.0	142.0	1
-50	170	0	142.0	0
-50	175	0	143.0	0
-45	-180	0	143.0	0
-45	-175	0	143.0	0
-45	-170	0	143.0	0
-45	-165	0	143.0	0
-45	-160	0	143.0	0
-45	-155	0	143.0	0
-45	-150	0	144.0	0
-45	-145	0	144.0	0
-45	-140	0	143.0	0
-45	-135	0	144.0	0
-45	-130	0	145.0	0
-45	-125	0	146.0	0
-45	-120	0	146.0	0
-45	-115	0	145.0	0
-45	-110	0	146.0	0
-45	-105	0	147.0	0
-45	-100	0	147.0	0
-45	-95	0	148.0	0
-45	-90	0	150.0	0
-45	-85	0	151.0	0
-45	-80	0	152.0	0
-45	-75	0	153.0	0
-45	-70	0	155.0	0
-45	-65	18.0	155.0	2
-45	-60	30.0	157.0	1
-45	-55	128.0	158.0	14
-45	-50	130.0	158.0	33
-45	-45	141.0	158.0	40
-45	-40	126.0	158.0	18
-45	-35	126.0	158.0	4
-45	-30	114.0	159.0	3
-45	-25	105.0	159.0	3
-45	-20	49.0	160.0	1
-45	-15	0	160.0	0
-45	-10	0	160.0	0
-45	-5	0	162.0	0
-45	0	0	162.0	0
-45	5	107.0	161.0	1
-45	10	0	161.0	0
-45	15	0	161.0	0
-45	20	0	161.0	0
-45	25	0	160.0	0
-45	30	0	161.0	0
-45	35	0	160.0	0
-45	40	0	160.0	0
-45	45	0	158.0	0
-45	50	0	158.0	0
-45	55	0	157.0	0
-45	60	0	156.0	0
-45	65	0	156.0	0
-45	70	0	154.0	0
-45	75	0	153.0	0
-45	80	0	154.0	0
-45	85	0	153.0	0
-45	90	0	151.0	0
-45	95	0	151.0	0
-45	100	0	150.0	0
-45	105	21.0	149.0	1
-45	110	80.0	148.0	2
-45	115	123.0	147.0	4
-45	120	127.0	146.0	8
-45	125	127.0	145.0	13
-45	130	135.0	144.0	21
-45	135	135.0	144.0	11
-45	140	106.0	144.0	6
-45	145	80.0	143.0	4
-45	150	0	143.0	0
-45	155	0	142.0	0
-45	160	0	141.0	0
-45	165	0	141.0	0
-45	170	57.0	141.0	1
-45	175	0	141.0	0
-40	-180	0	142.0	0
-40	-175	0	143.0	0
-40	-170	0	144.0	0
-40	-165	0	143.0	0
-40	-160	0	145.0	0
-40	-155	0	145.0	0
-40	-150	0	143.0	0
-40	-145	0	145.0	0
-40	-140	0	145.0	0
-40	-135	0	144.0	0
-40	-130	0	145.0	0
-40	-125	0	146.0	0
-40	-120	0	146.0	0
-40	-115	0	146.0	0
-40	-110	0	148.0	0
-40	-105	0	147.0	0
-40	-100	0	149.0	0
-40	-95	0	150.0	0
-40	-90	105.0	153.0	1
-40	-85	0	153.0	0
-40	-80	0	154.0	0
-40	-75	0	156.0	0
-40	-70	77.0	157.0	2
-40	-65	85.0	157.0	2
-40	-60	151.0	158.0	4
-40	-55	53.0	158.0	2
-40	-50	120.0	159.0	6
-40	-45	67.0	159.0	2
-40	-40	137.0	160.0	2
-40	-35	115.0	161.0	2
-40	-30	6.0	161.0	1
-40	-25	0	161.0	0
-40	-20	0	162.0	0
-40	-15	0	163.0	0
-40	-10	0	164.0	0
-40	-5	0	164.0	0
-40	0	0	164.0	0
-40	5	0	162.0	0
-40	10	0	162.0	0
-40	15	0	163.0	0
-40	20	0	162.0	0
-40	25	0	162.0	0
-40	30	0	162.0	0
-40	35	0	160.0	0
-40	40	0	161.0	0
-40	45	0	160.0	0
-40	50	0	160.0	0
-40	55	0	158.0	0
-40	60	0	158.0	0
-40	65	0	158.0	0
-40	70	0	156.0	0
-40	75	0	156.0	0
-40	80	0	155.0	0
-40	85	0	153.0	0
-40	90	0	152.0	0
-40	95	114.0	151.0	1
-40	100	19.0	151.0	1
-40	105	0	150.0	0
-40	110	0	151.0	0
-40	115	0	149.0	0
-40	120	117.0	148.0	4
-40	125	119.0	147.0	4
-40	130	124.0	146.0	3
-40	135	111.0	146.0	1
-40	140	73.0	145.0	1
-40	145	0	145.0	0
-40	150	0	144.0	0
-40	155	0	144.0	0
-40	160	0	142.0	0
-40	165	0	142.0	0
-40	170	0	143.0	0
-40	175	0	143.0	0
-35	-180	0	142.0	0
-35	-175	0	142.0	0
-35	-170	0	143.0	0
-35	-165	0	143.0	0
-35	-160	0	143.0	0
-35	-155	0	144.0	0
-35	-150	0	143.0	0
-35	-145	0	144.0	0
-35	-140	0	145.0	0
-35	-135	0	144.0	0
-35	-130	0	145.0	0
-35	-125	0	145.0	0
-35	-120	0	145.0	0
-35	-115	0	146.0	0
-35	-110	0	146.0	0
-35	-105	0	147.0	0
-35	-100	0	148.0	0
-35	-95	145.0	149.0	1
-35	-90	0	150.0	0
-35	-85	0	152.0	0
-35	-80	29.0	153.0	1
-35	-75	0	154.0	0
-35	-70	0	154.0	0
-35	-65	0	156.0	0
-35	-60	135.0	157.0	3
-35	-55	87.0	158.0	2
-35	-50	79.0	158.0	1
-35	-45	115.0	158.0	1
-35	-40	0	160.0	0
-35	-35	140.0	161.0	1
-35	-30	0	161.0	0
-35	-25	0	161.0	0
-35	-20	0	161.0	0
-35	-15	0	162.0	0
-35	-10	0	162.0	0
-35	-5	0	162.0	0
-35	0	0	163.0	0
-35	5	0	163.0	0
-35	10	0	163.0	0
-35	15	0	162.0	0
-35	20	0	162.0	0
-35	25	0	160.0	0
-35	30	0	161.0	0
-35	35	0	159.0	0
-35	40	0	160.0	0
-35	45	0	159.0	0
-35	50	0	157.0	0
-35	55	0	156.0	0
-35	60	0	155.0	0
-35	65	0	155.0	0
-35	70	0	154.0	0
-35	75	99.0	154.0	1
-35	80	0	152.0	0
-35	85	0	151.0	0
-35	90	0	150.0	0
-35	95	0	150.0	0
-35	100	0	148.0	0
-35	105	61.0	148.0	1
-35	110	54.0	147.0	1
-35	115	100.0	145.0	2
-35	120	48.0	145.0	1
-35	125	0	144.0	0
-35	130	7.0	144.0	1
-35	135	40.0	144.0	1
-35	140	58.0	143.0	2
-35	145	0	142.0	0
-35	150	0	141.0	0
-35	155	0	141.0	0
-35	160	0	141.0	0
-35	165	0	141.0	0
-35	170	0	141.0	0
-35	175	0	142.0	0
-30	-180	0	144.0	0
-30	-175	0	144.0	0
-30	-170	0	143.0	0
-30	-165	0	143.0	0
-30	-160	0	143.0	0
-30	-155	0	143.0	0
-30	-150	0	143.0	0
-30	-145	0	144.0	0
-30	-140	0	144.0	0
-30	-135	0	144.0	0
-30	-130	0	143.0	0
-30	-125	0	146.0	0
-30	-120	0	146.0	0
-30	-115	0	147.0	0
-30	-110	0	149.0	0
-30	-105	0	150.0	0
-30	-100	0	152.0	0
-30	-95	0	153.0	0
-30	-90	0	154.0	0
-30	-85	0	155.0	0
-30	-80	0	156.0	0
-30	-75	0	157.0	0
-30	-70	0	159.0	0
-30	-65	41.0	159.0	1
-30	-60	0	159.0	0
-30	-55	0	160.0	0
-30	-50	0	160.0	0
-30	-45	0	161.0	0
-30	-40	0	162.0	0
-30	-35	0	163.0	0
-30	-30	0	164.0	0
-30	-25	0	164.0	0
-30	-20	0	164.0	0
-30	-15	0	164.0	0
-30	-10	0	165.0	0
-30	-5	0	164.0	0
-30	0	0	164.0	0
-30	5	0	164.0	0
-30	10	0	164.0	0
-30	15	0	163.0	0
-30	20	0	165.0	0
-30	25	0	163.0	0
-30	30	0	162.0	0
-30	35	0	162.0	0
-30	40	0	161.0	0
-30	45	0	161.0	0
-30	50	0	160.0	0
-30	55	0	159.0	0
-30	60	0	157.0	0
-30	65	0	157.0	0
-30	70	0	156.0	0
-30	75	0	155.0	0
-30	80	0	155.0	0
-30	85	0	153.0	0
-30	90	0	153.0	0
-30	95	0	152.0	0
-30	100	0	151.0	0
-30	105	0	150.0	0
-30	110	0	148.0	0
-30	115	22.0	147.0	1
-30	120	0	147.0	0
-30	125	0	147.0	0
-30	130	0	145.0	0
-30	135	0	145.0	0
-30	140	0	145.0	0
-30	145	0	144.0	0
-30	150	0	143.0	0
-30	155	0	142.0	0
-30	160	0	143.0	0
-30	165	0	143.0	0
-30	170	0	142.0	0
-30	175	0	143.0	0
-25	-180	0	143.0	0
-25	-175	0	144.0	0
-25	-170	0	143.0	0
-25	-165	0	144.0	0
-25	-160	0	144.0	0
-25	-155	0	144.0	0
-25	-150	0	145.0	0
-25	-145	0	144.0	0
-25	-140	0	143.0	0
-25	-135	0	145.0	0
-25	-130	0	145.0	0
-25	-125	0	145.0	0
-25	-120	0	147.0	0
-25	-115	0	149.0	0
-25	-110	0	150.0	0
-25	-105	0	151.0	0
-25	-100	0	152.0	0
-25	-95	0	152.0	0
-25	-90	0	154.0	0
-25	-85	0	155.0	0
-25	-80	0	156.0	0
-25	-75	0	157.0	0
-25	-70	0	158.0	0
-25	-65	0	159.0	0
-25	-60	0	160.0	0
-25	-55	0	161.0	0
-25	-50	0	162.0	0
-25	-45	0	162.0	0
-25	-40	0	163.0	0
-25	-35	0	163.0	0
-25	-30	0	165.0	0
-25	-25	0	165.0	0
-25	-20	0	164.0	0
-25	-15	0	166.0	0
-25	-10	0	166.0	0
-25	-5	0	165.0	0
-25	0	0	166.0	0
-25	5	0	166.0	0
-25	10	0	165.0	0
-25	15	0	164.0	0
-25	20	0	165.0	0
-25	25	0	163.0	0
-25	30	0	164.0	0
-25	35	0	164.0	0
-25	40	0	161.0	0
-25	45	0	160.0	0
-25	50	0	160.0	0
-25	55	0	159.0	0
-25	60	0	158.0	0
-25	65	0	156.0	0
-25	70	0	156.0	0
-25	75	0	155.0	0
-25	80	0	155.0	0
-25	85	0	153.0	0
-25	90	0	153.0	0
-25	95	0	151.0	0
-25	100	0	150.0	0
-25	105	0	149.0	0
-25	110	0	148.0	0
-25	115	0	148.0	0
-25	120	0	147.0	0
-25	125	0	147.0	0
-25	130	0	146.0	0
-25	135	0	144.0	0
-25	140	0	144.0	0
-25	145	0	143.0	0
-25	150	0	143.0	0
-25	155	0	143.0	0
-25	160	0	143.0	0
-25	165	0	143.0	0
-25	170	0	143.0	0
-25	175	0	143.0	0
-20	-180	0	141.0	0
-20	-175	0	141.0	0
-20	-170	0	142.0	0
-20	-165	0	142.0	0
-20	-160	0	142.0	0
-20	-155	0	143.0	0
-20	-150	0	143.0	0
-20	-145	0	144.0	0
-20	-140	0	143.0	0
-20	-135	0	144.0	0
-20	-130	0	144.0	0
-20	-125	0	145.0	0
-20	-120	0	148.0	0
-20	-115	0	149.0	0
-20	-110	0	148.0	0
-20	-105	102.0	150.0	1
-20	-100	0	150.0	0
-20	-95	0	153.0	0
-20	-90	0	154.0	0
-20	-85	0	155.0	0
-20	-80	0	156.0	0
-20	-75	0	157.0	0
-20	-70	0	158.0	0
-20	-65	0	158.0	0
-20	-60	0	158.0	0
-20	-55	0	160.0	0
-20	-50	0	160.0	0
-20	-45	0	161.0	0
-20	-40	0	162.0	0
-20	-35	0	162.0	0
-20	-30	0	163.0	0
-20	-25	0	163.0	0
-20	-20	0	164.0	0
-20	-15	0	163.0	0
-20	-10	0	164.0	0
-20	-5	0	165.0	0
-20	0	0	165.0	0
-20	5	0	164.0	0
-20	10	0	165.0	0
-20	15	0	164.0	0
-20	20	0	163.0	0
-20	25	0	162.0	0
-20	30	0	161.0	0
-20	35	0	161.0	0
-20	40	0	160.0	0
-20	45	0	160.0	0
-20	50	0	158.0	0
-20	55	0	156.0	0
-20	60	0	156.0	0
-20	65	0	154.0	0
-20	70	0	153.0	0
-20	75	0	153.0	0
-20	80	0	152.0	0
-20	85	0	151.0	0
-20	90	0	151.0	0
-20	95	0	149.0	0
-20	100	0	148.0	0
-20	105	0	148.0	0
-20	110	0	146.0	0
-20	115	0	146.0	0
-20	120	0	145.0	0
-20	125	0	145.0	0
-20	130	0	143.0	0
-20	135	0	142.0	0
-20	140	0	142.0	0
-20	145	0	142.0	0
-20	150	0	142.0	0
-20	155	0	142.0	0
-20	160	0	142.0	0
-20	165	0	141.0	0
-20	170	0	142.0	0
-20	175	0	141.0	0
-15	-180	0	140.0	0
-15	-175	0	140.0	0
-15	-170	0	140.0	0
-15	-165	0	140.0	0
-15	-160	0	140.0	0
-15	-155	0	140.0	0
-15	-150	0	141.0	0
-15	-145	0	142.0	0
-15	-140	0	143.0	0
-15	-135	0	143.0	0
-15	-130	0	144.0	0
-15	-125	0	145.0	0
-15	-120	0	146.0	0
-15	-115	0	148.0	0
-15	-110	0	148.0	0
-15	-105	0	149.0	0
-15	-100	0	150.0	0
-15	-95	0	152.0	0
-15	-90	0	153.0	0
-15	-85	0	154.0	0
-15	-80	0	155.0	0
-15	-75	0	156.0	0
-15	-70	0	156.0	0
-15	-65	17.0	157.0	1
-15	-60	0	158.0	0
-15	-55	0	159.0	0
-15	-50	0	160.0	0
-15	-45	0	161.0	0
-15	-40	0	163.0	0
-15	-35	0	163.0	0
-15	-30	0	163.0	0
-15	-25	0	164.0	0
-15	-20	0	164.0	0
-15	-15	0	164.0	0
-15	-10	0	163.0	0
-15	-5	0	163.0	0
-15	0	0	163.0	0
-15	5	0	163.0	0
-15	10	0	163.0	0
-15	15	0	163.0	0
-15	20	0	162.0	0
-15	25	0	161.0	0
-15	30	0	161.0	0
-15	35	0	159.0	0
-15	40	0	158.0	0
-15	45	0	157.0	0
-15	50	0	157.0	0
-15	55	0	156.0	0
-15	60	0	155.0	0
-15	65	0	153.0	0
-15	70	0	153.0	0
-15	75	0	151.0	0
-15	80	0	150.0	0
-15	85	0	149.0	0
-15	90	0	148.0	0
-15	95	0	148.0	0
-15	100	0	147.0	0
-15	105	0	146.0	0
-15	110	0	145.0	0
-15	115	0	144.0	0
-15	120	0	142.0	0
-15	125	0	142.0	0
-15	130	0	142.0	0
-15	135	0	141.0	0
-15	140	0	141.0	0
-15	145	0	140.0	0
-15	150	0	140.0	0
-15	155	0	140.0	0
-15	160	0	140.0	0
-15	165	0	139.0	0
-15	170	0	140.0	0
-15	175	0	140.0	0
-10	-180	0	142.0	0
-10	-175	0	142.0	0
-10	-170	0	142.0	0
-10	-165	0	142.0	0
-10	-160	0	142.0	0
-10	-155	0	143.0	0
-10	-150	0	142.0	0
-10	-145	0	144.0	0
-10	-140	0	145.0	0
-10	-135	0	145.0	0
-10	-130	0	146.0	0
-10	-125	0	147.0	0
-10	-120	0	148.0	0
-10	-115	0	149.0	0
-10	-110	0	151.0	0
-10	-105	0	151.0	0
-10	-100	0	153.0	0
-10	-95	0	154.0	0
-10	-90	0	155.0	0
-10	-85	0	155.0	0
-10	-80	0	156.0	0
-10	-75	0	158.0	0
-10	-70	0	159.0	0
-10	-65	0	159.0	0
-10	-60	0	161.0	0
-10	-55	0	161.0	0
-10	-50	0	162.0	0
-10	-45	116.0	163.0	1
-10	-40	41.0	164.0	1
-10	-35	0	164.0	0
-10	-30	0	165.0	0
-10	-25	0	165.0	0
-10	-20	0	165.0	0
-10	-15	0	165.0	0
-10	-10	0	166.0	0
-10	-5	0	165.0	0
-10	0	0	164.0	0
-10	5	0	164.0	0
-10	10	0	163.0	0
-10	15	0	164.0	0
-10	20	0	163.0	0
-10	25	0	161.0	0
-10	30	0	161.0	0
-10	35	0	159.0	0
-10	40	0	159.0	0
-10	45	0	158.0	0
-10	50	0	157.0	0
-10	55	0	155.0	0
-10	60	95.0	154.0	1
-10	65	0	154.0	0
-10	70	0	152.0	0
-10	75	0	152.0	0
-10	80	0	151.0	0
-10	85	0	149.0	0
-10	90	0	147.0	0
-10	95	0	147.0	0
-10	100	0	145.0	0
-10	105	0	145.0	0
-10	110	0	144.0	0
-10	115	0	143.0	0
-10	120	0	144.0	0
-10	125	0	142.0	0
-10	130	0	141.0	0
-10	135	0	141.0	0
-10	140	0	141.0	0
-10	145	0	141.0	0
-10	150	0	141.0	0
-10	155	0	140.0	0
-10	160	0	141.0	0
-10	165	0	141.0	0
-10	170	0	141.0	0
-10	175	0	141.0	0
-5	-180	0	142.0	0
-5	-175	0	142.0	0
-5	-170	0	142.0	0
-5	-165	0	142.0	0
-5	-160	0	142.0	0
-5	-155	0	143.0	0
-5	-150	0	143.0	0
-5	-145	0	144.0	0
-5	-140	0	145.0	0
-5	-135	0	146.0	0
-5	-130	0	148.0	0
-5	-125	0	148.0	0
-5	-120	0	148.0	0
-5	-115	0	150.0	0
-5	-110	0	151.0	0
-5	-105	0	152.0	0
-5	-100	0	152.0	0
-5	-95	0	153.0	0
-5	-90	0	155.0	0
-5	-85	0	156.0	0
-5	-80	0	157.0	0
-5	-75	0	158.0	0
-5	-70	0	160.0	0
-5	-65	0	160.0	0
-5	-60	0	162.0	0
-5	-55	0	162.0	0
-5	-50	0	163.0	0
-5	-45	0	163.0	0
-5	-40	0	164.0	0
-5	-35	0	163.0	0
-5	-30	0	164.0	0
-5	-25	0	164.0	0
-5	-20	0	165.0	0
-5	-15	0	165.0	0
-5	-10	0	165.0	0
-5	-5	0	164.0	0
-5	0	0	164.0	0
-5	5	0	164.0	0
-5	10	0	163.0	0
-5	15	0	163.0	0
-5	20	0	163.0	0
-5	25	0	161.0	0
-5	30	0	160.0	0
-5	35	0	159.0	0
-5	40	0	159.0	0
-5	45	0	157.0	0
-5	50	0	156.0	0
-5	55	0	155.0	0
-5	60	0	154.0	0
-5	65	0	153.0	0
-5	70	0	152.0	0
-5	75	0	151.0	0
-5	80	0	149.0	0
-5	85	0	149.0	0
-5	90	0	148.0	0
-5	95	0	147.0	0
-5	100	0	147.0	0
-5	105	0	146.0	0
-5	110	0	145.0	0
-5	115	0	144.0	0
-5	120	0	143.0	0
-5	125	0	142.0	0
-5	130	0	141.0	0
-5	135	0	140.0	0
-5	140	0	141.0	0
-5	145	0	141.0	0
-5	150	0	140.0	0
-5	155	0	140.0	0
-5	160	0	140.0	0
-5	165	0	141.0	0
-5	170	0	140.0	0
-5	175	0	141.0	0
0	-180	0	142.0	0
0	-175	0	141.0	0
0	-170	0	141.0	0
0	-165	0	143.0	0
0	-160	0	144.0	0
0	-155	0	143.0	0
0	-150	0	146.0	0
0	-145	0	145.0	0
0	-140	0	147.0	0
0	-135	0	147.0	0
0	-130	0	148.0	0
0	-125	0	149.0	0
0	-120	0	149.0	0
0	-115	0	150.0	0
0	-110	0	152.0	0
0	-105	0	154.0	0
0	-100	0	155.0	0
0	-95	0	156.0	0
0	-90	0	157.0	0
0	-85	0	158.0	0
0	-80	0	158.0	0
0	-75	0	160.0	0
0	-70	0	161.0	0
0	-65	0	160.0	0
0	-60	0	162.0	0
0	-55	0	161.0	0
0	-50	0	165.0	0
0	-45	0	164.0	0
0	-40	0	165.0	0
0	-35	0	165.0	0
0	-30	0	165.0	0
0	-25	0	166.0	0
0	-20	0	165.0	0
0	-15	0	166.0	0
0	-10	0	166.0	0
0	-5	0	166.0	0
0	0	0	164.0	0
0	5	0	165.0	0
0	10	0	163.0	0
0	15	0	162.0	0
0	20	0	162.0	0
0	25	0	162.0	0
0	30	0	161.0	0
0	35	0	159.0	0
0	40	0	158.0	0
0	45	0	156.0	0
0	50	0	156.0	0
0	55	0	155.0	0
0	60	0	153.0	0
0	65	0	152.0	0
0	70	0	151.0	0
0	75	0	151.0	0
0	80	0	150.0	0
0	85	0	149.0	0
0	90	0	146.0	0
0	95	0	145.0	0
0	100	0	145.0	0
0	105	0	144.0	0
0	110	0	144.0	0
0	115	0	143.0	0
0	120	0	143.0	0
0	125	0	142.0	0
0	130	0	141.0	0
0	135	0	141.0	0
0	140	0	140.0	0
0	145	0	141.0	0
0	150	0	140.0	0
0	155	0	140.0	0
0	160	0	142.0	0
0	165	0	141.0	0
0	170	0	140.0	0
0	175	0	141.0	0
5	-180	0	142.0	0
5	-175	0	141.0	0
5	-170	0	142.0	0
5	-165	0	142.0	0
5	-160	0	142.0	0
5	-155	0	143.0	0
5	-150	0	143.0	0
5	-145	0	145.0	0
5	-140	0	146.0	0
5	-135	0	147.0	0
5	-130	0	148.0	0
5	-125	0	149.0	0
5	-120	0	150.0	0
5	-115	0	151.0	0
5	-110	0	151.0	0
5	-105	0	153.0	0
5	-100	0	154.0	0
5	-95	0	155.0	0
5	-90	0	156.0	0
5	-85	0	157.0	0
5	-80	0	158.0	0
5	-75	0	160.0	0
5	-70	0	161.0	0
5	-65	0	160.0	0
5	-60	0	162.0	0
5	-55	0	162.0	0
5	-50	0	163.0	0
5	-45	0	164.0	0
5	-40	0	164.0	0
5	-35	0	164.0	0
5	-30	0	164.0	0
5	-25	0	164.0	0
5	-20	0	165.0	0
5	-15	0	165.0	0
5	-10	0	165.0	0
5	-5	0	164.0	0
5	0	0	163.0	0
5	5	0	164.0	0
5	10	0	163.0	0
5	15	0	161.0	0
5	20	0	161.0	0
5	25	0	161.0	0
5	30	0	159.0	0
5	35	0	158.0	0
5	40	0	157.0	0
5	45	0	155.0	0
5	50	0	154.0	0
5	55	0	153.0	0
5	60	0	153.0	0
5	65	0	152.0	0
5	70	0	151.0	0
5	75	0	151.0	0
5	80	0	149.0	0
5	85	0	148.0	0
5	90	0	146.0	0
5	95	0	145.0	0
5	100	0	144.0	0
5	105	0	143.0	0
5	110	0	143.0	0
5	115	0	142.0	0
5	120	0	142.0	0
5	125	0	140.0	0
5	130	0	140.0	0
5	135	0	140.0	0
5	140	0	140.0	0
5	145	0	140.0	0
5	150	0	139.0	0
5	155	0	139.0	0
5	160	0	141.0	0
5	165	0	140.0	0
5	170	0	140.0	0
5	175	0	141.0	0
10	-180	0	141.0	0
10	-175	0	141.0	0
10	-170	0	141.0	0
10	-165	0	141.0	0
10	-160	0	143.0	0
10	-155	0	144.0	0
10	-150	0	145.0	0
10	-145	0	145.0	0
10	-140	0	146.0	0
10	-135	0	147.0	0
10	-130	0	148.0	0
10	-125	0	149.0	0
10	-120	0	150.0	0
10	-115	0	151.0	0
10	-110	0	152.0	0
10	-105	0	154.0	0
10	-100	0	156.0	0
10	-95	0	156.0	0
10	-90	0	157.0	0
10	-85	0	157.0	0
10	-80	0	157.0	0
10	-75	0	158.0	0
10	-70	0	159.0	0
10	-65	0	160.0	0
10	-60	0	161.0	0
10	-55	0	161.0	0
10	-50	0	163.0	0
10	-45	0	163.0	0
10	-40	0	164.0	0
10	-35	0	164.0	0
10	-30	0	164.0	0
10	-25	0	164.0	0
10	-20	0	164.0	0
10	-15	0	164.0	0
10	-10	0	163.0	0
10	-5	0	163.0	0
10	0	0	162.0	0
10	5	0	162.0	0
10	10	0	162.0	0
10	15	0	161.0	0
10	20	0	160.0	0
10	25	0	159.0	0
10	30	0	158.0	0
10	35	0	157.0	0
10	40	0	157.0	0
10	45	0	155.0	0
10	50	0	154.0	0
10	55	0	153.0	0
10	60	0	151.0	0
10	65	0	150.0	0
10	70	0	149.0	0
10	75	0	148.0	0
10	80	0	146.0	0
10	85	0	145.0	0
10	90	0	144.0	0
10	95	0	143.0	0
10	100	0	143.0	0
10	105	0	142.0	0
10	110	0	141.0	0
10	115	0	141.0	0
10	120	0	140.0	0
10	125	0	139.0	0
10	130	0	138.0	0
10	135	0	138.0	0
10	140	0	138.0	0
10	145	0	138.0	0
10	150	0	139.0	0
10	155	0	140.0	0
10	160	0	139.0	0
10	165	0	139.0	0
10	170	0	139.0	0
10	175	0	141.0	0
15	-180	0	141.0	0
15	-175	0	141.0	0
15	-170	0	142.0	0
15	-165	0	142.0	0
15	-160	0	143.0	0
15	-155	0	144.0	0
15	-150	0	145.0	0
15	-145	0	145.0	0
15	-140	0	146.0	0
15	-135	0	147.0	0
15	-130	0	148.0	0
15	-125	0	150.0	0
15	-120	0	150.0	0
15	-115	0	152.0	0
15	-110	0	153.0	0
15	-105	0	154.0	0
15	-100	0	157.0	0
15	-95	0	157.0	0
15	-90	0	157.0	0
15	-85	0	158.0	0
15	-80	0	159.0	0
15	-75	0	160.0	0
15	-70	0	160.0	0
15	-65	0	161.0	0
15	-60	0	162.0	0
15	-55	0	162.0	0
15	-50	0	163.0	0
15	-45	0	164.0	0
15	-40	0	163.0	0
15	-35	0	163.0	0
15	-30	0	164.0	0
15	-25	0	165.0	0
15	-20	0	165.0	0
15	-15	0	165.0	0
15	-10	0	164.0	0
15	-5	0	164.0	0
15	0	0	163.0	0
15	5	0	162.0	0
15	10	0	161.0	0
15	15	0	161.0	0
15	20	0	160.0	0
15	25	0	161.0	0
15	30	0	159.0	0
15	35	0	157.0	0
15	40	0	156.0	0
15	45	0	155.0	0
15	50	0	154.0	0
15	55	0	152.0	0
15	60	0	151.0	0
15	65	0	151.0	0
15	70	0	150.0	0
15	75	0	149.0	0
15	80	0	146.0	0
15	85	0	147.0	0
15	90	0	145.0	0
15	95	0	144.0	0
15	100	0	143.0	0
15	105	0	141.0	0
15	110	0	141.0	0
15	115	0	140.0	0
15	120	0	138.0	0
15	125	0	138.0	0
15	130	0	139.0	0
15	135	0	140.0	0
15	140	0	140.0	0
15	145	0	139.0	0
15	150	0	140.0	0
15	155	0	140.0	0
15	160	0	140.0	0
15	165	0	140.0	0
15	170	0	141.0	0
15	175	0	142.0	0
20	-180	0	141.0	0
20	-175	0	141.0	0
20	-170	0	141.0	0
20	-165	0	143.0	0
20	-160	0	144.0	0
20	-155	0	145.0	0
20	-150	0	144.0	0
20	-145	0	146.0	0
20	-140	0	147.0	0
20	-135	0	148.0	0
20	-130	0	150.0	0
20	-125	0	150.0	0
20	-120	0	151.0	0
20	-115	0	152.0	0
20	-110	0	153.0	0
20	-105	0	154.0	0
20	-100	0	156.0	0
20	-95	0	157.0	0
20	-90	0	157.0	0
20	-85	0	158.0	0
20	-80	0	160.0	0
20	-75	0	160.0	0
20	-70	0	161.0	0
20	-65	0	160.0	0
20	-60	0	162.0	0
20	-55	0	162.0	0
20	-50	0	163.0	0
20	-45	0	164.0	0
20	-40	0	164.0	0
20	-35	0	164.0	0
20	-30	0	163.0	0
20	-25	0	163.0	0
20	-20	0	164.0	0
20	-15	0	164.0	0
20	-10	0	163.0	0
20	-5	0	162.0	0
20	0	0	163.0	0
20	5	0	162.0	0
20	10	0	160.0	0
20	15	0	160.0	0
20	20	0	159.0	0
20	25	0	158.0	0
20	30	0	157.0	0
20	35	0	156.0	0
20	40	0	154.0	0
20	45	0	154.0	0
20	50	0	153.0	0
20	55	0	151.0	0
20	60	0	150.0	0
20	65	0	148.0	0
20	70	0	148.0	0
20	75	0	147.0	0
20	80	0	146.0	0
20	85	0	145.0	0
20	90	0	144.0	0
20	95	0	143.0	0
20	100	0	142.0	0
20	105	0	141.0	0
20	110	0	139.0	0
20	115	0	140.0	0
20	120	0	139.0	0
20	125	0	139.0	0
20	130	0	138.0	0
20	135	0	138.0	0
20	140	0	140.0	0
20	145	0	140.0	0
20	150	0	140.0	0
20	155	0	140.0	0
20	160	0	141.0	0
20	165	0	140.0	0
20	170	0	142.0	0
20	175	0	141.0	0
25	-180	0	141.0	0
25	-175	0	140.0	0
25	-170	0	141.0	0
25	-165	0	141.0	0
25	-160	0	143.0	0
25	-155	0	143.0	0
25	-150	0	144.0	0
25	-145	0	146.0	0
25	-140	0	146.0	0
25	-135	0	148.0	0
25	-130	0	148.0	0
25	-125	0	149.0	0
25	-120	0	151.0	0
25	-115	0	152.0	0
25	-110	0	153.0	0
25	-105	0	153.0	0
25	-100	0	156.0	0
25	-95	0	157.0	0
25	-90	0	157.0	0
25	-85	0	158.0	0
25	-80	0	159.0	0
25	-75	0	159.0	0
25	-70	0	160.0	0
25	-65	0	160.0	0
25	-60	0	162.0	0
25	-55	0	162.0	0
25	-50	0	163.0	0
25	-45	0	164.0	0
25	-40	0	163.0	0
25	-35	0	162.0	0
25	-30	0	162.0	0
25	-25	0	163.0	0
25	-20	0	163.0	0
25	-15	0	163.0	0
25	-10	0	162.0	0
25	-5	0	162.0	0
25	0	0	162.0	0
25	5	0	159.0	0
25	10	0	159.0	0
25	15	0	158.0	0
25	20	0	158.0	0
25	25	0	157.0	0
25	30	0	156.0	0
25	35	0	154.0	0
25	40	0	153.0	0
25	45	0	152.0	0
25	50	0	151.0	0
25	55	0	150.0	0
25	60	0	149.0	0
25	65	0	148.0	0
25	70	0	147.0	0
25	75	0	145.0	0
25	80	0	145.0	0
25	85	0	145.0	0
25	90	0	143.0	0
25	95	0	142.0	0
25	100	0	141.0	0
25	105	0	140.0	0
25	110	0	139.0	0
25	115	0	139.0	0
25	120	0	138.0	0
25	125	0	138.0	0
25	130	0	139.0	0
25	135	0	138.0	0
25	140	0	139.0	0
25	145	0	139.0	0
25	150	0	139.0	0
25	155	0	140.0	0
25	160	0	139.0	0
25	165	0	139.0	0
25	170	0	140.0	0
25	175	0	141.0	0
30	-180	0	140.0	0
30	-175	0	141.0	0
30	-170	0	142.0	0
30	-165	0	142.0	0
30	-160	0	142.0	0
30	-155	0	144.0	0
30	-150	0	145.0	0
30	-145	0	145.0	0
30	-140	0	146.0	0
30	-135	0	148.0	0
30	-130	0	149.0	0
30	-125	0	150.0	0
30	-120	0	151.0	0
30	-115	0	153.0	0
30	-110	0	153.0	0
30	-105	0	153.0	0
30	-100	0	155.0	0
30	-95	0	156.0	0
30	-90	0	156.0	0
30	-85	0	157.0	0
30	-80	0	158.0	0
30	-75	0	158.0	0
30	-70	0	160.0	0
30	-65	0	160.0	0
30	-60	0	162.0	0
30	-55	0	161.0	0
30	-50	0	161.0	0
30	-45	0	161.0	0
30	-40	0	161.0	0
30	-35	0	162.0	0
30	-30	0	162.0	0
30	-25	0	162.0	0
30	-20	0	162.0	0
30	-15	0	162.0	0
30	-10	0	161.0	0
30	-5	0	161.0	0
30	0	0	160.0	0
30	5	0	159.0	0
30	10	0	160.0	0
30	15	0	157.0	0
30	20	0	156.0	0
30	25	0	155.0	0
30	30	0	154.0	0
30	35	0	153.0	0
30	40	0	152.0	0
30	45	0	151.0	0
30	50	0	150.0	0
30	55	0	149.0	0
30	60	0	148.0	0
30	65	0	147.0	0
30	70	0	146.0	0
30	75	0	145.0	0
30	80	0	144.0	0
30	85	0	143.0	0
30	90	0	141.0	0
30	95	0	141.0	0
30	100	0	140.0	0
30	105	0	139.0	0
30	110	0	139.0	0
30	115	0	137.0	0
30	120	0	138.0	0
30	125	0	138.0	0
30	130	0	138.0	0
30	135	0	138.0	0
30	140	0	139.0	0
30	145	0	139.0	0
30	150	0	139.0	0
30	155	0	139.0	0
30	160	0	139.0	0
30	165	0	140.0	0
30	170	0	138.0	0
30	175	0	140.0	0
35	-180	0	140.0	0
35	-175	0	141.0	0
35	-170	0	141.0	0
35	-165	0	142.0	0
35	-160	0	142.0	0
35	-155	0	144.0	0
35	-150	0	144.0	0
35	-145	0	144.0	0
35	-140	0	144.0	0
35	-135	0	146.0	0
35	-130	0	147.0	0
35	-125	0	149.0	0
35	-120	0	149.0	0
35	-115	0	150.0	0
35	-110	0	151.0	0
35	-105	0	152.0	0
35	-100	0	154.0	0
35	-95	0	156.0	0
35	-90	0	156.0	0
35	-85	0	157.0	0
35	-80	0	157.0	0
35	-75	0	158.0	0
35	-70	0	159.0	0
35	-65	0	159.0	0
35	-60	0	161.0	0
35	-55	0	160.0	0
35	-50	0	161.0	0
35	-45	0	162.0	0
35	-40	0	160.0	0
35	-35	0	162.0	0
35	-30	0	161.0	0
35	-25	0	161.0	0
35	-20	0	161.0	0
35	-15	0	161.0	0
35	-10	0	160.0	0
35	-5	0	159.0	0
35	0	0	160.0	0
35	5	0	159.0	0
35	10	0	156.0	0
35	15	0	155.0	0
35	20	0	153.0	0
35	25	0	154.0	0
35	30	0	153.0	0
35	35	0	151.0	0
35	40	0	149.0	0
35	45	0	150.0	0
35	50	0	147.0	0
35	55	0	147.0	0
35	60	0	146.0	0
35	65	0	144.0	0
35	70	0	144.0	0
35	75	0	143.0	0
35	80	0	142.0	0
35	85	0	141.0	0
35	90	0	141.0	0
35	95	0	139.0	0
35	100	0	139.0	0
35	105	0	138.0	0
35	110	0	138.0	0
35	115	0	137.0	0
35	120	0	138.0	0
35	125	0	137.0	0
35	130	0	139.0	0
35	135	0	140.0	0
35	140	0	139.0	0
35	145	0	140.0	0
35	150	0	139.0	0
35	155	0	140.0	0
35	160	0	138.0	0
35	165	0	139.0	0
35	170	0	140.0	0
35	175	0	139.0	0
40	-180	0	141.0	0
40	-175	0	141.0	0
40	-170	0	141.0	0
40	-165	0	143.0	0
40	-160	0	143.0	0
40	-155	0	143.0	0
40	-150	0	144.0	0
40	-145	0	145.0	0
40	-140	0	147.0	0
40	-135	0	149.0	0
40	-130	0	149.0	0
40	-125	0	150.0	0
40	-120	0	150.0	0
40	-115	0	152.0	0
40	-110	0	153.0	0
40	-105	0	153.0	0
40	-100	0	155.0	0
40	-95	0	155.0	0
40	-90	0	156.0	0
40	-85	0	157.0	0
40	-80	0	158.0	0
40	-75	0	159.0	0
40	-70	0	159.0	0
40	-65	0	160.0	0
40	-60	0	161.0	0
40	-55	0	160.0	0
40	-50	0	161.0	0
40	-45	0	161.0	0
40	-40	0	161.0	0
40	-35	0	162.0	0
40	-30	0	161.0	0
40	-25	0	161.0	0
40	-20	0	161.0	0
40	-15	0	160.0	0
40	-10	0	160.0	0
40	-5	0	159.0	0
40	0	0	158.0	0
40	5	0	158.0	0
40	10	0	157.0	0
40	15	0	156.0	0
40	20	0	153.0	0
40	25	0	154.0	0
40	30	0	153.0	0
40	35	0	152.0	0
40	40	0	150.0	0
40	45	0	148.0	0
40	50	0	147.0	0
40	55	0	147.0	0
40	60	0	145.0	0
40	65	0	144.0	0
40	70	0	144.0	0
40	75	0	142.0	0
40	80	0	143.0	0
40	85	0	141.0	0
40	90	0	140.0	0
40	95	0	139.0	0
40	100	0	139.0	0
40	105	0	138.0	0
40	110	0	138.0	0
40	115	0	140.0	0
40	120	0	139.0	0
40	125	0	139.0	0
40	130	0	140.0	0
40	135	0	140.0	0
40	140	0	139.0	0
40	145	0	139.0	0
40	150	0	139.0	0
40	155	0	139.0	0
40	160	0	140.0	0
40	165	0	140.0	0
40	170	0	141.0	0
40	175	0	141.0	0
45	-180	0	142.0	0
45	-175	0	142.0	0
45	-170	0	141.0	0
45	-165	0	144.0	0
45	-160	0	143.0	0
45	-155	0	143.0	0
45	-150	0	144.0	0
45	-145	0	145.0	0
45	-140	0	146.0	0
45	-135	0	147.0	0
45	-130	0	148.0	0
45	-125	0	150.0	0
45	-120	0	150.0	0
45	-115	0	151.0	0
45	-110	0	151.0	0
45	-105	0	153.0	0
45	-100	0	154.0	0
45	-95	0	155.0	0
45	-90	0	156.0	0
45	-85	0	157.0	0
45	-80	0	157.0	0
45	-75	0	159.0	0
45	-70	0	158.0	0
45	-65	0	159.0	0
45	-60	0	160.0	0
45	-55	0	160.0	0
45	-50	0	161.0	0
45	-45	0	161.0	0
45	-40	0	160.0	0
45	-35	0	160.0	0
45	-30	0	160.0	0
45	-25	0	162.0	0
45	-20	0	162.0	0
45	-15	0	159.0	0
45	-10	0	160.0	0
45	-5	0	158.0	0
45	0	0	158.0	0
45	5	0	157.0	0
45	10	0	157.0	0
45	15	0	155.0	0
45	20	0	154.0	0
45	25	0	152.0	0
45	30	0	152.0	0
45	35	0	152.0	0
45	40	0	149.0	0
45	45	0	149.0	0
45	50	0	147.0	0
45	55	0	147.0	0
45	60	0	144.0	0
45	65	0	143.0	0
45	70	0	143.0	0
45	75	0	142.0	0
45	80	0	143.0	0
45	85	0	140.0	0
45	90	0	139.0	0
45	95	0	138.0	0
45	100	0	138.0	0
45	105	0	138.0	0
45	110	0	138.0	0
45	115	0	139.0	0
45	120	0	139.0	0
45	125	0	139.0	0
45	130	0	138.0	0
45	135	0	139.0	0
45	140	0	139.0	0
45	145	0	139.0	0
45	150	0	140.0	0
45	155	0	140.0	0
45	160	0	140.0	0
45	165	0	140.0	0
45	170	0	141.0	0
45	175	0	140.0	0
50	-180	0	140.0	0
50	-175	0	140.0	0
50	-170	0	140.0	0
50	-165	0	141.0	0
50	-160	0	141.0	0
50	-155	0	141.0	0
50	-150	0	143.0	0
50	-145	0	144.0	0
50	-140	0	145.0	0
50	-135	0	145.0	0
50	-130	0	146.0	0
50	-125	0	147.0	0
50	-120	0	147.0	0
50	-115	0	150.0	0
50	-110	0	151.0	0
50	-105	0	152.0	0
50	-100	0	152.0	0
50	-95	0	152.0	0
50	-90	0	154.0	0
50	-85	0	155.0	0
50	-80	0	155.0	0
50	-75	0	155.0	0
50	-70	0	156.0	0
50	-65	0	157.0	0
50	-60	0	156.0	0
50	-55	0	157.0	0
50	-50	0	158.0	0
50	-45	0	159.0	0
50	-40	0	158.0	0
50	-35	0	160.0	0
50	-30	0	160.0	0
50	-25	0	158.0	0
50	-20	0	158.0	0
50	-15	0	158.0	0
50	-10	0	157.0	0
50	-5	0	156.0	0
50	0	0	155.0	0
50	5	0	154.0	0
50	10	0	153.0	0
50	15	0	154.0	0
50	20	0	150.0	0
50	25	0	150.0	0
50	30	0	149.0	0
50	35	0	148.0	0
50	40	0	148.0	0
50	45	0	146.0	0
50	50	0	145.0	0
50	55	0	143.0	0
50	60	0	142.0	0
50	65	0	141.0	0
50	70	0	141.0	0
50	75	0	140.0	0
50	80	0	140.0	0
50	85	0	139.0	0
50	90	0	138.0	0
50	95	0	137.0	0
50	100	0	137.0	0
50	105	0	136.0	0
50	110	0	136.0	0
50	115	0	136.0	0
50	120	0	137.0	0
50	125	0	139.0	0
50	130	0	139.0	0
50	135	0	139.0	0
50	140	0	138.0	0
50	145	0	139.0	0
50	150	0	138.0	0
50	155	0	139.0	0
50	160	0	139.0	0
50	165	0	140.0	0
50	170	0	140.0	0
50	175	0	140.0	0
55	-180	0	140.0	0
55	-175	0	141.0	0
55	-170	0	141.0	0
55	-165	0	142.0	0
55	-160	0	143.0	0
55	-155	0	143.0	0
55	-150	0	144.0	0
55	-145	0	145.0	0
55	-140	0	145.0	0
55	-135	0	146.0	0
55	-130	0	146.0	0
55	-125	0	147.0	0
55	-120	0	149.0	0
55	-115	0	150.0	0
55	-110	0	150.0	0
55	-105	0	152.0	0
55	-100	0	152.0	0
55	-95	0	153.0	0
55	-90	0	154.0	0
55	-85	0	155.0	0
55	-80	0	154.0	0
55	-75	0	155.0	0
55	-70	0	156.0	0
55	-65	0	157.0	0
55	-60	0	158.0	0
55	-55	0	158.0	0
55	-50	0	158.0	0
55	-45	0	158.0	0
55	-40	0	159.0	0
55	-35	0	158.0	0
55	-30	0	159.0	0
55	-25	0	158.0	0
55	-20	0	157.0	0
55	-15	0	156.0	0
55	-10	0	156.0	0
55	-5	0	156.0	0
55	0	0	154.0	0
55	5	0	153.0	0
55	10	0	152.0	0
55	15	0	151.0	0
55	20	0	150.0	0
55	25	0	149.0	0
55	30	0	148.0	0
55	35	0	147.0	0
55	40	0	146.0	0
55	45	0	145.0	0
55	50	0	144.0	0
55	55	0	143.0	0
55	60	0	142.0	0
55	65	0	141.0	0
55	70	0	140.0	0
55	75	0	140.0	0
55	80	0	140.0	0
55	85	0	139.0	0
55	90	0	138.0	0
55	95	0	138.0	0
55	100	0	138.0	0
55	105	0	139.0	0
55	110	0	138.0	0
55	115	0	139.0	0
55	120	0	138.0	0
55	125	0	138.0	0
55	130	0	138.0	0
55	135	0	139.0	0
55	140	0	140.0	0
55	145	0	140.0	0
55	150	0	140.0	0
55	155	0	140.0	0
55	160	0	140.0	0
55	165	0	140.0	0
55	170	0	141.0	0
55	175	0	141.0	0
60	-180	0	141.0	0
60	-175	0	141.0	0
60	-170	0	141.0	0
60	-165	0	142.0	0
60	-160	0	143.0	0
60	-155	0	144.0	0
60	-150	0	144.0	0
60	-145	0	144.0	0
60	-140	0	146.0	0
60	-135	0	146.0	0
60	-130	0	146.0	0
60	-125	0	147.0	0
60	-120	0	149.0	0
60	-115	0	150.0	0
60	-110	0	151.0	0
60	-105	0	151.0	0
60	-100	0	152.0	0
60	-95	0	152.0	0
60	-90	0	154.0	0
60	-85	0	154.0	0
60	-80	0	155.0	0
60	-75	0	155.0	0
60	-70	0	155.0	0
60	-65	0	157.0	0
60	-60	0	158.0	0
60	-55	0	158.0	0
60	-50	0	158.0	0
60	-45	0	158.0	0
60	-40	0	158.0	0
60	-35	0	157.0	0
60	-30	0	158.0	0
60	-25	0	159.0	0
60	-20	0	157.0	0
60	-15	0	156.0	0
60	-10	0	156.0	0
60	-5	0	157.0	0
60	0	0	153.0	0
60	5	0	153.0	0
60	10	0	151.0	0
60	15	0	152.0	0
60	20	0	150.0	0
60	25	0	149.0	0
60	30	0	148.0	0
60	35	0	146.0	0
60	40	0	145.0	0
60	45	0	144.0	0
60	50	0	144.0	0
60	55	0	141.0	0
60	60	0	141.0	0
60	65	0	141.0	0
60	70	0	140.0	0
60	75	0	140.0	0
60	80	0	139.0	0
60	85	0	139.0	0
60	90	0	138.0	0
60	95	0	138.0	0
60	100	0	138.0	0
60	105	0	138.0	0
60	110	0	138.0	0
60	115	0	138.0	0
60	120	0	138.0	0
60	125	0	139.0	0
60	130	0	139.0	0
60	135	0	139.0	0
60	140	0	139.0	0
60	145	0	139.0	0
60	150	0	139.0	0
60	155	0	140.0	0
60	160	0	141.0	0
60	165	0	140.0	0
60	170	0	141.0	0
60	175	0	141.0	0
65	-180	0	140.0	0
65	-175	0	142.0	0
65	-170	0	141.0	0
65	-165	0	142.0	0
65	-160	0	142.0	0
65	-155	0	142.0	0
65	-150	0	144.0	0
65	-145	0	144.0	0
65	-140	0	145.0	0
65	-135	0	146.0	0
65	-130	0	146.0	0
65	-125	0	147.0	0
65	-120	0	147.0	0
65	-115	0	149.0	0
65	-110	0	149.0	0
65	-105	0	149.0	0
65	-100	0	152.0	0
65	-95	0	152.0	0
65	-90	0	153.0	0
65	-85	0	154.0	0
65	-80	0	154.0	0
65	-75	0	156.0	0
65	-70	0	156.0	0
65	-65	0	156.0	0
65	-60	0	156.0	0
65	-55	0	157.0	0
65	-50	0	157.0	0
65	-45	0	156.0	0
65	-40	0	158.0	0
65	-35	0	158.0	0
65	-30	0	156.0	0
65	-25	0	156.0	0
65	-20	0	156.0	0
65	-15	0	156.0	0
65	-10	0	154.0	0
65	-5	0	154.0	0
65	0	0	151.0	0
65	5	0	153.0	0
65	10	0	152.0	0
65	15	0	150.0	0
65	20	0	148.0	0
65	25	0	147.0	0
65	30	0	147.0	0
65	35	0	145.0	0
65	40	0	144.0	0
65	45	0	144.0	0
65	50	0	142.0	0
65	55	0	142.0	0
65	60	0	140.0	0
65	65	0	140.0	0
65	70	0	140.0	0
65	75	0	139.0	0
65	80	0	139.0	0
65	85	0	137.0	0
65	90	0	138.0	0
65	95	0	137.0	0
65	100	0	137.0	0
65	105	0	138.0	0
65	110	0	138.0	0
65	115	0	138.0	0
65	120	0	139.0	0
65	125	0	139.0	0
65	130	0	140.0	0
65	135	0	140.0	0
65	140	0	140.0	0
65	145	0	140.0	0
65	150	0	140.0	0
65	155	0	140.0	0
65	160	0	139.0	0
65	165	0	140.0	0
65	170	0	140.0	0
65	175	0	141.0	0
70	-180	0	141.0	0
70	-175	0	140.0	0
70	-170	0	140.0	0
70	-165	0	141.0	0
70	-160	0	141.0	0
70	-155	0	141.0	0
70	-150	0	141.0	0
70	-145	0	142.0	0
70	-140	0	144.0	0
70	-135	0	144.0	0
70	-130	0	145.0	0
70	-125	0	146.0	0
70	-120	0	146.0	0
70	-115	0	147.0	0
70	-110	0	149.0	0
70	-105	0	149.0	0
70	-100	0	150.0	0
70	-95	0	151.0	0
70	-90	0	152.0	0
70	-85	0	152.0	0
70	-80	0	153.0	0
70	-75	0	153.0	0
70	-70	0	153.0	0
70	-65	0	154.0	0
70	-60	0	155.0	0
70	-55	0	154.0	0
70	-50	0	155.0	0
70	-45	0	154.0	0
70	-40	0	154.0	0
70	-35	0	154.0	0
70	-30	0	154.0	0
70	-25	0	154.0	0
70	-20	0	154.0	0
70	-15	0	154.0	0
70	-10	0	153.0	0
70	-5	0	153.0	0
70	0	0	151.0	0
70	5	0	151.0	0
70	10	0	149.0	0
70	15	0	149.0	0
70	20	0	147.0	0
70	25	0	146.0	0
70	30	0	146.0	0
70	35	0	144.0	0
70	40	0	143.0	0
70	45	0	143.0	0
70	50	0	141.0	0
70	55	0	142.0	0
70	60	0	139.0	0
70	65	0	139.0	0
70	70	0	139.0	0
70	75	0	138.0	0
70	80	0	139.0	0
70	85	0	139.0	0
70	90	0	139.0	0
70	95	0	138.0	0
70	100	0	138.0	0
70	105	0	138.0	0
70	110	0	138.0	0
70	115	0	138.0	0
70	120	0	137.0	0
70	125	0	139.0	0
70	130	0	137.0	0
70	135	0	138.0	0
70	140	0	139.0	0
70	145	0	140.0	0
70	150	0	139.0	0
70	155	0	139.0	0
70	160	0	140.0	0
70	165	0	140.0	0
70	170	0	140.0	0
70	175	0	140.0	0
75	-180	0	141.0	0
75	-175	0	140.0	0
75	-170	0	141.0	0
75	-165	0	141.0	0
75	-160	0	141.0	0
75	-155	0	141.0	0
75	-150	0	142.0	0
75	-145	0	143.0	0
75	-140	0	144.0	0
75	-135	0	143.0	0
75	-130	0	145.0	0
75	-125	0	146.0	0
75	-120	0	146.0	0
75	-115	0	147.0	0
75	-110	0	148.0	0
75	-105	0	150.0	0
75	-100	0	149.0	0
75	-95	0	151.0	0
75	-90	0	151.0	0
75	-85	0	153.0	0
75	-80	0	153.0	0
75	-75	0	153.0	0
75	-70	0	154.0	0
75	-65	0	154.0	0
75	-60	0	155.0	0
75	-55	0	154.0	0
75	-50	0	155.0	0
75	-45	0	154.0	0
75	-40	0	155.0	0
75	-35	0	155.0	0
75	-30	0	154.0	0
75	-25	0	153.0	0
75	-20	0	153.0	0
75	-15	0	154.0	0
75	-10	0	152.0	0
75	-5	0	152.0	0
75	0	0	150.0	0
75	5	0	150.0	0
75	10	0	149.0	0
75	15	0	148.0	0
75	20	0	147.0	0
75	25	0	145.0	0
75	30	0	146.0	0
75	35	0	145.0	0
75	40	0	143.0	0
75	45	0	142.0	0
75	50	0	141.0	0
75	55	0	142.0	0
75	60	0	140.0	0
75	65	0	140.0	0
75	70	0	139.0	0
75	75	0	139.0	0
75	80	0	139.0	0
75	85	0	138.0	0
75	90	0	139.0	0
75	95	0	138.0	0
75	100	0	138.0	0
75	105	0	137.0	0
75	110	0	138.0	0
75	115	0	138.0	0
75	120	0	139.0	0
75	125	0	139.0	0
75	130	0	139.0	0
75	135	0	140.0	0
75	140	0	140.0	0
75	145	0	139.0	0
75	150	0	140.0	0
75	155	0	140.0	0
75	160	0	140.0	0
75	165	0	142.0	0
75	170	0	141.0	0
75	175	0	140.0	0
80	-180	0	139.0	0
80	-175	0	139.0	0
80	-170	0	140.0	0
80	-165	0	140.0	0
80	-160	0	140.0	0
80	-155	0	141.0	0
80	-150	0	140.0	0
80	-145	0	141.0	0
80	-140	0	141.0	0
80	-135	0	143.0	0
80	-130	0	142.0	0
80	-125	0	144.0	0
80	-120	0	145.0	0
80	-115	0	145.0	0
80	-110	0	147.0	0
80	-105	0	147.0	0
80	-100	0	149.0	0
80	-95	0	149.0	0
80	-90	0	150.0	0
80	-85	0	151.0	0
80	-80	0	151.0	0
80	-75	0	152.0	0
80	-70	0	153.0	0
80	-65	0	153.0	0
80	-60	0	153.0	0
80	-55	0	152.0	0
80	-50	0	153.0	0
80	-45	0	153.0	0
80	-40	0	153.0	0
80	-35	0	152.0	0
80	-30	0	153.0	0
80	-25	0	152.0	0
80	-20	0	152.0	0
80	-15	0	151.0	0
80	-10	0	152.0	0
80	-5	0	150.0	0
80	0	0	148.0	0
80	5	0	148.0	0
80	10	0	147.0	0
80	15	0	145.0	0
80	20	0	144.0	0
80	25	0	144.0	0
80	30	0	143.0	0
80	35	0	142.0	0
80	40	0	142.0	0
80	45	0	142.0	0
80	50	0	140.0	0
80	55	0	140.0	0
80	60	0	139.0	0
80	65	0	139.0	0
80	70	0	138.0	0
80	75	0	139.0	0
80	80	0	138.0	0
80	85	0	139.0	0
80	90	0	138.0	0
80	95	0	138.0	0
80	100	0	138.0	0
80	105	0	138.0	0
80	110	0	138.0	0
80	115	0	138.0	0
80	120	0	138.0	0
80	125	0	139.0	0
80	130	0	138.0	0
80	135	0	138.0	0
80	140	0	138.0	0
80	145	0	139.0	0
80	150	0	139.0	0
80	155	0	139.0	0
80	160	0	139.0	0
80	165	0	140.0	0
80	170	0	140.0	0
80	175	0	139.0	0
85	-180	0	140.0	0
85	-175	0	140.0	0
85	-170	0	140.0	0
85	-165	0	140.0	0
85	-160	0	141.0	0
85	-155	0	141.0	0
85	-150	0	142.0	0
85	-145	0	141.0	0
85	-140	0	141.0	0
85	-135	0	141.0	0
85	-130	0	143.0	0
85	-125	0	143.0	0
85	-120	0	144.0	0
85	-115	0	145.0	0
85	-110	0	145.0	0
85	-105	0	146.0	0
85	-100	0	148.0	0
85	-95	0	147.0	0
85	-90	0	148.0	0
85	-85	0	148.0	0
85	-80	0	149.0	0
85	-75	0	149.0	0
85	-70	0	150.0	0
85	-65	0	150.0	0
85	-60	0	150.0	0
85	-55	0	150.0	0
85	-50	0	150.0	0
85	-45	0	150.0	0
85	-40	0	151.0	0
85	-35	0	150.0	0
85	-30	0	150.0	0
85	-25	0	150.0	0
85	-20	0	149.0	0
85	-15	0	150.0	0
85	-10	0	149.0	0
85	-5	0	148.0	0
85	0	0	149.0	0
85	5	0	146.0	0
85	10	0	146.0	0
85	15	0	145.0	0
85	20	0	144.0	0
85	25	0	143.0	0
85	30	0	143.0	0
85	35	0	141.0	0
85	40	0	141.0	0
85	45	0	141.0	0
85	50	0	140.0	0
85	55	0	141.0	0
85	60	0	140.0	0
85	65	0	139.0	0
85	70	0	138.0	0
85	75	0	137.0	0
85	80	0	138.0	0
85	85	0	138.0	0
85	90	0	138.0	0
85	95	0	138.0	0
85	100	0	138.0	0
85	105	0	137.0	0
85	110	0	137.0	0
85	115	0	136.0	0
85	120	0	137.0	0
85	125	0	137.0	0
85	130	0	136.0	0
85	135	0	136.0	0
85	140	0	137.0	0
85	145	0	137.0	0
85	150	0	138.0	0
85	155	0	139.0	0
85	160	0	139.0	0
85	165	0	139.0	0
85	170	0	140.0	0
85	175	0	140.0	0
90	-180	0	142.0	0
90	-175	0	141.0	0
90	-170	0	141.0	0
90	-165	0	141.0	0
90	-160	0	141.0	0
90	-155	0	142.0	0
90	-150	0	142.0	0
90	-145	0	142.0	0
90	-140	0	143.0	0
90	-135	0	143.0	0
90	-130	0	144.0	0
90	-125	0	144.0	0
90	-120	0	144.0	0
90	-115	0	146.0	0
90	-110	0	146.0	0
90	-105	0	146.0	0
90	-100	0	147.0	0
90	-95	0	148.0	0
90	-90	0	149.0	0
90	-85	0	150.0	0
90	-80	0	150.0	0
90	-75	0	150.0	0
90	-70	0	150.0	0
90	-65	0	151.0	0
90	-60	0	151.0	0
90	-55	0	150.0	0
90	-50	0	151.0	0
90	-45	0	151.0	0
90	-40	0	151.0	0
90	-35	0	151.0	0
90	-30	0	150.0	0
90	-25	0	150.0	0
90	-20	0	149.0	0
90	-15	0	149.0	0
90	-10	0	149.0	0
90	-5	0	148.0	0
90	0	0	147.0	0
90	5	0	148.0	0
90	10	0	148.0	0
90	15	0	146.0	0
90	20	0	146.0	0
90	25	0	144.0	0
90	30	0	144.0	0
90	35	0	143.0	0
90	40	0	142.0	0
90	45	0	141.0	0
90	50	0	140.0	0
90	55	0	140.0	0
90	60	0	140.0	0
90	65	0	140.0	0
90	70	0	139.0	0
90	75	0	139.0	0
90	80	0	139.0	0
90	85	0	139.0	0
90	90	0	139.0	0
90	95	0	139.0	0
90	100	0	139.0	0
90	105	0	138.0	0
90	110	0	138.0	0
90	115	0	139.0	0
90	120	0	137.0	0
90	125	0	138.0	0
90	130	0	138.0	0
90	135	0	140.0	0
90	140	0	139.0	0
90	145	0	139.0	0
90	150	0	139.0	0
90	155	0	139.0	0
90	160	0	140.0	0
90	165	0	140.0	0
90	170	0	140.0	0
90	175	0	140.0	0
95	-180	0	141.0	0
95	-175	0	142.0	0
95	-170	0	142.0	0
95	-165	0	142.0	0
95	-160	0	141.0	0
95	-155	0	142.0	0
95	-150	0	142.0	0
95	-145	0	143.0	0
95	-140	0	143.0	0
95	-135	0	144.0	0
95	-130	0	144.0	0
95	-125	0	144.0	0
95	-120	0	144.0	0
95	-115	0	144.0	0
95	-110	0	146.0	0
95	-105	0	146.0	0
95	-100	0	148.0	0
95	-95	0	149.0	0
95	-90	0	148.0	0
95	-85	0	148.0	0
95	-80	0	148.0	0
95	-75	0	151.0	0
95	-70	0	150.0	0
95	-65	0	150.0	0
95	-60	0	150.0	0
95	-55	0	150.0	0
95	-50	0	151.0	0
95	-45	0	151.0	0
95	-40	0	151.0	0
95	-35	0	150.0	0
95	-30	0	151.0	0
95	-25	0	151.0	0
95	-20	0	150.0	0
95	-15	0	149.0	0
95	-10	0	149.0	0
95	-5	0	148.0	0
95	0	0	148.0	0
95	5	0	146.0	0
95	10	0	147.0	0
95	15	0	146.0	0
95	20	0	144.0	0
95	25	0	143.0	0
95	30	0	144.0	0
95	35	0	144.0	0
95	40	0	143.0	0
95	45	0	143.0	0
95	50	0	141.0	0
95	55	0	140.0	0
95	60	0	139.0	0
95	65	0	140.0	0
95	70	0	140.0	0
95	75	0	140.0	0
95	80	0	140.0	0
95	85	0	139.0	0
95	90	0	138.0	0
95	95	0	137.0	0
95	100	0	138.0	0
95	105	0	138.0	0
95	110	0	139.0	0
95	115	0	139.0	0
95	120	0	138.0	0
95	125	0	138.0	0
95	130	0	139.0	0
95	135	0	139.0	0
95	140	0	139.0	0
95	145	0	140.0	0
95	150	0	140.0	0
95	155	0	139.0	0
95	160	0	139.0	0
95	165	0	140.0	0
95	170	0	141.0	0
95	175	0	141.0	0
100	-180	0	141.0	0
100	-175	0	141.0	0
100	-170	0	142.0	0
100	-165	0	142.0	0
100	-160	0	141.0	0
100	-155	0	142.0	0
100	-150	0	142.0	0
100	-145	0	143.0	0
100	-140	0	143.0	0
100	-135	0	143.0	0
100	-130	0	144.0	0
100	-125	0	145.0	0
100	-120	0	145.0	0
100	-115	0	145.0	0
100	-110	0	146.0	0
100	-105	0	145.0	0
100	-100	0	147.0	0
100	-95	0	147.0	0
100	-90	0	149.0	0
100	-85	0	149.0	0
100	-80	0	149.0	0
100	-75	0	149.0	0
100	-70	0	148.0	0
100	-65	0	149.0	0
100	-60	0	149.0	0
100	-55	0	150.0	0
100	-50	0	152.0	0
100	-45	0	150.0	0
100	-40	0	150.0	0
100	-35	0	150.0	0
100	-30	0	151.0	0
100	-25	0	150.0	0
100	-20	0	149.0	0
100	-15	0	150.0	0
100	-10	0	148.0	0
100	-5	0	148.0	0
100	0	0	148.0	0
100	5	0	146.0	0
100	10	0	146.0	0
100	15	0	146.0	0
100	20	0	144.0	0
100	25	0	144.0	0
100	30	0	142.0	0
100	35	0	142.0	0
100	40	0	142.0	0
100	45	0	141.0	0
100	50	0	141.0	0
100	55	0	140.0	0
100	60	0	140.0	0
100	65	0	139.0	0
100	70	0	139.0	0
100	75	0	139.0	0
100	80	0	139.0	0
100	85	0	138.0	0
100	90	0	138.0	0
100	95	0	139.0	0
100	100	0	138.0	0
100	105	0	138.0	0
100	110	0	136.0	0
100	115	0	137.0	0
100	120	0	137.0	0
100	125	0	138.0	0
100	130	0	139.0	0
100	135	0	139.0	0
100	140	0	139.0	0
100	145	0	140.0	0
100	150	0	139.0	0
100	155	0	140.0	0
100	160	0	141.0	0
100	165	0	142.0	0
100	170	0	141.0	0
100	175	0	141.0	0
105	-180	0	141.0	0
105	-175	0	140.0	0
105	-170	0	141.0	0
105	-165	0	141.0	0
105	-160	0	141.0	0
105	-155	0	140.0	0
105	-150	0	141.0	0
105	-145	0	142.0	0
105	-140	0	143.0	0
105	-135	0	143.0	0
105	-130	0	142.0	0
105	-125	0	143.0	0
105	-120	0	143.0	0
105	-115	0	144.0	0
105	-110	0	143.0	0
105	-105	0	143.0	0
105	-100	0	144.0	0
105	-95	0	145.0	0
105	-90	0	146.0	0
105	-85	0	145.0	0
105	-80	0	146.0	0
105	-75	0	147.0	0
105	-70	0	147.0	0
105	-65	0	147.0	0
105	-60	0	147.0	0
105	-55	0	148.0	0
105	-50	0	148.0	0
105	-45	0	147.0	0
105	-40	0	147.0	0
105	-35	0	148.0	0
105	-30	0	148.0	0
105	-25	0	147.0	0
105	-20	0	148.0	0
105	-15	0	148.0	0
105	-10	0	147.0	0
105	-5	0	147.0	0
105	0	0	146.0	0
105	5	0	145.0	0
105	10	0	145.0	0
105	15	0	143.0	0
105	20	0	144.0	0
105	25	0	143.0	0
105	30	0	142.0	0
105	35	0	141.0	0
105	40	0	140.0	0
105	45	0	140.0	0
105	50	0	140.0	0
105	55	0	139.0	0
105	60	0	138.0	0
105	65	0	138.0	0
105	70	0	138.0	0
105	75	0	138.0	0
105	80	0	138.0	0
105	85	0	137.0	0
105	90	0	138.0	0
105	95	0	136.0	0
105	100	0	136.0	0
105	105	0	137.0	0
105	110	0	135.0	0
105	115	0	136.0	0
105	120	0	136.0	0
105	125	0	136.0	0
105	130	0	137.0	0
105	135	0	137.0	0
105	140	0	137.0	0
105	145	0	137.0	0
105	150	0	138.0	0
105	155	0	139.0	0
105	160	0	138.0	0
105	165	0	139.0	0
105	170	0	139.0	0
105	175	0	139.0	0
110	-180	0	132.0	0
110	-175	0	134.0	0
110	-170	0	133.0	0
110	-165	0	133.0	0
110	-160	0	136.0	0
110	-155	0	136.0	0
110	-150	0	136.0	0
110	-145	0	136.0	0
110	-140	0	135.0	0
110	-135	0	136.0	0
110	-130	0	136.0	0
110	-125	0	136.0	0
110	-120	0	137.0	0
110	-115	0	138.0	0
110	-110	0	138.0	0
110	-105	0	139.0	0
110	-100	0	139.0	0
110	-95	0	140.0	0
110	-90	0	139.0	0
110	-85	0	139.0	0
110	-80	0	140.0	0
110	-75	0	140.0	0
110	-70	0	141.0	0
110	-65	0	140.0	0
110	-60	0	141.0	0
110	-55	0	141.0	0
110	-50	0	142.0	0
110	-45	0	141.0	0
110	-40	0	141.0	0
110	-35	0	140.0	0
110	-30	0	141.0	0
110	-25	0	141.0	0
110	-20	0	140.0	0
110	-15	0	139.0	0
110	-10	0	140.0	0
110	-5	0	140.0	0
110	0	0	139.0	0
110	5	0	137.0	0
110	10	0	137.0	0
110	15	0	137.0	0
110	20	0	136.0	0
110	25	0	135.0	0
110	30	0	135.0	0
110	35	0	135.0	0
110	40	0	135.0	0
110	45	0	133.0	0
110	50	0	133.0	0
110	55	0	132.0	0
110	60	0	133.0	0
110	65	0	132.0	0
110	70	0	132.0	0
110	75	0	132.0	0
110	80	0	132.0	0
110	85	0	132.0	0
110	90	0	132.0	0
110	95	0	131.0	0
110	100	0	130.0	0
110	105	0	132.0	0
110	110	0	131.0	0
110	115	0	130.0	0
110	120	0	130.0	0
110	125	0	131.0	0
110	130	0	130.0	0
110	135	0	131.0	0
110	140	0	131.0	0
110	145	0	131.0	0
110	150	0	132.0	0
110	155	0	132.0	0
110	160	0	132.0	0
110	165	0	133.0	0
110	170	0	132.0	0
110	175	0	132.0	0
115	-180	0	133.0	0
115	-175	0	133.0	0
115	-170	0	133.0	0
115	-165	0	133.0	0
115	-160	0	133.0	0
115	-155	0	133.0	0
115	-150	0	134.0	0
115	-145	0	135.0	0
115	-140	0	134.0	0
115	-135	0	135.0	0
115	-130	0	135.0	0
115	-125	0	135.0	0
115	-120	0	136.0	0
115	-115	0	136.0	0
115	-110	0	136.0	0
115	-105	0	138.0	0
115	-100	0	138.0	0
115	-95	0	139.0	0
115	-90	0	138.0	0
115	-85	0	138.0	0
115	-80	0	139.0	0
115	-75	0	139.0	0
115	-70	0	140.0	0
115	-65	0	140.0	0
115	-60	0	139.0	0
115	-55	0	139.0	0
115	-50	0	140.0	0
115	-45	0	139.0	0
115	-40	0	139.0	0
115	-35	0	139.0	0
115	-30	0	139.0	0
115	-25	0	139.0	0
115	-20	0	139.0	0
115	-15	0	139.0	0
115	-10	0	138.0	0
115	-5	0	138.0	0
115	0	0	138.0	0
115	5	0	137.0	0
115	10	0	137.0	0
115	15	0	135.0	0
115	20	0	135.0	0
115	25	0	134.0	0
115	30	0	133.0	0
115	35	0	134.0	0
115	40	0	132.0	0
115	45	0	133.0	0
115	50	0	132.0	0
115	55	0	132.0	0
115	60	0	133.0	0
115	65	0	131.0	0
115	70	0	132.0	0
115	75	0	131.0	0
115	80	0	130.0	0
115	85	0	129.0	0
115	90	0	131.0	0
115	95	0	131.0	0
115	100	0	130.0	0
115	105	0	130.0	0
115	110	0	129.0	0
115	115	0	129.0	0
115	120	0	129.0	0
115	125	0	130.0	0
115	130	0	129.0	0
115	135	0	130.0	0
115	140	0	131.0	0
115	145	0	131.0	0
115	150	0	131.0	0
115	155	0	131.0	0
115	160	0	131.0	0
115	165	0	131.0	0
115	170	0	132.0	0
115	175	0	132.0	0
120	-180	0	132.0	0
120	-175	0	132.0	0
120	-170	0	133.0	0
120	-165	0	132.0	0
120	-160	0	133.0	0
120	-155	0	133.0	0
120	-150	0	133.0	0
120	-145	0	135.0	0
120	-140	0	134.0	0
120	-135	0	135.0	0
120	-130	0	134.0	0
120	-125	0	135.0	0
120	-120	0	136.0	0
120	-115	0	135.0	0
120	-110	0	137.0	0
120	-105	0	138.0	0
120	-100	0	138.0	0
120	-95	0	138.0	0
120	-90	0	137.0	0
120	-85	0	137.0	0
120	-80	0	138.0	0
120	-75	0	138.0	0
120	-70	0	139.0	0
120	-65	0	139.0	0
120	-60	0	139.0	0
120	-55	0	139.0	0
120	-50	0	138.0	0
120	-45	0	138.0	0
120	-40	0	138.0	0
120	-35	0	139.0	0
120	-30	0	138.0	0
120	-25	0	138.0	0
120	-20	0	138.0	0
120	-15	0	137.0	0
120	-10	0	137.0	0
120	-5	0	137.0	0
120	0	0	136.0	0
120	5	0	136.0	0
120	10	0	136.0	0
120	15	0	134.0	0
120	20	0	134.0	0
120	25	0	134.0	0
120	30	0	133.0	0
120	35	0	133.0	0
120	40	0	133.0	0
120	45	0	132.0	0
120	50	0	131.0	0
120	55	0	131.0	0
120	60	0	132.0	0
120	65	0	130.0	0
120	70	0	131.0	0
120	75	0	130.0	0
120	80	0	130.0	0
120	85	0	129.0	0
120	90	0	129.0	0
120	95	0	129.0	0
120	100	0	130.0	0
120	105	0	129.0	0
120	110	0	129.0	0
120	115	0	128.0	0
120	120	0	128.0	0
120	125	0	129.0	0
120	130	0	128.0	0
120	135	0	129.0	0
120	140	0	129.0	0
120	145	0	129.0	0
120	150	0	130.0	0
120	155	0	130.0	0
120	160	0	130.0	0
120	165	0	130.0	0
120	170	0	130.0	0
120	175	0	131.0	0
125	-180	0	130.0	0
125	-175	0	131.0	0
125	-170	0	131.0	0
125	-165	0	131.0	0
125	-160	0	132.0	0
125	-155	0	132.0	0
125	-150	0	133.0	0
125	-145	0	132.0	0
125	-140	0	133.0	0
125	-135	0	133.0	0
125	-130	0	133.0	0
125	-125	0	134.0	0
125	-120	0	134.0	0
125	-115	0	134.0	0
125	-110	0	134.0	0
125	-105	0	135.0	0
125	-100	0	136.0	0
125	-95	0	134.0	0
125	-90	0	136.0	0
125	-85	0	136.0	0
125	-80	0	137.0	0
125	-75	0	137.0	0
125	-70	0	138.0	0
125	-65	0	138.0	0
125	-60	0	137.0	0
125	-55	0	137.0	0
125	-50	0	137.0	0
125	-45	0	137.0	0
125	-40	0	138.0	0
125	-35	0	138.0	0
125	-30	0	138.0	0
125	-25	0	138.0	0
125	-20	0	136.0	0
125	-15	0	136.0	0
125	-10	0	137.0	0
125	-5	0	135.0	0
125	0	0	134.0	0
125	5	0	133.0	0
125	10	0	134.0	0
125	15	0	133.0	0
125	20	0	133.0	0
125	25	0	133.0	0
125	30	0	132.0	0
125	35	0	131.0	0
125	40	0	131.0	0
125	45	0	132.0	0
125	50	0	131.0	0
125	55	0	130.0	0
125	60	0	130.0	0
125	65	0	130.0	0
125	70	0	130.0	0
125	75	0	130.0	0
125	80	0	129.0	0
125	85	0	129.0	0
125	90	0	130.0	0
125	95	0	128.0	0
125	100	0	128.0	0
125	105	0	127.0	0
125	110	0	127.0	0
125	115	0	127.0	0
125	120	0	128.0	0
125	125	0	128.0	0
125	130	0	128.0	0
125	135	0	128.0	0
125	140	0	128.0	0
125	145	0	128.0	0
125	150	0	129.0	0
125	155	0	129.0	0
125	160	0	129.0	0
125	165	0	129.0	0
125	170	0	129.0	0
125	175	0	129.0	0
130	-180	0	132.0	0
130	-175	0	131.0	0
130	-170	0	133.0	0
130	-165	0	133.0	0
130	-160	0	133.0	0
130	-155	0	134.0	0
130	-150	0	132.0	0
130	-145	0	134.0	0
130	-140	0	133.0	0
130	-135	0	135.0	0
130	-130	0	135.0	0
130	-125	0	134.0	0
130	-120	0	134.0	0
130	-115	0	135.0	0
130	-110	0	135.0	0
130	-105	0	137.0	0
130	-100	0	137.0	0
130	-95	0	137.0	0
130	-90	0	137.0	0
130	-85	0	136.0	0
130	-80	0	138.0	0
130	-75	0	137.0	0
130	-70	0	138.0	0
130	-65	0	137.0	0
130	-60	0	137.0	0
130	-55	0	138.0	0
130	-50	0	138.0	0
130	-45	0	137.0	0
130	-40	0	138.0	0
130	-35	0	138.0	0
130	-30	0	138.0	0
130	-25	0	137.0	0
130	-20	0	136.0	0
130	-15	0	136.0	0
130	-10	0	136.0	0
130	-5	0	137.0	0
130	0	0	136.0	0
130	5	0	137.0	0
130	10	0	136.0	0
130	15	0	135.0	0
130	20	0	133.0	0
130	25	0	133.0	0
130	30	0	132.0	0
130	35	0	131.0	0
130	40	0	132.0	0
130	45	0	133.0	0
130	50	0	130.0	0
130	55	0	130.0	0
130	60	0	130.0	0
130	65	0	130.0	0
130	70	0	129.0	0
130	75	0	129.0	0
130	80	0	128.0	0
130	85	0	128.0	0
130	90	0	128.0	0
130	95	0	127.0	0
130	100	0	128.0	0
130	105	0	128.0	0
130	110	0	128.0	0
130	115	0	128.0	0
130	120	0	128.0	0
130	125	0	128.0	0
130	130	0	129.0	0
130	135	0	127.0	0
130	140	0	128.0	0
130	145	0	129.0	0
130	150	0	130.0	0
130	155	0	130.0	0
130	160	0	131.0	0
130	165	0	130.0	0
130	170	0	130.0	0
130	175	0	131.0	0
135	-180	0	129.0	0
135	-175	0	129.0	0
135	-170	0	130.0	0
135	-165	0	131.0	0
135	-160	0	131.0	0
135	-155	0	131.0	0
135	-150	0	131.0	0
135	-145	0	132.0	0
135	-140	0	133.0	0
135	-135	0	134.0	0
135	-130	0	134.0	0
135	-125	0	134.0	0
135	-120	0	134.0	0
135	-115	0	134.0	0
135	-110	0	134.0	0
135	-105	0	135.0	0
135	-100	0	135.0	0
135	-95	0	137.0	0
135	-90	0	136.0	0
135	-85	0	136.0	0
135	-80	0	136.0	0
135	-75	0	138.0	0
135	-70	0	137.0	0
135	-65	0	137.0	0
135	-60	0	136.0	0
135	-55	0	137.0	0
135	-50	0	137.0	0
135	-45	0	137.0	0
135	-40	0	138.0	0
135	-35	0	138.0	0
135	-30	0	137.0	0
135	-25	0	137.0	0
135	-20	0	136.0	0
135	-15	0	135.0	0
135	-10	0	136.0	0
135	-5	0	135.0	0
135	0	0	135.0	0
135	5	0	135.0	0
135	10	0	135.0	0
135	15	0	133.0	0
135	20	0	134.0	0
135	25	0	133.0	0
135	30	0	132.0	0
135	35	0	132.0	0
135	40	0	132.0	0
135	45	0	131.0	0
135	50	0	130.0	0
135	55	0	131.0	0
135	60	0	129.0	0
135	65	0	130.0	0
135	70	0	129.0	0
135	75	0	128.0	0
135	80	0	128.0	0
135	85	0	128.0	0
135	90	0	128.0	0
135	95	0	128.0	0
135	100	0	128.0	0
135	105	0	126.0	0
135	110	0	127.0	0
135	115	0	127.0	0
135	120	0	127.0	0
135	125	0	128.0	0
135	130	0	128.0	0
135	135	0	128.0	0
135	140	0	128.0	0
135	145	0	128.0	0
135	150	0	129.0	0
135	155	0	129.0	0
135	160	0	130.0	0
135	165	0	129.0	0
135	170	0	129.0	0
135	175	0	131.0	0
140	-180	0	130.0	0
140	-175	0	131.0	0
140	-170	0	131.0	0
140	-165	0	132.0	0
140	-160	0	132.0	0
140	-155	0	133.0	0
140	-150	0	133.0	0
140	-145	0	133.0	0
140	-140	0	133.0	0
140	-135	0	134.0	0
140	-130	0	133.0	0
140	-125	0	134.0	0
140	-120	0	134.0	0
140	-115	0	134.0	0
140	-110	0	135.0	0
140	-105	0	135.0	0
140	-100	0	135.0	0
140	-95	0	136.0	0
140	-90	0	136.0	0
140	-85	0	136.0	0
140	-80	0	136.0	0
140	-75	0	137.0	0
140	-70	0	137.0	0
140	-65	0	137.0	0
140	-60	0	137.0	0
140	-55	0	136.0	0
140	-50	0	137.0	0
140	-45	0	137.0	0
140	-40	0	138.0	0
140	-35	0	138.0	0
140	-30	0	136.0	0
140	-25	0	137.0	0
140	-20	0	137.0	0
140	-15	0	137.0	0
140	-10	0	137.0	0
140	-5	0	136.0	0
140	0	0	136.0	0
140	5	0	134.0	0
140	10	0	133.0	0
140	15	0	133.0	0
140	20	0	134.0	0
140	25	0	134.0	0
140	30	0	132.0	0
140	35	0	132.0	0
140	40	0	130.0	0
140	45	0	131.0	0
140	50	0	130.0	0
140	55	0	130.0	0
140	60	0	130.0	0
140	65	0	130.0	0
140	70	0	129.0	0
140	75	0	128.0	0
140	80	0	128.0	0
140	85	0	128.0	0
140	90	0	127.0	0
140	95	0	128.0	0
140	100	0	127.0	0
140	105	0	127.0	0
140	110	0	127.0	0
140	115	0	126.0	0
140	120	0	127.0	0
140	125	0	127.0	0
140	130	0	127.0	0
140	135	0	128.0	0
140	140	0	129.0	0
140	145	0	129.0	0
140	150	0	128.0	0
140	155	0	130.0	0
140	160	0	130.0	0
140	165	0	130.0	0
140	170	0	130.0	0
140	175	0	129.0	0
145	-180	0	130.0	0
145	-175	0	131.0	0
145	-170	0	130.0	0
145	-165	0	130.0	0
145	-160	0	132.0	0
145	-155	0	132.0	0
145	-150	0	133.0	0
145	-145	0	133.0	0
145	-140	0	133.0	0
145	-135	0	133.0	0
145	-130	0	133.0	0
145	-125	0	133.0	0
145	-120	0	134.0	0
145	-115	0	134.0	0
145	-110	0	136.0	0
145	-105	0	135.0	0
145	-100	0	135.0	0
145	-95	0	137.0	0
145	-90	0	137.0	0
145	-85	0	137.0	0
145	-80	0	137.0	0
145	-75	0	138.0	0
145	-70	0	138.0	0
145	-65	0	137.0	0
145	-60	0	138.0	0
145	-55	0	138.0	0
145	-50	0	138.0	0
145	-45	0	138.0	0
145	-40	0	137.0	0
145	-35	0	138.0	0
145	-30	0	137.0	0
145	-25	0	137.0	0
145	-20	0	137.0	0
145	-15	0	137.0	0
145	-10	0	136.0	0
145	-5	0	136.0	0
145	0	0	136.0	0
145	5	0	135.0	0
145	10	0	134.0	0
145	15	0	134.0	0
145	20	0	133.0	0
145	25	0	133.0	0
145	30	0	132.0	0
145	35	0	131.0	0
145	40	0	131.0	0
145	45	0	130.0	0
145	50	0	130.0	0
145	55	0	131.0	0
145	60	0	130.0	0
145	65	0	130.0	0
145	70	0	129.0	0
145	75	0	129.0	0
145	80	0	130.0	0
145	85	0	129.0	0
145	90	0	129.0	0
145	95	0	128.0	0
145	100	0	127.0	0
145	105	0	128.0	0
145	110	0	129.0	0
145	115	0	128.0	0
145	120	0	127.0	0
145	125	0	128.0	0
145	130	0	127.0	0
145	135	0	128.0	0
145	140	0	129.0	0
145	145	0	129.0	0
145	150	0	129.0	0
145	155	0	130.0	0
145	160	0	129.0	0
145	165	0	130.0	0
145	170	0	130.0	0
145	175	0	131.0	0
150	-180	0	131.0	0
150	-175	0	133.0	0
150	-170	0	132.0	0
150	-165	0	133.0	0
150	-160	0	133.0	0
150	-155	0	133.0	0
150	-150	0	133.0	0
150	-145	0	133.0	0
150	-140	0	133.0	0
150	-135	0	134.0	0
150	-130	0	134.0	0
150	-125	0	135.0	0
150	-120	0	134.0	0
150	-115	0	136.0	0
150	-110	0	137.0	0
150	-105	0	137.0	0
150	-100	0	137.0	0
150	-95	0	137.0	0
150	-90	0	138.0	0
150	-85	0	138.0	0
150	-80	0	138.0	0
150	-75	0	139.0	0
150	-70	0	139.0	0
150	-65	0	139.0	0
150	-60	0	138.0	0
150	-55	0	139.0	0
150	-50	0	139.0	0
150	-45	0	139.0	0
150	-40	0	140.0	0
150	-35	0	139.0	0
150	-30	0	139.0	0
150	-25	0	139.0	0
150	-20	0	139.0	0
150	-15	0	137.0	0
150	-10	0	137.0	0
150	-5	0	137.0	0
150	0	0	136.0	0
150	5	0	136.0	0
150	10	0	136.0	0
150	15	0	136.0	0
150	20	0	135.0	0
150	25	0	135.0	0
150	30	0	133.0	0
150	35	0	133.0	0
150	40	0	132.0	0
150	45	0	132.0	0
150	50	0	132.0	0
150	55	0	132.0	0
150	60	0	131.0	0
150	65	0	131.0	0
150	70	0	131.0	0
150	75	0	130.0	0
150	80	0	131.0	0
150	85	0	131.0	0
150	90	0	129.0	0
150	95	0	129.0	0
150	100	0	129.0	0
150	105	0	129.0	0
150	110	0	129.0	0
150	115	0	128.0	0
150	120	0	129.0	0
150	125	0	129.0	0
150	130	0	129.0	0
150	135	0	130.0	0
150	140	0	131.0	0
150	145	0	131.0	0
150	150	0	130.0	0
150	155	0	129.0	0
150	160	0	130.0	0
150	165	0	130.0	0
150	170	0	131.0	0
150	175	0	131.0	0
155	-180	0	131.0	0
155	-175	0	131.0	0
155	-170	0	132.0	0
155	-165	0	132.0	0
155	-160	0	132.0	0
155	-155	0	133.0	0
155	-150	0	133.0	0
155	-145	0	133.0	0
155	-140	0	133.0	0
155	-135	0	134.0	0
155	-130	0	135.0	0
155	-125	0	135.0	0
155	-120	0	136.0	0
155	-115	0	136.0	0
155	-110	0	136.0	0
155	-105	0	136.0	0
155	-100	0	137.0	0
155	-95	0	137.0	0
155	-90	0	138.0	0
155	-85	0	138.0	0
155	-80	0	138.0	0
155	-75	0	138.0	0
155	-70	0	138.0	0
155	-65	0	138.0	0
155	-60	0	138.0	0
155	-55	0	139.0	0
155	-50	0	139.0	0
155	-45	0	138.0	0
155	-40	0	139.0	0
155	-35	0	139.0	0
155	-30	0	138.0	0
155	-25	0	138.0	0
155	-20	0	137.0	0
155	-15	0	137.0	0
155	-10	0	137.0	0
155	-5	0	135.0	0
155	0	0	135.0	0
155	5	0	136.0	0
155	10	0	135.0	0
155	15	0	134.0	0
155	20	0	135.0	0
155	25	0	134.0	0
155	30	0	133.0	0
155	35	0	133.0	0
155	40	0	132.0	0
155	45	0	132.0	0
155	50	0	131.0	0
155	55	0	131.0	0
155	60	0	131.0	0
155	65	0	131.0	0
155	70	0	130.0	0
155	75	0	130.0	0
155	80	0	130.0	0
155	85	0	130.0	0
155	90	0	130.0	0
155	95	0	130.0	0
155	100	0	129.0	0
155	105	0	130.0	0
155	110	0	128.0	0
155	115	0	128.0	0
155	120	0	127.0	0
155	125	0	128.0	0
155	130	0	129.0	0
155	135	0	129.0	0
155	140	0	131.0	0
155	145	0	130.0	0
155	150	0	130.0	0
155	155	0	129.0	0
155	160	0	130.0	0
155	165	0	130.0	0
155	170	0	130.0	0
155	175	0	131.0	0
160	-180	0	132.0	0
160	-175	0	133.0	0
160	-170	0	133.0	0
160	-165	0	134.0	0
160	-160	0	134.0	0
160	-155	0	135.0	0
160	-150	0	134.0	0
160	-145	0	135.0	0
160	-140	0	134.0	0
160	-135	0	135.0	0
160	-130	0	135.0	0
160	-125	0	136.0	0
160	-120	0	137.0	0
160	-115	0	137.0	0
160	-110	0	137.0	0
160	-105	0	136.0	0
160	-100	0	137.0	0
160	-95	0	139.0	0
160	-90	0	138.0	0
160	-85	0	138.0	0
160	-80	0	139.0	0
160	-75	0	139.0	0
160	-70	0	139.0	0
160	-65	0	140.0	0
160	-60	0	139.0	0
160	-55	0	140.0	0
160	-50	0	139.0	0
160	-45	0	139.0	0
160	-40	0	140.0	0
160	-35	0	139.0	0
160	-30	0	139.0	0
160	-25	0	138.0	0
160	-20	0	138.0	0
160	-15	0	138.0	0
160	-10	0	137.0	0
160	-5	0	137.0	0
160	0	0	136.0	0
160	5	0	136.0	0
160	10	0	135.0	0
160	15	0	135.0	0
160	20	0	135.0	0
160	25	0	135.0	0
160	30	0	134.0	0
160	35	0	133.0	0
160	40	0	134.0	0
160	45	0	134.0	0
160	50	0	132.0	0
160	55	0	132.0	0
160	60	0	132.0	0
160	65	0	132.0	0
160	70	0	132.0	0
160	75	0	132.0	0
160	80	0	131.0	0
160	85	0	131.0	0
160	90	0	130.0	0
160	95	0	130.0	0
160	100	0	130.0	0
160	105	0	130.0	0
160	110	0	129.0	0
160	115	0	128.0	0
160	120	0	129.0	0
160	125	0	129.0	0
160	130	0	129.0	0
160	135	0	130.0	0
160	140	0	130.0	0
160	145	0	130.0	0
160	150	0	130.0	0
160	155	0	131.0	0
160	160	0	131.0	0
160	165	0	131.0	0
160	170	0	132.0	0
160	175	0	133.0	0
165	-180	0	132.0	0
165	-175	0	133.0	0
165	-170	0	132.0	0
165	-165	0	134.0	0
165	-160	0	135.0	0
165	-155	0	134.0	0
165	-150	0	135.0	0
165	-145	0	136.0	0
165	-140	0	135.0	0
165	-135	0	135.0	0
165	-130	0	135.0	0
165	-125	0	137.0	0
165	-120	0	138.0	0
165	-115	0	137.0	0
165	-110	0	137.0	0
165	-105	0	138.0	0
165	-100	0	139.0	0
165	-95	0	140.0	0
165	-90	0	139.0	0
165	-85	0	139.0	0
165	-80	0	141.0	0
165	-75	0	141.0	0
165	-70	0	141.0	0
165	-65	0	141.0	0
165	-60	0	139.0	0
165	-55	0	140.0	0
165	-50	0	140.0	0
165	-45	0	140.0	0
165	-40	0	140.0	0
165	-35	0	140.0	0
165	-30	0	138.0	0
165	-25	0	140.0	0
165	-20	0	139.0	0
165	-15	0	137.0	0
165	-10	0	137.0	0
165	-5	0	137.0	0
165	0	0	136.0	0
165	5	0	136.0	0
165	10	0	135.0	0
165	15	0	135.0	0
165	20	0	134.0	0
165	25	0	135.0	0
165	30	0	134.0	0
165	35	0	135.0	0
165	40	0	134.0	0
165	45	0	133.0	0
165	50	0	132.0	0
165	55	0	132.0	0
165	60	0	132.0	0
165	65	0	133.0	0
165	70	0	132.0	0
165	75	0	131.0	0
165	80	0	131.0	0
165	85	0	132.0	0
165	90	0	131.0	0
165	95	0	131.0	0
165	100	0	131.0	0
165	105	0	130.0	0
165	110	0	130.0	0
165	115	0	129.0	0
165	120	0	130.0	0
165	125	0	130.0	0
165	130	0	129.0	0
165	135	0	131.0	0
165	140	0	130.0	0
165	145	0	131.0	0
165	150	0	130.0	0
165	155	0	130.0	0
165	160	0	131.0	0
165	165	0	131.0	0
165	170	0	131.0	0
165	175	0	131.0	0
170	-180	0	132.0	0
170	-175	0	133.0	0
170	-170	0	133.0	0
170	-165	0	132.0	0
170	-160	0	134.0	0
170	-155	0	133.0	0
170	-150	0	135.0	0
170	-145	0	135.0	0
170	-140	0	135.0	0
170	-135	0	137.0	0
170	-130	0	136.0	0
170	-125	0	136.0	0
170	-120	0	137.0	0
170	-115	0	136.0	0
170	-110	0	137.0	0
170	-105	0	138.0	0
170	-100	0	139.0	0
170	-95	0	138.0	0
170	-90	0	138.0	0
170	-85	0	138.0	0
170	-80	0	140.0	0
170	-75	0	140.0	0
170	-70	0	140.0	0
170	-65	0	139.0	0
170	-60	0	140.0	0
170	-55	0	140.0	0
170	-50	0	139.0	0
170	-45	0	139.0	0
170	-40	0	139.0	0
170	-35	0	139.0	0
170	-30	0	139.0	0
170	-25	0	139.0	0
170	-20	0	139.0	0
170	-15	0	139.0	0
170	-10	0	138.0	0
170	-5	0	137.0	0
170	0	0	137.0	0
170	5	0	136.0	0
170	10	0	136.0	0
170	15	0	135.0	0
170	20	0	134.0	0
170	25	0	133.0	0
170	30	0	134.0	0
170	35	0	134.0	0
170	40	0	133.0	0
170	45	0	134.0	0
170	50	0	134.0	0
170	55	0	133.0	0
170	60	0	133.0	0
170	65	0	132.0	0
170	70	0	133.0	0
170	75	0	132.0	0
170	80	0	132.0	0
170	85	0	130.0	0
170	90	0	130.0	0
170	95	0	129.0	0
170	100	0	129.0	0
170	105	0	129.0	0
170	110	0	130.0	0
170	115	0	130.0	0
170	120	0	131.0	0
170	125	0	130.0	0
170	130	0	130.0	0
170	135	0	130.0	0
170	140	0	130.0	0
170	145	0	130.0	0
170	150	0	131.0	0
170	155	0	131.0	0
170	160	0	131.0	0
170	165	0	131.0	0
170	170	0	132.0	0
170	175	0	132.0	0
175	-180	0	135.0	0
175	-175	0	134.0	0
175	-170	0	135.0	0
175	-165	0	135.0	0
175	-160	0	136.0	0
175	-155	0	135.0	0
175	-150	0	136.0	0
175	-145	0	137.0	0
175	-140	0	138.0	0
175	-135	0	139.0	0
175	-130	0	139.0	0
175	-125	0	139.0	0
175	-120	0	139.0	0
175	-115	0	140.0	0
175	-110	0	139.0	0
175	-105	0	139.0	0
175	-100	0	141.0	0
175	-95	0	141.0	0
175	-90	0	141.0	0
175	-85	0	142.0	0
175	-80	0	141.0	0
175	-75	0	141.0	0
175	-70	0	142.0	0
175	-65	0	142.0	0
175	-60	0	140.0	0
175	-55	0	141.0	0
175	-50	0	141.0	0
175	-45	0	142.0	0
175	-40	0	142.0	0
175	-35	0	142.0	0
175	-30	0	141.0	0
175	-25	0	142.0	0
175	-20	0	141.0	0
175	-15	0	140.0	0
175	-10	0	140.0	0
175	-5	0	140.0	0
175	0	0	139.0	0
175	5	0	139.0	0
175	10	0	139.0	0
175	15	0	136.0	0
175	20	0	137.0	0
175	25	0	136.0	0
175	30	0	135.0	0
175	35	0	136.0	0
175	40	0	136.0	0
175	45	0	136.0	0
175	50	0	135.0	0
175	55	0	135.0	0
175	60	0	134.0	0
175	65	0	133.0	0
175	70	0	134.0	0
175	75	0	134.0	0
175	80	0	133.0	0
175	85	0	133.0	0
175	90	0	133.0	0
175	95	0	132.0	0
175	100	0	132.0	0
175	105	0	131.0	0
175	110	0	130.0	0
175	115	0	131.0	0
175	120	0	131.0	0
175	125	0	130.0	0
175	130	0	131.0	0
175	135	0	132.0	0
175	140	0	132.0	0
175	145	0	132.0	0
175	150	0	133.0	0
175	155	0	133.0	0
175	160	0	134.0	0
175	165	0	134.0	0
175	170	0	133.0	0
175	175	0	134.0	0
