Phi	Psi	max_obs_SA	max_theo_SA	obs_bin_pop
-180	-180	0	0	0
-180	-175	0	0	0
-180	-170	0	0	0
-180	-165	0	0	0
-180	-160	0	0	0
-180	-155	0	0	0
-180	-150	0	0	0
-180	-145	0	0	0
-180	-140	0	0	0
-180	-135	0	0	0
-180	-130	0	0	0
-180	-125	0	0	0
-180	-120	0	0	0
-180	-115	0	0	0
-180	-110	0	0	0
-180	-105	0	0	0
-180	-100	0	0	0
-180	-95	0	0	0
-180	-90	0	0	0
-180	-85	0	0	0
-180	-80	0	0	0
-180	-75	0	0	0
-180	-70	0	0	0
-180	-65	0	0	0
-180	-60	0	0	0
-180	-55	0	0	0
-180	-50	0	0	0
-180	-45	0	0	0
-180	-40	0	0	0
-180	-35	0	0	0
-180	-30	0	0	0
-180	-25	0	0	0
-180	-20	0	0	0
-180	-15	0	0	0
-180	-10	0	0	0
-180	-5	0	0	0
-180	0	0	0	0
-180	5	0	0	0
-180	10	0	0	0
-180	15	0	0	0
-180	20	0	0	0
-180	25	0	0	0
-180	30	0	0	0
-180	35	0	0	0
-180	40	0	0	0
-180	45	0	0	0
-180	50	0	0	0
-180	55	0	0	0
-180	60	0	0	0
-180	65	0	0	0
-180	70	0	0	0
-180	75	0	0	0
-180	80	0	0	0
-180	85	0	0	0
-180	90	0	0	0
-180	95	0	0	0
-180	100	0	0	0
-180	105	0	0	0
-180	110	0	0	0
-180	115	0	0	0
-180	120	0	0	0
-180	125	0	0	0
-180	130	0	0	0
-180	135	0	0	0
-180	140	0	0	0
-180	145	0	0	0
-180	150	0	0	0
-180	155	0	0	1
-180	160	0	0	1
-180	165	0	0	0
-180	170	0	0	2
-180	175	0	0	0
-175	-180	0	0	0
-175	-175	0	0	1
-175	-170	0	0	0
-175	-165	0	0	0
-175	-160	0	0	0
-175	-155	0	0	0
-175	-150	0	0	0
-175	-145	0	0	0
-175	-140	0	0	0
-175	-135	0	0	0
-175	-130	0	0	0
-175	-125	0	0	0
-175	-120	0	0	0
-175	-115	0	0	0
-175	-110	0	0	0
-175	-105	0	0	0
-175	-100	0	0	0
-175	-95	0	0	0
-175	-90	0	0	0
-175	-85	0	0	0
-175	-80	0	0	0
-175	-75	0	0	0
-175	-70	0	0	0
-175	-65	0	0	0
-175	-60	0	0	0
-175	-55	0	0	0
-175	-50	0	0	0
-175	-45	0	0	0
-175	-40	0	0	0
-175	-35	0	0	0
-175	-30	0	0	0
-175	-25	0	0	0
-175	-20	0	0	0
-175	-15	0	0	0
-175	-10	0	0	0
-175	-5	0	0	0
-175	0	0	0	0
-175	5	0	0	0
-175	10	0	0	0
-175	15	0	0	0
-175	20	0	0	0
-175	25	0	0	0
-175	30	0	0	0
-175	35	0	0	0
-175	40	0	0	0
-175	45	0	0	0
-175	50	0	0	0
-175	55	0	0	0
-175	60	0	0	0
-175	65	0	0	0
-175	70	0	0	0
-175	75	0	0	0
-175	80	0	0	0
-175	85	0	0	0
-175	90	0	0	0
-175	95	0	0	0
-175	100	0	0	0
-175	105	0	0	0
-175	110	0	0	1
-175	115	0	0	0
-175	120	0	0	0
-175	125	0	0	2
-175	130	0	0	0
-175	135	0	0	1
-175	140	0	0	1
-175	145	0	0	0
-175	150	51.0	225.0	3
-175	155	87.0	223.0	4
-175	160	3.0	224.0	3
-175	165	125.0	225.0	5
-175	170	38.0	224.0	3
-175	175	141.0	224.0	5
-170	-180	0	0	0
-170	-175	0	0	1
-170	-170	0	0	0
-170	-165	0	0	0
-170	-160	0	0	0
-170	-155	0	0	0
-170	-150	0	0	0
-170	-145	0	0	0
-170	-140	0	0	0
-170	-135	0	0	0
-170	-130	0	0	0
-170	-125	0	0	0
-170	-120	0	0	0
-170	-115	0	0	0
-170	-110	0	0	0
-170	-105	0	0	0
-170	-100	0	0	0
-170	-95	0	0	0
-170	-90	0	0	0
-170	-85	0	0	0
-170	-80	0	0	0
-170	-75	0	0	0
-170	-70	0	0	0
-170	-65	0	0	0
-170	-60	0	0	0
-170	-55	0	0	0
-170	-50	0	0	0
-170	-45	0	0	0
-170	-40	0	0	0
-170	-35	0	0	0
-170	-30	0	0	0
-170	-25	0	0	0
-170	-20	0	0	1
-170	-15	0	0	0
-170	-10	0	0	0
-170	-5	0	0	0
-170	0	0	0	0
-170	5	0	0	0
-170	10	0	0	0
-170	15	0	0	0
-170	20	0	0	0
-170	25	0	0	0
-170	30	0	0	0
-170	35	0	0	0
-170	40	0	0	0
-170	45	0	0	0
-170	50	0	0	0
-170	55	0	0	0
-170	60	0	0	0
-170	65	0	0	0
-170	70	0	0	0
-170	75	0	0	0
-170	80	0	0	0
-170	85	0	0	1
-170	90	0	0	0
-170	95	0	0	0
-170	100	0	0	0
-170	105	0	0	0
-170	110	0	0	0
-170	115	0	0	1
-170	120	0	0	0
-170	125	0	0	1
-170	130	0	0	1
-170	135	94.0	221.0	4
-170	140	60.0	221.0	3
-170	145	59.0	221.0	4
-170	150	61.0	220.0	8
-170	155	78.0	221.0	6
-170	160	111.0	221.0	18
-170	165	98.0	222.0	27
-170	170	104.0	222.0	7
-170	175	64.0	222.0	5
-165	-180	0	0	2
-165	-175	0	0	1
-165	-170	0	0	0
-165	-165	0	0	1
-165	-160	0	0	0
-165	-155	0	0	0
-165	-150	0	0	0
-165	-145	0	0	0
-165	-140	0	0	0
-165	-135	0	0	0
-165	-130	0	0	0
-165	-125	0	0	0
-165	-120	0	0	0
-165	-115	0	0	0
-165	-110	0	0	0
-165	-105	0	0	0
-165	-100	0	0	0
-165	-95	0	0	0
-165	-90	0	0	0
-165	-85	0	0	0
-165	-80	0	0	0
-165	-75	0	0	0
-165	-70	0	0	0
-165	-65	0	0	0
-165	-60	0	0	0
-165	-55	0	0	0
-165	-50	0	0	0
-165	-45	0	0	0
-165	-40	0	0	0
-165	-35	0	0	0
-165	-30	0	0	0
-165	-25	0	0	1
-165	-20	0	0	0
-165	-15	0	0	0
-165	-10	0	0	0
-165	-5	0	0	0
-165	0	0	0	0
-165	5	0	0	0
-165	10	0	0	0
-165	15	0	0	0
-165	20	0	0	0
-165	25	0	0	0
-165	30	0	0	0
-165	35	0	0	0
-165	40	0	0	0
-165	45	0	0	0
-165	50	0	0	0
-165	55	0	0	0
-165	60	0	0	0
-165	65	0	0	2
-165	70	0	0	0
-165	75	0	0	0
-165	80	0	0	0
-165	85	0	0	0
-165	90	0	0	0
-165	95	0	0	0
-165	100	0	0	1
-165	105	0	0	0
-165	110	0	0	2
-165	115	0	0	1
-165	120	0	0	1
-165	125	0	0	1
-165	130	161.0	221.0	5
-165	135	52.0	221.0	6
-165	140	188.0	221.0	12
-165	145	66.0	221.0	8
-165	150	111.0	221.0	17
-165	155	141.0	221.0	46
-165	160	93.0	222.0	44
-165	165	95.0	222.0	38
-165	170	72.0	222.0	22
-165	175	57.0	222.0	8
-160	-180	6.0	222.0	3
-160	-175	0	0	1
-160	-170	0	0	0
-160	-165	0	0	0
-160	-160	0	0	0
-160	-155	0	0	0
-160	-150	0	0	0
-160	-145	0	0	0
-160	-140	0	0	0
-160	-135	0	0	0
-160	-130	0	0	0
-160	-125	0	0	0
-160	-120	0	0	0
-160	-115	0	0	0
-160	-110	0	0	0
-160	-105	0	0	0
-160	-100	0	0	0
-160	-95	0	0	0
-160	-90	0	0	0
-160	-85	0	0	0
-160	-80	0	0	0
-160	-75	0	0	1
-160	-70	0	0	0
-160	-65	0	0	0
-160	-60	0	0	0
-160	-55	0	0	0
-160	-50	0	0	0
-160	-45	0	0	0
-160	-40	0	0	0
-160	-35	0	0	0
-160	-30	0	0	0
-160	-25	0	0	0
-160	-20	0	0	0
-160	-15	0	0	0
-160	-10	0	0	0
-160	-5	0	0	0
-160	0	0	0	0
-160	5	0	0	0
-160	10	0	0	0
-160	15	0	0	0
-160	20	0	0	0
-160	25	0	0	0
-160	30	0	0	0
-160	35	0	0	0
-160	40	0	0	0
-160	45	0	0	0
-160	50	0	0	0
-160	55	0	0	0
-160	60	0	0	1
-160	65	0	0	1
-160	70	0	0	0
-160	75	0	0	2
-160	80	0	0	0
-160	85	0	0	0
-160	90	0	0	1
-160	95	50.0	219.0	4
-160	100	26.0	220.0	3
-160	105	0	0	2
-160	110	0	0	1
-160	115	44.0	219.0	6
-160	120	159.0	219.0	4
-160	125	110.0	219.0	4
-160	130	106.0	220.0	16
-160	135	127.0	221.0	18
-160	140	111.0	220.0	10
-160	145	69.0	220.0	16
-160	150	165.0	220.0	29
-160	155	162.0	220.0	59
-160	160	176.0	220.0	91
-160	165	124.0	219.0	76
-160	170	108.0	220.0	35
-160	175	165.0	220.0	20
-155	-180	51.0	219.0	5
-155	-175	0	0	1
-155	-170	0	0	0
-155	-165	0	0	0
-155	-160	0	0	1
-155	-155	0	0	0
-155	-150	0	0	1
-155	-145	0	0	0
-155	-140	0	0	0
-155	-135	0	0	0
-155	-130	0	0	0
-155	-125	0	0	0
-155	-120	0	0	0
-155	-115	0	0	0
-155	-110	0	0	0
-155	-105	0	0	0
-155	-100	0	0	0
-155	-95	0	0	0
-155	-90	0	0	0
-155	-85	0	0	0
-155	-80	0	0	1
-155	-75	0	0	0
-155	-70	0	0	0
-155	-65	0	0	0
-155	-60	0	0	0
-155	-55	0	0	0
-155	-50	0	0	0
-155	-45	0	0	0
-155	-40	0	0	0
-155	-35	0	0	2
-155	-30	0	0	0
-155	-25	0	0	1
-155	-20	0	0	0
-155	-15	0	0	0
-155	-10	0	0	0
-155	-5	0	0	0
-155	0	0	0	0
-155	5	0	0	0
-155	10	0	0	0
-155	15	0	0	0
-155	20	0	0	0
-155	25	0	0	0
-155	30	0	0	0
-155	35	0	0	1
-155	40	0	0	0
-155	45	0	0	0
-155	50	0	0	2
-155	55	0	0	0
-155	60	0	0	0
-155	65	0	0	2
-155	70	0	0	0
-155	75	0	0	2
-155	80	0	0	0
-155	85	0	0	0
-155	90	0	0	1
-155	95	0	0	2
-155	100	0	0	2
-155	105	0	0	2
-155	110	55.0	219.0	5
-155	115	60.0	219.0	5
-155	120	80.0	220.0	8
-155	125	110.0	219.0	12
-155	130	189.0	220.0	11
-155	135	85.0	220.0	20
-155	140	179.0	220.0	17
-155	145	98.0	219.0	22
-155	150	137.0	219.0	47
-155	155	152.0	219.0	83
-155	160	131.0	221.0	110
-155	165	181.0	221.0	49
-155	170	80.0	221.0	34
-155	175	62.0	221.0	7
-150	-180	70.0	219.0	4
-150	-175	0	0	0
-150	-170	0	0	2
-150	-165	0	0	0
-150	-160	0	0	0
-150	-155	0	0	0
-150	-150	0	0	0
-150	-145	0	0	0
-150	-140	0	0	0
-150	-135	0	0	0
-150	-130	0	0	0
-150	-125	0	0	0
-150	-120	0	0	0
-150	-115	0	0	0
-150	-110	0	0	0
-150	-105	0	0	0
-150	-100	0	0	0
-150	-95	0	0	1
-150	-90	0	0	0
-150	-85	0	0	0
-150	-80	0	0	1
-150	-75	0	0	0
-150	-70	0	0	0
-150	-65	0	0	0
-150	-60	0	0	1
-150	-55	0	0	1
-150	-50	0	0	1
-150	-45	0	0	0
-150	-40	0	0	1
-150	-35	0	0	1
-150	-30	0	0	1
-150	-25	0	0	0
-150	-20	0	0	0
-150	-15	0	0	2
-150	-10	0	0	1
-150	-5	0	0	0
-150	0	0	0	1
-150	5	0	0	0
-150	10	0	0	1
-150	15	0	0	0
-150	20	0	0	0
-150	25	0	0	1
-150	30	0	0	0
-150	35	0	0	0
-150	40	0	0	0
-150	45	0	0	0
-150	50	0	0	0
-150	55	0	0	0
-150	60	0	0	2
-150	65	0	0	1
-150	70	0	0	1
-150	75	0	0	1
-150	80	0	0	0
-150	85	0	0	2
-150	90	0	0	1
-150	95	10.0	218.0	5
-150	100	0	0	2
-150	105	0	219.0	3
-150	110	84.0	219.0	7
-150	115	45.0	218.0	8
-150	120	127.0	218.0	14
-150	125	134.0	219.0	15
-150	130	145.0	219.0	18
-150	135	109.0	219.0	22
-150	140	81.0	220.0	18
-150	145	105.0	220.0	26
-150	150	175.0	220.0	58
-150	155	126.0	220.0	86
-150	160	169.0	221.0	95
-150	165	110.0	221.0	59
-150	170	129.0	221.0	28
-150	175	54.0	221.0	8
-145	-180	0	0	0
-145	-175	0	0	1
-145	-170	0	0	1
-145	-165	0	0	1
-145	-160	0	0	0
-145	-155	0	0	0
-145	-150	0	0	0
-145	-145	0	0	0
-145	-140	0	0	0
-145	-135	0	0	0
-145	-130	0	0	0
-145	-125	0	0	0
-145	-120	0	0	0
-145	-115	0	0	0
-145	-110	0	0	0
-145	-105	0	0	2
-145	-100	0	0	1
-145	-95	0	0	0
-145	-90	0	0	0
-145	-85	0	0	0
-145	-80	0	0	0
-145	-75	0	0	0
-145	-70	0	0	0
-145	-65	0	0	1
-145	-60	0	0	0
-145	-55	0	0	1
-145	-50	0	0	0
-145	-45	0	0	0
-145	-40	0	0	0
-145	-35	0	0	0
-145	-30	0	0	0
-145	-25	0	0	2
-145	-20	0	0	1
-145	-15	0	0	0
-145	-10	0	0	0
-145	-5	8.0	223.0	3
-145	0	0	0	0
-145	5	0	0	0
-145	10	0	0	2
-145	15	55.0	223.0	4
-145	20	0	0	1
-145	25	0	0	1
-145	30	0	0	0
-145	35	0	0	0
-145	40	0	0	0
-145	45	0	0	1
-145	50	0	0	0
-145	55	0	0	0
-145	60	0	0	1
-145	65	0	0	2
-145	70	0	0	2
-145	75	22.0	221.0	3
-145	80	0	0	0
-145	85	0	0	1
-145	90	0	0	1
-145	95	0	0	2
-145	100	62.0	221.0	7
-145	105	61.0	219.0	8
-145	110	165.0	219.0	12
-145	115	124.0	220.0	14
-145	120	117.0	220.0	15
-145	125	126.0	221.0	23
-145	130	106.0	220.0	31
-145	135	147.0	220.0	40
-145	140	110.0	221.0	27
-145	145	167.0	221.0	44
-145	150	192.0	220.0	74
-145	155	183.0	220.0	81
-145	160	114.0	220.0	73
-145	165	83.0	221.0	39
-145	170	72.0	220.0	8
-145	175	102.0	222.0	5
-140	-180	0	0	1
-140	-175	0	0	1
-140	-170	0	0	0
-140	-165	0	0	0
-140	-160	0	0	0
-140	-155	0	0	0
-140	-150	0	0	0
-140	-145	0	0	0
-140	-140	0	0	0
-140	-135	0	0	0
-140	-130	0	0	0
-140	-125	0	0	0
-140	-120	0	0	0
-140	-115	0	0	0
-140	-110	0	0	0
-140	-105	0	0	0
-140	-100	0	0	0
-140	-95	0	0	0
-140	-90	0	0	0
-140	-85	0	0	0
-140	-80	0	0	1
-140	-75	0	0	0
-140	-70	0	0	0
-140	-65	0	0	0
-140	-60	0	0	0
-140	-55	0	0	2
-140	-50	0	0	0
-140	-45	0	0	0
-140	-40	0	0	0
-140	-35	0	0	1
-140	-30	0	0	1
-140	-25	0	0	2
-140	-20	0	0	0
-140	-15	0	0	1
-140	-10	111.0	225.0	4
-140	-5	0	0	2
-140	0	0	0	1
-140	5	0	0	2
-140	10	132.0	224.0	4
-140	15	0	0	1
-140	20	0	0	1
-140	25	0	0	0
-140	30	0	0	2
-140	35	0	0	1
-140	40	0	0	1
-140	45	0	0	2
-140	50	0	0	1
-140	55	0	0	0
-140	60	53.0	224.0	6
-140	65	0	0	1
-140	70	116.0	223.0	3
-140	75	114.0	222.0	4
-140	80	0	0	1
-140	85	26.0	221.0	6
-140	90	0	0	2
-140	95	120.0	221.0	3
-140	100	50.0	221.0	4
-140	105	91.0	220.0	7
-140	110	168.0	220.0	17
-140	115	132.0	220.0	22
-140	120	183.0	220.0	25
-140	125	103.0	222.0	28
-140	130	139.0	221.0	30
-140	135	92.0	221.0	42
-140	140	84.0	222.0	44
-140	145	181.0	221.0	58
-140	150	141.0	221.0	76
-140	155	116.0	221.0	88
-140	160	129.0	222.0	56
-140	165	191.0	222.0	27
-140	170	77.0	222.0	14
-140	175	71.0	223.0	8
-135	-180	0	0	1
-135	-175	53.0	221.0	3
-135	-170	0	0	1
-135	-165	0	0	0
-135	-160	0	0	0
-135	-155	0	0	0
-135	-150	0	0	0
-135	-145	0	0	0
-135	-140	0	0	0
-135	-135	0	0	0
-135	-130	0	0	0
-135	-125	0	0	0
-135	-120	0	0	0
-135	-115	0	0	0
-135	-110	0	0	0
-135	-105	0	0	0
-135	-100	0	0	1
-135	-95	0	0	0
-135	-90	0	0	0
-135	-85	0	0	0
-135	-80	0	0	0
-135	-75	0	0	1
-135	-70	0	0	1
-135	-65	0	0	1
-135	-60	0	0	1
-135	-55	0	0	2
-135	-50	0	0	0
-135	-45	0	0	1
-135	-40	0	0	0
-135	-35	0	0	0
-135	-30	0	0	1
-135	-25	0	0	1
-135	-20	0	0	2
-135	-15	166.0	224.0	3
-135	-10	41.0	224.0	5
-135	-5	0	0	2
-135	0	0	0	1
-135	5	0	0	1
-135	10	0	0	2
-135	15	55.0	225.0	6
-135	20	76.0	225.0	4
-135	25	63.0	225.0	3
-135	30	119.0	225.0	3
-135	35	98.0	225.0	4
-135	40	0	0	2
-135	45	85.0	225.0	5
-135	50	65.0	224.0	3
-135	55	62.0	223.0	4
-135	60	145.0	222.0	7
-135	65	141.0	222.0	14
-135	70	107.0	223.0	10
-135	75	158.0	222.0	8
-135	80	71.0	221.0	10
-135	85	69.0	222.0	5
-135	90	168.0	221.0	6
-135	95	134.0	220.0	6
-135	100	28.0	220.0	10
-135	105	85.0	221.0	6
-135	110	119.0	222.0	18
-135	115	122.0	221.0	17
-135	120	114.0	220.0	42
-135	125	175.0	220.0	57
-135	130	138.0	219.0	68
-135	135	134.0	221.0	57
-135	140	130.0	220.0	83
-135	145	116.0	221.0	90
-135	150	174.0	221.0	82
-135	155	146.0	221.0	58
-135	160	103.0	222.0	54
-135	165	88.0	221.0	24
-135	170	167.0	222.0	17
-135	175	160.0	221.0	3
-130	-180	0	0	1
-130	-175	0	0	0
-130	-170	0	0	0
-130	-165	0	0	0
-130	-160	0	0	0
-130	-155	0	0	0
-130	-150	0	0	0
-130	-145	0	0	0
-130	-140	0	0	0
-130	-135	0	0	0
-130	-130	0	0	0
-130	-125	0	0	0
-130	-120	0	0	0
-130	-115	0	0	0
-130	-110	0	0	0
-130	-105	0	0	1
-130	-100	0	0	0
-130	-95	0	0	0
-130	-90	0	0	0
-130	-85	0	0	0
-130	-80	0	0	0
-130	-75	0	0	0
-130	-70	0	0	0
-130	-65	0	0	0
-130	-60	0	0	1
-130	-55	0	0	1
-130	-50	114.0	223.0	4
-130	-45	0	0	2
-130	-40	0	0	1
-130	-35	52.0	223.0	3
-130	-30	164.0	223.0	5
-130	-25	0	0	2
-130	-20	61.0	222.0	4
-130	-15	74.0	223.0	6
-130	-10	94.0	223.0	8
-130	-5	40.0	223.0	8
-130	0	129.0	222.0	16
-130	5	96.0	222.0	4
-130	10	198.0	223.0	4
-130	15	198.0	223.0	8
-130	20	135.0	223.0	8
-130	25	192.0	221.0	4
-130	30	183.0	221.0	3
-130	35	75.0	222.0	6
-130	40	58.0	221.0	6
-130	45	0	0	2
-130	50	171.0	221.0	6
-130	55	77.0	221.0	5
-130	60	151.0	220.0	12
-130	65	147.0	220.0	21
-130	70	151.0	221.0	22
-130	75	79.0	220.0	20
-130	80	164.0	219.0	12
-130	85	61.0	220.0	10
-130	90	184.0	219.0	10
-130	95	57.0	219.0	9
-130	100	93.0	219.0	8
-130	105	140.0	219.0	12
-130	110	204.0	218.0	20
-130	115	167.0	219.0	34
-130	120	156.0	219.0	42
-130	125	138.0	217.0	47
-130	130	207.0	218.0	64
-130	135	157.0	218.0	81
-130	140	153.0	218.0	97
-130	145	155.0	218.0	80
-130	150	148.0	219.0	86
-130	155	154.0	219.0	73
-130	160	135.0	219.0	41
-130	165	48.0	219.0	13
-130	170	83.0	219.0	7
-130	175	82.0	219.0	4
-125	-180	0	0	1
-125	-175	0	0	0
-125	-170	0	0	1
-125	-165	0	0	1
-125	-160	0	0	0
-125	-155	0	0	0
-125	-150	0	0	0
-125	-145	0	0	0
-125	-140	0	0	0
-125	-135	0	0	0
-125	-130	0	0	0
-125	-125	0	0	0
-125	-120	0	0	0
-125	-115	0	0	0
-125	-110	0	0	0
-125	-105	0	0	0
-125	-100	0	0	0
-125	-95	0	0	0
-125	-90	0	0	0
-125	-85	0	0	0
-125	-80	0	0	0
-125	-75	0	0	1
-125	-70	0	0	0
-125	-65	90.0	223.0	4
-125	-60	0	0	2
-125	-55	0	0	0
-125	-50	0	0	2
-125	-45	99.0	223.0	3
-125	-40	0	0	2
-125	-35	65.0	222.0	3
-125	-30	76.0	223.0	3
-125	-25	97.0	224.0	5
-125	-20	128.0	223.0	9
-125	-15	148.0	223.0	10
-125	-10	61.0	223.0	12
-125	-5	136.0	224.0	13
-125	0	160.0	225.0	10
-125	5	138.0	224.0	5
-125	10	189.0	224.0	13
-125	15	155.0	223.0	16
-125	20	110.0	224.0	10
-125	25	169.0	224.0	9
-125	30	73.0	225.0	5
-125	35	0	0	2
-125	40	97.0	225.0	3
-125	45	0	0	2
-125	50	0	0	1
-125	55	98.0	224.0	3
-125	60	83.0	224.0	5
-125	65	114.0	223.0	12
-125	70	127.0	223.0	12
-125	75	117.0	223.0	13
-125	80	105.0	223.0	7
-125	85	77.0	223.0	14
-125	90	31.0	223.0	9
-125	95	40.0	221.0	8
-125	100	137.0	220.0	17
-125	105	88.0	220.0	19
-125	110	106.0	219.0	38
-125	115	162.0	220.0	36
-125	120	181.0	220.0	61
-125	125	102.0	218.0	62
-125	130	96.0	218.0	77
-125	135	121.0	219.0	85
-125	140	166.0	218.0	105
-125	145	147.0	218.0	69
-125	150	146.0	218.0	66
-125	155	130.0	218.0	54
-125	160	177.0	218.0	36
-125	165	113.0	219.0	11
-125	170	16.0	218.0	4
-125	175	175.0	219.0	3
-120	-180	0	0	1
-120	-175	0	0	0
-120	-170	0	0	0
-120	-165	0	0	1
-120	-160	0	0	1
-120	-155	0	0	1
-120	-150	0	0	0
-120	-145	0	0	0
-120	-140	0	0	1
-120	-135	0	0	0
-120	-130	0	0	0
-120	-125	0	0	0
-120	-120	0	0	0
-120	-115	0	0	0
-120	-110	0	0	0
-120	-105	0	0	1
-120	-100	0	0	0
-120	-95	0	0	0
-120	-90	0	0	0
-120	-85	0	0	0
-120	-80	0	0	0
-120	-75	0	0	0
-120	-70	0	0	2
-120	-65	0	0	1
-120	-60	0	0	1
-120	-55	0	0	2
-120	-50	105.0	223.0	4
-120	-45	142.0	223.0	4
-120	-40	0	0	2
-120	-35	159.0	223.0	3
-120	-30	177.0	223.0	7
-120	-25	154.0	223.0	7
-120	-20	163.0	224.0	14
-120	-15	140.0	224.0	14
-120	-10	163.0	225.0	15
-120	-5	186.0	224.0	14
-120	0	152.0	224.0	11
-120	5	139.0	223.0	9
-120	10	189.0	225.0	17
-120	15	146.0	224.0	21
-120	20	72.0	225.0	14
-120	25	90.0	225.0	16
-120	30	35.0	224.0	7
-120	35	123.0	224.0	4
-120	40	178.0	224.0	3
-120	45	0	0	2
-120	50	0	0	1
-120	55	0	0	1
-120	60	83.0	224.0	3
-120	65	0	0	1
-120	70	0	0	2
-120	75	183.0	223.0	6
-120	80	14.0	223.0	5
-120	85	123.0	222.0	8
-120	90	104.0	221.0	8
-120	95	99.0	222.0	20
-120	100	87.0	222.0	14
-120	105	158.0	221.0	34
-120	110	173.0	221.0	35
-120	115	121.0	220.0	51
-120	120	113.0	219.0	57
-120	125	199.0	219.0	71
-120	130	185.0	218.0	76
-120	135	145.0	218.0	89
-120	140	148.0	219.0	86
-120	145	142.0	219.0	78
-120	150	180.0	218.0	52
-120	155	168.0	218.0	34
-120	160	130.0	218.0	25
-120	165	25.0	219.0	10
-120	170	153.0	218.0	7
-120	175	53.0	219.0	7
-115	-180	0	0	1
-115	-175	79.0	225.0	3
-115	-170	0	0	1
-115	-165	0	0	1
-115	-160	0	0	0
-115	-155	0	0	1
-115	-150	0	0	1
-115	-145	0	0	0
-115	-140	0	0	0
-115	-135	0	0	1
-115	-130	0	0	0
-115	-125	0	0	0
-115	-120	0	0	0
-115	-115	0	0	0
-115	-110	0	0	1
-115	-105	0	0	1
-115	-100	0	0	0
-115	-95	0	0	0
-115	-90	0	0	0
-115	-85	0	0	0
-115	-80	0	0	0
-115	-75	0	0	1
-115	-70	0	0	2
-115	-65	0	0	1
-115	-60	0	0	2
-115	-55	0	0	0
-115	-50	152.0	228.0	3
-115	-45	0	0	0
-115	-40	61.0	229.0	4
-115	-35	78.0	228.0	4
-115	-30	131.0	229.0	3
-115	-25	50.0	229.0	9
-115	-20	197.0	229.0	14
-115	-15	167.0	229.0	27
-115	-10	68.0	230.0	13
-115	-5	176.0	230.0	19
-115	0	163.0	230.0	27
-115	5	173.0	229.0	21
-115	10	166.0	230.0	26
-115	15	118.0	230.0	35
-115	20	171.0	231.0	17
-115	25	154.0	231.0	11
-115	30	133.0	231.0	8
-115	35	90.0	231.0	5
-115	40	180.0	229.0	4
-115	45	192.0	229.0	3
-115	50	0	0	1
-115	55	0	0	1
-115	60	0	0	2
-115	65	0	0	1
-115	70	0	0	0
-115	75	0	0	1
-115	80	54.0	227.0	6
-115	85	0	0	1
-115	90	79.0	227.0	9
-115	95	126.0	226.0	8
-115	100	120.0	226.0	22
-115	105	62.0	224.0	20
-115	110	157.0	224.0	31
-115	115	170.0	225.0	61
-115	120	164.0	224.0	68
-115	125	193.0	224.0	68
-115	130	159.0	223.0	69
-115	135	190.0	223.0	74
-115	140	143.0	223.0	66
-115	145	156.0	223.0	64
-115	150	142.0	223.0	68
-115	155	135.0	223.0	28
-115	160	144.0	225.0	19
-115	165	90.0	224.0	14
-115	170	0	0	1
-115	175	43.0	225.0	4
-110	-180	87.0	225.0	5
-110	-175	0	0	1
-110	-170	0	0	0
-110	-165	0	0	1
-110	-160	0	0	1
-110	-155	0	0	1
-110	-150	0	0	1
-110	-145	0	0	0
-110	-140	0	0	1
-110	-135	0	0	0
-110	-130	0	0	0
-110	-125	0	0	0
-110	-120	0	0	0
-110	-115	0	0	0
-110	-110	0	0	0
-110	-105	0	0	0
-110	-100	0	0	0
-110	-95	0	0	0
-110	-90	0	0	0
-110	-85	0	0	0
-110	-80	0	0	1
-110	-75	78.0	229.0	3
-110	-70	0	0	0
-110	-65	168.0	229.0	4
-110	-60	0	0	2
-110	-55	0	0	0
-110	-50	59.0	229.0	3
-110	-45	155.0	229.0	7
-110	-40	139.0	230.0	7
-110	-35	171.0	230.0	7
-110	-30	151.0	231.0	8
-110	-25	171.0	230.0	11
-110	-20	113.0	230.0	11
-110	-15	171.0	229.0	18
-110	-10	139.0	231.0	18
-110	-5	181.0	230.0	23
-110	0	154.0	231.0	33
-110	5	182.0	230.0	28
-110	10	199.0	230.0	40
-110	15	219.0	230.0	25
-110	20	193.0	231.0	19
-110	25	188.0	231.0	11
-110	30	75.0	232.0	16
-110	35	72.0	232.0	6
-110	40	0	0	2
-110	45	0	0	0
-110	50	0	0	1
-110	55	0	0	1
-110	60	0	0	0
-110	65	0	0	0
-110	70	0	0	1
-110	75	0	0	1
-110	80	0	0	1
-110	85	89.0	229.0	8
-110	90	82.0	228.0	6
-110	95	114.0	228.0	13
-110	100	94.0	227.0	24
-110	105	126.0	226.0	30
-110	110	159.0	225.0	43
-110	115	103.0	226.0	42
-110	120	171.0	225.0	67
-110	125	163.0	225.0	74
-110	130	178.0	225.0	89
-110	135	140.0	224.0	69
-110	140	137.0	224.0	54
-110	145	155.0	225.0	52
-110	150	103.0	224.0	38
-110	155	83.0	225.0	19
-110	160	155.0	225.0	25
-110	165	120.0	225.0	7
-110	170	78.0	225.0	6
-110	175	0	0	1
-105	-180	0	0	1
-105	-175	0	0	0
-105	-170	0	0	1
-105	-165	0	0	0
-105	-160	0	0	0
-105	-155	0	0	0
-105	-150	0	0	0
-105	-145	0	0	0
-105	-140	0	0	1
-105	-135	0	0	0
-105	-130	0	0	0
-105	-125	0	0	0
-105	-120	0	0	0
-105	-115	0	0	0
-105	-110	0	0	0
-105	-105	0	0	1
-105	-100	0	0	0
-105	-95	0	0	0
-105	-90	0	0	0
-105	-85	0	0	0
-105	-80	0	0	0
-105	-75	0	0	0
-105	-70	0	0	1
-105	-65	0	0	1
-105	-60	0	0	1
-105	-55	0	0	2
-105	-50	33.0	224.0	4
-105	-45	61.0	225.0	3
-105	-40	171.0	226.0	8
-105	-35	64.0	226.0	10
-105	-30	148.0	226.0	10
-105	-25	176.0	226.0	10
-105	-20	141.0	226.0	15
-105	-15	141.0	227.0	20
-105	-10	189.0	227.0	17
-105	-5	178.0	228.0	27
-105	0	193.0	228.0	52
-105	5	199.0	228.0	48
-105	10	183.0	230.0	30
-105	15	192.0	229.0	19
-105	20	170.0	229.0	22
-105	25	106.0	228.0	8
-105	30	106.0	229.0	3
-105	35	7.0	229.0	3
-105	40	0	0	0
-105	45	0	0	2
-105	50	0	0	1
-105	55	0	0	0
-105	60	0	0	2
-105	65	0	0	1
-105	70	0	0	1
-105	75	131.0	226.0	3
-105	80	0	0	1
-105	85	137.0	226.0	4
-105	90	0	0	2
-105	95	87.0	224.0	14
-105	100	134.0	224.0	13
-105	105	108.0	223.0	35
-105	110	90.0	223.0	31
-105	115	162.0	222.0	57
-105	120	126.0	222.0	60
-105	125	139.0	221.0	63
-105	130	134.0	222.0	64
-105	135	139.0	222.0	63
-105	140	149.0	221.0	60
-105	145	97.0	220.0	53
-105	150	119.0	220.0	24
-105	155	148.0	221.0	23
-105	160	112.0	220.0	14
-105	165	99.0	220.0	10
-105	170	156.0	221.0	7
-105	175	0	0	2
-100	-180	0	0	2
-100	-175	0	0	0
-100	-170	0	0	0
-100	-165	0	0	0
-100	-160	0	0	0
-100	-155	0	0	0
-100	-150	0	0	0
-100	-145	0	0	0
-100	-140	0	0	1
-100	-135	0	0	0
-100	-130	0	0	2
-100	-125	0	0	0
-100	-120	0	0	0
-100	-115	0	0	0
-100	-110	0	0	0
-100	-105	0	0	0
-100	-100	0	0	0
-100	-95	0	0	0
-100	-90	0	0	0
-100	-85	0	0	0
-100	-80	0	0	0
-100	-75	0	0	0
-100	-70	0	0	0
-100	-65	0	0	0
-100	-60	0	0	0
-100	-55	61.0	228.0	4
-100	-50	70.0	230.0	6
-100	-45	0	0	1
-100	-40	0	0	1
-100	-35	82.0	229.0	7
-100	-30	151.0	231.0	17
-100	-25	62.0	231.0	7
-100	-20	199.0	230.0	17
-100	-15	162.0	230.0	20
-100	-10	151.0	230.0	26
-100	-5	138.0	230.0	30
-100	0	190.0	232.0	52
-100	5	166.0	233.0	42
-100	10	177.0	233.0	42
-100	15	173.0	233.0	31
-100	20	172.0	233.0	9
-100	25	114.0	233.0	6
-100	30	0	0	1
-100	35	0	0	1
-100	40	0	0	1
-100	45	0	0	2
-100	50	0	0	0
-100	55	45.0	232.0	3
-100	60	0	0	1
-100	65	0	0	2
-100	70	110.0	230.0	3
-100	75	0	0	2
-100	80	0	0	2
-100	85	4.0	229.0	6
-100	90	45.0	228.0	4
-100	95	91.0	228.0	8
-100	100	178.0	227.0	19
-100	105	175.0	227.0	15
-100	110	93.0	225.0	40
-100	115	83.0	226.0	37
-100	120	188.0	227.0	54
-100	125	153.0	226.0	56
-100	130	182.0	225.0	62
-100	135	144.0	225.0	46
-100	140	124.0	224.0	58
-100	145	96.0	224.0	30
-100	150	165.0	225.0	23
-100	155	50.0	224.0	22
-100	160	154.0	225.0	14
-100	165	52.0	224.0	8
-100	170	28.0	224.0	5
-100	175	0	0	2
-95	-180	0	0	1
-95	-175	0	0	1
-95	-170	0	0	1
-95	-165	0	0	0
-95	-160	0	0	0
-95	-155	0	0	0
-95	-150	0	0	1
-95	-145	0	0	0
-95	-140	0	0	0
-95	-135	0	0	0
-95	-130	0	0	0
-95	-125	0	0	0
-95	-120	0	0	0
-95	-115	0	0	0
-95	-110	0	0	1
-95	-105	0	0	0
-95	-100	0	0	0
-95	-95	0	0	0
-95	-90	0	0	0
-95	-85	0	0	0
-95	-80	0	0	0
-95	-75	0	0	0
-95	-70	0	0	0
-95	-65	58.0	228.0	3
-95	-60	55.0	229.0	5
-95	-55	51.0	229.0	4
-95	-50	167.0	229.0	15
-95	-45	131.0	230.0	8
-95	-40	87.0	230.0	7
-95	-35	149.0	231.0	10
-95	-30	163.0	231.0	9
-95	-25	187.0	231.0	18
-95	-20	171.0	231.0	10
-95	-15	207.0	231.0	33
-95	-10	167.0	231.0	37
-95	-5	134.0	231.0	28
-95	0	190.0	232.0	66
-95	5	176.0	233.0	34
-95	10	184.0	232.0	21
-95	15	158.0	233.0	10
-95	20	55.0	233.0	3
-95	25	43.0	232.0	5
-95	30	0	0	2
-95	35	131.0	233.0	4
-95	40	0	0	0
-95	45	0	0	0
-95	50	0	0	1
-95	55	44.0	231.0	3
-95	60	78.0	230.0	4
-95	65	134.0	231.0	6
-95	70	18.0	230.0	5
-95	75	69.0	231.0	8
-95	80	48.0	230.0	3
-95	85	47.0	229.0	4
-95	90	36.0	229.0	7
-95	95	122.0	229.0	10
-95	100	93.0	227.0	23
-95	105	175.0	229.0	16
-95	110	79.0	226.0	30
-95	115	146.0	227.0	25
-95	120	157.0	227.0	50
-95	125	134.0	226.0	51
-95	130	115.0	224.0	65
-95	135	118.0	225.0	56
-95	140	98.0	224.0	42
-95	145	152.0	224.0	33
-95	150	146.0	225.0	32
-95	155	72.0	225.0	15
-95	160	132.0	225.0	10
-95	165	56.0	224.0	4
-95	170	0	0	1
-95	175	0	0	1
-90	-180	0	0	1
-90	-175	0	0	0
-90	-170	0	0	0
-90	-165	0	0	0
-90	-160	0	0	2
-90	-155	0	0	0
-90	-150	0	0	0
-90	-145	0	0	0
-90	-140	0	0	0
-90	-135	0	0	0
-90	-130	0	0	0
-90	-125	0	0	0
-90	-120	0	0	0
-90	-115	0	0	0
-90	-110	0	0	0
-90	-105	0	0	0
-90	-100	0	0	0
-90	-95	0	0	0
-90	-90	0	0	0
-90	-85	0	0	0
-90	-80	0	0	0
-90	-75	0	0	0
-90	-70	0	0	1
-90	-65	0	0	1
-90	-60	10.0	227.0	3
-90	-55	81.0	227.0	6
-90	-50	128.0	227.0	8
-90	-45	107.0	229.0	10
-90	-40	153.0	229.0	11
-90	-35	131.0	228.0	9
-90	-30	38.0	228.0	10
-90	-25	118.0	229.0	21
-90	-20	189.0	229.0	22
-90	-15	163.0	230.0	27
-90	-10	143.0	231.0	34
-90	-5	179.0	230.0	40
-90	0	159.0	230.0	45
-90	5	186.0	231.0	15
-90	10	162.0	232.0	9
-90	15	108.0	232.0	6
-90	20	0	0	2
-90	25	0	0	2
-90	30	0	0	1
-90	35	0	0	1
-90	40	0	0	0
-90	45	0	0	0
-90	50	95.0	231.0	3
-90	55	0	0	2
-90	60	98.0	231.0	9
-90	65	210.0	230.0	9
-90	70	81.0	229.0	15
-90	75	133.0	229.0	8
-90	80	177.0	229.0	9
-90	85	162.0	228.0	8
-90	90	38.0	228.0	4
-90	95	99.0	227.0	6
-90	100	105.0	227.0	7
-90	105	81.0	226.0	9
-90	110	119.0	225.0	32
-90	115	111.0	224.0	25
-90	120	149.0	225.0	50
-90	125	169.0	224.0	56
-90	130	188.0	223.0	49
-90	135	140.0	223.0	36
-90	140	113.0	224.0	51
-90	145	199.0	223.0	38
-90	150	157.0	222.0	21
-90	155	93.0	222.0	17
-90	160	160.0	221.0	16
-90	165	70.0	222.0	8
-90	170	22.0	222.0	4
-90	175	0	0	0
-85	-180	0	0	1
-85	-175	0	0	0
-85	-170	0	0	1
-85	-165	0	0	0
-85	-160	0	0	0
-85	-155	0	0	0
-85	-150	0	0	0
-85	-145	0	0	0
-85	-140	0	0	0
-85	-135	0	0	0
-85	-130	0	0	0
-85	-125	0	0	0
-85	-120	0	0	0
-85	-115	0	0	0
-85	-110	0	0	0
-85	-105	0	0	0
-85	-100	0	0	0
-85	-95	0	0	0
-85	-90	0	0	0
-85	-85	0	0	0
-85	-80	0	0	0
-85	-75	0	0	0
-85	-70	0	0	1
-85	-65	0	0	0
-85	-60	59.0	228.0	6
-85	-55	67.0	230.0	5
-85	-50	182.0	230.0	17
-85	-45	138.0	230.0	13
-85	-40	181.0	231.0	18
-85	-35	138.0	231.0	17
-85	-30	173.0	231.0	19
-85	-25	140.0	231.0	15
-85	-20	160.0	232.0	23
-85	-15	219.0	232.0	31
-85	-10	219.0	231.0	34
-85	-5	168.0	233.0	30
-85	0	216.0	234.0	27
-85	5	163.0	234.0	12
-85	10	108.0	233.0	5
-85	15	0	0	1
-85	20	0	0	1
-85	25	0	0	1
-85	30	0	0	1
-85	35	0	0	2
-85	40	0	0	0
-85	45	0	0	1
-85	50	0	0	1
-85	55	0	0	2
-85	60	46.0	233.0	5
-85	65	75.0	232.0	9
-85	70	153.0	233.0	9
-85	75	165.0	231.0	8
-85	80	177.0	233.0	8
-85	85	34.0	232.0	5
-85	90	134.0	231.0	4
-85	95	124.0	231.0	7
-85	100	52.0	228.0	8
-85	105	131.0	227.0	7
-85	110	169.0	228.0	16
-85	115	156.0	227.0	35
-85	120	177.0	227.0	32
-85	125	133.0	226.0	44
-85	130	198.0	226.0	39
-85	135	169.0	225.0	43
-85	140	132.0	224.0	38
-85	145	83.0	224.0	34
-85	150	99.0	224.0	24
-85	155	111.0	224.0	22
-85	160	171.0	224.0	16
-85	165	135.0	223.0	8
-85	170	154.0	223.0	7
-85	175	37.0	224.0	3
-80	-180	0	0	2
-80	-175	0	0	2
-80	-170	0	0	0
-80	-165	0	0	0
-80	-160	0	0	0
-80	-155	0	0	0
-80	-150	0	0	0
-80	-145	0	0	0
-80	-140	0	0	0
-80	-135	0	0	0
-80	-130	0	0	0
-80	-125	0	0	0
-80	-120	0	0	0
-80	-115	0	0	0
-80	-110	0	0	0
-80	-105	0	0	0
-80	-100	0	0	0
-80	-95	0	0	0
-80	-90	0	0	0
-80	-85	0	0	0
-80	-80	0	0	1
-80	-75	0	0	0
-80	-70	0	0	0
-80	-65	0	0	1
-80	-60	36.0	229.0	3
-80	-55	172.0	230.0	10
-80	-50	61.0	229.0	16
-80	-45	123.0	232.0	22
-80	-40	146.0	232.0	30
-80	-35	138.0	231.0	41
-80	-30	138.0	231.0	35
-80	-25	211.0	232.0	44
-80	-20	174.0	233.0	34
-80	-15	214.0	233.0	56
-80	-10	116.0	234.0	26
-80	-5	154.0	233.0	34
-80	0	190.0	234.0	21
-80	5	91.0	234.0	3
-80	10	0	0	1
-80	15	0	0	0
-80	20	0	0	1
-80	25	0	0	0
-80	30	0	0	0
-80	35	0	0	0
-80	40	0	0	0
-80	45	0	0	0
-80	50	0	0	0
-80	55	0	0	2
-80	60	0	0	1
-80	65	0	0	2
-80	70	85.0	233.0	4
-80	75	4.0	233.0	6
-80	80	95.0	233.0	4
-80	85	0	0	1
-80	90	164.0	230.0	6
-80	95	60.0	229.0	4
-80	100	104.0	229.0	6
-80	105	28.0	229.0	5
-80	110	121.0	228.0	7
-80	115	147.0	227.0	27
-80	120	200.0	227.0	26
-80	125	172.0	227.0	38
-80	130	144.0	226.0	36
-80	135	136.0	226.0	45
-80	140	141.0	225.0	51
-80	145	207.0	225.0	41
-80	150	213.0	224.0	23
-80	155	193.0	223.0	23
-80	160	98.0	223.0	15
-80	165	84.0	223.0	9
-80	170	68.0	223.0	4
-80	175	0	0	0
-75	-180	0	0	1
-75	-175	0	0	0
-75	-170	0	0	0
-75	-165	0	0	0
-75	-160	0	0	0
-75	-155	0	0	0
-75	-150	0	0	0
-75	-145	0	0	0
-75	-140	0	0	0
-75	-135	0	0	0
-75	-130	0	0	0
-75	-125	0	0	0
-75	-120	0	0	0
-75	-115	0	0	0
-75	-110	0	0	0
-75	-105	0	0	0
-75	-100	0	0	0
-75	-95	0	0	0
-75	-90	0	0	0
-75	-85	0	0	0
-75	-80	0	0	0
-75	-75	0	0	0
-75	-70	0	0	0
-75	-65	0	0	0
-75	-60	23.0	229.0	5
-75	-55	181.0	230.0	16
-75	-50	175.0	230.0	34
-75	-45	171.0	231.0	58
-75	-40	205.0	231.0	103
-75	-35	175.0	232.0	110
-75	-30	169.0	232.0	84
-75	-25	181.0	232.0	50
-75	-20	193.0	234.0	51
-75	-15	171.0	233.0	45
-75	-10	194.0	233.0	35
-75	-5	201.0	234.0	18
-75	0	91.0	234.0	9
-75	5	0	0	0
-75	10	0	0	0
-75	15	0	0	0
-75	20	0	0	0
-75	25	0	0	0
-75	30	0	0	0
-75	35	0	0	0
-75	40	0	0	0
-75	45	0	0	0
-75	50	0	0	0
-75	55	0	0	0
-75	60	0	0	0
-75	65	0	0	0
-75	70	0	0	0
-75	75	0	0	1
-75	80	0	0	2
-75	85	0	0	0
-75	90	0	0	0
-75	95	0	0	2
-75	100	0	0	2
-75	105	75.0	227.0	9
-75	110	147.0	228.0	7
-75	115	183.0	227.0	17
-75	120	167.0	227.0	30
-75	125	106.0	226.0	36
-75	130	145.0	226.0	40
-75	135	162.0	226.0	46
-75	140	189.0	224.0	59
-75	145	149.0	224.0	41
-75	150	210.0	223.0	36
-75	155	131.0	223.0	26
-75	160	143.0	223.0	15
-75	165	87.0	223.0	9
-75	170	103.0	223.0	5
-75	175	0	0	1
-70	-180	0	0	1
-70	-175	0	0	0
-70	-170	0	0	0
-70	-165	0	0	0
-70	-160	0	0	0
-70	-155	0	0	0
-70	-150	0	0	0
-70	-145	0	0	0
-70	-140	0	0	0
-70	-135	0	0	0
-70	-130	0	0	0
-70	-125	0	0	0
-70	-120	0	0	0
-70	-115	0	0	0
-70	-110	0	0	0
-70	-105	0	0	0
-70	-100	0	0	0
-70	-95	0	0	0
-70	-90	0	0	0
-70	-85	0	0	0
-70	-80	0	0	0
-70	-75	0	0	0
-70	-70	0	0	0
-70	-65	113.0	231.0	3
-70	-60	192.0	232.0	8
-70	-55	138.0	233.0	50
-70	-50	183.0	234.0	158
-70	-45	192.0	234.0	314
-70	-40	193.0	234.0	295
-70	-35	172.0	235.0	232
-70	-30	157.0	235.0	100
-70	-25	218.0	236.0	78
-70	-20	151.0	235.0	61
-70	-15	172.0	236.0	49
-70	-10	172.0	236.0	24
-70	-5	169.0	237.0	8
-70	0	0	0	1
-70	5	0	0	0
-70	10	0	0	0
-70	15	0	0	0
-70	20	0	0	0
-70	25	0	0	0
-70	30	0	0	0
-70	35	0	0	0
-70	40	0	0	0
-70	45	0	0	0
-70	50	0	0	0
-70	55	0	0	0
-70	60	0	0	0
-70	65	0	0	0
-70	70	0	0	0
-70	75	0	0	0
-70	80	0	0	0
-70	85	0	0	0
-70	90	0	0	0
-70	95	0	0	0
-70	100	0	0	1
-70	105	116.0	232.0	3
-70	110	70.0	232.0	4
-70	115	128.0	230.0	15
-70	120	205.0	230.0	15
-70	125	111.0	229.0	38
-70	130	169.0	228.0	57
-70	135	179.0	228.0	52
-70	140	153.0	227.0	61
-70	145	205.0	227.0	47
-70	150	156.0	226.0	25
-70	155	180.0	226.0	18
-70	160	79.0	225.0	10
-70	165	57.0	225.0	9
-70	170	0	0	2
-70	175	0	0	1
-65	-180	0	0	0
-65	-175	0	0	0
-65	-170	0	0	0
-65	-165	0	0	0
-65	-160	0	0	0
-65	-155	0	0	0
-65	-150	0	0	0
-65	-145	0	0	0
-65	-140	0	0	0
-65	-135	0	0	0
-65	-130	0	0	0
-65	-125	0	0	0
-65	-120	0	0	0
-65	-115	0	0	0
-65	-110	0	0	0
-65	-105	0	0	0
-65	-100	0	0	0
-65	-95	0	0	0
-65	-90	0	0	0
-65	-85	0	0	0
-65	-80	0	0	0
-65	-75	0	0	1
-65	-70	0	0	1
-65	-65	95.0	230.0	3
-65	-60	153.0	232.0	17
-65	-55	156.0	232.0	132
-65	-50	177.0	231.0	619
-65	-45	167.0	233.0	731
-65	-40	201.0	233.0	435
-65	-35	206.0	233.0	222
-65	-30	173.0	235.0	90
-65	-25	220.0	234.0	103
-65	-20	173.0	236.0	41
-65	-15	162.0	235.0	29
-65	-10	55.0	236.0	4
-65	-5	0	0	1
-65	0	0	0	1
-65	5	0	0	0
-65	10	0	0	1
-65	15	0	0	0
-65	20	0	0	0
-65	25	0	0	0
-65	30	0	0	0
-65	35	0	0	0
-65	40	0	0	0
-65	45	0	0	0
-65	50	0	0	0
-65	55	0	0	0
-65	60	0	0	0
-65	65	0	0	0
-65	70	0	0	0
-65	75	0	0	0
-65	80	0	0	0
-65	85	0	0	0
-65	90	0	0	0
-65	95	0	0	0
-65	100	0	0	0
-65	105	0	0	1
-65	110	29.0	231.0	3
-65	115	143.0	228.0	10
-65	120	118.0	229.0	11
-65	125	197.0	227.0	29
-65	130	120.0	227.0	53
-65	135	214.0	227.0	66
-65	140	181.0	227.0	47
-65	145	162.0	226.0	44
-65	150	64.0	225.0	19
-65	155	148.0	225.0	9
-65	160	64.0	224.0	3
-65	165	0	0	0
-65	170	0	0	0
-65	175	0	0	0
-60	-180	0	0	0
-60	-175	0	0	0
-60	-170	0	0	0
-60	-165	0	0	0
-60	-160	0	0	0
-60	-155	0	0	0
-60	-150	0	0	0
-60	-145	0	0	0
-60	-140	0	0	0
-60	-135	0	0	0
-60	-130	0	0	0
-60	-125	0	0	0
-60	-120	0	0	0
-60	-115	0	0	0
-60	-110	0	0	0
-60	-105	0	0	0
-60	-100	0	0	0
-60	-95	0	0	0
-60	-90	0	0	0
-60	-85	0	0	0
-60	-80	0	0	0
-60	-75	0	0	0
-60	-70	0	0	0
-60	-65	0	0	0
-60	-60	128.0	231.0	15
-60	-55	197.0	231.0	213
-60	-50	174.0	232.0	861
-60	-45	192.0	233.0	610
-60	-40	200.0	233.0	244
-60	-35	196.0	234.0	110
-60	-30	169.0	235.0	51
-60	-25	158.0	235.0	34
-60	-20	166.0	236.0	12
-60	-15	0	0	2
-60	-10	0	0	0
-60	-5	0	0	0
-60	0	0	0	0
-60	5	0	0	0
-60	10	0	0	0
-60	15	0	0	0
-60	20	0	0	0
-60	25	0	0	0
-60	30	0	0	0
-60	35	0	0	0
-60	40	0	0	0
-60	45	0	0	0
-60	50	0	0	0
-60	55	0	0	0
-60	60	0	0	0
-60	65	0	0	0
-60	70	0	0	0
-60	75	0	0	0
-60	80	0	0	0
-60	85	0	0	0
-60	90	0	0	0
-60	95	0	0	0
-60	100	0	0	0
-60	105	0	0	0
-60	110	0	0	0
-60	115	160.0	229.0	4
-60	120	138.0	229.0	14
-60	125	226.0	228.0	32
-60	130	140.0	227.0	57
-60	135	188.0	226.0	52
-60	140	221.0	226.0	37
-60	145	152.0	226.0	28
-60	150	116.0	225.0	8
-60	155	187.0	224.0	5
-60	160	0	0	2
-60	165	0	0	0
-60	170	0	0	1
-60	175	0	0	0
-55	-180	0	0	0
-55	-175	0	0	0
-55	-170	0	0	0
-55	-165	0	0	0
-55	-160	0	0	0
-55	-155	0	0	0
-55	-150	0	0	0
-55	-145	0	0	0
-55	-140	0	0	0
-55	-135	0	0	0
-55	-130	0	0	0
-55	-125	0	0	0
-55	-120	0	0	0
-55	-115	0	0	0
-55	-110	0	0	0
-55	-105	0	0	0
-55	-100	0	0	0
-55	-95	0	0	0
-55	-90	0	0	0
-55	-85	0	0	0
-55	-80	0	0	0
-55	-75	0	0	0
-55	-70	0	0	0
-55	-65	133.0	233.0	5
-55	-60	50.0	233.0	10
-55	-55	145.0	234.0	120
-55	-50	218.0	234.0	295
-55	-45	203.0	235.0	147
-55	-40	220.0	236.0	77
-55	-35	190.0	236.0	43
-55	-30	129.0	236.0	17
-55	-25	110.0	238.0	3
-55	-20	0	0	1
-55	-15	0	0	0
-55	-10	0	0	0
-55	-5	0	0	0
-55	0	0	0	0
-55	5	0	0	0
-55	10	0	0	0
-55	15	0	0	0
-55	20	0	0	0
-55	25	0	0	0
-55	30	0	0	0
-55	35	0	0	0
-55	40	0	0	0
-55	45	0	0	0
-55	50	0	0	0
-55	55	0	0	0
-55	60	0	0	0
-55	65	0	0	0
-55	70	0	0	0
-55	75	0	0	0
-55	80	0	0	0
-55	85	0	0	0
-55	90	0	0	0
-55	95	0	0	0
-55	100	0	0	0
-55	105	0	0	1
-55	110	0	0	0
-55	115	157.0	230.0	6
-55	120	148.0	230.0	6
-55	125	200.0	229.0	20
-55	130	210.0	228.0	34
-55	135	159.0	227.0	36
-55	140	176.0	227.0	16
-55	145	148.0	226.0	8
-55	150	0	0	1
-55	155	0	0	1
-55	160	0	0	0
-55	165	0	0	0
-55	170	0	0	0
-55	175	0	0	0
-50	-180	0	0	0
-50	-175	0	0	0
-50	-170	0	0	0
-50	-165	0	0	0
-50	-160	0	0	0
-50	-155	0	0	0
-50	-150	0	0	0
-50	-145	0	0	0
-50	-140	0	0	0
-50	-135	0	0	0
-50	-130	0	0	0
-50	-125	0	0	0
-50	-120	0	0	0
-50	-115	0	0	0
-50	-110	0	0	0
-50	-105	0	0	0
-50	-100	0	0	0
-50	-95	0	0	0
-50	-90	0	0	0
-50	-85	0	0	0
-50	-80	0	0	0
-50	-75	0	0	0
-50	-70	0	0	0
-50	-65	0	0	1
-50	-60	141.0	234.0	11
-50	-55	141.0	235.0	24
-50	-50	160.0	236.0	59
-50	-45	144.0	236.0	31
-50	-40	164.0	237.0	15
-50	-35	164.0	238.0	9
-50	-30	0	0	2
-50	-25	0	0	0
-50	-20	0	0	0
-50	-15	0	0	0
-50	-10	0	0	0
-50	-5	0	0	0
-50	0	0	0	0
-50	5	0	0	0
-50	10	0	0	0
-50	15	0	0	0
-50	20	0	0	0
-50	25	0	0	0
-50	30	0	0	0
-50	35	0	0	0
-50	40	0	0	0
-50	45	0	0	0
-50	50	0	0	0
-50	55	0	0	0
-50	60	0	0	0
-50	65	0	0	0
-50	70	0	0	0
-50	75	0	0	0
-50	80	0	0	0
-50	85	0	0	0
-50	90	0	0	0
-50	95	0	0	0
-50	100	0	0	0
-50	105	0	0	0
-50	110	0	0	0
-50	115	98.0	231.0	4
-50	120	171.0	231.0	3
-50	125	177.0	231.0	17
-50	130	107.0	230.0	18
-50	135	228.0	228.0	14
-50	140	91.0	227.0	7
-50	145	0	0	0
-50	150	0	0	0
-50	155	0	0	0
-50	160	0	0	0
-50	165	0	0	0
-50	170	0	0	0
-50	175	0	0	0
-45	-180	0	0	0
-45	-175	0	0	0
-45	-170	0	0	0
-45	-165	0	0	0
-45	-160	0	0	0
-45	-155	0	0	0
-45	-150	0	0	0
-45	-145	0	0	0
-45	-140	0	0	0
-45	-135	0	0	0
-45	-130	0	0	0
-45	-125	0	0	0
-45	-120	0	0	0
-45	-115	0	0	0
-45	-110	0	0	0
-45	-105	0	0	0
-45	-100	0	0	0
-45	-95	0	0	0
-45	-90	0	0	0
-45	-85	0	0	0
-45	-80	0	0	0
-45	-75	0	0	0
-45	-70	0	0	0
-45	-65	0	0	1
-45	-60	14.0	237.0	5
-45	-55	127.0	237.0	9
-45	-50	185.0	238.0	15
-45	-45	191.0	239.0	7
-45	-40	83.0	240.0	3
-45	-35	0	0	1
-45	-30	0	0	0
-45	-25	0	0	1
-45	-20	0	0	0
-45	-15	0	0	0
-45	-10	0	0	0
-45	-5	0	0	0
-45	0	0	0	0
-45	5	0	0	0
-45	10	0	0	0
-45	15	0	0	0
-45	20	0	0	0
-45	25	0	0	0
-45	30	0	0	0
-45	35	0	0	0
-45	40	0	0	0
-45	45	0	0	0
-45	50	0	0	0
-45	55	0	0	0
-45	60	0	0	0
-45	65	0	0	0
-45	70	0	0	0
-45	75	0	0	0
-45	80	0	0	0
-45	85	0	0	0
-45	90	0	0	0
-45	95	0	0	0
-45	100	0	0	0
-45	105	0	0	0
-45	110	0	0	0
-45	115	0	0	0
-45	120	19.0	232.0	3
-45	125	0	0	0
-45	130	95.0	231.0	7
-45	135	0	0	2
-45	140	0	0	1
-45	145	0	0	0
-45	150	0	0	0
-45	155	0	0	0
-45	160	0	0	0
-45	165	0	0	0
-45	170	0	0	0
-45	175	0	0	0
-40	-180	0	0	0
-40	-175	0	0	0
-40	-170	0	0	0
-40	-165	0	0	0
-40	-160	0	0	0
-40	-155	0	0	0
-40	-150	0	0	0
-40	-145	0	0	0
-40	-140	0	0	0
-40	-135	0	0	0
-40	-130	0	0	0
-40	-125	0	0	0
-40	-120	0	0	0
-40	-115	0	0	0
-40	-110	0	0	0
-40	-105	0	0	0
-40	-100	0	0	0
-40	-95	0	0	0
-40	-90	0	0	0
-40	-85	0	0	0
-40	-80	0	0	0
-40	-75	0	0	0
-40	-70	0	0	0
-40	-65	0	0	0
-40	-60	0	0	1
-40	-55	171.0	236.0	3
-40	-50	0	0	1
-40	-45	0	0	2
-40	-40	0	0	0
-40	-35	0	0	0
-40	-30	0	0	0
-40	-25	0	0	0
-40	-20	0	0	0
-40	-15	0	0	0
-40	-10	0	0	0
-40	-5	0	0	0
-40	0	0	0	0
-40	5	0	0	0
-40	10	0	0	0
-40	15	0	0	0
-40	20	0	0	0
-40	25	0	0	0
-40	30	0	0	0
-40	35	0	0	0
-40	40	0	0	0
-40	45	0	0	0
-40	50	0	0	0
-40	55	0	0	0
-40	60	0	0	0
-40	65	0	0	0
-40	70	0	0	0
-40	75	0	0	0
-40	80	0	0	0
-40	85	0	0	0
-40	90	0	0	0
-40	95	0	0	0
-40	100	0	0	0
-40	105	0	0	0
-40	110	0	0	0
-40	115	0	0	1
-40	120	0	0	1
-40	125	0	0	0
-40	130	72.0	228.0	3
-40	135	0	0	0
-40	140	0	0	0
-40	145	0	0	0
-40	150	0	0	0
-40	155	0	0	0
-40	160	0	0	0
-40	165	0	0	0
-40	170	0	0	0
-40	175	0	0	0
-35	-180	0	0	0
-35	-175	0	0	0
-35	-170	0	0	0
-35	-165	0	0	0
-35	-160	0	0	0
-35	-155	0	0	0
-35	-150	0	0	0
-35	-145	0	0	0
-35	-140	0	0	0
-35	-135	0	0	0
-35	-130	0	0	0
-35	-125	0	0	0
-35	-120	0	0	0
-35	-115	0	0	0
-35	-110	0	0	0
-35	-105	0	0	0
-35	-100	0	0	0
-35	-95	0	0	0
-35	-90	0	0	0
-35	-85	0	0	0
-35	-80	0	0	0
-35	-75	0	0	0
-35	-70	0	0	0
-35	-65	0	0	0
-35	-60	0	0	0
-35	-55	0	0	0
-35	-50	0	0	0
-35	-45	0	0	1
-35	-40	0	0	0
-35	-35	0	0	0
-35	-30	0	0	0
-35	-25	0	0	0
-35	-20	0	0	0
-35	-15	0	0	0
-35	-10	0	0	0
-35	-5	0	0	0
-35	0	0	0	0
-35	5	0	0	0
-35	10	0	0	0
-35	15	0	0	0
-35	20	0	0	0
-35	25	0	0	0
-35	30	0	0	0
-35	35	0	0	0
-35	40	0	0	0
-35	45	0	0	0
-35	50	0	0	0
-35	55	0	0	0
-35	60	0	0	0
-35	65	0	0	0
-35	70	0	0	0
-35	75	0	0	0
-35	80	0	0	0
-35	85	0	0	0
-35	90	0	0	0
-35	95	0	0	0
-35	100	0	0	0
-35	105	0	0	0
-35	110	0	0	0
-35	115	0	0	1
-35	120	208.0	230.0	3
-35	125	0	0	1
-35	130	0	0	0
-35	135	0	0	0
-35	140	0	0	0
-35	145	0	0	0
-35	150	0	0	0
-35	155	0	0	0
-35	160	0	0	0
-35	165	0	0	0
-35	170	0	0	0
-35	175	0	0	0
-30	-180	0	0	0
-30	-175	0	0	0
-30	-170	0	0	0
-30	-165	0	0	0
-30	-160	0	0	0
-30	-155	0	0	0
-30	-150	0	0	0
-30	-145	0	0	0
-30	-140	0	0	0
-30	-135	0	0	0
-30	-130	0	0	0
-30	-125	0	0	0
-30	-120	0	0	0
-30	-115	0	0	0
-30	-110	0	0	0
-30	-105	0	0	0
-30	-100	0	0	0
-30	-95	0	0	0
-30	-90	0	0	0
-30	-85	0	0	0
-30	-80	0	0	0
-30	-75	0	0	0
-30	-70	0	0	0
-30	-65	0	0	0
-30	-60	0	0	0
-30	-55	0	0	0
-30	-50	0	0	0
-30	-45	0	0	1
-30	-40	0	0	0
-30	-35	0	0	0
-30	-30	0	0	0
-30	-25	0	0	0
-30	-20	0	0	0
-30	-15	0	0	0
-30	-10	0	0	0
-30	-5	0	0	0
-30	0	0	0	0
-30	5	0	0	0
-30	10	0	0	0
-30	15	0	0	0
-30	20	0	0	0
-30	25	0	0	0
-30	30	0	0	0
-30	35	0	0	0
-30	40	0	0	0
-30	45	0	0	0
-30	50	0	0	0
-30	55	0	0	0
-30	60	0	0	0
-30	65	0	0	0
-30	70	0	0	0
-30	75	0	0	0
-30	80	0	0	0
-30	85	0	0	0
-30	90	0	0	0
-30	95	0	0	0
-30	100	0	0	0
-30	105	0	0	0
-30	110	0	0	0
-30	115	0	0	0
-30	120	0	0	0
-30	125	0	0	0
-30	130	0	0	0
-30	135	0	0	1
-30	140	0	0	0
-30	145	0	0	0
-30	150	0	0	0
-30	155	0	0	0
-30	160	0	0	0
-30	165	0	0	0
-30	170	0	0	0
-30	175	0	0	0
-25	-180	0	0	0
-25	-175	0	0	0
-25	-170	0	0	0
-25	-165	0	0	0
-25	-160	0	0	0
-25	-155	0	0	0
-25	-150	0	0	0
-25	-145	0	0	0
-25	-140	0	0	0
-25	-135	0	0	0
-25	-130	0	0	0
-25	-125	0	0	0
-25	-120	0	0	0
-25	-115	0	0	0
-25	-110	0	0	0
-25	-105	0	0	0
-25	-100	0	0	0
-25	-95	0	0	0
-25	-90	0	0	0
-25	-85	0	0	0
-25	-80	0	0	0
-25	-75	0	0	0
-25	-70	0	0	0
-25	-65	0	0	0
-25	-60	0	0	0
-25	-55	0	0	0
-25	-50	0	0	0
-25	-45	0	0	0
-25	-40	0	0	0
-25	-35	0	0	0
-25	-30	0	0	0
-25	-25	0	0	0
-25	-20	0	0	0
-25	-15	0	0	0
-25	-10	0	0	0
-25	-5	0	0	0
-25	0	0	0	0
-25	5	0	0	0
-25	10	0	0	0
-25	15	0	0	0
-25	20	0	0	0
-25	25	0	0	0
-25	30	0	0	0
-25	35	0	0	0
-25	40	0	0	0
-25	45	0	0	0
-25	50	0	0	0
-25	55	0	0	0
-25	60	0	0	0
-25	65	0	0	0
-25	70	0	0	0
-25	75	0	0	1
-25	80	0	0	0
-25	85	0	0	0
-25	90	0	0	0
-25	95	0	0	0
-25	100	0	0	0
-25	105	0	0	0
-25	110	0	0	0
-25	115	0	0	0
-25	120	0	0	0
-25	125	0	0	0
-25	130	0	0	0
-25	135	0	0	0
-25	140	0	0	0
-25	145	0	0	0
-25	150	0	0	0
-25	155	0	0	0
-25	160	0	0	0
-25	165	0	0	0
-25	170	0	0	0
-25	175	0	0	0
-20	-180	0	0	0
-20	-175	0	0	0
-20	-170	0	0	0
-20	-165	0	0	0
-20	-160	0	0	0
-20	-155	0	0	0
-20	-150	0	0	0
-20	-145	0	0	0
-20	-140	0	0	0
-20	-135	0	0	0
-20	-130	0	0	0
-20	-125	0	0	0
-20	-120	0	0	0
-20	-115	0	0	0
-20	-110	0	0	0
-20	-105	0	0	0
-20	-100	0	0	0
-20	-95	0	0	0
-20	-90	0	0	0
-20	-85	0	0	0
-20	-80	0	0	0
-20	-75	0	0	0
-20	-70	0	0	0
-20	-65	0	0	0
-20	-60	0	0	0
-20	-55	0	0	0
-20	-50	0	0	0
-20	-45	0	0	0
-20	-40	0	0	0
-20	-35	0	0	0
-20	-30	0	0	0
-20	-25	0	0	0
-20	-20	0	0	0
-20	-15	0	0	0
-20	-10	0	0	0
-20	-5	0	0	0
-20	0	0	0	0
-20	5	0	0	0
-20	10	0	0	0
-20	15	0	0	0
-20	20	0	0	0
-20	25	0	0	0
-20	30	0	0	0
-20	35	0	0	0
-20	40	0	0	0
-20	45	0	0	0
-20	50	0	0	0
-20	55	0	0	0
-20	60	0	0	0
-20	65	0	0	0
-20	70	0	0	0
-20	75	0	0	0
-20	80	0	0	0
-20	85	0	0	0
-20	90	0	0	0
-20	95	0	0	0
-20	100	0	0	0
-20	105	0	0	0
-20	110	0	0	0
-20	115	0	0	0
-20	120	0	0	0
-20	125	0	0	0
-20	130	0	0	0
-20	135	0	0	0
-20	140	0	0	0
-20	145	0	0	0
-20	150	0	0	0
-20	155	0	0	0
-20	160	0	0	0
-20	165	0	0	0
-20	170	0	0	0
-20	175	0	0	0
-15	-180	0	0	0
-15	-175	0	0	0
-15	-170	0	0	0
-15	-165	0	0	0
-15	-160	0	0	0
-15	-155	0	0	0
-15	-150	0	0	0
-15	-145	0	0	0
-15	-140	0	0	0
-15	-135	0	0	0
-15	-130	0	0	0
-15	-125	0	0	0
-15	-120	0	0	0
-15	-115	0	0	0
-15	-110	0	0	0
-15	-105	0	0	0
-15	-100	0	0	0
-15	-95	0	0	0
-15	-90	0	0	0
-15	-85	0	0	0
-15	-80	0	0	0
-15	-75	0	0	0
-15	-70	0	0	0
-15	-65	0	0	0
-15	-60	0	0	0
-15	-55	0	0	0
-15	-50	0	0	0
-15	-45	0	0	0
-15	-40	0	0	0
-15	-35	0	0	0
-15	-30	0	0	0
-15	-25	0	0	0
-15	-20	0	0	0
-15	-15	0	0	0
-15	-10	0	0	0
-15	-5	0	0	0
-15	0	0	0	0
-15	5	0	0	0
-15	10	0	0	0
-15	15	0	0	0
-15	20	0	0	0
-15	25	0	0	0
-15	30	0	0	0
-15	35	0	0	0
-15	40	0	0	0
-15	45	0	0	0
-15	50	0	0	0
-15	55	0	0	0
-15	60	0	0	0
-15	65	0	0	0
-15	70	0	0	0
-15	75	0	0	0
-15	80	0	0	0
-15	85	0	0	0
-15	90	0	0	0
-15	95	0	0	0
-15	100	0	0	0
-15	105	0	0	0
-15	110	0	0	0
-15	115	0	0	0
-15	120	0	0	0
-15	125	0	0	0
-15	130	0	0	0
-15	135	0	0	0
-15	140	0	0	0
-15	145	0	0	0
-15	150	0	0	0
-15	155	0	0	0
-15	160	0	0	0
-15	165	0	0	0
-15	170	0	0	0
-15	175	0	0	0
-10	-180	0	0	0
-10	-175	0	0	0
-10	-170	0	0	0
-10	-165	0	0	0
-10	-160	0	0	0
-10	-155	0	0	0
-10	-150	0	0	0
-10	-145	0	0	0
-10	-140	0	0	0
-10	-135	0	0	0
-10	-130	0	0	0
-10	-125	0	0	0
-10	-120	0	0	0
-10	-115	0	0	0
-10	-110	0	0	0
-10	-105	0	0	0
-10	-100	0	0	0
-10	-95	0	0	0
-10	-90	0	0	0
-10	-85	0	0	0
-10	-80	0	0	0
-10	-75	0	0	0
-10	-70	0	0	0
-10	-65	0	0	0
-10	-60	0	0	0
-10	-55	0	0	0
-10	-50	0	0	0
-10	-45	0	0	0
-10	-40	0	0	0
-10	-35	0	0	0
-10	-30	0	0	0
-10	-25	0	0	0
-10	-20	0	0	0
-10	-15	0	0	0
-10	-10	0	0	0
-10	-5	0	0	0
-10	0	0	0	0
-10	5	0	0	0
-10	10	0	0	0
-10	15	0	0	0
-10	20	0	0	0
-10	25	0	0	0
-10	30	0	0	0
-10	35	0	0	0
-10	40	0	0	0
-10	45	0	0	0
-10	50	0	0	0
-10	55	0	0	0
-10	60	0	0	0
-10	65	0	0	0
-10	70	0	0	0
-10	75	0	0	0
-10	80	0	0	0
-10	85	0	0	0
-10	90	0	0	0
-10	95	0	0	0
-10	100	0	0	0
-10	105	0	0	0
-10	110	0	0	0
-10	115	0	0	0
-10	120	0	0	0
-10	125	0	0	0
-10	130	0	0	0
-10	135	0	0	0
-10	140	0	0	0
-10	145	0	0	0
-10	150	0	0	0
-10	155	0	0	0
-10	160	0	0	0
-10	165	0	0	0
-10	170	0	0	0
-10	175	0	0	0
-5	-180	0	0	0
-5	-175	0	0	0
-5	-170	0	0	0
-5	-165	0	0	0
-5	-160	0	0	0
-5	-155	0	0	0
-5	-150	0	0	0
-5	-145	0	0	0
-5	-140	0	0	0
-5	-135	0	0	0
-5	-130	0	0	0
-5	-125	0	0	0
-5	-120	0	0	0
-5	-115	0	0	0
-5	-110	0	0	0
-5	-105	0	0	0
-5	-100	0	0	0
-5	-95	0	0	0
-5	-90	0	0	0
-5	-85	0	0	0
-5	-80	0	0	0
-5	-75	0	0	0
-5	-70	0	0	0
-5	-65	0	0	0
-5	-60	0	0	0
-5	-55	0	0	0
-5	-50	0	0	0
-5	-45	0	0	0
-5	-40	0	0	0
-5	-35	0	0	0
-5	-30	0	0	0
-5	-25	0	0	0
-5	-20	0	0	0
-5	-15	0	0	0
-5	-10	0	0	0
-5	-5	0	0	0
-5	0	0	0	0
-5	5	0	0	0
-5	10	0	0	0
-5	15	0	0	0
-5	20	0	0	0
-5	25	0	0	0
-5	30	0	0	0
-5	35	0	0	0
-5	40	0	0	0
-5	45	0	0	0
-5	50	0	0	0
-5	55	0	0	0
-5	60	0	0	0
-5	65	0	0	0
-5	70	0	0	0
-5	75	0	0	0
-5	80	0	0	0
-5	85	0	0	0
-5	90	0	0	0
-5	95	0	0	0
-5	100	0	0	0
-5	105	0	0	0
-5	110	0	0	0
-5	115	0	0	0
-5	120	0	0	0
-5	125	0	0	0
-5	130	0	0	0
-5	135	0	0	0
-5	140	0	0	0
-5	145	0	0	0
-5	150	0	0	0
-5	155	0	0	0
-5	160	0	0	0
-5	165	0	0	0
-5	170	0	0	0
-5	175	0	0	0
0	-180	0	0	0
0	-175	0	0	0
0	-170	0	0	0
0	-165	0	0	0
0	-160	0	0	0
0	-155	0	0	0
0	-150	0	0	0
0	-145	0	0	0
0	-140	0	0	0
0	-135	0	0	0
0	-130	0	0	0
0	-125	0	0	0
0	-120	0	0	0
0	-115	0	0	0
0	-110	0	0	0
0	-105	0	0	0
0	-100	0	0	0
0	-95	0	0	0
0	-90	0	0	0
0	-85	0	0	0
0	-80	0	0	0
0	-75	0	0	0
0	-70	0	0	0
0	-65	0	0	0
0	-60	0	0	0
0	-55	0	0	0
0	-50	0	0	0
0	-45	0	0	0
0	-40	0	0	0
0	-35	0	0	0
0	-30	0	0	0
0	-25	0	0	0
0	-20	0	0	0
0	-15	0	0	0
0	-10	0	0	0
0	-5	0	0	0
0	0	0	0	0
0	5	0	0	0
0	10	0	0	0
0	15	0	0	0
0	20	0	0	0
0	25	0	0	0
0	30	0	0	0
0	35	0	0	0
0	40	0	0	0
0	45	0	0	0
0	50	0	0	0
0	55	0	0	0
0	60	0	0	0
0	65	0	0	0
0	70	0	0	0
0	75	0	0	0
0	80	0	0	0
0	85	0	0	0
0	90	0	0	0
0	95	0	0	0
0	100	0	0	0
0	105	0	0	0
0	110	0	0	0
0	115	0	0	0
0	120	0	0	0
0	125	0	0	0
0	130	0	0	0
0	135	0	0	0
0	140	0	0	0
0	145	0	0	0
0	150	0	0	0
0	155	0	0	0
0	160	0	0	0
0	165	0	0	0
0	170	0	0	0
0	175	0	0	0
5	-180	0	0	0
5	-175	0	0	0
5	-170	0	0	0
5	-165	0	0	0
5	-160	0	0	0
5	-155	0	0	0
5	-150	0	0	0
5	-145	0	0	0
5	-140	0	0	0
5	-135	0	0	0
5	-130	0	0	0
5	-125	0	0	0
5	-120	0	0	0
5	-115	0	0	0
5	-110	0	0	0
5	-105	0	0	0
5	-100	0	0	0
5	-95	0	0	0
5	-90	0	0	0
5	-85	0	0	0
5	-80	0	0	0
5	-75	0	0	0
5	-70	0	0	0
5	-65	0	0	0
5	-60	0	0	0
5	-55	0	0	0
5	-50	0	0	0
5	-45	0	0	0
5	-40	0	0	0
5	-35	0	0	0
5	-30	0	0	0
5	-25	0	0	0
5	-20	0	0	0
5	-15	0	0	0
5	-10	0	0	0
5	-5	0	0	0
5	0	0	0	0
5	5	0	0	0
5	10	0	0	0
5	15	0	0	0
5	20	0	0	0
5	25	0	0	0
5	30	0	0	0
5	35	0	0	0
5	40	0	0	0
5	45	0	0	0
5	50	0	0	0
5	55	0	0	1
5	60	0	0	0
5	65	0	0	0
5	70	0	0	0
5	75	0	0	0
5	80	0	0	0
5	85	0	0	0
5	90	0	0	0
5	95	0	0	0
5	100	0	0	0
5	105	0	0	0
5	110	0	0	0
5	115	0	0	0
5	120	0	0	0
5	125	0	0	0
5	130	0	0	0
5	135	0	0	0
5	140	0	0	0
5	145	0	0	0
5	150	0	0	0
5	155	0	0	0
5	160	0	0	0
5	165	0	0	0
5	170	0	0	0
5	175	0	0	0
10	-180	0	0	0
10	-175	0	0	0
10	-170	0	0	0
10	-165	0	0	0
10	-160	0	0	0
10	-155	0	0	0
10	-150	0	0	0
10	-145	0	0	0
10	-140	0	0	0
10	-135	0	0	0
10	-130	0	0	0
10	-125	0	0	0
10	-120	0	0	0
10	-115	0	0	0
10	-110	0	0	0
10	-105	0	0	0
10	-100	0	0	0
10	-95	0	0	0
10	-90	0	0	0
10	-85	0	0	0
10	-80	0	0	0
10	-75	0	0	0
10	-70	0	0	0
10	-65	0	0	0
10	-60	0	0	0
10	-55	0	0	0
10	-50	0	0	0
10	-45	0	0	0
10	-40	0	0	0
10	-35	0	0	0
10	-30	0	0	0
10	-25	0	0	0
10	-20	0	0	0
10	-15	0	0	0
10	-10	0	0	0
10	-5	0	0	0
10	0	0	0	0
10	5	0	0	0
10	10	0	0	0
10	15	0	0	0
10	20	0	0	0
10	25	0	0	0
10	30	0	0	0
10	35	0	0	0
10	40	0	0	0
10	45	0	0	0
10	50	0	0	0
10	55	0	0	0
10	60	0	0	0
10	65	0	0	0
10	70	0	0	1
10	75	0	0	0
10	80	0	0	0
10	85	0	0	0
10	90	0	0	0
10	95	0	0	0
10	100	0	0	0
10	105	0	0	0
10	110	0	0	0
10	115	0	0	0
10	120	0	0	0
10	125	0	0	0
10	130	0	0	0
10	135	0	0	0
10	140	0	0	0
10	145	0	0	0
10	150	0	0	0
10	155	0	0	0
10	160	0	0	0
10	165	0	0	0
10	170	0	0	0
10	175	0	0	0
15	-180	0	0	0
15	-175	0	0	0
15	-170	0	0	0
15	-165	0	0	0
15	-160	0	0	0
15	-155	0	0	0
15	-150	0	0	0
15	-145	0	0	0
15	-140	0	0	0
15	-135	0	0	0
15	-130	0	0	0
15	-125	0	0	0
15	-120	0	0	0
15	-115	0	0	0
15	-110	0	0	0
15	-105	0	0	0
15	-100	0	0	0
15	-95	0	0	0
15	-90	0	0	0
15	-85	0	0	0
15	-80	0	0	0
15	-75	0	0	0
15	-70	0	0	0
15	-65	0	0	0
15	-60	0	0	0
15	-55	0	0	0
15	-50	0	0	0
15	-45	0	0	0
15	-40	0	0	0
15	-35	0	0	0
15	-30	0	0	0
15	-25	0	0	0
15	-20	0	0	0
15	-15	0	0	0
15	-10	0	0	0
15	-5	0	0	0
15	0	0	0	0
15	5	0	0	0
15	10	0	0	0
15	15	0	0	0
15	20	0	0	0
15	25	0	0	0
15	30	0	0	0
15	35	0	0	0
15	40	0	0	0
15	45	0	0	0
15	50	0	0	0
15	55	0	0	0
15	60	0	0	0
15	65	0	0	0
15	70	0	0	0
15	75	0	0	0
15	80	0	0	0
15	85	0	0	0
15	90	0	0	0
15	95	0	0	0
15	100	0	0	0
15	105	0	0	0
15	110	0	0	0
15	115	0	0	0
15	120	0	0	0
15	125	0	0	0
15	130	0	0	0
15	135	0	0	0
15	140	0	0	0
15	145	0	0	0
15	150	0	0	0
15	155	0	0	0
15	160	0	0	0
15	165	0	0	0
15	170	0	0	0
15	175	0	0	0
20	-180	0	0	0
20	-175	0	0	0
20	-170	0	0	0
20	-165	0	0	0
20	-160	0	0	0
20	-155	0	0	0
20	-150	0	0	0
20	-145	0	0	0
20	-140	0	0	0
20	-135	0	0	0
20	-130	0	0	0
20	-125	0	0	0
20	-120	0	0	0
20	-115	0	0	0
20	-110	0	0	0
20	-105	0	0	0
20	-100	0	0	0
20	-95	0	0	0
20	-90	0	0	0
20	-85	0	0	0
20	-80	0	0	0
20	-75	0	0	0
20	-70	0	0	0
20	-65	0	0	0
20	-60	0	0	0
20	-55	0	0	0
20	-50	0	0	0
20	-45	0	0	0
20	-40	0	0	0
20	-35	0	0	0
20	-30	0	0	0
20	-25	0	0	0
20	-20	0	0	0
20	-15	0	0	0
20	-10	0	0	0
20	-5	0	0	0
20	0	0	0	0
20	5	0	0	0
20	10	0	0	0
20	15	0	0	0
20	20	0	0	0
20	25	0	0	0
20	30	0	0	0
20	35	0	0	0
20	40	0	0	0
20	45	0	0	0
20	50	0	0	0
20	55	0	0	0
20	60	0	0	0
20	65	0	0	0
20	70	0	0	0
20	75	0	0	0
20	80	0	0	0
20	85	0	0	0
20	90	0	0	0
20	95	0	0	0
20	100	0	0	0
20	105	0	0	0
20	110	0	0	0
20	115	0	0	0
20	120	0	0	0
20	125	0	0	0
20	130	0	0	0
20	135	0	0	0
20	140	0	0	0
20	145	0	0	0
20	150	0	0	0
20	155	0	0	0
20	160	0	0	0
20	165	0	0	0
20	170	0	0	0
20	175	0	0	0
25	-180	0	0	0
25	-175	0	0	0
25	-170	0	0	0
25	-165	0	0	0
25	-160	0	0	0
25	-155	0	0	0
25	-150	0	0	0
25	-145	0	0	0
25	-140	0	0	0
25	-135	0	0	0
25	-130	0	0	0
25	-125	0	0	0
25	-120	0	0	0
25	-115	0	0	0
25	-110	0	0	0
25	-105	0	0	0
25	-100	0	0	0
25	-95	0	0	0
25	-90	0	0	0
25	-85	0	0	0
25	-80	0	0	0
25	-75	0	0	0
25	-70	0	0	0
25	-65	0	0	0
25	-60	0	0	0
25	-55	0	0	0
25	-50	0	0	0
25	-45	0	0	0
25	-40	0	0	0
25	-35	0	0	0
25	-30	0	0	0
25	-25	0	0	0
25	-20	0	0	0
25	-15	0	0	0
25	-10	0	0	0
25	-5	0	0	0
25	0	0	0	0
25	5	0	0	0
25	10	0	0	0
25	15	0	0	0
25	20	0	0	0
25	25	0	0	0
25	30	0	0	0
25	35	0	0	0
25	40	0	0	0
25	45	0	0	0
25	50	0	0	0
25	55	0	0	0
25	60	0	0	0
25	65	0	0	0
25	70	0	0	0
25	75	0	0	0
25	80	0	0	0
25	85	0	0	0
25	90	0	0	0
25	95	0	0	0
25	100	0	0	0
25	105	0	0	0
25	110	0	0	0
25	115	0	0	0
25	120	0	0	0
25	125	0	0	0
25	130	0	0	0
25	135	0	0	0
25	140	0	0	0
25	145	0	0	0
25	150	0	0	0
25	155	0	0	0
25	160	0	0	0
25	165	0	0	0
25	170	0	0	0
25	175	0	0	0
30	-180	0	0	0
30	-175	0	0	0
30	-170	0	0	0
30	-165	0	0	0
30	-160	0	0	0
30	-155	0	0	0
30	-150	0	0	0
30	-145	0	0	0
30	-140	0	0	0
30	-135	0	0	0
30	-130	0	0	0
30	-125	0	0	0
30	-120	0	0	0
30	-115	0	0	0
30	-110	0	0	0
30	-105	0	0	0
30	-100	0	0	0
30	-95	0	0	0
30	-90	0	0	0
30	-85	0	0	0
30	-80	0	0	0
30	-75	0	0	0
30	-70	0	0	0
30	-65	0	0	0
30	-60	0	0	0
30	-55	0	0	0
30	-50	0	0	0
30	-45	0	0	0
30	-40	0	0	0
30	-35	0	0	0
30	-30	0	0	0
30	-25	0	0	0
30	-20	0	0	0
30	-15	0	0	0
30	-10	0	0	0
30	-5	0	0	0
30	0	0	0	0
30	5	0	0	0
30	10	0	0	0
30	15	0	0	0
30	20	0	0	0
30	25	0	0	0
30	30	0	0	0
30	35	0	0	0
30	40	0	0	0
30	45	0	0	0
30	50	0	0	0
30	55	0	0	0
30	60	0	0	0
30	65	0	0	1
30	70	0	0	0
30	75	0	0	0
30	80	0	0	0
30	85	0	0	0
30	90	0	0	0
30	95	0	0	0
30	100	0	0	0
30	105	0	0	0
30	110	0	0	0
30	115	0	0	0
30	120	0	0	0
30	125	0	0	0
30	130	0	0	0
30	135	0	0	0
30	140	0	0	0
30	145	0	0	0
30	150	0	0	0
30	155	0	0	0
30	160	0	0	0
30	165	0	0	0
30	170	0	0	0
30	175	0	0	0
35	-180	0	0	0
35	-175	0	0	0
35	-170	0	0	0
35	-165	0	0	0
35	-160	0	0	0
35	-155	0	0	0
35	-150	0	0	0
35	-145	0	0	0
35	-140	0	0	0
35	-135	0	0	0
35	-130	0	0	0
35	-125	0	0	0
35	-120	0	0	0
35	-115	0	0	0
35	-110	0	0	0
35	-105	0	0	0
35	-100	0	0	0
35	-95	0	0	0
35	-90	0	0	0
35	-85	0	0	0
35	-80	0	0	0
35	-75	0	0	0
35	-70	0	0	0
35	-65	0	0	0
35	-60	0	0	0
35	-55	0	0	0
35	-50	0	0	0
35	-45	0	0	0
35	-40	0	0	0
35	-35	0	0	0
35	-30	0	0	0
35	-25	0	0	0
35	-20	0	0	0
35	-15	0	0	0
35	-10	0	0	0
35	-5	0	0	0
35	0	0	0	0
35	5	0	0	0
35	10	0	0	0
35	15	0	0	0
35	20	0	0	0
35	25	0	0	0
35	30	0	0	0
35	35	0	0	0
35	40	0	0	1
35	45	0	0	0
35	50	0	0	1
35	55	0	0	0
35	60	0	0	0
35	65	0	0	0
35	70	0	0	0
35	75	0	0	0
35	80	0	0	0
35	85	0	0	0
35	90	0	0	0
35	95	0	0	0
35	100	0	0	0
35	105	0	0	0
35	110	0	0	0
35	115	0	0	0
35	120	0	0	0
35	125	0	0	0
35	130	0	0	0
35	135	0	0	0
35	140	0	0	0
35	145	0	0	0
35	150	0	0	0
35	155	0	0	0
35	160	0	0	0
35	165	0	0	0
35	170	0	0	0
35	175	0	0	0
40	-180	0	0	0
40	-175	0	0	0
40	-170	0	0	0
40	-165	0	0	0
40	-160	0	0	0
40	-155	0	0	0
40	-150	0	0	0
40	-145	0	0	0
40	-140	0	0	0
40	-135	0	0	0
40	-130	0	0	1
40	-125	0	0	0
40	-120	0	0	0
40	-115	0	0	0
40	-110	0	0	0
40	-105	0	0	0
40	-100	0	0	0
40	-95	0	0	0
40	-90	0	0	0
40	-85	0	0	0
40	-80	0	0	0
40	-75	0	0	0
40	-70	0	0	0
40	-65	0	0	0
40	-60	0	0	0
40	-55	0	0	0
40	-50	0	0	0
40	-45	0	0	0
40	-40	0	0	0
40	-35	0	0	0
40	-30	0	0	0
40	-25	0	0	0
40	-20	0	0	0
40	-15	0	0	0
40	-10	0	0	0
40	-5	0	0	0
40	0	0	0	0
40	5	0	0	0
40	10	0	0	0
40	15	0	0	0
40	20	0	0	0
40	25	0	0	0
40	30	0	0	0
40	35	0	0	0
40	40	0	0	0
40	45	172.0	236.0	3
40	50	148.0	234.0	4
40	55	0	0	2
40	60	28.0	232.0	3
40	65	0	0	1
40	70	0	0	1
40	75	0	0	0
40	80	0	0	0
40	85	0	0	0
40	90	0	0	0
40	95	0	0	0
40	100	0	0	0
40	105	0	0	0
40	110	0	0	0
40	115	0	0	0
40	120	0	0	0
40	125	0	0	0
40	130	0	0	0
40	135	0	0	0
40	140	0	0	0
40	145	0	0	0
40	150	0	0	0
40	155	0	0	0
40	160	0	0	0
40	165	0	0	0
40	170	0	0	0
40	175	0	0	0
45	-180	0	0	0
45	-175	0	0	0
45	-170	0	0	0
45	-165	0	0	0
45	-160	0	0	0
45	-155	0	0	0
45	-150	0	0	0
45	-145	0	0	0
45	-140	0	0	0
45	-135	0	0	0
45	-130	0	0	0
45	-125	0	0	1
45	-120	0	0	0
45	-115	0	0	0
45	-110	0	0	0
45	-105	0	0	0
45	-100	0	0	0
45	-95	0	0	0
45	-90	0	0	0
45	-85	0	0	0
45	-80	0	0	0
45	-75	0	0	0
45	-70	0	0	0
45	-65	0	0	0
45	-60	0	0	0
45	-55	0	0	0
45	-50	0	0	0
45	-45	0	0	0
45	-40	0	0	0
45	-35	0	0	0
45	-30	0	0	0
45	-25	0	0	0
45	-20	0	0	0
45	-15	0	0	0
45	-10	0	0	0
45	-5	0	0	0
45	0	0	0	0
45	5	0	0	0
45	10	0	0	0
45	15	0	0	0
45	20	0	0	0
45	25	0	0	1
45	30	0	0	2
45	35	67.0	233.0	4
45	40	184.0	233.0	10
45	45	184.0	233.0	9
45	50	94.0	232.0	4
45	55	0	0	2
45	60	111.0	230.0	3
45	65	0	0	0
45	70	0	0	0
45	75	0	0	0
45	80	0	0	0
45	85	0	0	0
45	90	0	0	0
45	95	0	0	0
45	100	0	0	0
45	105	0	0	0
45	110	0	0	0
45	115	0	0	0
45	120	0	0	0
45	125	0	0	0
45	130	0	0	0
45	135	0	0	0
45	140	0	0	0
45	145	0	0	0
45	150	0	0	0
45	155	0	0	0
45	160	0	0	0
45	165	0	0	0
45	170	0	0	0
45	175	0	0	0
50	-180	0	0	0
50	-175	0	0	0
50	-170	0	0	0
50	-165	0	0	0
50	-160	0	0	0
50	-155	0	0	0
50	-150	0	0	0
50	-145	0	0	0
50	-140	0	0	0
50	-135	0	0	1
50	-130	0	0	1
50	-125	0	0	1
50	-120	0	0	2
50	-115	0	0	1
50	-110	0	0	0
50	-105	0	0	0
50	-100	0	0	0
50	-95	0	0	0
50	-90	0	0	0
50	-85	0	0	0
50	-80	0	0	0
50	-75	0	0	0
50	-70	0	0	0
50	-65	0	0	0
50	-60	0	0	0
50	-55	0	0	0
50	-50	0	0	0
50	-45	0	0	0
50	-40	0	0	0
50	-35	0	0	0
50	-30	0	0	0
50	-25	0	0	0
50	-20	0	0	0
50	-15	0	0	0
50	-10	0	0	0
50	-5	0	0	0
50	0	0	0	0
50	5	0	0	0
50	10	0	0	1
50	15	0	0	0
50	20	0	0	2
50	25	93.0	238.0	5
50	30	144.0	237.0	9
50	35	201.0	235.0	12
50	40	203.0	235.0	18
50	45	158.0	233.0	8
50	50	184.0	232.0	5
50	55	71.0	233.0	5
50	60	0	0	1
50	65	0	0	0
50	70	0	0	1
50	75	0	0	0
50	80	0	0	0
50	85	0	0	0
50	90	0	0	0
50	95	0	0	0
50	100	0	0	0
50	105	0	0	0
50	110	0	0	0
50	115	0	0	0
50	120	0	0	0
50	125	0	0	0
50	130	0	0	0
50	135	0	0	0
50	140	0	0	0
50	145	0	0	0
50	150	0	0	0
50	155	0	0	0
50	160	0	0	0
50	165	0	0	0
50	170	0	0	0
50	175	0	0	0
55	-180	0	0	0
55	-175	0	0	1
55	-170	0	0	0
55	-165	0	0	0
55	-160	0	0	0
55	-155	0	0	1
55	-150	0	0	0
55	-145	0	0	0
55	-140	0	0	0
55	-135	0	0	0
55	-130	0	0	2
55	-125	0	0	1
55	-120	0	0	0
55	-115	0	0	0
55	-110	0	0	1
55	-105	0	0	0
55	-100	0	0	0
55	-95	0	0	0
55	-90	0	0	0
55	-85	0	0	0
55	-80	0	0	0
55	-75	0	0	0
55	-70	0	0	0
55	-65	0	0	0
55	-60	0	0	0
55	-55	0	0	0
55	-50	0	0	0
55	-45	0	0	0
55	-40	0	0	0
55	-35	0	0	0
55	-30	0	0	0
55	-25	0	0	0
55	-20	0	0	0
55	-15	0	0	0
55	-10	0	0	0
55	-5	0	0	0
55	0	0	0	0
55	5	0	0	0
55	10	0	0	2
55	15	150.0	238.0	4
55	20	148.0	235.0	7
55	25	209.0	235.0	8
55	30	213.0	234.0	18
55	35	189.0	233.0	11
55	40	194.0	232.0	7
55	45	112.0	229.0	10
55	50	185.0	230.0	5
55	55	102.0	230.0	4
55	60	0	0	2
55	65	0	0	0
55	70	0	0	0
55	75	0	0	0
55	80	0	0	0
55	85	0	0	0
55	90	0	0	0
55	95	0	0	0
55	100	0	0	0
55	105	0	0	0
55	110	0	0	0
55	115	0	0	0
55	120	0	0	0
55	125	0	0	0
55	130	0	0	0
55	135	0	0	0
55	140	0	0	0
55	145	0	0	0
55	150	0	0	0
55	155	0	0	0
55	160	0	0	0
55	165	0	0	0
55	170	0	0	0
55	175	0	0	0
60	-180	0	0	0
60	-175	0	0	1
60	-170	0	0	0
60	-165	0	0	1
60	-160	0	0	0
60	-155	0	0	0
60	-150	0	0	0
60	-145	0	0	0
60	-140	0	0	0
60	-135	0	0	0
60	-130	0	0	0
60	-125	0	0	0
60	-120	0	0	0
60	-115	0	0	0
60	-110	0	0	0
60	-105	0	0	0
60	-100	0	0	0
60	-95	0	0	0
60	-90	0	0	0
60	-85	0	0	0
60	-80	0	0	0
60	-75	0	0	0
60	-70	0	0	0
60	-65	0	0	1
60	-60	0	0	0
60	-55	0	0	0
60	-50	0	0	0
60	-45	0	0	0
60	-40	0	0	0
60	-35	0	0	0
60	-30	0	0	0
60	-25	0	0	0
60	-20	0	0	0
60	-15	0	0	0
60	-10	0	0	0
60	-5	0	0	0
60	0	0	0	0
60	5	0	0	2
60	10	45.0	235.0	4
60	15	111.0	235.0	6
60	20	204.0	234.0	14
60	25	160.0	232.0	12
60	30	202.0	231.0	9
60	35	188.0	230.0	7
60	40	191.0	230.0	4
60	45	204.0	228.0	6
60	50	0	0	0
60	55	0	0	0
60	60	0	0	0
60	65	0	0	1
60	70	0	0	0
60	75	0	0	0
60	80	0	0	0
60	85	0	0	0
60	90	0	0	0
60	95	0	0	0
60	100	0	0	0
60	105	0	0	0
60	110	0	0	0
60	115	0	0	0
60	120	0	0	0
60	125	0	0	0
60	130	0	0	0
60	135	0	0	0
60	140	0	0	0
60	145	0	0	0
60	150	0	0	0
60	155	0	0	0
60	160	0	0	0
60	165	0	0	0
60	170	0	0	0
60	175	0	0	1
65	-180	0	0	0
65	-175	0	0	0
65	-170	0	0	2
65	-165	0	0	0
65	-160	0	0	0
65	-155	0	0	0
65	-150	0	0	0
65	-145	0	0	0
65	-140	0	0	0
65	-135	0	0	0
65	-130	0	0	0
65	-125	0	0	0
65	-120	0	0	0
65	-115	0	0	0
65	-110	0	0	0
65	-105	0	0	0
65	-100	0	0	0
65	-95	0	0	0
65	-90	0	0	0
65	-85	0	0	0
65	-80	0	0	0
65	-75	0	0	0
65	-70	0	0	0
65	-65	0	0	0
65	-60	0	0	0
65	-55	0	0	0
65	-50	0	0	0
65	-45	0	0	0
65	-40	0	0	0
65	-35	0	0	1
65	-30	0	0	1
65	-25	0	0	0
65	-20	0	0	0
65	-15	0	0	0
65	-10	0	0	1
65	-5	76.0	238.0	3
65	0	165.0	236.0	3
65	5	216.0	236.0	7
65	10	203.0	235.0	10
65	15	182.0	233.0	4
65	20	105.0	233.0	12
65	25	146.0	231.0	6
65	30	149.0	230.0	5
65	35	181.0	230.0	3
65	40	0	0	1
65	45	0	0	0
65	50	0	0	0
65	55	0	0	1
65	60	0	0	1
65	65	0	0	0
65	70	0	0	0
65	75	0	0	1
65	80	0	0	0
65	85	0	0	0
65	90	0	0	0
65	95	0	0	0
65	100	0	0	0
65	105	0	0	0
65	110	0	0	0
65	115	0	0	0
65	120	0	0	0
65	125	0	0	0
65	130	0	0	0
65	135	0	0	0
65	140	0	0	0
65	145	0	0	0
65	150	0	0	0
65	155	0	0	0
65	160	0	0	1
65	165	0	0	0
65	170	0	0	1
65	175	0	0	0
70	-180	0	0	0
70	-175	0	0	0
70	-170	0	0	0
70	-165	0	0	0
70	-160	0	0	0
70	-155	0	0	0
70	-150	0	0	0
70	-145	0	0	0
70	-140	0	0	0
70	-135	0	0	0
70	-130	0	0	0
70	-125	0	0	0
70	-120	0	0	0
70	-115	0	0	0
70	-110	0	0	0
70	-105	0	0	0
70	-100	0	0	0
70	-95	0	0	0
70	-90	0	0	0
70	-85	0	0	0
70	-80	0	0	0
70	-75	0	0	0
70	-70	0	0	0
70	-65	0	0	0
70	-60	0	0	2
70	-55	0	0	0
70	-50	0	0	0
70	-45	0	0	2
70	-40	0	0	1
70	-35	0	0	0
70	-30	0	0	0
70	-25	0	0	0
70	-20	0	0	0
70	-15	0	0	0
70	-10	116.0	240.0	3
70	-5	0	0	1
70	0	206.0	238.0	3
70	5	199.0	236.0	7
70	10	159.0	236.0	7
70	15	124.0	235.0	4
70	20	0	0	1
70	25	0	0	1
70	30	0	0	0
70	35	0	0	0
70	40	0	0	0
70	45	0	0	0
70	50	0	0	0
70	55	0	0	0
70	60	0	0	0
70	65	0	0	1
70	70	0	0	1
70	75	0	0	0
70	80	0	0	0
70	85	0	0	0
70	90	0	0	0
70	95	0	0	0
70	100	0	0	0
70	105	0	0	0
70	110	0	0	0
70	115	0	0	0
70	120	0	0	0
70	125	0	0	0
70	130	0	0	0
70	135	0	0	1
70	140	0	0	0
70	145	0	0	0
70	150	0	0	0
70	155	0	0	0
70	160	0	0	1
70	165	0	0	0
70	170	0	0	0
70	175	0	0	0
75	-180	0	0	0
75	-175	0	0	0
75	-170	0	0	0
75	-165	0	0	0
75	-160	0	0	0
75	-155	0	0	0
75	-150	0	0	0
75	-145	0	0	0
75	-140	0	0	0
75	-135	0	0	0
75	-130	0	0	0
75	-125	0	0	0
75	-120	0	0	0
75	-115	0	0	0
75	-110	0	0	0
75	-105	0	0	0
75	-100	0	0	0
75	-95	0	0	0
75	-90	0	0	0
75	-85	0	0	0
75	-80	0	0	0
75	-75	0	0	1
75	-70	0	0	0
75	-65	0	0	0
75	-60	0	0	0
75	-55	0	0	0
75	-50	0	0	1
75	-45	0	0	1
75	-40	0	0	0
75	-35	0	0	1
75	-30	0	0	0
75	-25	0	0	0
75	-20	0	0	1
75	-15	0	0	0
75	-10	0	0	1
75	-5	0	0	1
75	0	103.0	235.0	3
75	5	0	0	1
75	10	52.0	232.0	3
75	15	0	0	1
75	20	0	0	1
75	25	0	0	0
75	30	0	0	0
75	35	0	0	0
75	40	0	0	0
75	45	0	0	0
75	50	0	0	0
75	55	0	0	0
75	60	0	0	0
75	65	0	0	1
75	70	0	0	0
75	75	0	0	0
75	80	0	0	0
75	85	0	0	0
75	90	0	0	0
75	95	0	0	0
75	100	0	0	0
75	105	0	0	0
75	110	0	0	0
75	115	0	0	0
75	120	0	0	0
75	125	0	0	0
75	130	0	0	0
75	135	0	0	0
75	140	0	0	0
75	145	0	0	0
75	150	0	0	0
75	155	0	0	0
75	160	0	0	1
75	165	0	0	0
75	170	0	0	0
75	175	0	0	0
80	-180	0	0	0
80	-175	0	0	0
80	-170	0	0	0
80	-165	0	0	0
80	-160	0	0	0
80	-155	0	0	0
80	-150	0	0	0
80	-145	0	0	0
80	-140	0	0	0
80	-135	0	0	0
80	-130	0	0	0
80	-125	0	0	0
80	-120	0	0	0
80	-115	0	0	0
80	-110	0	0	0
80	-105	0	0	0
80	-100	0	0	0
80	-95	0	0	0
80	-90	0	0	0
80	-85	0	0	0
80	-80	0	0	0
80	-75	0	0	0
80	-70	0	0	0
80	-65	0	0	1
80	-60	0	0	0
80	-55	0	0	0
80	-50	0	0	0
80	-45	0	0	0
80	-40	0	0	0
80	-35	0	0	1
80	-30	0	0	0
80	-25	0	0	0
80	-20	0	0	0
80	-15	0	0	0
80	-10	0	0	0
80	-5	0	0	0
80	0	0	0	1
80	5	0	0	0
80	10	0	0	1
80	15	0	0	0
80	20	0	0	0
80	25	0	0	0
80	30	0	0	0
80	35	0	0	0
80	40	0	0	0
80	45	0	0	0
80	50	0	0	0
80	55	0	0	0
80	60	0	0	0
80	65	0	0	0
80	70	0	0	0
80	75	0	0	0
80	80	0	0	0
80	85	0	0	0
80	90	0	0	0
80	95	0	0	0
80	100	0	0	0
80	105	0	0	0
80	110	0	0	0
80	115	0	0	0
80	120	0	0	0
80	125	0	0	0
80	130	0	0	0
80	135	0	0	0
80	140	0	0	1
80	145	0	0	0
80	150	0	0	0
80	155	0	0	0
80	160	0	0	0
80	165	0	0	0
80	170	0	0	0
80	175	0	0	0
85	-180	0	0	0
85	-175	0	0	0
85	-170	0	0	0
85	-165	0	0	0
85	-160	0	0	0
85	-155	0	0	0
85	-150	0	0	0
85	-145	0	0	0
85	-140	0	0	0
85	-135	0	0	0
85	-130	0	0	0
85	-125	0	0	0
85	-120	0	0	0
85	-115	0	0	0
85	-110	0	0	0
85	-105	0	0	0
85	-100	0	0	0
85	-95	0	0	0
85	-90	0	0	0
85	-85	0	0	0
85	-80	0	0	0
85	-75	0	0	0
85	-70	0	0	0
85	-65	0	0	0
85	-60	0	0	0
85	-55	0	0	0
85	-50	0	0	0
85	-45	0	0	0
85	-40	0	0	0
85	-35	0	0	0
85	-30	0	0	0
85	-25	0	0	0
85	-20	0	0	0
85	-15	0	0	0
85	-10	0	0	0
85	-5	0	0	0
85	0	0	0	1
85	5	0	0	0
85	10	0	0	0
85	15	0	0	0
85	20	0	0	0
85	25	0	0	0
85	30	0	0	0
85	35	0	0	0
85	40	0	0	0
85	45	0	0	0
85	50	0	0	0
85	55	0	0	0
85	60	0	0	0
85	65	0	0	0
85	70	0	0	0
85	75	0	0	0
85	80	0	0	0
85	85	0	0	0
85	90	0	0	0
85	95	0	0	0
85	100	0	0	0
85	105	0	0	0
85	110	0	0	0
85	115	0	0	0
85	120	0	0	0
85	125	0	0	0
85	130	0	0	0
85	135	0	0	0
85	140	0	0	0
85	145	0	0	0
85	150	0	0	0
85	155	0	0	0
85	160	0	0	0
85	165	0	0	0
85	170	0	0	0
85	175	0	0	0
90	-180	0	0	0
90	-175	0	0	0
90	-170	0	0	0
90	-165	0	0	0
90	-160	0	0	0
90	-155	0	0	0
90	-150	0	0	0
90	-145	0	0	0
90	-140	0	0	0
90	-135	0	0	0
90	-130	0	0	0
90	-125	0	0	0
90	-120	0	0	0
90	-115	0	0	0
90	-110	0	0	0
90	-105	0	0	0
90	-100	0	0	0
90	-95	0	0	0
90	-90	0	0	0
90	-85	0	0	0
90	-80	0	0	0
90	-75	0	0	0
90	-70	0	0	0
90	-65	0	0	0
90	-60	0	0	0
90	-55	0	0	0
90	-50	0	0	0
90	-45	0	0	0
90	-40	0	0	0
90	-35	0	0	0
90	-30	0	0	0
90	-25	0	0	0
90	-20	0	0	0
90	-15	0	0	0
90	-10	0	0	0
90	-5	0	0	0
90	0	0	0	0
90	5	0	0	0
90	10	0	0	0
90	15	0	0	0
90	20	0	0	0
90	25	0	0	0
90	30	0	0	0
90	35	0	0	0
90	40	0	0	0
90	45	0	0	0
90	50	0	0	0
90	55	0	0	0
90	60	0	0	0
90	65	0	0	0
90	70	0	0	0
90	75	0	0	0
90	80	0	0	0
90	85	0	0	0
90	90	0	0	0
90	95	0	0	0
90	100	0	0	0
90	105	0	0	0
90	110	0	0	0
90	115	0	0	0
90	120	0	0	0
90	125	0	0	0
90	130	0	0	0
90	135	0	0	0
90	140	0	0	0
90	145	0	0	1
90	150	0	0	0
90	155	0	0	0
90	160	0	0	0
90	165	0	0	0
90	170	0	0	0
90	175	0	0	0
95	-180	0	0	0
95	-175	0	0	0
95	-170	0	0	0
95	-165	0	0	0
95	-160	0	0	0
95	-155	0	0	0
95	-150	0	0	0
95	-145	0	0	0
95	-140	0	0	0
95	-135	0	0	0
95	-130	0	0	0
95	-125	0	0	0
95	-120	0	0	0
95	-115	0	0	0
95	-110	0	0	0
95	-105	0	0	0
95	-100	0	0	0
95	-95	0	0	0
95	-90	0	0	0
95	-85	0	0	0
95	-80	0	0	0
95	-75	0	0	0
95	-70	0	0	0
95	-65	0	0	0
95	-60	0	0	0
95	-55	0	0	0
95	-50	0	0	0
95	-45	0	0	0
95	-40	0	0	0
95	-35	0	0	0
95	-30	0	0	0
95	-25	0	0	0
95	-20	0	0	0
95	-15	0	0	0
95	-10	0	0	0
95	-5	0	0	0
95	0	0	0	0
95	5	0	0	0
95	10	0	0	0
95	15	0	0	0
95	20	0	0	0
95	25	0	0	0
95	30	0	0	0
95	35	0	0	0
95	40	0	0	0
95	45	0	0	0
95	50	0	0	0
95	55	0	0	0
95	60	0	0	0
95	65	0	0	0
95	70	0	0	0
95	75	0	0	0
95	80	0	0	0
95	85	0	0	0
95	90	0	0	0
95	95	0	0	0
95	100	0	0	0
95	105	0	0	0
95	110	0	0	0
95	115	0	0	1
95	120	0	0	0
95	125	0	0	0
95	130	0	0	0
95	135	0	0	0
95	140	0	0	0
95	145	0	0	0
95	150	0	0	1
95	155	0	0	0
95	160	0	0	0
95	165	0	0	0
95	170	0	0	0
95	175	0	0	0
100	-180	0	0	0
100	-175	0	0	0
100	-170	0	0	0
100	-165	0	0	0
100	-160	0	0	0
100	-155	0	0	0
100	-150	0	0	0
100	-145	0	0	0
100	-140	0	0	0
100	-135	0	0	0
100	-130	0	0	0
100	-125	0	0	0
100	-120	0	0	0
100	-115	0	0	0
100	-110	0	0	0
100	-105	0	0	0
100	-100	0	0	0
100	-95	0	0	0
100	-90	0	0	0
100	-85	0	0	0
100	-80	0	0	0
100	-75	0	0	0
100	-70	0	0	0
100	-65	0	0	0
100	-60	0	0	0
100	-55	0	0	0
100	-50	0	0	0
100	-45	0	0	0
100	-40	0	0	0
100	-35	0	0	0
100	-30	0	0	0
100	-25	0	0	0
100	-20	0	0	0
100	-15	0	0	0
100	-10	0	0	0
100	-5	0	0	0
100	0	0	0	0
100	5	0	0	0
100	10	0	0	0
100	15	0	0	0
100	20	0	0	0
100	25	0	0	0
100	30	0	0	0
100	35	0	0	0
100	40	0	0	0
100	45	0	0	0
100	50	0	0	0
100	55	0	0	0
100	60	0	0	0
100	65	0	0	0
100	70	0	0	0
100	75	0	0	0
100	80	0	0	0
100	85	0	0	0
100	90	0	0	0
100	95	0	0	0
100	100	0	0	0
100	105	0	0	0
100	110	0	0	0
100	115	0	0	0
100	120	0	0	0
100	125	0	0	0
100	130	0	0	0
100	135	0	0	0
100	140	0	0	0
100	145	0	0	0
100	150	0	0	0
100	155	0	0	0
100	160	0	0	0
100	165	0	0	0
100	170	0	0	0
100	175	0	0	0
105	-180	0	0	0
105	-175	0	0	0
105	-170	0	0	0
105	-165	0	0	0
105	-160	0	0	0
105	-155	0	0	0
105	-150	0	0	0
105	-145	0	0	0
105	-140	0	0	0
105	-135	0	0	0
105	-130	0	0	0
105	-125	0	0	0
105	-120	0	0	0
105	-115	0	0	0
105	-110	0	0	0
105	-105	0	0	0
105	-100	0	0	0
105	-95	0	0	0
105	-90	0	0	0
105	-85	0	0	0
105	-80	0	0	0
105	-75	0	0	0
105	-70	0	0	0
105	-65	0	0	0
105	-60	0	0	0
105	-55	0	0	0
105	-50	0	0	0
105	-45	0	0	0
105	-40	0	0	0
105	-35	0	0	0
105	-30	0	0	0
105	-25	0	0	0
105	-20	0	0	0
105	-15	0	0	0
105	-10	0	0	0
105	-5	0	0	0
105	0	0	0	0
105	5	0	0	0
105	10	0	0	0
105	15	0	0	0
105	20	0	0	0
105	25	0	0	0
105	30	0	0	0
105	35	0	0	0
105	40	0	0	0
105	45	0	0	0
105	50	0	0	0
105	55	0	0	0
105	60	0	0	0
105	65	0	0	0
105	70	0	0	0
105	75	0	0	0
105	80	0	0	0
105	85	0	0	0
105	90	0	0	0
105	95	0	0	0
105	100	0	0	0
105	105	0	0	0
105	110	0	0	0
105	115	0	0	0
105	120	0	0	0
105	125	0	0	0
105	130	0	0	0
105	135	0	0	0
105	140	0	0	0
105	145	0	0	0
105	150	0	0	0
105	155	0	0	0
105	160	0	0	0
105	165	0	0	0
105	170	0	0	0
105	175	0	0	0
110	-180	0	0	0
110	-175	0	0	0
110	-170	0	0	0
110	-165	0	0	0
110	-160	0	0	0
110	-155	0	0	0
110	-150	0	0	0
110	-145	0	0	0
110	-140	0	0	0
110	-135	0	0	0
110	-130	0	0	0
110	-125	0	0	0
110	-120	0	0	0
110	-115	0	0	0
110	-110	0	0	0
110	-105	0	0	0
110	-100	0	0	0
110	-95	0	0	0
110	-90	0	0	0
110	-85	0	0	0
110	-80	0	0	0
110	-75	0	0	0
110	-70	0	0	0
110	-65	0	0	0
110	-60	0	0	0
110	-55	0	0	0
110	-50	0	0	0
110	-45	0	0	0
110	-40	0	0	0
110	-35	0	0	0
110	-30	0	0	0
110	-25	0	0	0
110	-20	0	0	0
110	-15	0	0	0
110	-10	0	0	0
110	-5	0	0	0
110	0	0	0	0
110	5	0	0	0
110	10	0	0	0
110	15	0	0	0
110	20	0	0	0
110	25	0	0	0
110	30	0	0	0
110	35	0	0	0
110	40	0	0	0
110	45	0	0	0
110	50	0	0	0
110	55	0	0	0
110	60	0	0	0
110	65	0	0	0
110	70	0	0	0
110	75	0	0	0
110	80	0	0	0
110	85	0	0	0
110	90	0	0	0
110	95	0	0	0
110	100	0	0	0
110	105	0	0	0
110	110	0	0	0
110	115	0	0	0
110	120	0	0	0
110	125	0	0	0
110	130	0	0	0
110	135	0	0	0
110	140	0	0	0
110	145	0	0	0
110	150	0	0	0
110	155	0	0	0
110	160	0	0	0
110	165	0	0	0
110	170	0	0	0
110	175	0	0	0
115	-180	0	0	0
115	-175	0	0	0
115	-170	0	0	0
115	-165	0	0	0
115	-160	0	0	0
115	-155	0	0	0
115	-150	0	0	0
115	-145	0	0	0
115	-140	0	0	0
115	-135	0	0	0
115	-130	0	0	0
115	-125	0	0	0
115	-120	0	0	0
115	-115	0	0	0
115	-110	0	0	0
115	-105	0	0	0
115	-100	0	0	0
115	-95	0	0	0
115	-90	0	0	0
115	-85	0	0	0
115	-80	0	0	0
115	-75	0	0	0
115	-70	0	0	0
115	-65	0	0	0
115	-60	0	0	0
115	-55	0	0	0
115	-50	0	0	0
115	-45	0	0	0
115	-40	0	0	0
115	-35	0	0	0
115	-30	0	0	0
115	-25	0	0	0
115	-20	0	0	0
115	-15	0	0	0
115	-10	0	0	0
115	-5	0	0	0
115	0	0	0	0
115	5	0	0	0
115	10	0	0	0
115	15	0	0	0
115	20	0	0	0
115	25	0	0	0
115	30	0	0	0
115	35	0	0	0
115	40	0	0	0
115	45	0	0	0
115	50	0	0	0
115	55	0	0	0
115	60	0	0	0
115	65	0	0	0
115	70	0	0	0
115	75	0	0	0
115	80	0	0	0
115	85	0	0	0
115	90	0	0	0
115	95	0	0	0
115	100	0	0	0
115	105	0	0	0
115	110	0	0	0
115	115	0	0	0
115	120	0	0	0
115	125	0	0	0
115	130	0	0	0
115	135	0	0	0
115	140	0	0	0
115	145	0	0	0
115	150	0	0	0
115	155	0	0	0
115	160	0	0	0
115	165	0	0	0
115	170	0	0	0
115	175	0	0	0
120	-180	0	0	0
120	-175	0	0	0
120	-170	0	0	0
120	-165	0	0	0
120	-160	0	0	0
120	-155	0	0	0
120	-150	0	0	0
120	-145	0	0	0
120	-140	0	0	0
120	-135	0	0	0
120	-130	0	0	0
120	-125	0	0	0
120	-120	0	0	0
120	-115	0	0	0
120	-110	0	0	0
120	-105	0	0	0
120	-100	0	0	0
120	-95	0	0	0
120	-90	0	0	0
120	-85	0	0	0
120	-80	0	0	0
120	-75	0	0	0
120	-70	0	0	0
120	-65	0	0	0
120	-60	0	0	0
120	-55	0	0	0
120	-50	0	0	0
120	-45	0	0	0
120	-40	0	0	0
120	-35	0	0	0
120	-30	0	0	0
120	-25	0	0	0
120	-20	0	0	0
120	-15	0	0	0
120	-10	0	0	0
120	-5	0	0	0
120	0	0	0	0
120	5	0	0	0
120	10	0	0	0
120	15	0	0	0
120	20	0	0	0
120	25	0	0	0
120	30	0	0	0
120	35	0	0	0
120	40	0	0	0
120	45	0	0	0
120	50	0	0	0
120	55	0	0	0
120	60	0	0	0
120	65	0	0	0
120	70	0	0	0
120	75	0	0	0
120	80	0	0	0
120	85	0	0	0
120	90	0	0	0
120	95	0	0	0
120	100	0	0	0
120	105	0	0	0
120	110	0	0	0
120	115	0	0	0
120	120	0	0	0
120	125	0	0	0
120	130	0	0	0
120	135	0	0	0
120	140	0	0	0
120	145	0	0	0
120	150	0	0	0
120	155	0	0	0
120	160	0	0	0
120	165	0	0	0
120	170	0	0	0
120	175	0	0	0
125	-180	0	0	0
125	-175	0	0	0
125	-170	0	0	0
125	-165	0	0	0
125	-160	0	0	0
125	-155	0	0	0
125	-150	0	0	0
125	-145	0	0	0
125	-140	0	0	0
125	-135	0	0	0
125	-130	0	0	0
125	-125	0	0	0
125	-120	0	0	0
125	-115	0	0	0
125	-110	0	0	0
125	-105	0	0	0
125	-100	0	0	0
125	-95	0	0	0
125	-90	0	0	0
125	-85	0	0	0
125	-80	0	0	0
125	-75	0	0	0
125	-70	0	0	0
125	-65	0	0	0
125	-60	0	0	0
125	-55	0	0	0
125	-50	0	0	0
125	-45	0	0	0
125	-40	0	0	0
125	-35	0	0	0
125	-30	0	0	0
125	-25	0	0	0
125	-20	0	0	0
125	-15	0	0	0
125	-10	0	0	0
125	-5	0	0	0
125	0	0	0	0
125	5	0	0	0
125	10	0	0	0
125	15	0	0	0
125	20	0	0	0
125	25	0	0	0
125	30	0	0	0
125	35	0	0	0
125	40	0	0	0
125	45	0	0	0
125	50	0	0	0
125	55	0	0	0
125	60	0	0	0
125	65	0	0	0
125	70	0	0	0
125	75	0	0	0
125	80	0	0	0
125	85	0	0	0
125	90	0	0	0
125	95	0	0	0
125	100	0	0	0
125	105	0	0	0
125	110	0	0	0
125	115	0	0	0
125	120	0	0	0
125	125	0	0	0
125	130	0	0	0
125	135	0	0	0
125	140	0	0	0
125	145	0	0	0
125	150	0	0	0
125	155	0	0	0
125	160	0	0	0
125	165	0	0	0
125	170	0	0	0
125	175	0	0	0
130	-180	0	0	0
130	-175	0	0	0
130	-170	0	0	0
130	-165	0	0	0
130	-160	0	0	0
130	-155	0	0	0
130	-150	0	0	0
130	-145	0	0	0
130	-140	0	0	0
130	-135	0	0	0
130	-130	0	0	0
130	-125	0	0	0
130	-120	0	0	0
130	-115	0	0	0
130	-110	0	0	0
130	-105	0	0	0
130	-100	0	0	0
130	-95	0	0	0
130	-90	0	0	0
130	-85	0	0	0
130	-80	0	0	0
130	-75	0	0	0
130	-70	0	0	0
130	-65	0	0	0
130	-60	0	0	0
130	-55	0	0	0
130	-50	0	0	0
130	-45	0	0	0
130	-40	0	0	0
130	-35	0	0	0
130	-30	0	0	0
130	-25	0	0	0
130	-20	0	0	0
130	-15	0	0	0
130	-10	0	0	0
130	-5	0	0	0
130	0	0	0	0
130	5	0	0	0
130	10	0	0	0
130	15	0	0	0
130	20	0	0	0
130	25	0	0	0
130	30	0	0	0
130	35	0	0	0
130	40	0	0	0
130	45	0	0	0
130	50	0	0	0
130	55	0	0	0
130	60	0	0	0
130	65	0	0	0
130	70	0	0	0
130	75	0	0	0
130	80	0	0	0
130	85	0	0	0
130	90	0	0	0
130	95	0	0	0
130	100	0	0	0
130	105	0	0	0
130	110	0	0	0
130	115	0	0	0
130	120	0	0	0
130	125	0	0	0
130	130	0	0	0
130	135	0	0	0
130	140	0	0	0
130	145	0	0	0
130	150	0	0	0
130	155	0	0	0
130	160	0	0	0
130	165	0	0	0
130	170	0	0	0
130	175	0	0	0
135	-180	0	0	0
135	-175	0	0	0
135	-170	0	0	0
135	-165	0	0	0
135	-160	0	0	0
135	-155	0	0	0
135	-150	0	0	0
135	-145	0	0	0
135	-140	0	0	0
135	-135	0	0	0
135	-130	0	0	0
135	-125	0	0	0
135	-120	0	0	0
135	-115	0	0	0
135	-110	0	0	0
135	-105	0	0	0
135	-100	0	0	0
135	-95	0	0	0
135	-90	0	0	0
135	-85	0	0	0
135	-80	0	0	0
135	-75	0	0	0
135	-70	0	0	0
135	-65	0	0	0
135	-60	0	0	0
135	-55	0	0	0
135	-50	0	0	0
135	-45	0	0	0
135	-40	0	0	0
135	-35	0	0	0
135	-30	0	0	0
135	-25	0	0	0
135	-20	0	0	0
135	-15	0	0	0
135	-10	0	0	0
135	-5	0	0	0
135	0	0	0	0
135	5	0	0	0
135	10	0	0	0
135	15	0	0	0
135	20	0	0	0
135	25	0	0	0
135	30	0	0	0
135	35	0	0	0
135	40	0	0	0
135	45	0	0	0
135	50	0	0	0
135	55	0	0	0
135	60	0	0	0
135	65	0	0	0
135	70	0	0	0
135	75	0	0	0
135	80	0	0	0
135	85	0	0	0
135	90	0	0	0
135	95	0	0	0
135	100	0	0	0
135	105	0	0	0
135	110	0	0	0
135	115	0	0	0
135	120	0	0	0
135	125	0	0	0
135	130	0	0	0
135	135	0	0	0
135	140	0	0	0
135	145	0	0	0
135	150	0	0	0
135	155	0	0	0
135	160	0	0	0
135	165	0	0	0
135	170	0	0	0
135	175	0	0	0
140	-180	0	0	0
140	-175	0	0	0
140	-170	0	0	0
140	-165	0	0	0
140	-160	0	0	0
140	-155	0	0	0
140	-150	0	0	0
140	-145	0	0	0
140	-140	0	0	0
140	-135	0	0	0
140	-130	0	0	0
140	-125	0	0	0
140	-120	0	0	0
140	-115	0	0	0
140	-110	0	0	0
140	-105	0	0	0
140	-100	0	0	0
140	-95	0	0	0
140	-90	0	0	0
140	-85	0	0	0
140	-80	0	0	0
140	-75	0	0	0
140	-70	0	0	0
140	-65	0	0	0
140	-60	0	0	0
140	-55	0	0	0
140	-50	0	0	0
140	-45	0	0	0
140	-40	0	0	0
140	-35	0	0	0
140	-30	0	0	0
140	-25	0	0	0
140	-20	0	0	0
140	-15	0	0	0
140	-10	0	0	0
140	-5	0	0	0
140	0	0	0	0
140	5	0	0	0
140	10	0	0	0
140	15	0	0	0
140	20	0	0	0
140	25	0	0	0
140	30	0	0	0
140	35	0	0	0
140	40	0	0	0
140	45	0	0	0
140	50	0	0	0
140	55	0	0	0
140	60	0	0	0
140	65	0	0	0
140	70	0	0	0
140	75	0	0	0
140	80	0	0	0
140	85	0	0	0
140	90	0	0	0
140	95	0	0	0
140	100	0	0	0
140	105	0	0	0
140	110	0	0	0
140	115	0	0	0
140	120	0	0	0
140	125	0	0	0
140	130	0	0	0
140	135	0	0	0
140	140	0	0	0
140	145	0	0	0
140	150	0	0	0
140	155	0	0	0
140	160	0	0	0
140	165	0	0	0
140	170	0	0	0
140	175	0	0	0
145	-180	0	0	0
145	-175	0	0	0
145	-170	0	0	0
145	-165	0	0	0
145	-160	0	0	0
145	-155	0	0	0
145	-150	0	0	0
145	-145	0	0	0
145	-140	0	0	0
145	-135	0	0	0
145	-130	0	0	0
145	-125	0	0	0
145	-120	0	0	0
145	-115	0	0	0
145	-110	0	0	0
145	-105	0	0	0
145	-100	0	0	0
145	-95	0	0	0
145	-90	0	0	0
145	-85	0	0	0
145	-80	0	0	0
145	-75	0	0	0
145	-70	0	0	0
145	-65	0	0	0
145	-60	0	0	0
145	-55	0	0	0
145	-50	0	0	0
145	-45	0	0	0
145	-40	0	0	0
145	-35	0	0	0
145	-30	0	0	0
145	-25	0	0	0
145	-20	0	0	0
145	-15	0	0	0
145	-10	0	0	0
145	-5	0	0	0
145	0	0	0	0
145	5	0	0	0
145	10	0	0	0
145	15	0	0	0
145	20	0	0	0
145	25	0	0	0
145	30	0	0	0
145	35	0	0	0
145	40	0	0	0
145	45	0	0	0
145	50	0	0	0
145	55	0	0	0
145	60	0	0	0
145	65	0	0	0
145	70	0	0	0
145	75	0	0	0
145	80	0	0	0
145	85	0	0	0
145	90	0	0	0
145	95	0	0	0
145	100	0	0	0
145	105	0	0	0
145	110	0	0	0
145	115	0	0	0
145	120	0	0	0
145	125	0	0	0
145	130	0	0	0
145	135	0	0	0
145	140	0	0	0
145	145	0	0	0
145	150	0	0	0
145	155	0	0	0
145	160	0	0	0
145	165	0	0	0
145	170	0	0	0
145	175	0	0	0
150	-180	0	0	0
150	-175	0	0	0
150	-170	0	0	0
150	-165	0	0	0
150	-160	0	0	0
150	-155	0	0	0
150	-150	0	0	0
150	-145	0	0	0
150	-140	0	0	0
150	-135	0	0	0
150	-130	0	0	0
150	-125	0	0	0
150	-120	0	0	0
150	-115	0	0	0
150	-110	0	0	0
150	-105	0	0	0
150	-100	0	0	0
150	-95	0	0	0
150	-90	0	0	0
150	-85	0	0	0
150	-80	0	0	0
150	-75	0	0	0
150	-70	0	0	0
150	-65	0	0	0
150	-60	0	0	0
150	-55	0	0	0
150	-50	0	0	0
150	-45	0	0	0
150	-40	0	0	0
150	-35	0	0	0
150	-30	0	0	0
150	-25	0	0	0
150	-20	0	0	0
150	-15	0	0	0
150	-10	0	0	0
150	-5	0	0	0
150	0	0	0	0
150	5	0	0	0
150	10	0	0	0
150	15	0	0	0
150	20	0	0	0
150	25	0	0	0
150	30	0	0	0
150	35	0	0	0
150	40	0	0	0
150	45	0	0	0
150	50	0	0	0
150	55	0	0	0
150	60	0	0	0
150	65	0	0	0
150	70	0	0	0
150	75	0	0	0
150	80	0	0	0
150	85	0	0	0
150	90	0	0	0
150	95	0	0	0
150	100	0	0	0
150	105	0	0	0
150	110	0	0	0
150	115	0	0	0
150	120	0	0	0
150	125	0	0	0
150	130	0	0	0
150	135	0	0	0
150	140	0	0	0
150	145	0	0	0
150	150	0	0	0
150	155	0	0	0
150	160	0	0	0
150	165	0	0	0
150	170	0	0	0
150	175	0	0	0
155	-180	0	0	0
155	-175	0	0	0
155	-170	0	0	0
155	-165	0	0	0
155	-160	0	0	0
155	-155	0	0	0
155	-150	0	0	0
155	-145	0	0	0
155	-140	0	0	0
155	-135	0	0	0
155	-130	0	0	0
155	-125	0	0	0
155	-120	0	0	0
155	-115	0	0	0
155	-110	0	0	0
155	-105	0	0	0
155	-100	0	0	0
155	-95	0	0	0
155	-90	0	0	0
155	-85	0	0	0
155	-80	0	0	0
155	-75	0	0	0
155	-70	0	0	0
155	-65	0	0	0
155	-60	0	0	0
155	-55	0	0	0
155	-50	0	0	0
155	-45	0	0	0
155	-40	0	0	0
155	-35	0	0	0
155	-30	0	0	0
155	-25	0	0	0
155	-20	0	0	0
155	-15	0	0	0
155	-10	0	0	0
155	-5	0	0	0
155	0	0	0	0
155	5	0	0	0
155	10	0	0	0
155	15	0	0	0
155	20	0	0	0
155	25	0	0	0
155	30	0	0	0
155	35	0	0	0
155	40	0	0	0
155	45	0	0	0
155	50	0	0	0
155	55	0	0	0
155	60	0	0	0
155	65	0	0	0
155	70	0	0	0
155	75	0	0	0
155	80	0	0	0
155	85	0	0	0
155	90	0	0	0
155	95	0	0	0
155	100	0	0	0
155	105	0	0	0
155	110	0	0	0
155	115	0	0	0
155	120	0	0	0
155	125	0	0	0
155	130	0	0	0
155	135	0	0	0
155	140	0	0	0
155	145	0	0	0
155	150	0	0	0
155	155	0	0	0
155	160	0	0	0
155	165	0	0	0
155	170	0	0	0
155	175	0	0	0
160	-180	0	0	0
160	-175	0	0	0
160	-170	0	0	0
160	-165	0	0	0
160	-160	0	0	0
160	-155	0	0	0
160	-150	0	0	0
160	-145	0	0	0
160	-140	0	0	0
160	-135	0	0	0
160	-130	0	0	0
160	-125	0	0	0
160	-120	0	0	0
160	-115	0	0	0
160	-110	0	0	0
160	-105	0	0	0
160	-100	0	0	0
160	-95	0	0	0
160	-90	0	0	0
160	-85	0	0	0
160	-80	0	0	0
160	-75	0	0	0
160	-70	0	0	0
160	-65	0	0	0
160	-60	0	0	0
160	-55	0	0	0
160	-50	0	0	0
160	-45	0	0	0
160	-40	0	0	0
160	-35	0	0	0
160	-30	0	0	0
160	-25	0	0	0
160	-20	0	0	0
160	-15	0	0	0
160	-10	0	0	0
160	-5	0	0	0
160	0	0	0	0
160	5	0	0	0
160	10	0	0	0
160	15	0	0	0
160	20	0	0	0
160	25	0	0	0
160	30	0	0	0
160	35	0	0	0
160	40	0	0	0
160	45	0	0	0
160	50	0	0	0
160	55	0	0	0
160	60	0	0	0
160	65	0	0	0
160	70	0	0	0
160	75	0	0	0
160	80	0	0	0
160	85	0	0	0
160	90	0	0	0
160	95	0	0	0
160	100	0	0	0
160	105	0	0	0
160	110	0	0	0
160	115	0	0	0
160	120	0	0	0
160	125	0	0	0
160	130	0	0	0
160	135	0	0	0
160	140	0	0	0
160	145	0	0	0
160	150	0	0	0
160	155	0	0	0
160	160	0	0	0
160	165	0	0	0
160	170	0	0	0
160	175	0	0	0
165	-180	0	0	0
165	-175	0	0	0
165	-170	0	0	0
165	-165	0	0	0
165	-160	0	0	0
165	-155	0	0	0
165	-150	0	0	0
165	-145	0	0	0
165	-140	0	0	0
165	-135	0	0	0
165	-130	0	0	0
165	-125	0	0	0
165	-120	0	0	0
165	-115	0	0	0
165	-110	0	0	0
165	-105	0	0	0
165	-100	0	0	0
165	-95	0	0	0
165	-90	0	0	0
165	-85	0	0	0
165	-80	0	0	0
165	-75	0	0	0
165	-70	0	0	0
165	-65	0	0	0
165	-60	0	0	0
165	-55	0	0	0
165	-50	0	0	0
165	-45	0	0	0
165	-40	0	0	0
165	-35	0	0	0
165	-30	0	0	0
165	-25	0	0	0
165	-20	0	0	0
165	-15	0	0	0
165	-10	0	0	0
165	-5	0	0	0
165	0	0	0	0
165	5	0	0	0
165	10	0	0	0
165	15	0	0	0
165	20	0	0	0
165	25	0	0	0
165	30	0	0	0
165	35	0	0	0
165	40	0	0	0
165	45	0	0	0
165	50	0	0	0
165	55	0	0	0
165	60	0	0	0
165	65	0	0	0
165	70	0	0	0
165	75	0	0	0
165	80	0	0	0
165	85	0	0	0
165	90	0	0	0
165	95	0	0	0
165	100	0	0	0
165	105	0	0	0
165	110	0	0	0
165	115	0	0	0
165	120	0	0	0
165	125	0	0	0
165	130	0	0	0
165	135	0	0	0
165	140	0	0	0
165	145	0	0	0
165	150	0	0	0
165	155	0	0	0
165	160	0	0	0
165	165	0	0	0
165	170	0	0	0
165	175	0	0	0
170	-180	0	0	0
170	-175	0	0	0
170	-170	0	0	0
170	-165	0	0	0
170	-160	0	0	0
170	-155	0	0	0
170	-150	0	0	0
170	-145	0	0	0
170	-140	0	0	0
170	-135	0	0	0
170	-130	0	0	0
170	-125	0	0	0
170	-120	0	0	0
170	-115	0	0	0
170	-110	0	0	0
170	-105	0	0	0
170	-100	0	0	0
170	-95	0	0	0
170	-90	0	0	0
170	-85	0	0	0
170	-80	0	0	0
170	-75	0	0	0
170	-70	0	0	0
170	-65	0	0	0
170	-60	0	0	0
170	-55	0	0	0
170	-50	0	0	0
170	-45	0	0	0
170	-40	0	0	0
170	-35	0	0	0
170	-30	0	0	0
170	-25	0	0	0
170	-20	0	0	0
170	-15	0	0	0
170	-10	0	0	0
170	-5	0	0	0
170	0	0	0	0
170	5	0	0	0
170	10	0	0	0
170	15	0	0	0
170	20	0	0	0
170	25	0	0	0
170	30	0	0	0
170	35	0	0	0
170	40	0	0	0
170	45	0	0	0
170	50	0	0	0
170	55	0	0	0
170	60	0	0	0
170	65	0	0	0
170	70	0	0	0
170	75	0	0	0
170	80	0	0	0
170	85	0	0	0
170	90	0	0	0
170	95	0	0	0
170	100	0	0	0
170	105	0	0	0
170	110	0	0	0
170	115	0	0	0
170	120	0	0	1
170	125	0	0	0
170	130	0	0	0
170	135	0	0	0
170	140	0	0	0
170	145	0	0	0
170	150	0	0	0
170	155	0	0	0
170	160	0	0	0
170	165	0	0	0
170	170	0	0	0
170	175	0	0	0
175	-180	0	0	0
175	-175	0	0	0
175	-170	0	0	0
175	-165	0	0	0
175	-160	0	0	0
175	-155	0	0	0
175	-150	0	0	0
175	-145	0	0	0
175	-140	0	0	0
175	-135	0	0	0
175	-130	0	0	0
175	-125	0	0	0
175	-120	0	0	0
175	-115	0	0	0
175	-110	0	0	0
175	-105	0	0	0
175	-100	0	0	0
175	-95	0	0	0
175	-90	0	0	0
175	-85	0	0	0
175	-80	0	0	0
175	-75	0	0	0
175	-70	0	0	0
175	-65	0	0	0
175	-60	0	0	0
175	-55	0	0	0
175	-50	0	0	0
175	-45	0	0	0
175	-40	0	0	1
175	-35	0	0	0
175	-30	0	0	0
175	-25	0	0	0
175	-20	0	0	0
175	-15	0	0	0
175	-10	0	0	0
175	-5	0	0	0
175	0	0	0	0
175	5	0	0	0
175	10	0	0	0
175	15	0	0	0
175	20	0	0	0
175	25	0	0	0
175	30	0	0	0
175	35	0	0	0
175	40	0	0	0
175	45	0	0	0
175	50	0	0	0
175	55	0	0	0
175	60	0	0	0
175	65	0	0	0
175	70	0	0	0
175	75	0	0	0
175	80	0	0	0
175	85	0	0	0
175	90	0	0	0
175	95	0	0	0
175	100	0	0	0
175	105	0	0	0
175	110	0	0	0
175	115	0	0	0
175	120	0	0	0
175	125	0	0	0
175	130	0	0	0
175	135	0	0	0
175	140	0	0	0
175	145	0	0	0
175	150	0	0	0
175	155	0	0	0
175	160	0	0	0
175	165	0	0	0
175	170	0	0	1
175	175	0	0	0
