Phi	Psi	max_obs_SA	max_theo_SA	obs_bin_pop
-180	-180	0	0	0
-180	-175	0	0	1
-180	-170	0	0	0
-180	-165	0	0	0
-180	-160	0	0	0
-180	-155	0	0	0
-180	-150	0	0	0
-180	-145	0	0	0
-180	-140	0	0	0
-180	-135	0	0	0
-180	-130	0	0	0
-180	-125	0	0	0
-180	-120	0	0	0
-180	-115	0	0	0
-180	-110	0	0	0
-180	-105	0	0	0
-180	-100	0	0	0
-180	-95	0	0	0
-180	-90	0	0	0
-180	-85	0	0	0
-180	-80	0	0	0
-180	-75	0	0	0
-180	-70	0	0	0
-180	-65	0	0	0
-180	-60	0	0	0
-180	-55	0	0	0
-180	-50	0	0	0
-180	-45	0	0	0
-180	-40	0	0	0
-180	-35	0	0	0
-180	-30	0	0	0
-180	-25	0	0	0
-180	-20	0	0	0
-180	-15	0	0	0
-180	-10	0	0	1
-180	-5	0	0	0
-180	0	0	0	0
-180	5	0	0	0
-180	10	0	0	0
-180	15	0	0	0
-180	20	0	0	0
-180	25	0	0	0
-180	30	0	0	0
-180	35	0	0	0
-180	40	0	0	0
-180	45	0	0	0
-180	50	0	0	0
-180	55	0	0	0
-180	60	0	0	0
-180	65	0	0	0
-180	70	0	0	0
-180	75	0	0	0
-180	80	0	0	0
-180	85	0	0	0
-180	90	0	0	0
-180	95	0	0	0
-180	100	0	0	0
-180	105	0	0	0
-180	110	0	0	0
-180	115	0	0	0
-180	120	0	0	0
-180	125	0	0	0
-180	130	0	0	0
-180	135	0	0	0
-180	140	0	0	0
-180	145	0	0	0
-180	150	0	0	0
-180	155	0	0	1
-180	160	0	0	2
-180	165	0	0	1
-180	170	0	0	1
-180	175	0	0	1
-175	-180	0	0	0
-175	-175	0	0	0
-175	-170	0	0	1
-175	-165	0	0	0
-175	-160	0	0	0
-175	-155	0	0	0
-175	-150	0	0	0
-175	-145	0	0	0
-175	-140	0	0	0
-175	-135	0	0	0
-175	-130	0	0	0
-175	-125	0	0	0
-175	-120	0	0	0
-175	-115	0	0	0
-175	-110	0	0	0
-175	-105	0	0	0
-175	-100	0	0	0
-175	-95	0	0	0
-175	-90	0	0	0
-175	-85	0	0	0
-175	-80	0	0	0
-175	-75	0	0	0
-175	-70	0	0	0
-175	-65	0	0	0
-175	-60	0	0	0
-175	-55	0	0	0
-175	-50	0	0	0
-175	-45	0	0	0
-175	-40	0	0	0
-175	-35	0	0	0
-175	-30	0	0	0
-175	-25	0	0	0
-175	-20	0	0	0
-175	-15	0	0	0
-175	-10	0	0	0
-175	-5	0	0	0
-175	0	0	0	0
-175	5	0	0	0
-175	10	0	0	0
-175	15	0	0	0
-175	20	0	0	0
-175	25	0	0	0
-175	30	0	0	0
-175	35	0	0	0
-175	40	0	0	0
-175	45	0	0	0
-175	50	0	0	0
-175	55	0	0	0
-175	60	0	0	0
-175	65	0	0	0
-175	70	0	0	0
-175	75	0	0	0
-175	80	0	0	0
-175	85	0	0	0
-175	90	0	0	0
-175	95	0	0	0
-175	100	0	0	0
-175	105	0	0	0
-175	110	0	0	1
-175	115	0	0	1
-175	120	0	0	1
-175	125	0	0	0
-175	130	0	0	2
-175	135	0	0	3
-175	140	0	0	2
-175	145	0	0	3
-175	150	0	0	4
-175	155	0	0	4
-175	160	0	0	6
-175	165	0	0	7
-175	170	0	0	1
-175	175	0	0	2
-170	-180	0	0	1
-170	-175	0	0	0
-170	-170	0	0	0
-170	-165	0	0	0
-170	-160	0	0	0
-170	-155	0	0	0
-170	-150	0	0	0
-170	-145	0	0	0
-170	-140	0	0	0
-170	-135	0	0	0
-170	-130	0	0	0
-170	-125	0	0	0
-170	-120	0	0	0
-170	-115	0	0	0
-170	-110	0	0	0
-170	-105	0	0	0
-170	-100	0	0	0
-170	-95	0	0	0
-170	-90	0	0	0
-170	-85	0	0	0
-170	-80	0	0	0
-170	-75	0	0	0
-170	-70	0	0	0
-170	-65	0	0	0
-170	-60	0	0	0
-170	-55	0	0	0
-170	-50	0	0	0
-170	-45	0	0	0
-170	-40	0	0	0
-170	-35	0	0	0
-170	-30	0	0	0
-170	-25	0	0	0
-170	-20	0	0	0
-170	-15	0	0	0
-170	-10	0	0	0
-170	-5	0	0	0
-170	0	0	0	0
-170	5	0	0	0
-170	10	0	0	0
-170	15	0	0	0
-170	20	0	0	0
-170	25	0	0	0
-170	30	0	0	0
-170	35	0	0	0
-170	40	0	0	0
-170	45	0	0	0
-170	50	0	0	0
-170	55	0	0	0
-170	60	0	0	1
-170	65	0	0	0
-170	70	0	0	0
-170	75	0	0	0
-170	80	0	0	0
-170	85	0	0	0
-170	90	0	0	0
-170	95	0	0	1
-170	100	0	0	0
-170	105	0	0	0
-170	110	0	0	0
-170	115	0	0	0
-170	120	0	0	0
-170	125	0	0	0
-170	130	0	0	2
-170	135	0	0	3
-170	140	0	0	1
-170	145	0	0	6
-170	150	0	0	7
-170	155	0	0	4
-170	160	0	0	21
-170	165	0	0	11
-170	170	0	0	4
-170	175	0	0	3
-165	-180	0	0	1
-165	-175	0	0	0
-165	-170	0	0	0
-165	-165	0	0	0
-165	-160	0	0	0
-165	-155	0	0	0
-165	-150	0	0	0
-165	-145	0	0	0
-165	-140	0	0	0
-165	-135	0	0	0
-165	-130	0	0	0
-165	-125	0	0	0
-165	-120	0	0	0
-165	-115	0	0	0
-165	-110	0	0	0
-165	-105	0	0	0
-165	-100	0	0	0
-165	-95	0	0	0
-165	-90	0	0	0
-165	-85	0	0	0
-165	-80	0	0	0
-165	-75	0	0	0
-165	-70	0	0	0
-165	-65	0	0	0
-165	-60	0	0	0
-165	-55	0	0	0
-165	-50	0	0	0
-165	-45	0	0	0
-165	-40	0	0	0
-165	-35	0	0	0
-165	-30	0	0	0
-165	-25	0	0	0
-165	-20	0	0	0
-165	-15	0	0	0
-165	-10	0	0	0
-165	-5	0	0	0
-165	0	0	0	0
-165	5	0	0	0
-165	10	0	0	1
-165	15	0	0	0
-165	20	0	0	0
-165	25	0	0	0
-165	30	0	0	0
-165	35	0	0	0
-165	40	0	0	0
-165	45	0	0	0
-165	50	0	0	0
-165	55	0	0	0
-165	60	0	0	0
-165	65	0	0	0
-165	70	0	0	0
-165	75	0	0	1
-165	80	0	0	2
-165	85	0	0	0
-165	90	0	0	0
-165	95	0	0	0
-165	100	0	0	0
-165	105	0	0	0
-165	110	0	0	0
-165	115	0	0	1
-165	120	0	0	1
-165	125	0	0	1
-165	130	0	0	1
-165	135	0	0	8
-165	140	0	0	18
-165	145	0	0	15
-165	150	162.0	260.0	24
-165	155	0	0	17
-165	160	180.0	259.0	26
-165	165	0	0	18
-165	170	0	0	16
-165	175	0	0	3
-160	-180	0	0	1
-160	-175	0	0	1
-160	-170	0	0	1
-160	-165	0	0	0
-160	-160	0	0	0
-160	-155	0	0	0
-160	-150	0	0	0
-160	-145	0	0	0
-160	-140	0	0	0
-160	-135	0	0	0
-160	-130	0	0	0
-160	-125	0	0	0
-160	-120	0	0	0
-160	-115	0	0	0
-160	-110	0	0	0
-160	-105	0	0	1
-160	-100	0	0	0
-160	-95	0	0	0
-160	-90	0	0	0
-160	-85	0	0	0
-160	-80	0	0	0
-160	-75	0	0	0
-160	-70	0	0	0
-160	-65	0	0	0
-160	-60	0	0	0
-160	-55	0	0	0
-160	-50	0	0	0
-160	-45	0	0	0
-160	-40	0	0	0
-160	-35	0	0	0
-160	-30	0	0	0
-160	-25	0	0	0
-160	-20	0	0	0
-160	-15	0	0	0
-160	-10	0	0	0
-160	-5	0	0	0
-160	0	0	0	0
-160	5	0	0	1
-160	10	0	0	0
-160	15	0	0	0
-160	20	0	0	0
-160	25	0	0	0
-160	30	0	0	1
-160	35	0	0	1
-160	40	0	0	0
-160	45	0	0	1
-160	50	0	0	0
-160	55	0	0	0
-160	60	0	0	0
-160	65	0	0	0
-160	70	0	0	0
-160	75	0	0	0
-160	80	0	0	3
-160	85	0	0	0
-160	90	0	0	0
-160	95	0	0	0
-160	100	0	0	1
-160	105	0	0	2
-160	110	0	0	1
-160	115	0	0	2
-160	120	0	0	5
-160	125	0	0	6
-160	130	0	0	6
-160	135	0	0	8
-160	140	0	0	14
-160	145	157.0	255.0	28
-160	150	0	0	22
-160	155	152.0	256.0	39
-160	160	198.0	256.0	33
-160	165	153.0	258.0	29
-160	170	0	0	11
-160	175	0	0	4
-155	-180	0	0	0
-155	-175	0	0	1
-155	-170	0	0	0
-155	-165	0	0	0
-155	-160	0	0	0
-155	-155	0	0	0
-155	-150	0	0	0
-155	-145	0	0	0
-155	-140	0	0	0
-155	-135	0	0	0
-155	-130	0	0	0
-155	-125	0	0	0
-155	-120	0	0	0
-155	-115	0	0	0
-155	-110	0	0	0
-155	-105	0	0	0
-155	-100	0	0	0
-155	-95	0	0	0
-155	-90	0	0	0
-155	-85	0	0	0
-155	-80	0	0	0
-155	-75	0	0	0
-155	-70	0	0	0
-155	-65	0	0	0
-155	-60	0	0	0
-155	-55	0	0	0
-155	-50	0	0	0
-155	-45	0	0	0
-155	-40	0	0	0
-155	-35	0	0	0
-155	-30	0	0	0
-155	-25	0	0	0
-155	-20	0	0	0
-155	-15	0	0	0
-155	-10	0	0	0
-155	-5	0	0	0
-155	0	0	0	1
-155	5	0	0	0
-155	10	0	0	0
-155	15	0	0	0
-155	20	0	0	0
-155	25	0	0	0
-155	30	0	0	1
-155	35	0	0	0
-155	40	0	0	0
-155	45	0	0	0
-155	50	0	0	1
-155	55	0	0	0
-155	60	0	0	2
-155	65	0	0	1
-155	70	0	0	2
-155	75	0	0	1
-155	80	0	0	0
-155	85	0	0	1
-155	90	0	0	1
-155	95	0	0	0
-155	100	0	0	1
-155	105	0	0	2
-155	110	0	0	3
-155	115	0	0	5
-155	120	0	0	6
-155	125	0	0	10
-155	130	0	0	20
-155	135	0	0	20
-155	140	200.0	256.0	26
-155	145	181.0	255.0	26
-155	150	163.0	257.0	33
-155	155	166.0	255.0	40
-155	160	143.0	257.0	47
-155	165	166.0	256.0	24
-155	170	0	0	8
-155	175	0	0	3
-150	-180	0	0	2
-150	-175	0	0	3
-150	-170	0	0	1
-150	-165	0	0	0
-150	-160	0	0	0
-150	-155	0	0	0
-150	-150	0	0	0
-150	-145	0	0	0
-150	-140	0	0	0
-150	-135	0	0	0
-150	-130	0	0	0
-150	-125	0	0	0
-150	-120	0	0	0
-150	-115	0	0	0
-150	-110	0	0	0
-150	-105	0	0	0
-150	-100	0	0	0
-150	-95	0	0	0
-150	-90	0	0	0
-150	-85	0	0	0
-150	-80	0	0	0
-150	-75	0	0	0
-150	-70	0	0	0
-150	-65	0	0	0
-150	-60	0	0	1
-150	-55	0	0	0
-150	-50	0	0	1
-150	-45	0	0	1
-150	-40	0	0	0
-150	-35	0	0	0
-150	-30	0	0	0
-150	-25	0	0	0
-150	-20	0	0	0
-150	-15	0	0	0
-150	-10	0	0	0
-150	-5	0	0	0
-150	0	0	0	0
-150	5	0	0	0
-150	10	0	0	2
-150	15	0	0	0
-150	20	0	0	0
-150	25	0	0	0
-150	30	0	0	0
-150	35	0	0	0
-150	40	0	0	0
-150	45	0	0	0
-150	50	0	0	2
-150	55	0	0	1
-150	60	0	0	1
-150	65	0	0	2
-150	70	0	0	3
-150	75	0	0	1
-150	80	0	0	2
-150	85	0	0	1
-150	90	0	0	0
-150	95	0	0	4
-150	100	0	0	0
-150	105	0	0	3
-150	110	0	0	3
-150	115	0	0	6
-150	120	0	0	13
-150	125	0	0	23
-150	130	200.0	256.0	26
-150	135	215.0	256.0	35
-150	140	184.0	257.0	24
-150	145	198.0	256.0	38
-150	150	202.0	258.0	41
-150	155	221.0	256.0	50
-150	160	177.0	257.0	35
-150	165	0	0	21
-150	170	0	0	9
-150	175	0	0	6
-145	-180	0	0	0
-145	-175	0	0	0
-145	-170	0	0	0
-145	-165	0	0	0
-145	-160	0	0	0
-145	-155	0	0	0
-145	-150	0	0	0
-145	-145	0	0	0
-145	-140	0	0	0
-145	-135	0	0	0
-145	-130	0	0	0
-145	-125	0	0	0
-145	-120	0	0	1
-145	-115	0	0	0
-145	-110	0	0	0
-145	-105	0	0	0
-145	-100	0	0	0
-145	-95	0	0	0
-145	-90	0	0	0
-145	-85	0	0	0
-145	-80	0	0	0
-145	-75	0	0	1
-145	-70	0	0	0
-145	-65	0	0	1
-145	-60	0	0	0
-145	-55	0	0	1
-145	-50	0	0	0
-145	-45	0	0	1
-145	-40	0	0	0
-145	-35	0	0	1
-145	-30	0	0	0
-145	-25	0	0	1
-145	-20	0	0	0
-145	-15	0	0	2
-145	-10	0	0	0
-145	-5	0	0	0
-145	0	0	0	0
-145	5	0	0	2
-145	10	0	0	0
-145	15	0	0	0
-145	20	0	0	1
-145	25	0	0	1
-145	30	0	0	1
-145	35	0	0	0
-145	40	0	0	1
-145	45	0	0	2
-145	50	0	0	1
-145	55	0	0	2
-145	60	0	0	0
-145	65	0	0	2
-145	70	0	0	4
-145	75	0	0	1
-145	80	0	0	2
-145	85	0	0	0
-145	90	0	0	3
-145	95	0	0	3
-145	100	0	0	1
-145	105	0	0	2
-145	110	0	0	6
-145	115	0	0	10
-145	120	0	0	21
-145	125	0	0	21
-145	130	243.0	256.0	40
-145	135	187.0	256.0	52
-145	140	229.0	258.0	44
-145	145	231.0	259.0	58
-145	150	226.0	258.0	58
-145	155	198.0	259.0	58
-145	160	192.0	257.0	37
-145	165	0	0	20
-145	170	0	0	11
-145	175	0	0	3
-140	-180	0	0	0
-140	-175	0	0	0
-140	-170	0	0	1
-140	-165	0	0	0
-140	-160	0	0	0
-140	-155	0	0	0
-140	-150	0	0	0
-140	-145	0	0	0
-140	-140	0	0	0
-140	-135	0	0	0
-140	-130	0	0	0
-140	-125	0	0	0
-140	-120	0	0	0
-140	-115	0	0	0
-140	-110	0	0	0
-140	-105	0	0	0
-140	-100	0	0	0
-140	-95	0	0	0
-140	-90	0	0	0
-140	-85	0	0	0
-140	-80	0	0	1
-140	-75	0	0	0
-140	-70	0	0	0
-140	-65	0	0	0
-140	-60	0	0	0
-140	-55	0	0	2
-140	-50	0	0	0
-140	-45	0	0	0
-140	-40	0	0	0
-140	-35	0	0	0
-140	-30	0	0	1
-140	-25	0	0	1
-140	-20	0	0	2
-140	-15	0	0	2
-140	-10	0	0	0
-140	-5	0	0	2
-140	0	0	0	1
-140	5	0	0	3
-140	10	0	0	2
-140	15	0	0	2
-140	20	0	0	1
-140	25	0	0	2
-140	30	0	0	3
-140	35	0	0	0
-140	40	0	0	5
-140	45	0	0	3
-140	50	0	0	3
-140	55	0	0	1
-140	60	0	0	5
-140	65	0	0	5
-140	70	0	0	5
-140	75	0	0	5
-140	80	0	0	3
-140	85	0	0	4
-140	90	0	0	5
-140	95	0	0	3
-140	100	0	0	1
-140	105	0	0	6
-140	110	0	0	9
-140	115	0	0	12
-140	120	0	0	16
-140	125	167.0	255.0	40
-140	130	242.0	257.0	48
-140	135	207.0	257.0	56
-140	140	244.0	259.0	75
-140	145	224.0	258.0	73
-140	150	189.0	255.0	68
-140	155	189.0	258.0	64
-140	160	201.0	260.0	44
-140	165	0	0	20
-140	170	0	0	11
-140	175	0	0	2
-135	-180	0	0	0
-135	-175	0	0	2
-135	-170	0	0	2
-135	-165	0	0	1
-135	-160	0	0	0
-135	-155	0	0	0
-135	-150	0	0	0
-135	-145	0	0	0
-135	-140	0	0	1
-135	-135	0	0	0
-135	-130	0	0	0
-135	-125	0	0	0
-135	-120	0	0	0
-135	-115	0	0	0
-135	-110	0	0	0
-135	-105	0	0	0
-135	-100	0	0	0
-135	-95	0	0	0
-135	-90	0	0	0
-135	-85	0	0	0
-135	-80	0	0	0
-135	-75	0	0	0
-135	-70	0	0	0
-135	-65	0	0	1
-135	-60	0	0	1
-135	-55	0	0	2
-135	-50	0	0	0
-135	-45	0	0	1
-135	-40	0	0	1
-135	-35	0	0	0
-135	-30	0	0	2
-135	-25	0	0	2
-135	-20	0	0	3
-135	-15	0	0	2
-135	-10	0	0	4
-135	-5	0	0	3
-135	0	0	0	4
-135	5	0	0	4
-135	10	0	0	5
-135	15	0	0	6
-135	20	0	0	5
-135	25	0	0	6
-135	30	0	0	8
-135	35	0	0	4
-135	40	0	0	5
-135	45	0	0	1
-135	50	0	0	4
-135	55	0	0	10
-135	60	0	0	1
-135	65	0	0	7
-135	70	0	0	6
-135	75	0	0	6
-135	80	0	0	3
-135	85	0	0	2
-135	90	0	0	3
-135	95	0	0	7
-135	100	0	0	5
-135	105	0	0	13
-135	110	0	0	13
-135	115	0	0	21
-135	120	0	0	22
-135	125	177.0	257.0	51
-135	130	208.0	256.0	76
-135	135	194.0	256.0	66
-135	140	228.0	255.0	73
-135	145	221.0	256.0	80
-135	150	196.0	259.0	87
-135	155	218.0	258.0	61
-135	160	218.0	257.0	49
-135	165	0	0	18
-135	170	0	0	12
-135	175	0	0	6
-130	-180	0	0	3
-130	-175	0	0	1
-130	-170	0	0	1
-130	-165	0	0	0
-130	-160	0	0	2
-130	-155	0	0	0
-130	-150	0	0	0
-130	-145	0	0	0
-130	-140	0	0	0
-130	-135	0	0	0
-130	-130	0	0	0
-130	-125	0	0	0
-130	-120	0	0	0
-130	-115	0	0	0
-130	-110	0	0	0
-130	-105	0	0	0
-130	-100	0	0	0
-130	-95	0	0	0
-130	-90	0	0	0
-130	-85	0	0	0
-130	-80	0	0	0
-130	-75	0	0	0
-130	-70	0	0	0
-130	-65	0	0	4
-130	-60	0	0	0
-130	-55	0	0	0
-130	-50	0	0	5
-130	-45	0	0	2
-130	-40	0	0	0
-130	-35	0	0	3
-130	-30	0	0	6
-130	-25	0	0	7
-130	-20	0	0	5
-130	-15	0	0	4
-130	-10	0	0	4
-130	-5	0	0	3
-130	0	0	0	8
-130	5	0	0	7
-130	10	0	0	14
-130	15	0	0	7
-130	20	0	0	6
-130	25	0	0	9
-130	30	0	0	12
-130	35	0	0	4
-130	40	0	0	3
-130	45	0	0	5
-130	50	0	0	1
-130	55	0	0	2
-130	60	0	0	7
-130	65	0	0	6
-130	70	0	0	8
-130	75	0	0	9
-130	80	0	0	9
-130	85	0	0	13
-130	90	0	0	4
-130	95	0	0	11
-130	100	0	0	13
-130	105	0	0	15
-130	110	0	0	14
-130	115	202.0	258.0	26
-130	120	178.0	259.0	29
-130	125	204.0	258.0	61
-130	130	201.0	253.0	59
-130	135	236.0	258.0	77
-130	140	180.0	259.0	82
-130	145	215.0	259.0	80
-130	150	212.0	258.0	66
-130	155	205.0	258.0	57
-130	160	138.0	259.0	26
-130	165	182.0	259.0	24
-130	170	0	0	15
-130	175	0	0	5
-125	-180	0	0	2
-125	-175	0	0	3
-125	-170	0	0	1
-125	-165	0	0	0
-125	-160	0	0	0
-125	-155	0	0	0
-125	-150	0	0	1
-125	-145	0	0	0
-125	-140	0	0	0
-125	-135	0	0	0
-125	-130	0	0	1
-125	-125	0	0	0
-125	-120	0	0	1
-125	-115	0	0	0
-125	-110	0	0	1
-125	-105	0	0	0
-125	-100	0	0	1
-125	-95	0	0	0
-125	-90	0	0	0
-125	-85	0	0	0
-125	-80	0	0	0
-125	-75	0	0	1
-125	-70	0	0	0
-125	-65	0	0	0
-125	-60	0	0	2
-125	-55	0	0	1
-125	-50	0	0	2
-125	-45	0	0	3
-125	-40	0	0	3
-125	-35	0	0	4
-125	-30	0	0	1
-125	-25	0	0	7
-125	-20	0	0	9
-125	-15	0	0	3
-125	-10	0	0	8
-125	-5	0	0	9
-125	0	0	0	9
-125	5	0	0	10
-125	10	0	0	9
-125	15	0	0	13
-125	20	0	0	5
-125	25	0	0	7
-125	30	0	0	5
-125	35	0	0	8
-125	40	0	0	3
-125	45	0	0	1
-125	50	0	0	4
-125	55	0	0	3
-125	60	0	0	5
-125	65	0	0	5
-125	70	0	0	9
-125	75	0	0	4
-125	80	0	0	8
-125	85	0	0	4
-125	90	0	0	5
-125	95	0	0	9
-125	100	0	0	5
-125	105	0	0	12
-125	110	189.0	256.0	24
-125	115	228.0	258.0	32
-125	120	178.0	260.0	47
-125	125	161.0	257.0	59
-125	130	225.0	261.0	57
-125	135	219.0	255.0	70
-125	140	246.0	257.0	82
-125	145	229.0	260.0	57
-125	150	169.0	259.0	56
-125	155	204.0	260.0	24
-125	160	190.0	257.0	27
-125	165	0	0	16
-125	170	0	0	4
-125	175	0	0	3
-120	-180	0	0	1
-120	-175	0	0	1
-120	-170	0	0	2
-120	-165	0	0	2
-120	-160	0	0	0
-120	-155	0	0	1
-120	-150	0	0	0
-120	-145	0	0	0
-120	-140	0	0	0
-120	-135	0	0	2
-120	-130	0	0	0
-120	-125	0	0	1
-120	-120	0	0	0
-120	-115	0	0	1
-120	-110	0	0	1
-120	-105	0	0	0
-120	-100	0	0	0
-120	-95	0	0	1
-120	-90	0	0	1
-120	-85	0	0	0
-120	-80	0	0	0
-120	-75	0	0	0
-120	-70	0	0	0
-120	-65	0	0	3
-120	-60	0	0	4
-120	-55	0	0	1
-120	-50	0	0	5
-120	-45	0	0	2
-120	-40	0	0	1
-120	-35	0	0	4
-120	-30	0	0	7
-120	-25	0	0	9
-120	-20	0	0	9
-120	-15	0	0	4
-120	-10	0	0	6
-120	-5	0	0	10
-120	0	0	0	11
-120	5	0	0	16
-120	10	0	0	20
-120	15	0	0	16
-120	20	0	0	12
-120	25	0	0	12
-120	30	0	0	4
-120	35	0	0	1
-120	40	0	0	0
-120	45	0	0	0
-120	50	0	0	2
-120	55	0	0	0
-120	60	0	0	2
-120	65	0	0	1
-120	70	0	0	1
-120	75	0	0	3
-120	80	0	0	3
-120	85	0	0	5
-120	90	0	0	3
-120	95	0	0	7
-120	100	0	0	8
-120	105	0	0	10
-120	110	0	0	16
-120	115	0	0	23
-120	120	205.0	259.0	34
-120	125	214.0	261.0	59
-120	130	175.0	260.0	63
-120	135	195.0	256.0	72
-120	140	170.0	260.0	57
-120	145	172.0	262.0	53
-120	150	187.0	258.0	52
-120	155	160.0	261.0	28
-120	160	0	0	20
-120	165	0	0	15
-120	170	0	0	8
-120	175	0	0	5
-115	-180	0	0	2
-115	-175	0	0	2
-115	-170	0	0	1
-115	-165	0	0	0
-115	-160	0	0	0
-115	-155	0	0	0
-115	-150	0	0	0
-115	-145	0	0	0
-115	-140	0	0	0
-115	-135	0	0	0
-115	-130	0	0	0
-115	-125	0	0	0
-115	-120	0	0	0
-115	-115	0	0	0
-115	-110	0	0	0
-115	-105	0	0	0
-115	-100	0	0	1
-115	-95	0	0	0
-115	-90	0	0	1
-115	-85	0	0	1
-115	-80	0	0	1
-115	-75	0	0	0
-115	-70	0	0	1
-115	-65	0	0	0
-115	-60	0	0	1
-115	-55	0	0	4
-115	-50	0	0	0
-115	-45	0	0	3
-115	-40	0	0	5
-115	-35	0	0	5
-115	-30	0	0	11
-115	-25	0	0	9
-115	-20	0	0	11
-115	-15	0	0	17
-115	-10	0	0	12
-115	-5	0	0	8
-115	0	0	0	14
-115	5	0	0	18
-115	10	0	0	22
-115	15	0	0	19
-115	20	0	0	8
-115	25	0	0	3
-115	30	0	0	6
-115	35	0	0	2
-115	40	0	0	1
-115	45	0	0	2
-115	50	0	0	2
-115	55	0	0	1
-115	60	0	0	1
-115	65	0	0	1
-115	70	0	0	1
-115	75	0	0	0
-115	80	0	0	1
-115	85	0	0	4
-115	90	0	0	2
-115	95	0	0	8
-115	100	0	0	9
-115	105	0	0	11
-115	110	0	0	22
-115	115	179.0	264.0	32
-115	120	196.0	263.0	36
-115	125	207.0	262.0	63
-115	130	195.0	258.0	73
-115	135	162.0	260.0	60
-115	140	204.0	261.0	34
-115	145	172.0	261.0	36
-115	150	231.0	260.0	32
-115	155	0	0	22
-115	160	0	0	15
-115	165	0	0	6
-115	170	0	0	7
-115	175	0	0	3
-110	-180	0	0	2
-110	-175	0	0	2
-110	-170	0	0	0
-110	-165	0	0	0
-110	-160	0	0	1
-110	-155	0	0	1
-110	-150	0	0	0
-110	-145	0	0	0
-110	-140	0	0	0
-110	-135	0	0	0
-110	-130	0	0	0
-110	-125	0	0	0
-110	-120	0	0	0
-110	-115	0	0	1
-110	-110	0	0	0
-110	-105	0	0	0
-110	-100	0	0	0
-110	-95	0	0	0
-110	-90	0	0	1
-110	-85	0	0	1
-110	-80	0	0	0
-110	-75	0	0	1
-110	-70	0	0	0
-110	-65	0	0	2
-110	-60	0	0	0
-110	-55	0	0	3
-110	-50	0	0	5
-110	-45	0	0	7
-110	-40	0	0	6
-110	-35	0	0	4
-110	-30	0	0	13
-110	-25	0	0	11
-110	-20	0	0	12
-110	-15	0	0	13
-110	-10	0	0	15
-110	-5	0	0	18
-110	0	214.0	265.0	36
-110	5	228.0	264.0	28
-110	10	0	0	23
-110	15	0	0	18
-110	20	0	0	11
-110	25	0	0	5
-110	30	0	0	1
-110	35	0	0	4
-110	40	0	0	1
-110	45	0	0	0
-110	50	0	0	1
-110	55	0	0	0
-110	60	0	0	0
-110	65	0	0	0
-110	70	0	0	0
-110	75	0	0	1
-110	80	0	0	0
-110	85	0	0	1
-110	90	0	0	3
-110	95	0	0	3
-110	100	0	0	10
-110	105	184.0	260.0	25
-110	110	241.0	258.0	30
-110	115	192.0	256.0	28
-110	120	196.0	259.0	34
-110	125	182.0	258.0	62
-110	130	208.0	257.0	64
-110	135	205.0	259.0	51
-110	140	186.0	257.0	41
-110	145	209.0	259.0	37
-110	150	186.0	258.0	31
-110	155	0	0	22
-110	160	0	0	14
-110	165	0	0	9
-110	170	0	0	4
-110	175	0	0	3
-105	-180	0	0	0
-105	-175	0	0	2
-105	-170	0	0	0
-105	-165	0	0	0
-105	-160	0	0	0
-105	-155	0	0	0
-105	-150	0	0	0
-105	-145	0	0	1
-105	-140	0	0	0
-105	-135	0	0	0
-105	-130	0	0	0
-105	-125	0	0	0
-105	-120	0	0	1
-105	-115	0	0	0
-105	-110	0	0	0
-105	-105	0	0	1
-105	-100	0	0	1
-105	-95	0	0	1
-105	-90	0	0	0
-105	-85	0	0	0
-105	-80	0	0	0
-105	-75	0	0	1
-105	-70	0	0	0
-105	-65	0	0	0
-105	-60	0	0	1
-105	-55	0	0	1
-105	-50	0	0	6
-105	-45	0	0	6
-105	-40	0	0	6
-105	-35	0	0	12
-105	-30	0	0	11
-105	-25	0	0	11
-105	-20	0	0	17
-105	-15	0	0	7
-105	-10	0	0	22
-105	-5	209.0	266.0	28
-105	0	248.0	264.0	36
-105	5	230.0	267.0	38
-105	10	254.0	268.0	31
-105	15	0	0	19
-105	20	0	0	14
-105	25	0	0	6
-105	30	0	0	2
-105	35	0	0	2
-105	40	0	0	1
-105	45	0	0	1
-105	50	0	0	2
-105	55	0	0	0
-105	60	0	0	0
-105	65	0	0	1
-105	70	0	0	3
-105	75	0	0	2
-105	80	0	0	1
-105	85	0	0	3
-105	90	0	0	5
-105	95	0	0	4
-105	100	0	0	12
-105	105	0	0	5
-105	110	0	0	17
-105	115	180.0	262.0	36
-105	120	235.0	261.0	40
-105	125	208.0	262.0	52
-105	130	202.0	263.0	49
-105	135	247.0	260.0	59
-105	140	193.0	261.0	33
-105	145	206.0	262.0	30
-105	150	0	0	22
-105	155	209.0	260.0	26
-105	160	0	0	13
-105	165	0	0	5
-105	170	0	0	4
-105	175	0	0	3
-100	-180	0	0	2
-100	-175	0	0	0
-100	-170	0	0	0
-100	-165	0	0	1
-100	-160	0	0	0
-100	-155	0	0	1
-100	-150	0	0	1
-100	-145	0	0	0
-100	-140	0	0	0
-100	-135	0	0	0
-100	-130	0	0	0
-100	-125	0	0	0
-100	-120	0	0	0
-100	-115	0	0	0
-100	-110	0	0	0
-100	-105	0	0	0
-100	-100	0	0	0
-100	-95	0	0	0
-100	-90	0	0	0
-100	-85	0	0	0
-100	-80	0	0	1
-100	-75	0	0	2
-100	-70	0	0	0
-100	-65	0	0	0
-100	-60	0	0	2
-100	-55	0	0	2
-100	-50	0	0	4
-100	-45	0	0	6
-100	-40	0	0	10
-100	-35	0	0	10
-100	-30	0	0	14
-100	-25	0	0	23
-100	-20	0	0	16
-100	-15	0	0	18
-100	-10	248.0	270.0	27
-100	-5	247.0	265.0	33
-100	0	241.0	268.0	42
-100	5	219.0	268.0	28
-100	10	226.0	268.0	30
-100	15	0	0	11
-100	20	0	0	8
-100	25	0	0	5
-100	30	0	0	1
-100	35	0	0	1
-100	40	0	0	0
-100	45	0	0	1
-100	50	0	0	1
-100	55	0	0	1
-100	60	0	0	2
-100	65	0	0	3
-100	70	0	0	2
-100	75	0	0	0
-100	80	0	0	2
-100	85	0	0	2
-100	90	0	0	4
-100	95	0	0	5
-100	100	0	0	12
-100	105	0	0	19
-100	110	213.0	260.0	34
-100	115	196.0	261.0	44
-100	120	220.0	261.0	45
-100	125	233.0	259.0	55
-100	130	217.0	262.0	51
-100	135	205.0	259.0	51
-100	140	207.0	257.0	39
-100	145	178.0	262.0	33
-100	150	255.0	260.0	25
-100	155	0	0	15
-100	160	0	0	12
-100	165	0	0	12
-100	170	0	0	4
-100	175	0	0	0
-95	-180	0	0	1
-95	-175	0	0	0
-95	-170	0	0	0
-95	-165	0	0	0
-95	-160	0	0	0
-95	-155	0	0	0
-95	-150	0	0	0
-95	-145	0	0	1
-95	-140	0	0	0
-95	-135	0	0	0
-95	-130	0	0	0
-95	-125	0	0	0
-95	-120	0	0	0
-95	-115	0	0	0
-95	-110	0	0	0
-95	-105	0	0	0
-95	-100	0	0	1
-95	-95	0	0	0
-95	-90	0	0	0
-95	-85	0	0	0
-95	-80	0	0	0
-95	-75	0	0	0
-95	-70	0	0	0
-95	-65	0	0	1
-95	-60	0	0	5
-95	-55	0	0	4
-95	-50	0	0	5
-95	-45	0	0	10
-95	-40	0	0	7
-95	-35	0	0	18
-95	-30	0	0	15
-95	-25	0	0	17
-95	-20	199.0	265.0	24
-95	-15	0	0	17
-95	-10	254.0	264.0	43
-95	-5	226.0	266.0	38
-95	0	235.0	265.0	60
-95	5	232.0	269.0	31
-95	10	248.0	268.0	25
-95	15	0	0	9
-95	20	0	0	2
-95	25	0	0	2
-95	30	0	0	2
-95	35	0	0	2
-95	40	0	0	0
-95	45	0	0	1
-95	50	0	0	1
-95	55	0	0	1
-95	60	0	0	2
-95	65	0	0	4
-95	70	0	0	5
-95	75	0	0	3
-95	80	0	0	3
-95	85	0	0	5
-95	90	0	0	2
-95	95	0	0	4
-95	100	0	0	7
-95	105	0	0	16
-95	110	219.0	259.0	28
-95	115	180.0	261.0	24
-95	120	166.0	260.0	36
-95	125	241.0	260.0	38
-95	130	169.0	259.0	40
-95	135	178.0	259.0	26
-95	140	182.0	257.0	39
-95	145	237.0	258.0	26
-95	150	0	0	22
-95	155	0	0	21
-95	160	0	0	12
-95	165	0	0	9
-95	170	0	0	2
-95	175	0	0	2
-90	-180	0	0	1
-90	-175	0	0	1
-90	-170	0	0	1
-90	-165	0	0	0
-90	-160	0	0	0
-90	-155	0	0	1
-90	-150	0	0	0
-90	-145	0	0	0
-90	-140	0	0	0
-90	-135	0	0	0
-90	-130	0	0	0
-90	-125	0	0	0
-90	-120	0	0	0
-90	-115	0	0	0
-90	-110	0	0	0
-90	-105	0	0	0
-90	-100	0	0	0
-90	-95	0	0	0
-90	-90	0	0	0
-90	-85	0	0	0
-90	-80	0	0	0
-90	-75	0	0	1
-90	-70	0	0	2
-90	-65	0	0	0
-90	-60	0	0	5
-90	-55	0	0	3
-90	-50	0	0	5
-90	-45	0	0	12
-90	-40	0	0	13
-90	-35	213.0	265.0	30
-90	-30	0	0	21
-90	-25	220.0	266.0	33
-90	-20	216.0	265.0	30
-90	-15	234.0	269.0	40
-90	-10	262.0	268.0	59
-90	-5	255.0	268.0	52
-90	0	244.0	265.0	50
-90	5	243.0	268.0	25
-90	10	0	0	15
-90	15	0	0	4
-90	20	0	0	2
-90	25	0	0	1
-90	30	0	0	0
-90	35	0	0	0
-90	40	0	0	2
-90	45	0	0	1
-90	50	0	0	0
-90	55	0	0	3
-90	60	0	0	6
-90	65	0	0	12
-90	70	0	0	7
-90	75	0	0	4
-90	80	0	0	1
-90	85	0	0	7
-90	90	0	0	4
-90	95	0	0	6
-90	100	0	0	8
-90	105	0	0	15
-90	110	0	0	23
-90	115	0	0	22
-90	120	228.0	262.0	48
-90	125	198.0	263.0	34
-90	130	217.0	262.0	27
-90	135	254.0	262.0	52
-90	140	0	0	21
-90	145	0	0	22
-90	150	239.0	259.0	33
-90	155	0	0	12
-90	160	0	0	12
-90	165	0	0	15
-90	170	0	0	7
-90	175	0	0	2
-85	-180	0	0	1
-85	-175	0	0	1
-85	-170	0	0	0
-85	-165	0	0	0
-85	-160	0	0	1
-85	-155	0	0	0
-85	-150	0	0	0
-85	-145	0	0	0
-85	-140	0	0	0
-85	-135	0	0	0
-85	-130	0	0	0
-85	-125	0	0	0
-85	-120	0	0	0
-85	-115	0	0	0
-85	-110	0	0	1
-85	-105	0	0	0
-85	-100	0	0	0
-85	-95	0	0	0
-85	-90	0	0	0
-85	-85	0	0	0
-85	-80	0	0	0
-85	-75	0	0	1
-85	-70	0	0	0
-85	-65	0	0	4
-85	-60	0	0	4
-85	-55	0	0	6
-85	-50	0	0	11
-85	-45	0	0	19
-85	-40	212.0	266.0	41
-85	-35	258.0	265.0	26
-85	-30	219.0	267.0	33
-85	-25	230.0	268.0	34
-85	-20	241.0	264.0	47
-85	-15	224.0	267.0	48
-85	-10	244.0	267.0	56
-85	-5	238.0	267.0	71
-85	0	240.0	270.0	45
-85	5	0	0	11
-85	10	0	0	4
-85	15	0	0	0
-85	20	0	0	1
-85	25	0	0	0
-85	30	0	0	0
-85	35	0	0	0
-85	40	0	0	0
-85	45	0	0	2
-85	50	0	0	2
-85	55	0	0	3
-85	60	0	0	3
-85	65	0	0	7
-85	70	0	0	8
-85	75	0	0	8
-85	80	0	0	3
-85	85	0	0	5
-85	90	0	0	10
-85	95	0	0	8
-85	100	0	0	9
-85	105	0	0	14
-85	110	0	0	23
-85	115	0	0	18
-85	120	238.0	261.0	39
-85	125	225.0	259.0	50
-85	130	224.0	264.0	45
-85	135	212.0	259.0	44
-85	140	188.0	263.0	36
-85	145	177.0	257.0	35
-85	150	231.0	259.0	34
-85	155	0	0	22
-85	160	0	0	16
-85	165	0	0	21
-85	170	0	0	6
-85	175	0	0	3
-80	-180	0	0	0
-80	-175	0	0	3
-80	-170	0	0	0
-80	-165	0	0	2
-80	-160	0	0	0
-80	-155	0	0	0
-80	-150	0	0	0
-80	-145	0	0	0
-80	-140	0	0	0
-80	-135	0	0	1
-80	-130	0	0	0
-80	-125	0	0	0
-80	-120	0	0	0
-80	-115	0	0	0
-80	-110	0	0	0
-80	-105	0	0	0
-80	-100	0	0	0
-80	-95	0	0	0
-80	-90	0	0	0
-80	-85	0	0	0
-80	-80	0	0	0
-80	-75	0	0	0
-80	-70	0	0	0
-80	-65	0	0	2
-80	-60	0	0	7
-80	-55	0	0	10
-80	-50	0	0	19
-80	-45	249.0	266.0	38
-80	-40	249.0	267.0	59
-80	-35	247.0	264.0	53
-80	-30	238.0	265.0	44
-80	-25	241.0	267.0	40
-80	-20	265.0	267.0	69
-80	-15	231.0	265.0	61
-80	-10	212.0	268.0	57
-80	-5	224.0	266.0	36
-80	0	0	0	20
-80	5	0	0	4
-80	10	0	0	0
-80	15	0	0	0
-80	20	0	0	1
-80	25	0	0	1
-80	30	0	0	0
-80	35	0	0	0
-80	40	0	0	0
-80	45	0	0	0
-80	50	0	0	1
-80	55	0	0	0
-80	60	0	0	2
-80	65	0	0	1
-80	70	0	0	3
-80	75	0	0	4
-80	80	0	0	2
-80	85	0	0	2
-80	90	0	0	3
-80	95	0	0	4
-80	100	0	0	5
-80	105	0	0	17
-80	110	0	0	8
-80	115	225.0	260.0	25
-80	120	255.0	260.0	41
-80	125	216.0	261.0	47
-80	130	192.0	259.0	47
-80	135	229.0	259.0	55
-80	140	234.0	259.0	41
-80	145	223.0	256.0	46
-80	150	211.0	257.0	33
-80	155	211.0	259.0	27
-80	160	248.0	259.0	26
-80	165	0	0	15
-80	170	0	0	8
-80	175	0	0	3
-75	-180	0	0	1
-75	-175	0	0	0
-75	-170	0	0	1
-75	-165	0	0	1
-75	-160	0	0	0
-75	-155	0	0	0
-75	-150	0	0	0
-75	-145	0	0	0
-75	-140	0	0	0
-75	-135	0	0	0
-75	-130	0	0	0
-75	-125	0	0	0
-75	-120	0	0	0
-75	-115	0	0	0
-75	-110	0	0	0
-75	-105	0	0	0
-75	-100	0	0	0
-75	-95	0	0	0
-75	-90	0	0	0
-75	-85	0	0	0
-75	-80	0	0	0
-75	-75	0	0	1
-75	-70	0	0	0
-75	-65	0	0	2
-75	-60	0	0	2
-75	-55	0	0	17
-75	-50	239.0	268.0	27
-75	-45	253.0	267.0	119
-75	-40	218.0	268.0	153
-75	-35	208.0	269.0	139
-75	-30	230.0	268.0	117
-75	-25	234.0	270.0	68
-75	-20	252.0	270.0	82
-75	-15	263.0	270.0	91
-75	-10	253.0	268.0	63
-75	-5	0	0	23
-75	0	0	0	3
-75	5	0	0	3
-75	10	0	0	0
-75	15	0	0	0
-75	20	0	0	0
-75	25	0	0	1
-75	30	0	0	0
-75	35	0	0	0
-75	40	0	0	0
-75	45	0	0	0
-75	50	0	0	0
-75	55	0	0	0
-75	60	0	0	0
-75	65	0	0	1
-75	70	0	0	2
-75	75	0	0	1
-75	80	0	0	0
-75	85	0	0	1
-75	90	0	0	3
-75	95	0	0	0
-75	100	0	0	4
-75	105	0	0	4
-75	110	0	0	10
-75	115	0	0	8
-75	120	238.0	265.0	30
-75	125	231.0	264.0	53
-75	130	189.0	261.0	58
-75	135	254.0	262.0	60
-75	140	187.0	259.0	62
-75	145	236.0	259.0	56
-75	150	213.0	261.0	44
-75	155	213.0	260.0	29
-75	160	0	0	20
-75	165	0	0	17
-75	170	0	0	13
-75	175	0	0	3
-70	-180	0	0	1
-70	-175	0	0	1
-70	-170	0	0	0
-70	-165	0	0	0
-70	-160	0	0	0
-70	-155	0	0	0
-70	-150	0	0	0
-70	-145	0	0	0
-70	-140	0	0	0
-70	-135	0	0	0
-70	-130	0	0	0
-70	-125	0	0	0
-70	-120	0	0	0
-70	-115	0	0	0
-70	-110	0	0	0
-70	-105	0	0	0
-70	-100	0	0	0
-70	-95	0	0	0
-70	-90	0	0	0
-70	-85	0	0	0
-70	-80	0	0	0
-70	-75	0	0	0
-70	-70	0	0	1
-70	-65	0	0	1
-70	-60	0	0	6
-70	-55	0	0	23
-70	-50	217.0	270.0	133
-70	-45	249.0	271.0	462
-70	-40	229.0	270.0	712
-70	-35	240.0	268.0	385
-70	-30	219.0	272.0	164
-70	-25	236.0	274.0	125
-70	-20	261.0	272.0	126
-70	-15	254.0	273.0	95
-70	-10	247.0	273.0	38
-70	-5	0	0	11
-70	0	0	0	1
-70	5	0	0	0
-70	10	0	0	0
-70	15	0	0	0
-70	20	0	0	1
-70	25	0	0	0
-70	30	0	0	0
-70	35	0	0	0
-70	40	0	0	0
-70	45	0	0	0
-70	50	0	0	0
-70	55	0	0	0
-70	60	0	0	0
-70	65	0	0	1
-70	70	0	0	0
-70	75	0	0	0
-70	80	0	0	0
-70	85	0	0	0
-70	90	0	0	0
-70	95	0	0	0
-70	100	0	0	1
-70	105	0	0	1
-70	110	0	0	7
-70	115	0	0	7
-70	120	0	0	22
-70	125	179.0	264.0	33
-70	130	256.0	265.0	57
-70	135	243.0	261.0	71
-70	140	215.0	264.0	84
-70	145	245.0	263.0	63
-70	150	213.0	263.0	52
-70	155	206.0	262.0	49
-70	160	224.0	259.0	26
-70	165	0	0	5
-70	170	0	0	3
-70	175	0	0	1
-65	-180	0	0	1
-65	-175	0	0	0
-65	-170	0	0	0
-65	-165	0	0	0
-65	-160	0	0	0
-65	-155	0	0	0
-65	-150	0	0	0
-65	-145	0	0	0
-65	-140	0	0	0
-65	-135	0	0	0
-65	-130	0	0	0
-65	-125	0	0	0
-65	-120	0	0	0
-65	-115	0	0	0
-65	-110	0	0	0
-65	-105	0	0	0
-65	-100	0	0	0
-65	-95	0	0	0
-65	-90	0	0	0
-65	-85	0	0	0
-65	-80	0	0	0
-65	-75	0	0	1
-65	-70	0	0	0
-65	-65	0	0	2
-65	-60	0	0	6
-65	-55	205.0	269.0	50
-65	-50	227.0	267.0	441
-65	-45	254.0	268.0	1434
-65	-40	261.0	268.0	1266
-65	-35	264.0	269.0	429
-65	-30	257.0	269.0	244
-65	-25	259.0	271.0	187
-65	-20	245.0	271.0	115
-65	-15	224.0	269.0	42
-65	-10	0	0	8
-65	-5	0	0	3
-65	0	0	0	0
-65	5	0	0	0
-65	10	0	0	0
-65	15	0	0	0
-65	20	0	0	0
-65	25	0	0	0
-65	30	0	0	0
-65	35	0	0	0
-65	40	0	0	0
-65	45	0	0	0
-65	50	0	0	0
-65	55	0	0	0
-65	60	0	0	0
-65	65	0	0	0
-65	70	0	0	0
-65	75	0	0	0
-65	80	0	0	0
-65	85	0	0	0
-65	90	0	0	0
-65	95	0	0	0
-65	100	0	0	1
-65	105	0	0	0
-65	110	0	0	4
-65	115	0	0	5
-65	120	0	0	16
-65	125	248.0	264.0	42
-65	130	251.0	263.0	78
-65	135	239.0	261.0	74
-65	140	211.0	261.0	64
-65	145	230.0	261.0	59
-65	150	226.0	260.0	53
-65	155	224.0	260.0	35
-65	160	0	0	8
-65	165	0	0	9
-65	170	0	0	0
-65	175	0	0	0
-60	-180	0	0	0
-60	-175	0	0	0
-60	-170	0	0	0
-60	-165	0	0	1
-60	-160	0	0	0
-60	-155	0	0	0
-60	-150	0	0	0
-60	-145	0	0	0
-60	-140	0	0	0
-60	-135	0	0	0
-60	-130	0	0	0
-60	-125	0	0	0
-60	-120	0	0	0
-60	-115	0	0	0
-60	-110	0	0	0
-60	-105	0	0	0
-60	-100	0	0	0
-60	-95	0	0	0
-60	-90	0	0	0
-60	-85	0	0	0
-60	-80	0	0	0
-60	-75	0	0	0
-60	-70	0	0	0
-60	-65	0	0	1
-60	-60	0	0	13
-60	-55	222.0	269.0	100
-60	-50	234.0	268.0	618
-60	-45	225.0	266.0	1156
-60	-40	239.0	271.0	576
-60	-35	248.0	271.0	243
-60	-30	241.0	271.0	161
-60	-25	249.0	272.0	76
-60	-20	220.0	272.0	32
-60	-15	0	0	8
-60	-10	0	0	3
-60	-5	0	0	0
-60	0	0	0	1
-60	5	0	0	0
-60	10	0	0	0
-60	15	0	0	0
-60	20	0	0	0
-60	25	0	0	0
-60	30	0	0	0
-60	35	0	0	0
-60	40	0	0	0
-60	45	0	0	0
-60	50	0	0	0
-60	55	0	0	0
-60	60	0	0	0
-60	65	0	0	0
-60	70	0	0	0
-60	75	0	0	0
-60	80	0	0	0
-60	85	0	0	0
-60	90	0	0	0
-60	95	0	0	0
-60	100	0	0	0
-60	105	0	0	0
-60	110	0	0	2
-60	115	0	0	5
-60	120	0	0	18
-60	125	242.0	264.0	47
-60	130	257.0	262.0	53
-60	135	240.0	264.0	64
-60	140	240.0	261.0	53
-60	145	233.0	264.0	39
-60	150	251.0	263.0	24
-60	155	0	0	10
-60	160	0	0	3
-60	165	0	0	0
-60	170	0	0	0
-60	175	0	0	0
-55	-180	0	0	0
-55	-175	0	0	0
-55	-170	0	0	0
-55	-165	0	0	0
-55	-160	0	0	0
-55	-155	0	0	0
-55	-150	0	0	0
-55	-145	0	0	0
-55	-140	0	0	0
-55	-135	0	0	1
-55	-130	0	0	0
-55	-125	0	0	0
-55	-120	0	0	0
-55	-115	0	0	0
-55	-110	0	0	0
-55	-105	0	0	0
-55	-100	0	0	0
-55	-95	0	0	0
-55	-90	0	0	0
-55	-85	0	0	0
-55	-80	0	0	0
-55	-75	0	0	0
-55	-70	0	0	0
-55	-65	0	0	1
-55	-60	0	0	8
-55	-55	213.0	268.0	64
-55	-50	253.0	271.0	280
-55	-45	228.0	271.0	245
-55	-40	250.0	270.0	156
-55	-35	234.0	272.0	90
-55	-30	211.0	274.0	25
-55	-25	0	0	15
-55	-20	0	0	2
-55	-15	0	0	0
-55	-10	0	0	0
-55	-5	0	0	0
-55	0	0	0	0
-55	5	0	0	0
-55	10	0	0	0
-55	15	0	0	0
-55	20	0	0	0
-55	25	0	0	0
-55	30	0	0	0
-55	35	0	0	0
-55	40	0	0	0
-55	45	0	0	0
-55	50	0	0	0
-55	55	0	0	0
-55	60	0	0	0
-55	65	0	0	0
-55	70	0	0	0
-55	75	0	0	0
-55	80	0	0	0
-55	85	0	0	0
-55	90	0	0	0
-55	95	0	0	0
-55	100	0	0	0
-55	105	0	0	1
-55	110	0	0	0
-55	115	0	0	3
-55	120	0	0	13
-55	125	249.0	263.0	26
-55	130	208.0	264.0	36
-55	135	242.0	263.0	33
-55	140	193.0	263.0	26
-55	145	0	0	19
-55	150	0	0	9
-55	155	0	0	2
-55	160	0	0	1
-55	165	0	0	1
-55	170	0	0	0
-55	175	0	0	0
-50	-180	0	0	0
-50	-175	0	0	0
-50	-170	0	0	0
-50	-165	0	0	0
-50	-160	0	0	0
-50	-155	0	0	0
-50	-150	0	0	0
-50	-145	0	0	0
-50	-140	0	0	0
-50	-135	0	0	0
-50	-130	0	0	0
-50	-125	0	0	0
-50	-120	0	0	0
-50	-115	0	0	0
-50	-110	0	0	0
-50	-105	0	0	0
-50	-100	0	0	0
-50	-95	0	0	0
-50	-90	0	0	0
-50	-85	0	0	0
-50	-80	0	0	0
-50	-75	0	0	0
-50	-70	0	0	1
-50	-65	0	0	2
-50	-60	0	0	5
-50	-55	0	0	19
-50	-50	226.0	269.0	52
-50	-45	214.0	271.0	52
-50	-40	257.0	271.0	28
-50	-35	0	0	19
-50	-30	0	0	1
-50	-25	0	0	1
-50	-20	0	0	0
-50	-15	0	0	0
-50	-10	0	0	1
-50	-5	0	0	0
-50	0	0	0	0
-50	5	0	0	0
-50	10	0	0	0
-50	15	0	0	0
-50	20	0	0	0
-50	25	0	0	0
-50	30	0	0	0
-50	35	0	0	0
-50	40	0	0	0
-50	45	0	0	0
-50	50	0	0	0
-50	55	0	0	0
-50	60	0	0	0
-50	65	0	0	0
-50	70	0	0	0
-50	75	0	0	0
-50	80	0	0	0
-50	85	0	0	0
-50	90	0	0	0
-50	95	0	0	0
-50	100	0	0	0
-50	105	0	0	0
-50	110	0	0	0
-50	115	0	0	2
-50	120	0	0	7
-50	125	0	0	18
-50	130	0	0	20
-50	135	0	0	12
-50	140	0	0	2
-50	145	0	0	3
-50	150	0	0	1
-50	155	0	0	0
-50	160	0	0	0
-50	165	0	0	0
-50	170	0	0	0
-50	175	0	0	0
-45	-180	0	0	0
-45	-175	0	0	0
-45	-170	0	0	0
-45	-165	0	0	0
-45	-160	0	0	0
-45	-155	0	0	0
-45	-150	0	0	0
-45	-145	0	0	0
-45	-140	0	0	0
-45	-135	0	0	0
-45	-130	0	0	0
-45	-125	0	0	0
-45	-120	0	0	0
-45	-115	0	0	0
-45	-110	0	0	0
-45	-105	0	0	0
-45	-100	0	0	0
-45	-95	0	0	0
-45	-90	0	0	0
-45	-85	0	0	0
-45	-80	0	0	0
-45	-75	0	0	0
-45	-70	0	0	0
-45	-65	0	0	2
-45	-60	0	0	4
-45	-55	0	0	8
-45	-50	0	0	13
-45	-45	0	0	10
-45	-40	0	0	2
-45	-35	0	0	1
-45	-30	0	0	0
-45	-25	0	0	0
-45	-20	0	0	0
-45	-15	0	0	0
-45	-10	0	0	0
-45	-5	0	0	0
-45	0	0	0	0
-45	5	0	0	0
-45	10	0	0	0
-45	15	0	0	0
-45	20	0	0	0
-45	25	0	0	0
-45	30	0	0	0
-45	35	0	0	0
-45	40	0	0	0
-45	45	0	0	0
-45	50	0	0	0
-45	55	0	0	0
-45	60	0	0	0
-45	65	0	0	0
-45	70	0	0	0
-45	75	0	0	0
-45	80	0	0	0
-45	85	0	0	0
-45	90	0	0	0
-45	95	0	0	1
-45	100	0	0	0
-45	105	0	0	0
-45	110	0	0	0
-45	115	0	0	1
-45	120	0	0	3
-45	125	0	0	7
-45	130	0	0	4
-45	135	0	0	4
-45	140	0	0	1
-45	145	0	0	0
-45	150	0	0	0
-45	155	0	0	0
-45	160	0	0	0
-45	165	0	0	0
-45	170	0	0	0
-45	175	0	0	0
-40	-180	0	0	0
-40	-175	0	0	0
-40	-170	0	0	0
-40	-165	0	0	0
-40	-160	0	0	0
-40	-155	0	0	0
-40	-150	0	0	0
-40	-145	0	0	0
-40	-140	0	0	0
-40	-135	0	0	0
-40	-130	0	0	0
-40	-125	0	0	0
-40	-120	0	0	0
-40	-115	0	0	0
-40	-110	0	0	0
-40	-105	0	0	0
-40	-100	0	0	0
-40	-95	0	0	0
-40	-90	0	0	0
-40	-85	0	0	0
-40	-80	0	0	0
-40	-75	0	0	0
-40	-70	0	0	0
-40	-65	0	0	0
-40	-60	0	0	2
-40	-55	0	0	2
-40	-50	0	0	5
-40	-45	0	0	1
-40	-40	0	0	1
-40	-35	0	0	0
-40	-30	0	0	0
-40	-25	0	0	0
-40	-20	0	0	0
-40	-15	0	0	0
-40	-10	0	0	0
-40	-5	0	0	0
-40	0	0	0	0
-40	5	0	0	0
-40	10	0	0	0
-40	15	0	0	0
-40	20	0	0	0
-40	25	0	0	0
-40	30	0	0	0
-40	35	0	0	0
-40	40	0	0	0
-40	45	0	0	0
-40	50	0	0	0
-40	55	0	0	0
-40	60	0	0	0
-40	65	0	0	0
-40	70	0	0	0
-40	75	0	0	0
-40	80	0	0	0
-40	85	0	0	0
-40	90	0	0	0
-40	95	0	0	0
-40	100	0	0	0
-40	105	0	0	0
-40	110	0	0	0
-40	115	0	0	0
-40	120	0	0	1
-40	125	0	0	2
-40	130	0	0	0
-40	135	0	0	0
-40	140	0	0	0
-40	145	0	0	0
-40	150	0	0	0
-40	155	0	0	0
-40	160	0	0	0
-40	165	0	0	0
-40	170	0	0	0
-40	175	0	0	0
-35	-180	0	0	0
-35	-175	0	0	0
-35	-170	0	0	0
-35	-165	0	0	0
-35	-160	0	0	0
-35	-155	0	0	0
-35	-150	0	0	0
-35	-145	0	0	0
-35	-140	0	0	0
-35	-135	0	0	0
-35	-130	0	0	0
-35	-125	0	0	0
-35	-120	0	0	0
-35	-115	0	0	0
-35	-110	0	0	0
-35	-105	0	0	0
-35	-100	0	0	0
-35	-95	0	0	0
-35	-90	0	0	0
-35	-85	0	0	0
-35	-80	0	0	0
-35	-75	0	0	0
-35	-70	0	0	0
-35	-65	0	0	0
-35	-60	0	0	3
-35	-55	0	0	0
-35	-50	0	0	2
-35	-45	0	0	0
-35	-40	0	0	0
-35	-35	0	0	0
-35	-30	0	0	0
-35	-25	0	0	0
-35	-20	0	0	0
-35	-15	0	0	0
-35	-10	0	0	0
-35	-5	0	0	0
-35	0	0	0	0
-35	5	0	0	0
-35	10	0	0	0
-35	15	0	0	0
-35	20	0	0	0
-35	25	0	0	0
-35	30	0	0	0
-35	35	0	0	0
-35	40	0	0	0
-35	45	0	0	0
-35	50	0	0	0
-35	55	0	0	0
-35	60	0	0	0
-35	65	0	0	0
-35	70	0	0	0
-35	75	0	0	0
-35	80	0	0	0
-35	85	0	0	0
-35	90	0	0	0
-35	95	0	0	0
-35	100	0	0	0
-35	105	0	0	0
-35	110	0	0	0
-35	115	0	0	1
-35	120	0	0	0
-35	125	0	0	0
-35	130	0	0	0
-35	135	0	0	0
-35	140	0	0	0
-35	145	0	0	0
-35	150	0	0	0
-35	155	0	0	0
-35	160	0	0	0
-35	165	0	0	0
-35	170	0	0	0
-35	175	0	0	0
-30	-180	0	0	0
-30	-175	0	0	0
-30	-170	0	0	0
-30	-165	0	0	0
-30	-160	0	0	0
-30	-155	0	0	0
-30	-150	0	0	0
-30	-145	0	0	0
-30	-140	0	0	0
-30	-135	0	0	0
-30	-130	0	0	0
-30	-125	0	0	0
-30	-120	0	0	0
-30	-115	0	0	0
-30	-110	0	0	0
-30	-105	0	0	0
-30	-100	0	0	0
-30	-95	0	0	0
-30	-90	0	0	0
-30	-85	0	0	0
-30	-80	0	0	0
-30	-75	0	0	0
-30	-70	0	0	0
-30	-65	0	0	0
-30	-60	0	0	0
-30	-55	0	0	1
-30	-50	0	0	0
-30	-45	0	0	0
-30	-40	0	0	0
-30	-35	0	0	0
-30	-30	0	0	0
-30	-25	0	0	0
-30	-20	0	0	0
-30	-15	0	0	0
-30	-10	0	0	0
-30	-5	0	0	0
-30	0	0	0	0
-30	5	0	0	0
-30	10	0	0	0
-30	15	0	0	0
-30	20	0	0	0
-30	25	0	0	0
-30	30	0	0	0
-30	35	0	0	0
-30	40	0	0	0
-30	45	0	0	0
-30	50	0	0	0
-30	55	0	0	0
-30	60	0	0	0
-30	65	0	0	0
-30	70	0	0	0
-30	75	0	0	0
-30	80	0	0	0
-30	85	0	0	0
-30	90	0	0	0
-30	95	0	0	0
-30	100	0	0	0
-30	105	0	0	0
-30	110	0	0	0
-30	115	0	0	0
-30	120	0	0	0
-30	125	0	0	0
-30	130	0	0	1
-30	135	0	0	1
-30	140	0	0	0
-30	145	0	0	0
-30	150	0	0	0
-30	155	0	0	0
-30	160	0	0	0
-30	165	0	0	0
-30	170	0	0	0
-30	175	0	0	0
-25	-180	0	0	0
-25	-175	0	0	0
-25	-170	0	0	0
-25	-165	0	0	0
-25	-160	0	0	0
-25	-155	0	0	0
-25	-150	0	0	0
-25	-145	0	0	0
-25	-140	0	0	0
-25	-135	0	0	0
-25	-130	0	0	0
-25	-125	0	0	0
-25	-120	0	0	0
-25	-115	0	0	0
-25	-110	0	0	0
-25	-105	0	0	0
-25	-100	0	0	0
-25	-95	0	0	0
-25	-90	0	0	0
-25	-85	0	0	0
-25	-80	0	0	0
-25	-75	0	0	0
-25	-70	0	0	0
-25	-65	0	0	0
-25	-60	0	0	0
-25	-55	0	0	0
-25	-50	0	0	0
-25	-45	0	0	0
-25	-40	0	0	0
-25	-35	0	0	0
-25	-30	0	0	0
-25	-25	0	0	0
-25	-20	0	0	0
-25	-15	0	0	0
-25	-10	0	0	0
-25	-5	0	0	0
-25	0	0	0	0
-25	5	0	0	0
-25	10	0	0	0
-25	15	0	0	0
-25	20	0	0	0
-25	25	0	0	0
-25	30	0	0	0
-25	35	0	0	0
-25	40	0	0	0
-25	45	0	0	0
-25	50	0	0	0
-25	55	0	0	0
-25	60	0	0	0
-25	65	0	0	0
-25	70	0	0	0
-25	75	0	0	0
-25	80	0	0	0
-25	85	0	0	0
-25	90	0	0	0
-25	95	0	0	0
-25	100	0	0	0
-25	105	0	0	0
-25	110	0	0	0
-25	115	0	0	0
-25	120	0	0	0
-25	125	0	0	0
-25	130	0	0	0
-25	135	0	0	0
-25	140	0	0	0
-25	145	0	0	0
-25	150	0	0	0
-25	155	0	0	0
-25	160	0	0	0
-25	165	0	0	0
-25	170	0	0	0
-25	175	0	0	0
-20	-180	0	0	0
-20	-175	0	0	0
-20	-170	0	0	0
-20	-165	0	0	0
-20	-160	0	0	0
-20	-155	0	0	0
-20	-150	0	0	0
-20	-145	0	0	0
-20	-140	0	0	0
-20	-135	0	0	0
-20	-130	0	0	0
-20	-125	0	0	0
-20	-120	0	0	0
-20	-115	0	0	0
-20	-110	0	0	0
-20	-105	0	0	0
-20	-100	0	0	0
-20	-95	0	0	0
-20	-90	0	0	0
-20	-85	0	0	0
-20	-80	0	0	0
-20	-75	0	0	0
-20	-70	0	0	0
-20	-65	0	0	0
-20	-60	0	0	0
-20	-55	0	0	0
-20	-50	0	0	0
-20	-45	0	0	0
-20	-40	0	0	0
-20	-35	0	0	0
-20	-30	0	0	0
-20	-25	0	0	0
-20	-20	0	0	0
-20	-15	0	0	0
-20	-10	0	0	0
-20	-5	0	0	0
-20	0	0	0	0
-20	5	0	0	0
-20	10	0	0	0
-20	15	0	0	0
-20	20	0	0	0
-20	25	0	0	0
-20	30	0	0	0
-20	35	0	0	0
-20	40	0	0	0
-20	45	0	0	0
-20	50	0	0	0
-20	55	0	0	0
-20	60	0	0	0
-20	65	0	0	0
-20	70	0	0	0
-20	75	0	0	0
-20	80	0	0	0
-20	85	0	0	0
-20	90	0	0	0
-20	95	0	0	0
-20	100	0	0	0
-20	105	0	0	0
-20	110	0	0	0
-20	115	0	0	0
-20	120	0	0	0
-20	125	0	0	0
-20	130	0	0	0
-20	135	0	0	0
-20	140	0	0	0
-20	145	0	0	0
-20	150	0	0	0
-20	155	0	0	0
-20	160	0	0	0
-20	165	0	0	0
-20	170	0	0	0
-20	175	0	0	0
-15	-180	0	0	0
-15	-175	0	0	0
-15	-170	0	0	0
-15	-165	0	0	0
-15	-160	0	0	0
-15	-155	0	0	0
-15	-150	0	0	0
-15	-145	0	0	0
-15	-140	0	0	0
-15	-135	0	0	0
-15	-130	0	0	0
-15	-125	0	0	0
-15	-120	0	0	0
-15	-115	0	0	0
-15	-110	0	0	0
-15	-105	0	0	0
-15	-100	0	0	0
-15	-95	0	0	0
-15	-90	0	0	0
-15	-85	0	0	0
-15	-80	0	0	0
-15	-75	0	0	0
-15	-70	0	0	0
-15	-65	0	0	0
-15	-60	0	0	0
-15	-55	0	0	0
-15	-50	0	0	0
-15	-45	0	0	0
-15	-40	0	0	0
-15	-35	0	0	0
-15	-30	0	0	0
-15	-25	0	0	0
-15	-20	0	0	0
-15	-15	0	0	0
-15	-10	0	0	0
-15	-5	0	0	0
-15	0	0	0	0
-15	5	0	0	0
-15	10	0	0	0
-15	15	0	0	0
-15	20	0	0	0
-15	25	0	0	0
-15	30	0	0	0
-15	35	0	0	0
-15	40	0	0	0
-15	45	0	0	0
-15	50	0	0	0
-15	55	0	0	0
-15	60	0	0	0
-15	65	0	0	0
-15	70	0	0	0
-15	75	0	0	0
-15	80	0	0	0
-15	85	0	0	0
-15	90	0	0	0
-15	95	0	0	0
-15	100	0	0	0
-15	105	0	0	0
-15	110	0	0	0
-15	115	0	0	0
-15	120	0	0	0
-15	125	0	0	0
-15	130	0	0	0
-15	135	0	0	0
-15	140	0	0	0
-15	145	0	0	0
-15	150	0	0	0
-15	155	0	0	0
-15	160	0	0	0
-15	165	0	0	0
-15	170	0	0	0
-15	175	0	0	0
-10	-180	0	0	0
-10	-175	0	0	0
-10	-170	0	0	0
-10	-165	0	0	0
-10	-160	0	0	0
-10	-155	0	0	0
-10	-150	0	0	0
-10	-145	0	0	0
-10	-140	0	0	0
-10	-135	0	0	0
-10	-130	0	0	0
-10	-125	0	0	0
-10	-120	0	0	0
-10	-115	0	0	0
-10	-110	0	0	0
-10	-105	0	0	0
-10	-100	0	0	0
-10	-95	0	0	0
-10	-90	0	0	0
-10	-85	0	0	0
-10	-80	0	0	0
-10	-75	0	0	0
-10	-70	0	0	0
-10	-65	0	0	0
-10	-60	0	0	0
-10	-55	0	0	0
-10	-50	0	0	0
-10	-45	0	0	0
-10	-40	0	0	0
-10	-35	0	0	0
-10	-30	0	0	0
-10	-25	0	0	0
-10	-20	0	0	0
-10	-15	0	0	0
-10	-10	0	0	0
-10	-5	0	0	0
-10	0	0	0	0
-10	5	0	0	0
-10	10	0	0	0
-10	15	0	0	0
-10	20	0	0	0
-10	25	0	0	0
-10	30	0	0	0
-10	35	0	0	0
-10	40	0	0	0
-10	45	0	0	0
-10	50	0	0	0
-10	55	0	0	0
-10	60	0	0	0
-10	65	0	0	0
-10	70	0	0	0
-10	75	0	0	0
-10	80	0	0	0
-10	85	0	0	0
-10	90	0	0	0
-10	95	0	0	0
-10	100	0	0	0
-10	105	0	0	0
-10	110	0	0	0
-10	115	0	0	0
-10	120	0	0	0
-10	125	0	0	0
-10	130	0	0	0
-10	135	0	0	0
-10	140	0	0	0
-10	145	0	0	0
-10	150	0	0	0
-10	155	0	0	0
-10	160	0	0	0
-10	165	0	0	0
-10	170	0	0	0
-10	175	0	0	0
-5	-180	0	0	0
-5	-175	0	0	0
-5	-170	0	0	0
-5	-165	0	0	0
-5	-160	0	0	0
-5	-155	0	0	0
-5	-150	0	0	0
-5	-145	0	0	0
-5	-140	0	0	0
-5	-135	0	0	0
-5	-130	0	0	0
-5	-125	0	0	0
-5	-120	0	0	0
-5	-115	0	0	0
-5	-110	0	0	0
-5	-105	0	0	0
-5	-100	0	0	0
-5	-95	0	0	0
-5	-90	0	0	0
-5	-85	0	0	0
-5	-80	0	0	0
-5	-75	0	0	0
-5	-70	0	0	0
-5	-65	0	0	0
-5	-60	0	0	0
-5	-55	0	0	0
-5	-50	0	0	0
-5	-45	0	0	0
-5	-40	0	0	0
-5	-35	0	0	0
-5	-30	0	0	0
-5	-25	0	0	0
-5	-20	0	0	0
-5	-15	0	0	0
-5	-10	0	0	0
-5	-5	0	0	0
-5	0	0	0	0
-5	5	0	0	0
-5	10	0	0	0
-5	15	0	0	0
-5	20	0	0	0
-5	25	0	0	0
-5	30	0	0	0
-5	35	0	0	0
-5	40	0	0	0
-5	45	0	0	0
-5	50	0	0	0
-5	55	0	0	0
-5	60	0	0	0
-5	65	0	0	0
-5	70	0	0	0
-5	75	0	0	0
-5	80	0	0	0
-5	85	0	0	0
-5	90	0	0	0
-5	95	0	0	0
-5	100	0	0	0
-5	105	0	0	0
-5	110	0	0	0
-5	115	0	0	0
-5	120	0	0	0
-5	125	0	0	0
-5	130	0	0	0
-5	135	0	0	0
-5	140	0	0	0
-5	145	0	0	0
-5	150	0	0	0
-5	155	0	0	0
-5	160	0	0	0
-5	165	0	0	0
-5	170	0	0	0
-5	175	0	0	0
0	-180	0	0	0
0	-175	0	0	0
0	-170	0	0	0
0	-165	0	0	0
0	-160	0	0	0
0	-155	0	0	0
0	-150	0	0	0
0	-145	0	0	0
0	-140	0	0	0
0	-135	0	0	0
0	-130	0	0	0
0	-125	0	0	0
0	-120	0	0	0
0	-115	0	0	0
0	-110	0	0	0
0	-105	0	0	0
0	-100	0	0	0
0	-95	0	0	0
0	-90	0	0	0
0	-85	0	0	0
0	-80	0	0	0
0	-75	0	0	0
0	-70	0	0	0
0	-65	0	0	0
0	-60	0	0	0
0	-55	0	0	0
0	-50	0	0	0
0	-45	0	0	0
0	-40	0	0	0
0	-35	0	0	0
0	-30	0	0	0
0	-25	0	0	0
0	-20	0	0	0
0	-15	0	0	0
0	-10	0	0	0
0	-5	0	0	0
0	0	0	0	0
0	5	0	0	0
0	10	0	0	0
0	15	0	0	0
0	20	0	0	0
0	25	0	0	0
0	30	0	0	0
0	35	0	0	0
0	40	0	0	0
0	45	0	0	0
0	50	0	0	0
0	55	0	0	0
0	60	0	0	0
0	65	0	0	0
0	70	0	0	0
0	75	0	0	0
0	80	0	0	0
0	85	0	0	0
0	90	0	0	0
0	95	0	0	0
0	100	0	0	0
0	105	0	0	0
0	110	0	0	0
0	115	0	0	0
0	120	0	0	0
0	125	0	0	0
0	130	0	0	0
0	135	0	0	0
0	140	0	0	0
0	145	0	0	0
0	150	0	0	0
0	155	0	0	0
0	160	0	0	0
0	165	0	0	0
0	170	0	0	0
0	175	0	0	0
5	-180	0	0	0
5	-175	0	0	0
5	-170	0	0	0
5	-165	0	0	0
5	-160	0	0	0
5	-155	0	0	0
5	-150	0	0	0
5	-145	0	0	0
5	-140	0	0	0
5	-135	0	0	0
5	-130	0	0	0
5	-125	0	0	0
5	-120	0	0	0
5	-115	0	0	0
5	-110	0	0	0
5	-105	0	0	0
5	-100	0	0	0
5	-95	0	0	0
5	-90	0	0	0
5	-85	0	0	0
5	-80	0	0	0
5	-75	0	0	0
5	-70	0	0	0
5	-65	0	0	0
5	-60	0	0	0
5	-55	0	0	0
5	-50	0	0	0
5	-45	0	0	0
5	-40	0	0	0
5	-35	0	0	0
5	-30	0	0	0
5	-25	0	0	0
5	-20	0	0	0
5	-15	0	0	0
5	-10	0	0	0
5	-5	0	0	0
5	0	0	0	0
5	5	0	0	0
5	10	0	0	0
5	15	0	0	0
5	20	0	0	0
5	25	0	0	0
5	30	0	0	0
5	35	0	0	0
5	40	0	0	0
5	45	0	0	0
5	50	0	0	0
5	55	0	0	0
5	60	0	0	0
5	65	0	0	0
5	70	0	0	0
5	75	0	0	0
5	80	0	0	0
5	85	0	0	0
5	90	0	0	0
5	95	0	0	0
5	100	0	0	0
5	105	0	0	0
5	110	0	0	0
5	115	0	0	0
5	120	0	0	0
5	125	0	0	0
5	130	0	0	0
5	135	0	0	0
5	140	0	0	0
5	145	0	0	0
5	150	0	0	0
5	155	0	0	0
5	160	0	0	0
5	165	0	0	0
5	170	0	0	0
5	175	0	0	0
10	-180	0	0	0
10	-175	0	0	0
10	-170	0	0	0
10	-165	0	0	0
10	-160	0	0	0
10	-155	0	0	0
10	-150	0	0	0
10	-145	0	0	0
10	-140	0	0	0
10	-135	0	0	0
10	-130	0	0	0
10	-125	0	0	0
10	-120	0	0	0
10	-115	0	0	0
10	-110	0	0	0
10	-105	0	0	0
10	-100	0	0	0
10	-95	0	0	0
10	-90	0	0	0
10	-85	0	0	0
10	-80	0	0	0
10	-75	0	0	0
10	-70	0	0	0
10	-65	0	0	0
10	-60	0	0	0
10	-55	0	0	0
10	-50	0	0	0
10	-45	0	0	0
10	-40	0	0	0
10	-35	0	0	0
10	-30	0	0	0
10	-25	0	0	0
10	-20	0	0	0
10	-15	0	0	0
10	-10	0	0	0
10	-5	0	0	0
10	0	0	0	0
10	5	0	0	0
10	10	0	0	0
10	15	0	0	0
10	20	0	0	0
10	25	0	0	0
10	30	0	0	0
10	35	0	0	0
10	40	0	0	0
10	45	0	0	0
10	50	0	0	0
10	55	0	0	0
10	60	0	0	0
10	65	0	0	0
10	70	0	0	0
10	75	0	0	0
10	80	0	0	0
10	85	0	0	0
10	90	0	0	0
10	95	0	0	0
10	100	0	0	0
10	105	0	0	0
10	110	0	0	0
10	115	0	0	0
10	120	0	0	0
10	125	0	0	0
10	130	0	0	0
10	135	0	0	0
10	140	0	0	0
10	145	0	0	0
10	150	0	0	0
10	155	0	0	0
10	160	0	0	0
10	165	0	0	0
10	170	0	0	0
10	175	0	0	0
15	-180	0	0	0
15	-175	0	0	0
15	-170	0	0	0
15	-165	0	0	0
15	-160	0	0	0
15	-155	0	0	0
15	-150	0	0	0
15	-145	0	0	0
15	-140	0	0	0
15	-135	0	0	0
15	-130	0	0	0
15	-125	0	0	0
15	-120	0	0	0
15	-115	0	0	0
15	-110	0	0	0
15	-105	0	0	0
15	-100	0	0	0
15	-95	0	0	0
15	-90	0	0	0
15	-85	0	0	0
15	-80	0	0	0
15	-75	0	0	0
15	-70	0	0	0
15	-65	0	0	0
15	-60	0	0	0
15	-55	0	0	0
15	-50	0	0	0
15	-45	0	0	0
15	-40	0	0	0
15	-35	0	0	0
15	-30	0	0	0
15	-25	0	0	0
15	-20	0	0	0
15	-15	0	0	0
15	-10	0	0	0
15	-5	0	0	0
15	0	0	0	0
15	5	0	0	0
15	10	0	0	0
15	15	0	0	0
15	20	0	0	0
15	25	0	0	0
15	30	0	0	0
15	35	0	0	0
15	40	0	0	0
15	45	0	0	0
15	50	0	0	0
15	55	0	0	0
15	60	0	0	0
15	65	0	0	0
15	70	0	0	0
15	75	0	0	0
15	80	0	0	0
15	85	0	0	0
15	90	0	0	0
15	95	0	0	0
15	100	0	0	0
15	105	0	0	0
15	110	0	0	0
15	115	0	0	0
15	120	0	0	0
15	125	0	0	0
15	130	0	0	0
15	135	0	0	0
15	140	0	0	0
15	145	0	0	0
15	150	0	0	0
15	155	0	0	0
15	160	0	0	0
15	165	0	0	0
15	170	0	0	0
15	175	0	0	0
20	-180	0	0	0
20	-175	0	0	0
20	-170	0	0	0
20	-165	0	0	0
20	-160	0	0	0
20	-155	0	0	0
20	-150	0	0	0
20	-145	0	0	0
20	-140	0	0	0
20	-135	0	0	0
20	-130	0	0	0
20	-125	0	0	0
20	-120	0	0	0
20	-115	0	0	0
20	-110	0	0	0
20	-105	0	0	0
20	-100	0	0	0
20	-95	0	0	0
20	-90	0	0	0
20	-85	0	0	0
20	-80	0	0	0
20	-75	0	0	0
20	-70	0	0	0
20	-65	0	0	0
20	-60	0	0	0
20	-55	0	0	0
20	-50	0	0	0
20	-45	0	0	0
20	-40	0	0	0
20	-35	0	0	0
20	-30	0	0	0
20	-25	0	0	0
20	-20	0	0	0
20	-15	0	0	0
20	-10	0	0	0
20	-5	0	0	0
20	0	0	0	0
20	5	0	0	0
20	10	0	0	0
20	15	0	0	0
20	20	0	0	0
20	25	0	0	0
20	30	0	0	0
20	35	0	0	0
20	40	0	0	0
20	45	0	0	0
20	50	0	0	0
20	55	0	0	0
20	60	0	0	0
20	65	0	0	0
20	70	0	0	0
20	75	0	0	0
20	80	0	0	0
20	85	0	0	0
20	90	0	0	0
20	95	0	0	0
20	100	0	0	0
20	105	0	0	0
20	110	0	0	0
20	115	0	0	0
20	120	0	0	0
20	125	0	0	0
20	130	0	0	0
20	135	0	0	0
20	140	0	0	0
20	145	0	0	0
20	150	0	0	0
20	155	0	0	0
20	160	0	0	0
20	165	0	0	0
20	170	0	0	0
20	175	0	0	0
25	-180	0	0	0
25	-175	0	0	0
25	-170	0	0	0
25	-165	0	0	0
25	-160	0	0	0
25	-155	0	0	0
25	-150	0	0	0
25	-145	0	0	0
25	-140	0	0	0
25	-135	0	0	0
25	-130	0	0	0
25	-125	0	0	0
25	-120	0	0	0
25	-115	0	0	1
25	-110	0	0	0
25	-105	0	0	0
25	-100	0	0	0
25	-95	0	0	0
25	-90	0	0	0
25	-85	0	0	0
25	-80	0	0	0
25	-75	0	0	0
25	-70	0	0	0
25	-65	0	0	0
25	-60	0	0	0
25	-55	0	0	0
25	-50	0	0	0
25	-45	0	0	0
25	-40	0	0	0
25	-35	0	0	0
25	-30	0	0	0
25	-25	0	0	0
25	-20	0	0	0
25	-15	0	0	0
25	-10	0	0	0
25	-5	0	0	0
25	0	0	0	0
25	5	0	0	0
25	10	0	0	0
25	15	0	0	0
25	20	0	0	0
25	25	0	0	0
25	30	0	0	0
25	35	0	0	0
25	40	0	0	0
25	45	0	0	0
25	50	0	0	0
25	55	0	0	0
25	60	0	0	1
25	65	0	0	0
25	70	0	0	0
25	75	0	0	0
25	80	0	0	0
25	85	0	0	0
25	90	0	0	0
25	95	0	0	0
25	100	0	0	0
25	105	0	0	0
25	110	0	0	0
25	115	0	0	0
25	120	0	0	0
25	125	0	0	0
25	130	0	0	0
25	135	0	0	0
25	140	0	0	0
25	145	0	0	0
25	150	0	0	0
25	155	0	0	0
25	160	0	0	0
25	165	0	0	0
25	170	0	0	0
25	175	0	0	0
30	-180	0	0	0
30	-175	0	0	0
30	-170	0	0	0
30	-165	0	0	0
30	-160	0	0	0
30	-155	0	0	0
30	-150	0	0	0
30	-145	0	0	0
30	-140	0	0	0
30	-135	0	0	0
30	-130	0	0	0
30	-125	0	0	0
30	-120	0	0	0
30	-115	0	0	0
30	-110	0	0	0
30	-105	0	0	0
30	-100	0	0	0
30	-95	0	0	0
30	-90	0	0	0
30	-85	0	0	0
30	-80	0	0	0
30	-75	0	0	0
30	-70	0	0	0
30	-65	0	0	0
30	-60	0	0	0
30	-55	0	0	0
30	-50	0	0	0
30	-45	0	0	0
30	-40	0	0	0
30	-35	0	0	0
30	-30	0	0	0
30	-25	0	0	0
30	-20	0	0	0
30	-15	0	0	0
30	-10	0	0	0
30	-5	0	0	0
30	0	0	0	0
30	5	0	0	0
30	10	0	0	0
30	15	0	0	0
30	20	0	0	0
30	25	0	0	0
30	30	0	0	0
30	35	0	0	1
30	40	0	0	0
30	45	0	0	0
30	50	0	0	0
30	55	0	0	0
30	60	0	0	0
30	65	0	0	0
30	70	0	0	0
30	75	0	0	0
30	80	0	0	0
30	85	0	0	0
30	90	0	0	0
30	95	0	0	0
30	100	0	0	0
30	105	0	0	0
30	110	0	0	0
30	115	0	0	0
30	120	0	0	0
30	125	0	0	0
30	130	0	0	0
30	135	0	0	0
30	140	0	0	0
30	145	0	0	0
30	150	0	0	0
30	155	0	0	0
30	160	0	0	0
30	165	0	0	0
30	170	0	0	0
30	175	0	0	0
35	-180	0	0	0
35	-175	0	0	0
35	-170	0	0	0
35	-165	0	0	0
35	-160	0	0	0
35	-155	0	0	0
35	-150	0	0	0
35	-145	0	0	0
35	-140	0	0	0
35	-135	0	0	0
35	-130	0	0	0
35	-125	0	0	0
35	-120	0	0	0
35	-115	0	0	0
35	-110	0	0	0
35	-105	0	0	0
35	-100	0	0	0
35	-95	0	0	0
35	-90	0	0	0
35	-85	0	0	0
35	-80	0	0	0
35	-75	0	0	0
35	-70	0	0	0
35	-65	0	0	0
35	-60	0	0	0
35	-55	0	0	0
35	-50	0	0	0
35	-45	0	0	0
35	-40	0	0	0
35	-35	0	0	0
35	-30	0	0	0
35	-25	0	0	0
35	-20	0	0	0
35	-15	0	0	0
35	-10	0	0	0
35	-5	0	0	0
35	0	0	0	0
35	5	0	0	0
35	10	0	0	0
35	15	0	0	0
35	20	0	0	0
35	25	0	0	0
35	30	0	0	0
35	35	0	0	0
35	40	0	0	0
35	45	0	0	0
35	50	0	0	1
35	55	0	0	0
35	60	0	0	1
35	65	0	0	1
35	70	0	0	0
35	75	0	0	0
35	80	0	0	0
35	85	0	0	0
35	90	0	0	0
35	95	0	0	0
35	100	0	0	0
35	105	0	0	0
35	110	0	0	0
35	115	0	0	0
35	120	0	0	0
35	125	0	0	0
35	130	0	0	0
35	135	0	0	0
35	140	0	0	0
35	145	0	0	0
35	150	0	0	0
35	155	0	0	0
35	160	0	0	0
35	165	0	0	0
35	170	0	0	0
35	175	0	0	0
40	-180	0	0	0
40	-175	0	0	0
40	-170	0	0	0
40	-165	0	0	0
40	-160	0	0	0
40	-155	0	0	0
40	-150	0	0	0
40	-145	0	0	0
40	-140	0	0	0
40	-135	0	0	2
40	-130	0	0	1
40	-125	0	0	2
40	-120	0	0	1
40	-115	0	0	0
40	-110	0	0	0
40	-105	0	0	0
40	-100	0	0	0
40	-95	0	0	0
40	-90	0	0	0
40	-85	0	0	0
40	-80	0	0	0
40	-75	0	0	0
40	-70	0	0	0
40	-65	0	0	0
40	-60	0	0	0
40	-55	0	0	0
40	-50	0	0	0
40	-45	0	0	0
40	-40	0	0	0
40	-35	0	0	0
40	-30	0	0	0
40	-25	0	0	0
40	-20	0	0	0
40	-15	0	0	0
40	-10	0	0	0
40	-5	0	0	0
40	0	0	0	0
40	5	0	0	0
40	10	0	0	0
40	15	0	0	0
40	20	0	0	0
40	25	0	0	0
40	30	0	0	0
40	35	0	0	1
40	40	0	0	2
40	45	0	0	7
40	50	0	0	7
40	55	0	0	4
40	60	0	0	4
40	65	0	0	1
40	70	0	0	0
40	75	0	0	0
40	80	0	0	0
40	85	0	0	0
40	90	0	0	0
40	95	0	0	0
40	100	0	0	0
40	105	0	0	0
40	110	0	0	0
40	115	0	0	0
40	120	0	0	0
40	125	0	0	0
40	130	0	0	0
40	135	0	0	0
40	140	0	0	0
40	145	0	0	0
40	150	0	0	0
40	155	0	0	0
40	160	0	0	0
40	165	0	0	0
40	170	0	0	0
40	175	0	0	0
45	-180	0	0	0
45	-175	0	0	0
45	-170	0	0	0
45	-165	0	0	0
45	-160	0	0	0
45	-155	0	0	0
45	-150	0	0	0
45	-145	0	0	0
45	-140	0	0	0
45	-135	0	0	1
45	-130	0	0	1
45	-125	0	0	1
45	-120	0	0	1
45	-115	0	0	1
45	-110	0	0	0
45	-105	0	0	0
45	-100	0	0	0
45	-95	0	0	0
45	-90	0	0	0
45	-85	0	0	0
45	-80	0	0	0
45	-75	0	0	0
45	-70	0	0	0
45	-65	0	0	0
45	-60	0	0	0
45	-55	0	0	0
45	-50	0	0	0
45	-45	0	0	0
45	-40	0	0	0
45	-35	0	0	0
45	-30	0	0	0
45	-25	0	0	0
45	-20	0	0	0
45	-15	0	0	0
45	-10	0	0	0
45	-5	0	0	0
45	0	0	0	0
45	5	0	0	0
45	10	0	0	0
45	15	0	0	0
45	20	0	0	1
45	25	0	0	0
45	30	0	0	1
45	35	0	0	10
45	40	0	0	21
45	45	0	0	19
45	50	0	0	13
45	55	0	0	11
45	60	0	0	4
45	65	0	0	4
45	70	0	0	0
45	75	0	0	0
45	80	0	0	0
45	85	0	0	0
45	90	0	0	0
45	95	0	0	0
45	100	0	0	0
45	105	0	0	0
45	110	0	0	0
45	115	0	0	0
45	120	0	0	0
45	125	0	0	0
45	130	0	0	0
45	135	0	0	0
45	140	0	0	0
45	145	0	0	0
45	150	0	0	0
45	155	0	0	0
45	160	0	0	0
45	165	0	0	0
45	170	0	0	0
45	175	0	0	0
50	-180	0	0	0
50	-175	0	0	0
50	-170	0	0	0
50	-165	0	0	0
50	-160	0	0	2
50	-155	0	0	0
50	-150	0	0	0
50	-145	0	0	0
50	-140	0	0	1
50	-135	0	0	3
50	-130	0	0	1
50	-125	0	0	4
50	-120	0	0	3
50	-115	0	0	0
50	-110	0	0	0
50	-105	0	0	0
50	-100	0	0	0
50	-95	0	0	0
50	-90	0	0	0
50	-85	0	0	0
50	-80	0	0	0
50	-75	0	0	0
50	-70	0	0	0
50	-65	0	0	0
50	-60	0	0	0
50	-55	0	0	0
50	-50	0	0	0
50	-45	0	0	0
50	-40	0	0	0
50	-35	0	0	0
50	-30	0	0	0
50	-25	0	0	0
50	-20	0	0	0
50	-15	0	0	0
50	-10	0	0	0
50	-5	0	0	0
50	0	0	0	0
50	5	0	0	0
50	10	0	0	0
50	15	0	0	1
50	20	0	0	1
50	25	0	0	7
50	30	0	0	16
50	35	0	0	23
50	40	231.0	266.0	38
50	45	231.0	269.0	28
50	50	0	0	16
50	55	0	0	9
50	60	0	0	4
50	65	0	0	1
50	70	0	0	1
50	75	0	0	0
50	80	0	0	0
50	85	0	0	0
50	90	0	0	0
50	95	0	0	0
50	100	0	0	0
50	105	0	0	0
50	110	0	0	0
50	115	0	0	0
50	120	0	0	0
50	125	0	0	0
50	130	0	0	0
50	135	0	0	0
50	140	0	0	0
50	145	0	0	0
50	150	0	0	0
50	155	0	0	0
50	160	0	0	0
50	165	0	0	0
50	170	0	0	0
50	175	0	0	0
55	-180	0	0	0
55	-175	0	0	0
55	-170	0	0	0
55	-165	0	0	0
55	-160	0	0	0
55	-155	0	0	2
55	-150	0	0	0
55	-145	0	0	1
55	-140	0	0	0
55	-135	0	0	1
55	-130	0	0	1
55	-125	0	0	4
55	-120	0	0	1
55	-115	0	0	3
55	-110	0	0	1
55	-105	0	0	0
55	-100	0	0	0
55	-95	0	0	0
55	-90	0	0	0
55	-85	0	0	0
55	-80	0	0	0
55	-75	0	0	0
55	-70	0	0	0
55	-65	0	0	0
55	-60	0	0	0
55	-55	0	0	0
55	-50	0	0	0
55	-45	0	0	0
55	-40	0	0	0
55	-35	0	0	0
55	-30	0	0	0
55	-25	0	0	0
55	-20	0	0	0
55	-15	0	0	0
55	-10	0	0	0
55	-5	0	0	0
55	0	0	0	0
55	5	0	0	0
55	10	0	0	1
55	15	0	0	5
55	20	0	0	5
55	25	0	0	19
55	30	237.0	270.0	25
55	35	237.0	271.0	36
55	40	232.0	264.0	29
55	45	240.0	264.0	24
55	50	0	0	15
55	55	0	0	4
55	60	0	0	5
55	65	0	0	1
55	70	0	0	0
55	75	0	0	0
55	80	0	0	1
55	85	0	0	0
55	90	0	0	0
55	95	0	0	0
55	100	0	0	0
55	105	0	0	0
55	110	0	0	0
55	115	0	0	0
55	120	0	0	0
55	125	0	0	0
55	130	0	0	0
55	135	0	0	0
55	140	0	0	0
55	145	0	0	0
55	150	0	0	0
55	155	0	0	0
55	160	0	0	0
55	165	0	0	0
55	170	0	0	0
55	175	0	0	0
60	-180	0	0	0
60	-175	0	0	0
60	-170	0	0	0
60	-165	0	0	0
60	-160	0	0	0
60	-155	0	0	1
60	-150	0	0	0
60	-145	0	0	0
60	-140	0	0	2
60	-135	0	0	0
60	-130	0	0	0
60	-125	0	0	0
60	-120	0	0	0
60	-115	0	0	0
60	-110	0	0	0
60	-105	0	0	0
60	-100	0	0	0
60	-95	0	0	0
60	-90	0	0	0
60	-85	0	0	0
60	-80	0	0	0
60	-75	0	0	0
60	-70	0	0	0
60	-65	0	0	0
60	-60	0	0	0
60	-55	0	0	1
60	-50	0	0	0
60	-45	0	0	0
60	-40	0	0	0
60	-35	0	0	0
60	-30	0	0	0
60	-25	0	0	0
60	-20	0	0	0
60	-15	0	0	0
60	-10	0	0	0
60	-5	0	0	0
60	0	0	0	1
60	5	0	0	1
60	10	0	0	4
60	15	0	0	8
60	20	0	0	19
60	25	0	0	16
60	30	0	0	15
60	35	229.0	268.0	24
60	40	0	0	11
60	45	0	0	5
60	50	0	0	1
60	55	0	0	0
60	60	0	0	2
60	65	0	0	3
60	70	0	0	1
60	75	0	0	0
60	80	0	0	0
60	85	0	0	0
60	90	0	0	0
60	95	0	0	0
60	100	0	0	0
60	105	0	0	0
60	110	0	0	0
60	115	0	0	0
60	120	0	0	0
60	125	0	0	0
60	130	0	0	0
60	135	0	0	0
60	140	0	0	0
60	145	0	0	0
60	150	0	0	0
60	155	0	0	0
60	160	0	0	0
60	165	0	0	0
60	170	0	0	2
60	175	0	0	1
65	-180	0	0	0
65	-175	0	0	0
65	-170	0	0	0
65	-165	0	0	0
65	-160	0	0	0
65	-155	0	0	0
65	-150	0	0	0
65	-145	0	0	0
65	-140	0	0	0
65	-135	0	0	0
65	-130	0	0	0
65	-125	0	0	0
65	-120	0	0	0
65	-115	0	0	0
65	-110	0	0	0
65	-105	0	0	0
65	-100	0	0	0
65	-95	0	0	0
65	-90	0	0	1
65	-85	0	0	0
65	-80	0	0	0
65	-75	0	0	0
65	-70	0	0	0
65	-65	0	0	1
65	-60	0	0	0
65	-55	0	0	1
65	-50	0	0	2
65	-45	0	0	0
65	-40	0	0	0
65	-35	0	0	0
65	-30	0	0	1
65	-25	0	0	0
65	-20	0	0	0
65	-15	0	0	0
65	-10	0	0	1
65	-5	0	0	0
65	0	0	0	1
65	5	0	0	6
65	10	0	0	11
65	15	0	0	10
65	20	0	0	5
65	25	0	0	13
65	30	0	0	7
65	35	0	0	6
65	40	0	0	0
65	45	0	0	1
65	50	0	0	0
65	55	0	0	0
65	60	0	0	0
65	65	0	0	0
65	70	0	0	0
65	75	0	0	0
65	80	0	0	0
65	85	0	0	0
65	90	0	0	0
65	95	0	0	0
65	100	0	0	0
65	105	0	0	0
65	110	0	0	0
65	115	0	0	1
65	120	0	0	0
65	125	0	0	0
65	130	0	0	0
65	135	0	0	0
65	140	0	0	0
65	145	0	0	0
65	150	0	0	0
65	155	0	0	0
65	160	0	0	0
65	165	0	0	0
65	170	0	0	0
65	175	0	0	1
70	-180	0	0	0
70	-175	0	0	0
70	-170	0	0	0
70	-165	0	0	0
70	-160	0	0	0
70	-155	0	0	0
70	-150	0	0	1
70	-145	0	0	0
70	-140	0	0	0
70	-135	0	0	0
70	-130	0	0	0
70	-125	0	0	0
70	-120	0	0	0
70	-115	0	0	0
70	-110	0	0	0
70	-105	0	0	0
70	-100	0	0	0
70	-95	0	0	0
70	-90	0	0	0
70	-85	0	0	0
70	-80	0	0	0
70	-75	0	0	0
70	-70	0	0	0
70	-65	0	0	2
70	-60	0	0	2
70	-55	0	0	0
70	-50	0	0	1
70	-45	0	0	1
70	-40	0	0	1
70	-35	0	0	1
70	-30	0	0	1
70	-25	0	0	1
70	-20	0	0	1
70	-15	0	0	0
70	-10	0	0	1
70	-5	0	0	2
70	0	0	0	4
70	5	0	0	4
70	10	0	0	4
70	15	0	0	6
70	20	0	0	4
70	25	0	0	2
70	30	0	0	2
70	35	0	0	1
70	40	0	0	0
70	45	0	0	1
70	50	0	0	0
70	55	0	0	0
70	60	0	0	0
70	65	0	0	0
70	70	0	0	0
70	75	0	0	0
70	80	0	0	0
70	85	0	0	0
70	90	0	0	0
70	95	0	0	0
70	100	0	0	0
70	105	0	0	0
70	110	0	0	0
70	115	0	0	0
70	120	0	0	0
70	125	0	0	0
70	130	0	0	0
70	135	0	0	0
70	140	0	0	0
70	145	0	0	0
70	150	0	0	1
70	155	0	0	0
70	160	0	0	0
70	165	0	0	0
70	170	0	0	0
70	175	0	0	0
75	-180	0	0	0
75	-175	0	0	0
75	-170	0	0	0
75	-165	0	0	0
75	-160	0	0	0
75	-155	0	0	0
75	-150	0	0	0
75	-145	0	0	0
75	-140	0	0	0
75	-135	0	0	1
75	-130	0	0	0
75	-125	0	0	0
75	-120	0	0	0
75	-115	0	0	0
75	-110	0	0	0
75	-105	0	0	0
75	-100	0	0	0
75	-95	0	0	0
75	-90	0	0	0
75	-85	0	0	0
75	-80	0	0	0
75	-75	0	0	0
75	-70	0	0	0
75	-65	0	0	0
75	-60	0	0	0
75	-55	0	0	1
75	-50	0	0	0
75	-45	0	0	0
75	-40	0	0	0
75	-35	0	0	1
75	-30	0	0	0
75	-25	0	0	0
75	-20	0	0	0
75	-15	0	0	1
75	-10	0	0	1
75	-5	0	0	3
75	0	0	0	3
75	5	0	0	3
75	10	0	0	3
75	15	0	0	0
75	20	0	0	0
75	25	0	0	1
75	30	0	0	0
75	35	0	0	0
75	40	0	0	0
75	45	0	0	0
75	50	0	0	0
75	55	0	0	0
75	60	0	0	0
75	65	0	0	0
75	70	0	0	0
75	75	0	0	0
75	80	0	0	0
75	85	0	0	1
75	90	0	0	0
75	95	0	0	0
75	100	0	0	0
75	105	0	0	0
75	110	0	0	0
75	115	0	0	0
75	120	0	0	0
75	125	0	0	0
75	130	0	0	0
75	135	0	0	0
75	140	0	0	0
75	145	0	0	0
75	150	0	0	0
75	155	0	0	0
75	160	0	0	0
75	165	0	0	0
75	170	0	0	0
75	175	0	0	0
80	-180	0	0	0
80	-175	0	0	0
80	-170	0	0	0
80	-165	0	0	0
80	-160	0	0	0
80	-155	0	0	0
80	-150	0	0	0
80	-145	0	0	0
80	-140	0	0	0
80	-135	0	0	0
80	-130	0	0	0
80	-125	0	0	0
80	-120	0	0	0
80	-115	0	0	0
80	-110	0	0	0
80	-105	0	0	0
80	-100	0	0	0
80	-95	0	0	0
80	-90	0	0	0
80	-85	0	0	0
80	-80	0	0	0
80	-75	0	0	0
80	-70	0	0	0
80	-65	0	0	0
80	-60	0	0	0
80	-55	0	0	0
80	-50	0	0	0
80	-45	0	0	0
80	-40	0	0	0
80	-35	0	0	0
80	-30	0	0	0
80	-25	0	0	0
80	-20	0	0	0
80	-15	0	0	2
80	-10	0	0	1
80	-5	0	0	0
80	0	0	0	0
80	5	0	0	0
80	10	0	0	0
80	15	0	0	1
80	20	0	0	0
80	25	0	0	1
80	30	0	0	0
80	35	0	0	0
80	40	0	0	0
80	45	0	0	0
80	50	0	0	0
80	55	0	0	0
80	60	0	0	0
80	65	0	0	0
80	70	0	0	0
80	75	0	0	0
80	80	0	0	0
80	85	0	0	0
80	90	0	0	0
80	95	0	0	0
80	100	0	0	0
80	105	0	0	0
80	110	0	0	0
80	115	0	0	0
80	120	0	0	1
80	125	0	0	0
80	130	0	0	0
80	135	0	0	1
80	140	0	0	1
80	145	0	0	0
80	150	0	0	0
80	155	0	0	0
80	160	0	0	0
80	165	0	0	0
80	170	0	0	0
80	175	0	0	0
85	-180	0	0	0
85	-175	0	0	0
85	-170	0	0	0
85	-165	0	0	0
85	-160	0	0	0
85	-155	0	0	0
85	-150	0	0	0
85	-145	0	0	0
85	-140	0	0	0
85	-135	0	0	0
85	-130	0	0	0
85	-125	0	0	0
85	-120	0	0	0
85	-115	0	0	0
85	-110	0	0	0
85	-105	0	0	0
85	-100	0	0	0
85	-95	0	0	0
85	-90	0	0	0
85	-85	0	0	0
85	-80	0	0	0
85	-75	0	0	0
85	-70	0	0	0
85	-65	0	0	0
85	-60	0	0	0
85	-55	0	0	0
85	-50	0	0	0
85	-45	0	0	0
85	-40	0	0	0
85	-35	0	0	0
85	-30	0	0	0
85	-25	0	0	0
85	-20	0	0	0
85	-15	0	0	0
85	-10	0	0	0
85	-5	0	0	0
85	0	0	0	1
85	5	0	0	0
85	10	0	0	0
85	15	0	0	0
85	20	0	0	0
85	25	0	0	0
85	30	0	0	0
85	35	0	0	0
85	40	0	0	0
85	45	0	0	0
85	50	0	0	0
85	55	0	0	0
85	60	0	0	0
85	65	0	0	0
85	70	0	0	0
85	75	0	0	0
85	80	0	0	0
85	85	0	0	0
85	90	0	0	0
85	95	0	0	0
85	100	0	0	0
85	105	0	0	0
85	110	0	0	0
85	115	0	0	0
85	120	0	0	0
85	125	0	0	0
85	130	0	0	0
85	135	0	0	0
85	140	0	0	1
85	145	0	0	0
85	150	0	0	0
85	155	0	0	0
85	160	0	0	0
85	165	0	0	0
85	170	0	0	0
85	175	0	0	0
90	-180	0	0	0
90	-175	0	0	0
90	-170	0	0	0
90	-165	0	0	0
90	-160	0	0	0
90	-155	0	0	0
90	-150	0	0	0
90	-145	0	0	0
90	-140	0	0	0
90	-135	0	0	0
90	-130	0	0	0
90	-125	0	0	0
90	-120	0	0	0
90	-115	0	0	0
90	-110	0	0	0
90	-105	0	0	0
90	-100	0	0	0
90	-95	0	0	0
90	-90	0	0	0
90	-85	0	0	0
90	-80	0	0	0
90	-75	0	0	0
90	-70	0	0	0
90	-65	0	0	0
90	-60	0	0	0
90	-55	0	0	0
90	-50	0	0	0
90	-45	0	0	0
90	-40	0	0	0
90	-35	0	0	0
90	-30	0	0	1
90	-25	0	0	0
90	-20	0	0	0
90	-15	0	0	0
90	-10	0	0	0
90	-5	0	0	0
90	0	0	0	0
90	5	0	0	0
90	10	0	0	0
90	15	0	0	0
90	20	0	0	0
90	25	0	0	0
90	30	0	0	0
90	35	0	0	0
90	40	0	0	0
90	45	0	0	0
90	50	0	0	0
90	55	0	0	0
90	60	0	0	0
90	65	0	0	0
90	70	0	0	0
90	75	0	0	0
90	80	0	0	0
90	85	0	0	0
90	90	0	0	0
90	95	0	0	0
90	100	0	0	0
90	105	0	0	0
90	110	0	0	0
90	115	0	0	0
90	120	0	0	0
90	125	0	0	0
90	130	0	0	0
90	135	0	0	0
90	140	0	0	0
90	145	0	0	0
90	150	0	0	0
90	155	0	0	0
90	160	0	0	0
90	165	0	0	0
90	170	0	0	0
90	175	0	0	0
95	-180	0	0	0
95	-175	0	0	0
95	-170	0	0	0
95	-165	0	0	0
95	-160	0	0	0
95	-155	0	0	0
95	-150	0	0	0
95	-145	0	0	0
95	-140	0	0	0
95	-135	0	0	0
95	-130	0	0	0
95	-125	0	0	0
95	-120	0	0	0
95	-115	0	0	0
95	-110	0	0	0
95	-105	0	0	0
95	-100	0	0	0
95	-95	0	0	0
95	-90	0	0	0
95	-85	0	0	0
95	-80	0	0	0
95	-75	0	0	0
95	-70	0	0	0
95	-65	0	0	0
95	-60	0	0	0
95	-55	0	0	0
95	-50	0	0	0
95	-45	0	0	0
95	-40	0	0	0
95	-35	0	0	0
95	-30	0	0	0
95	-25	0	0	0
95	-20	0	0	0
95	-15	0	0	0
95	-10	0	0	0
95	-5	0	0	0
95	0	0	0	0
95	5	0	0	0
95	10	0	0	0
95	15	0	0	0
95	20	0	0	0
95	25	0	0	0
95	30	0	0	0
95	35	0	0	0
95	40	0	0	0
95	45	0	0	0
95	50	0	0	0
95	55	0	0	0
95	60	0	0	0
95	65	0	0	0
95	70	0	0	0
95	75	0	0	0
95	80	0	0	0
95	85	0	0	0
95	90	0	0	0
95	95	0	0	0
95	100	0	0	0
95	105	0	0	0
95	110	0	0	0
95	115	0	0	0
95	120	0	0	0
95	125	0	0	0
95	130	0	0	0
95	135	0	0	0
95	140	0	0	0
95	145	0	0	0
95	150	0	0	0
95	155	0	0	0
95	160	0	0	0
95	165	0	0	0
95	170	0	0	0
95	175	0	0	0
100	-180	0	0	0
100	-175	0	0	0
100	-170	0	0	0
100	-165	0	0	0
100	-160	0	0	0
100	-155	0	0	0
100	-150	0	0	0
100	-145	0	0	0
100	-140	0	0	0
100	-135	0	0	0
100	-130	0	0	0
100	-125	0	0	0
100	-120	0	0	0
100	-115	0	0	0
100	-110	0	0	0
100	-105	0	0	0
100	-100	0	0	0
100	-95	0	0	0
100	-90	0	0	0
100	-85	0	0	0
100	-80	0	0	0
100	-75	0	0	0
100	-70	0	0	0
100	-65	0	0	0
100	-60	0	0	0
100	-55	0	0	0
100	-50	0	0	0
100	-45	0	0	0
100	-40	0	0	0
100	-35	0	0	0
100	-30	0	0	0
100	-25	0	0	0
100	-20	0	0	0
100	-15	0	0	0
100	-10	0	0	0
100	-5	0	0	0
100	0	0	0	0
100	5	0	0	0
100	10	0	0	0
100	15	0	0	0
100	20	0	0	0
100	25	0	0	0
100	30	0	0	0
100	35	0	0	0
100	40	0	0	0
100	45	0	0	0
100	50	0	0	0
100	55	0	0	0
100	60	0	0	0
100	65	0	0	0
100	70	0	0	0
100	75	0	0	0
100	80	0	0	0
100	85	0	0	0
100	90	0	0	0
100	95	0	0	0
100	100	0	0	0
100	105	0	0	0
100	110	0	0	0
100	115	0	0	0
100	120	0	0	0
100	125	0	0	0
100	130	0	0	0
100	135	0	0	0
100	140	0	0	0
100	145	0	0	0
100	150	0	0	0
100	155	0	0	0
100	160	0	0	0
100	165	0	0	0
100	170	0	0	0
100	175	0	0	0
105	-180	0	0	0
105	-175	0	0	0
105	-170	0	0	0
105	-165	0	0	0
105	-160	0	0	0
105	-155	0	0	0
105	-150	0	0	0
105	-145	0	0	0
105	-140	0	0	0
105	-135	0	0	0
105	-130	0	0	0
105	-125	0	0	0
105	-120	0	0	0
105	-115	0	0	0
105	-110	0	0	0
105	-105	0	0	0
105	-100	0	0	0
105	-95	0	0	0
105	-90	0	0	0
105	-85	0	0	0
105	-80	0	0	0
105	-75	0	0	0
105	-70	0	0	0
105	-65	0	0	0
105	-60	0	0	0
105	-55	0	0	0
105	-50	0	0	0
105	-45	0	0	0
105	-40	0	0	0
105	-35	0	0	0
105	-30	0	0	0
105	-25	0	0	0
105	-20	0	0	0
105	-15	0	0	0
105	-10	0	0	0
105	-5	0	0	0
105	0	0	0	0
105	5	0	0	0
105	10	0	0	0
105	15	0	0	0
105	20	0	0	0
105	25	0	0	0
105	30	0	0	0
105	35	0	0	0
105	40	0	0	0
105	45	0	0	0
105	50	0	0	0
105	55	0	0	0
105	60	0	0	0
105	65	0	0	0
105	70	0	0	0
105	75	0	0	0
105	80	0	0	0
105	85	0	0	0
105	90	0	0	0
105	95	0	0	0
105	100	0	0	0
105	105	0	0	0
105	110	0	0	0
105	115	0	0	0
105	120	0	0	0
105	125	0	0	0
105	130	0	0	0
105	135	0	0	0
105	140	0	0	0
105	145	0	0	0
105	150	0	0	0
105	155	0	0	0
105	160	0	0	0
105	165	0	0	0
105	170	0	0	0
105	175	0	0	0
110	-180	0	0	0
110	-175	0	0	0
110	-170	0	0	0
110	-165	0	0	0
110	-160	0	0	0
110	-155	0	0	0
110	-150	0	0	0
110	-145	0	0	0
110	-140	0	0	0
110	-135	0	0	0
110	-130	0	0	0
110	-125	0	0	0
110	-120	0	0	0
110	-115	0	0	0
110	-110	0	0	0
110	-105	0	0	0
110	-100	0	0	0
110	-95	0	0	0
110	-90	0	0	0
110	-85	0	0	0
110	-80	0	0	0
110	-75	0	0	0
110	-70	0	0	0
110	-65	0	0	0
110	-60	0	0	0
110	-55	0	0	0
110	-50	0	0	0
110	-45	0	0	0
110	-40	0	0	0
110	-35	0	0	0
110	-30	0	0	0
110	-25	0	0	0
110	-20	0	0	0
110	-15	0	0	0
110	-10	0	0	0
110	-5	0	0	0
110	0	0	0	0
110	5	0	0	0
110	10	0	0	0
110	15	0	0	0
110	20	0	0	0
110	25	0	0	0
110	30	0	0	0
110	35	0	0	0
110	40	0	0	0
110	45	0	0	0
110	50	0	0	0
110	55	0	0	0
110	60	0	0	0
110	65	0	0	0
110	70	0	0	0
110	75	0	0	0
110	80	0	0	0
110	85	0	0	0
110	90	0	0	0
110	95	0	0	0
110	100	0	0	0
110	105	0	0	0
110	110	0	0	0
110	115	0	0	0
110	120	0	0	0
110	125	0	0	0
110	130	0	0	0
110	135	0	0	0
110	140	0	0	0
110	145	0	0	0
110	150	0	0	0
110	155	0	0	0
110	160	0	0	0
110	165	0	0	0
110	170	0	0	0
110	175	0	0	0
115	-180	0	0	0
115	-175	0	0	0
115	-170	0	0	0
115	-165	0	0	0
115	-160	0	0	0
115	-155	0	0	0
115	-150	0	0	0
115	-145	0	0	0
115	-140	0	0	0
115	-135	0	0	0
115	-130	0	0	0
115	-125	0	0	0
115	-120	0	0	0
115	-115	0	0	0
115	-110	0	0	0
115	-105	0	0	0
115	-100	0	0	0
115	-95	0	0	0
115	-90	0	0	0
115	-85	0	0	0
115	-80	0	0	0
115	-75	0	0	0
115	-70	0	0	0
115	-65	0	0	0
115	-60	0	0	0
115	-55	0	0	0
115	-50	0	0	0
115	-45	0	0	0
115	-40	0	0	0
115	-35	0	0	0
115	-30	0	0	0
115	-25	0	0	0
115	-20	0	0	0
115	-15	0	0	0
115	-10	0	0	0
115	-5	0	0	0
115	0	0	0	0
115	5	0	0	0
115	10	0	0	0
115	15	0	0	0
115	20	0	0	0
115	25	0	0	0
115	30	0	0	0
115	35	0	0	0
115	40	0	0	0
115	45	0	0	0
115	50	0	0	0
115	55	0	0	0
115	60	0	0	0
115	65	0	0	0
115	70	0	0	0
115	75	0	0	0
115	80	0	0	0
115	85	0	0	0
115	90	0	0	0
115	95	0	0	0
115	100	0	0	0
115	105	0	0	0
115	110	0	0	0
115	115	0	0	0
115	120	0	0	0
115	125	0	0	0
115	130	0	0	0
115	135	0	0	0
115	140	0	0	0
115	145	0	0	0
115	150	0	0	0
115	155	0	0	0
115	160	0	0	0
115	165	0	0	0
115	170	0	0	0
115	175	0	0	0
120	-180	0	0	0
120	-175	0	0	0
120	-170	0	0	0
120	-165	0	0	0
120	-160	0	0	0
120	-155	0	0	0
120	-150	0	0	0
120	-145	0	0	0
120	-140	0	0	0
120	-135	0	0	0
120	-130	0	0	0
120	-125	0	0	0
120	-120	0	0	0
120	-115	0	0	0
120	-110	0	0	0
120	-105	0	0	0
120	-100	0	0	0
120	-95	0	0	0
120	-90	0	0	0
120	-85	0	0	0
120	-80	0	0	0
120	-75	0	0	0
120	-70	0	0	0
120	-65	0	0	0
120	-60	0	0	0
120	-55	0	0	0
120	-50	0	0	0
120	-45	0	0	0
120	-40	0	0	0
120	-35	0	0	0
120	-30	0	0	0
120	-25	0	0	0
120	-20	0	0	0
120	-15	0	0	0
120	-10	0	0	0
120	-5	0	0	0
120	0	0	0	0
120	5	0	0	0
120	10	0	0	0
120	15	0	0	0
120	20	0	0	0
120	25	0	0	0
120	30	0	0	0
120	35	0	0	0
120	40	0	0	0
120	45	0	0	0
120	50	0	0	0
120	55	0	0	0
120	60	0	0	0
120	65	0	0	0
120	70	0	0	0
120	75	0	0	0
120	80	0	0	0
120	85	0	0	0
120	90	0	0	0
120	95	0	0	0
120	100	0	0	0
120	105	0	0	0
120	110	0	0	0
120	115	0	0	0
120	120	0	0	0
120	125	0	0	0
120	130	0	0	0
120	135	0	0	0
120	140	0	0	0
120	145	0	0	0
120	150	0	0	0
120	155	0	0	0
120	160	0	0	0
120	165	0	0	0
120	170	0	0	0
120	175	0	0	0
125	-180	0	0	0
125	-175	0	0	0
125	-170	0	0	0
125	-165	0	0	0
125	-160	0	0	0
125	-155	0	0	0
125	-150	0	0	0
125	-145	0	0	0
125	-140	0	0	0
125	-135	0	0	0
125	-130	0	0	0
125	-125	0	0	0
125	-120	0	0	0
125	-115	0	0	0
125	-110	0	0	0
125	-105	0	0	0
125	-100	0	0	0
125	-95	0	0	0
125	-90	0	0	0
125	-85	0	0	0
125	-80	0	0	0
125	-75	0	0	0
125	-70	0	0	0
125	-65	0	0	0
125	-60	0	0	1
125	-55	0	0	0
125	-50	0	0	0
125	-45	0	0	0
125	-40	0	0	0
125	-35	0	0	0
125	-30	0	0	0
125	-25	0	0	0
125	-20	0	0	0
125	-15	0	0	0
125	-10	0	0	0
125	-5	0	0	0
125	0	0	0	0
125	5	0	0	0
125	10	0	0	0
125	15	0	0	0
125	20	0	0	0
125	25	0	0	0
125	30	0	0	0
125	35	0	0	0
125	40	0	0	0
125	45	0	0	0
125	50	0	0	0
125	55	0	0	0
125	60	0	0	0
125	65	0	0	0
125	70	0	0	0
125	75	0	0	0
125	80	0	0	0
125	85	0	0	0
125	90	0	0	0
125	95	0	0	0
125	100	0	0	0
125	105	0	0	0
125	110	0	0	0
125	115	0	0	0
125	120	0	0	0
125	125	0	0	0
125	130	0	0	0
125	135	0	0	0
125	140	0	0	0
125	145	0	0	0
125	150	0	0	0
125	155	0	0	0
125	160	0	0	0
125	165	0	0	0
125	170	0	0	0
125	175	0	0	0
130	-180	0	0	0
130	-175	0	0	0
130	-170	0	0	0
130	-165	0	0	0
130	-160	0	0	0
130	-155	0	0	0
130	-150	0	0	0
130	-145	0	0	0
130	-140	0	0	0
130	-135	0	0	0
130	-130	0	0	0
130	-125	0	0	0
130	-120	0	0	0
130	-115	0	0	0
130	-110	0	0	0
130	-105	0	0	0
130	-100	0	0	0
130	-95	0	0	0
130	-90	0	0	0
130	-85	0	0	0
130	-80	0	0	0
130	-75	0	0	0
130	-70	0	0	0
130	-65	0	0	0
130	-60	0	0	0
130	-55	0	0	0
130	-50	0	0	0
130	-45	0	0	0
130	-40	0	0	0
130	-35	0	0	0
130	-30	0	0	0
130	-25	0	0	0
130	-20	0	0	0
130	-15	0	0	0
130	-10	0	0	0
130	-5	0	0	0
130	0	0	0	0
130	5	0	0	0
130	10	0	0	0
130	15	0	0	0
130	20	0	0	0
130	25	0	0	0
130	30	0	0	0
130	35	0	0	0
130	40	0	0	0
130	45	0	0	0
130	50	0	0	0
130	55	0	0	0
130	60	0	0	0
130	65	0	0	0
130	70	0	0	0
130	75	0	0	0
130	80	0	0	0
130	85	0	0	0
130	90	0	0	0
130	95	0	0	0
130	100	0	0	0
130	105	0	0	0
130	110	0	0	0
130	115	0	0	0
130	120	0	0	0
130	125	0	0	0
130	130	0	0	0
130	135	0	0	0
130	140	0	0	0
130	145	0	0	0
130	150	0	0	0
130	155	0	0	0
130	160	0	0	0
130	165	0	0	0
130	170	0	0	0
130	175	0	0	0
135	-180	0	0	0
135	-175	0	0	0
135	-170	0	0	0
135	-165	0	0	0
135	-160	0	0	0
135	-155	0	0	0
135	-150	0	0	0
135	-145	0	0	0
135	-140	0	0	0
135	-135	0	0	0
135	-130	0	0	0
135	-125	0	0	0
135	-120	0	0	0
135	-115	0	0	0
135	-110	0	0	0
135	-105	0	0	0
135	-100	0	0	0
135	-95	0	0	0
135	-90	0	0	0
135	-85	0	0	0
135	-80	0	0	0
135	-75	0	0	0
135	-70	0	0	0
135	-65	0	0	0
135	-60	0	0	0
135	-55	0	0	0
135	-50	0	0	0
135	-45	0	0	0
135	-40	0	0	0
135	-35	0	0	0
135	-30	0	0	0
135	-25	0	0	0
135	-20	0	0	0
135	-15	0	0	0
135	-10	0	0	0
135	-5	0	0	0
135	0	0	0	0
135	5	0	0	0
135	10	0	0	0
135	15	0	0	0
135	20	0	0	0
135	25	0	0	0
135	30	0	0	0
135	35	0	0	0
135	40	0	0	0
135	45	0	0	0
135	50	0	0	0
135	55	0	0	0
135	60	0	0	0
135	65	0	0	0
135	70	0	0	0
135	75	0	0	0
135	80	0	0	0
135	85	0	0	0
135	90	0	0	0
135	95	0	0	0
135	100	0	0	0
135	105	0	0	0
135	110	0	0	0
135	115	0	0	0
135	120	0	0	0
135	125	0	0	1
135	130	0	0	0
135	135	0	0	0
135	140	0	0	0
135	145	0	0	0
135	150	0	0	0
135	155	0	0	0
135	160	0	0	0
135	165	0	0	0
135	170	0	0	0
135	175	0	0	0
140	-180	0	0	0
140	-175	0	0	0
140	-170	0	0	0
140	-165	0	0	0
140	-160	0	0	0
140	-155	0	0	0
140	-150	0	0	0
140	-145	0	0	0
140	-140	0	0	0
140	-135	0	0	0
140	-130	0	0	0
140	-125	0	0	0
140	-120	0	0	0
140	-115	0	0	0
140	-110	0	0	0
140	-105	0	0	0
140	-100	0	0	0
140	-95	0	0	0
140	-90	0	0	0
140	-85	0	0	0
140	-80	0	0	0
140	-75	0	0	0
140	-70	0	0	0
140	-65	0	0	0
140	-60	0	0	0
140	-55	0	0	0
140	-50	0	0	0
140	-45	0	0	0
140	-40	0	0	0
140	-35	0	0	0
140	-30	0	0	0
140	-25	0	0	0
140	-20	0	0	0
140	-15	0	0	0
140	-10	0	0	0
140	-5	0	0	0
140	0	0	0	0
140	5	0	0	0
140	10	0	0	0
140	15	0	0	0
140	20	0	0	0
140	25	0	0	0
140	30	0	0	0
140	35	0	0	0
140	40	0	0	0
140	45	0	0	0
140	50	0	0	0
140	55	0	0	0
140	60	0	0	0
140	65	0	0	0
140	70	0	0	0
140	75	0	0	0
140	80	0	0	0
140	85	0	0	0
140	90	0	0	0
140	95	0	0	0
140	100	0	0	0
140	105	0	0	0
140	110	0	0	0
140	115	0	0	0
140	120	0	0	0
140	125	0	0	0
140	130	0	0	0
140	135	0	0	0
140	140	0	0	0
140	145	0	0	0
140	150	0	0	1
140	155	0	0	0
140	160	0	0	0
140	165	0	0	0
140	170	0	0	0
140	175	0	0	0
145	-180	0	0	0
145	-175	0	0	0
145	-170	0	0	0
145	-165	0	0	0
145	-160	0	0	0
145	-155	0	0	0
145	-150	0	0	0
145	-145	0	0	0
145	-140	0	0	0
145	-135	0	0	0
145	-130	0	0	0
145	-125	0	0	0
145	-120	0	0	0
145	-115	0	0	0
145	-110	0	0	0
145	-105	0	0	0
145	-100	0	0	0
145	-95	0	0	0
145	-90	0	0	0
145	-85	0	0	0
145	-80	0	0	0
145	-75	0	0	0
145	-70	0	0	0
145	-65	0	0	0
145	-60	0	0	0
145	-55	0	0	0
145	-50	0	0	0
145	-45	0	0	0
145	-40	0	0	0
145	-35	0	0	0
145	-30	0	0	0
145	-25	0	0	0
145	-20	0	0	0
145	-15	0	0	0
145	-10	0	0	0
145	-5	0	0	0
145	0	0	0	0
145	5	0	0	0
145	10	0	0	0
145	15	0	0	0
145	20	0	0	0
145	25	0	0	0
145	30	0	0	0
145	35	0	0	0
145	40	0	0	0
145	45	0	0	0
145	50	0	0	0
145	55	0	0	0
145	60	0	0	0
145	65	0	0	0
145	70	0	0	0
145	75	0	0	0
145	80	0	0	0
145	85	0	0	0
145	90	0	0	0
145	95	0	0	0
145	100	0	0	0
145	105	0	0	0
145	110	0	0	0
145	115	0	0	0
145	120	0	0	0
145	125	0	0	0
145	130	0	0	0
145	135	0	0	0
145	140	0	0	0
145	145	0	0	0
145	150	0	0	0
145	155	0	0	0
145	160	0	0	0
145	165	0	0	0
145	170	0	0	0
145	175	0	0	0
150	-180	0	0	0
150	-175	0	0	0
150	-170	0	0	0
150	-165	0	0	0
150	-160	0	0	0
150	-155	0	0	0
150	-150	0	0	0
150	-145	0	0	0
150	-140	0	0	0
150	-135	0	0	0
150	-130	0	0	0
150	-125	0	0	0
150	-120	0	0	0
150	-115	0	0	0
150	-110	0	0	0
150	-105	0	0	0
150	-100	0	0	0
150	-95	0	0	0
150	-90	0	0	0
150	-85	0	0	0
150	-80	0	0	0
150	-75	0	0	0
150	-70	0	0	0
150	-65	0	0	0
150	-60	0	0	0
150	-55	0	0	0
150	-50	0	0	0
150	-45	0	0	0
150	-40	0	0	0
150	-35	0	0	0
150	-30	0	0	0
150	-25	0	0	0
150	-20	0	0	0
150	-15	0	0	0
150	-10	0	0	0
150	-5	0	0	0
150	0	0	0	0
150	5	0	0	0
150	10	0	0	0
150	15	0	0	0
150	20	0	0	0
150	25	0	0	0
150	30	0	0	0
150	35	0	0	0
150	40	0	0	0
150	45	0	0	0
150	50	0	0	0
150	55	0	0	0
150	60	0	0	0
150	65	0	0	0
150	70	0	0	0
150	75	0	0	0
150	80	0	0	0
150	85	0	0	0
150	90	0	0	0
150	95	0	0	0
150	100	0	0	0
150	105	0	0	0
150	110	0	0	0
150	115	0	0	0
150	120	0	0	0
150	125	0	0	0
150	130	0	0	0
150	135	0	0	0
150	140	0	0	0
150	145	0	0	0
150	150	0	0	0
150	155	0	0	0
150	160	0	0	0
150	165	0	0	0
150	170	0	0	0
150	175	0	0	0
155	-180	0	0	0
155	-175	0	0	0
155	-170	0	0	0
155	-165	0	0	0
155	-160	0	0	0
155	-155	0	0	0
155	-150	0	0	0
155	-145	0	0	0
155	-140	0	0	0
155	-135	0	0	0
155	-130	0	0	0
155	-125	0	0	0
155	-120	0	0	0
155	-115	0	0	0
155	-110	0	0	0
155	-105	0	0	0
155	-100	0	0	0
155	-95	0	0	0
155	-90	0	0	0
155	-85	0	0	0
155	-80	0	0	0
155	-75	0	0	0
155	-70	0	0	0
155	-65	0	0	0
155	-60	0	0	0
155	-55	0	0	0
155	-50	0	0	0
155	-45	0	0	0
155	-40	0	0	0
155	-35	0	0	0
155	-30	0	0	0
155	-25	0	0	1
155	-20	0	0	0
155	-15	0	0	0
155	-10	0	0	0
155	-5	0	0	0
155	0	0	0	0
155	5	0	0	0
155	10	0	0	0
155	15	0	0	0
155	20	0	0	0
155	25	0	0	0
155	30	0	0	0
155	35	0	0	0
155	40	0	0	0
155	45	0	0	0
155	50	0	0	0
155	55	0	0	0
155	60	0	0	0
155	65	0	0	0
155	70	0	0	0
155	75	0	0	1
155	80	0	0	0
155	85	0	0	0
155	90	0	0	0
155	95	0	0	0
155	100	0	0	0
155	105	0	0	0
155	110	0	0	0
155	115	0	0	0
155	120	0	0	0
155	125	0	0	0
155	130	0	0	0
155	135	0	0	0
155	140	0	0	0
155	145	0	0	0
155	150	0	0	0
155	155	0	0	0
155	160	0	0	0
155	165	0	0	0
155	170	0	0	0
155	175	0	0	0
160	-180	0	0	0
160	-175	0	0	0
160	-170	0	0	0
160	-165	0	0	0
160	-160	0	0	0
160	-155	0	0	0
160	-150	0	0	0
160	-145	0	0	0
160	-140	0	0	0
160	-135	0	0	0
160	-130	0	0	0
160	-125	0	0	0
160	-120	0	0	0
160	-115	0	0	0
160	-110	0	0	0
160	-105	0	0	0
160	-100	0	0	0
160	-95	0	0	0
160	-90	0	0	0
160	-85	0	0	0
160	-80	0	0	0
160	-75	0	0	0
160	-70	0	0	0
160	-65	0	0	0
160	-60	0	0	0
160	-55	0	0	0
160	-50	0	0	0
160	-45	0	0	0
160	-40	0	0	0
160	-35	0	0	0
160	-30	0	0	0
160	-25	0	0	0
160	-20	0	0	0
160	-15	0	0	0
160	-10	0	0	0
160	-5	0	0	0
160	0	0	0	0
160	5	0	0	0
160	10	0	0	0
160	15	0	0	0
160	20	0	0	0
160	25	0	0	0
160	30	0	0	0
160	35	0	0	0
160	40	0	0	0
160	45	0	0	0
160	50	0	0	0
160	55	0	0	0
160	60	0	0	0
160	65	0	0	0
160	70	0	0	0
160	75	0	0	0
160	80	0	0	0
160	85	0	0	0
160	90	0	0	0
160	95	0	0	0
160	100	0	0	0
160	105	0	0	0
160	110	0	0	0
160	115	0	0	0
160	120	0	0	0
160	125	0	0	0
160	130	0	0	0
160	135	0	0	0
160	140	0	0	0
160	145	0	0	0
160	150	0	0	0
160	155	0	0	0
160	160	0	0	0
160	165	0	0	0
160	170	0	0	0
160	175	0	0	0
165	-180	0	0	0
165	-175	0	0	0
165	-170	0	0	0
165	-165	0	0	0
165	-160	0	0	0
165	-155	0	0	0
165	-150	0	0	0
165	-145	0	0	0
165	-140	0	0	0
165	-135	0	0	0
165	-130	0	0	0
165	-125	0	0	0
165	-120	0	0	0
165	-115	0	0	0
165	-110	0	0	0
165	-105	0	0	0
165	-100	0	0	0
165	-95	0	0	0
165	-90	0	0	0
165	-85	0	0	0
165	-80	0	0	0
165	-75	0	0	0
165	-70	0	0	0
165	-65	0	0	0
165	-60	0	0	0
165	-55	0	0	0
165	-50	0	0	0
165	-45	0	0	0
165	-40	0	0	0
165	-35	0	0	0
165	-30	0	0	0
165	-25	0	0	0
165	-20	0	0	0
165	-15	0	0	0
165	-10	0	0	0
165	-5	0	0	0
165	0	0	0	0
165	5	0	0	0
165	10	0	0	0
165	15	0	0	0
165	20	0	0	0
165	25	0	0	0
165	30	0	0	0
165	35	0	0	0
165	40	0	0	0
165	45	0	0	0
165	50	0	0	0
165	55	0	0	0
165	60	0	0	0
165	65	0	0	0
165	70	0	0	0
165	75	0	0	0
165	80	0	0	0
165	85	0	0	0
165	90	0	0	0
165	95	0	0	0
165	100	0	0	0
165	105	0	0	0
165	110	0	0	1
165	115	0	0	0
165	120	0	0	0
165	125	0	0	0
165	130	0	0	0
165	135	0	0	0
165	140	0	0	0
165	145	0	0	0
165	150	0	0	0
165	155	0	0	0
165	160	0	0	0
165	165	0	0	0
165	170	0	0	0
165	175	0	0	0
170	-180	0	0	0
170	-175	0	0	0
170	-170	0	0	0
170	-165	0	0	0
170	-160	0	0	0
170	-155	0	0	0
170	-150	0	0	0
170	-145	0	0	0
170	-140	0	0	0
170	-135	0	0	0
170	-130	0	0	0
170	-125	0	0	0
170	-120	0	0	0
170	-115	0	0	0
170	-110	0	0	0
170	-105	0	0	0
170	-100	0	0	0
170	-95	0	0	0
170	-90	0	0	0
170	-85	0	0	0
170	-80	0	0	0
170	-75	0	0	0
170	-70	0	0	0
170	-65	0	0	0
170	-60	0	0	0
170	-55	0	0	0
170	-50	0	0	0
170	-45	0	0	0
170	-40	0	0	0
170	-35	0	0	0
170	-30	0	0	0
170	-25	0	0	0
170	-20	0	0	0
170	-15	0	0	0
170	-10	0	0	0
170	-5	0	0	0
170	0	0	0	0
170	5	0	0	0
170	10	0	0	0
170	15	0	0	1
170	20	0	0	0
170	25	0	0	0
170	30	0	0	0
170	35	0	0	0
170	40	0	0	0
170	45	0	0	0
170	50	0	0	0
170	55	0	0	0
170	60	0	0	0
170	65	0	0	0
170	70	0	0	0
170	75	0	0	0
170	80	0	0	0
170	85	0	0	0
170	90	0	0	0
170	95	0	0	0
170	100	0	0	0
170	105	0	0	0
170	110	0	0	0
170	115	0	0	0
170	120	0	0	0
170	125	0	0	0
170	130	0	0	0
170	135	0	0	0
170	140	0	0	0
170	145	0	0	0
170	150	0	0	0
170	155	0	0	0
170	160	0	0	0
170	165	0	0	0
170	170	0	0	0
170	175	0	0	0
175	-180	0	0	0
175	-175	0	0	0
175	-170	0	0	0
175	-165	0	0	0
175	-160	0	0	0
175	-155	0	0	0
175	-150	0	0	0
175	-145	0	0	0
175	-140	0	0	0
175	-135	0	0	0
175	-130	0	0	0
175	-125	0	0	0
175	-120	0	0	0
175	-115	0	0	0
175	-110	0	0	0
175	-105	0	0	0
175	-100	0	0	0
175	-95	0	0	0
175	-90	0	0	0
175	-85	0	0	0
175	-80	0	0	0
175	-75	0	0	0
175	-70	0	0	0
175	-65	0	0	0
175	-60	0	0	0
175	-55	0	0	0
175	-50	0	0	0
175	-45	0	0	0
175	-40	0	0	0
175	-35	0	0	0
175	-30	0	0	0
175	-25	0	0	0
175	-20	0	0	0
175	-15	0	0	0
175	-10	0	0	0
175	-5	0	0	0
175	0	0	0	0
175	5	0	0	0
175	10	0	0	1
175	15	0	0	0
175	20	0	0	0
175	25	0	0	0
175	30	0	0	0
175	35	0	0	0
175	40	0	0	0
175	45	0	0	0
175	50	0	0	0
175	55	0	0	0
175	60	0	0	0
175	65	0	0	0
175	70	0	0	0
175	75	0	0	0
175	80	0	0	0
175	85	0	0	0
175	90	0	0	0
175	95	0	0	0
175	100	0	0	0
175	105	0	0	0
175	110	0	0	0
175	115	0	0	0
175	120	0	0	0
175	125	0	0	0
175	130	0	0	0
175	135	0	0	0
175	140	0	0	1
175	145	0	0	0
175	150	0	0	0
175	155	0	0	0
175	160	0	0	0
175	165	0	0	0
175	170	0	0	2
175	175	0	0	0
